       -2.663373737108308        0.987494107227093       -2.003203655910344
       -1.993654578981746        0.421343134640351       -2.460895385653900
       -1.451757761226225        0.227937709910833       -1.667384735304278
       -0.678212195869415       -0.336435455613259       -1.874895884202503
       -0.225736025643701       -0.625624371344565       -1.023319452534514
        0.297405225720065        0.051877737721330       -0.508261421011602
        0.666611986737603       -0.568167949778844        0.204558404570478
        1.228040037558692       -0.068511405242347        0.830818310651499
        1.503789166708709       -0.805736112188328        1.427730463241341
        2.224438173415554       -0.558074673863867        2.055229278280419
        2.460738537494118       -1.489005372659336        2.328276472701571
        2.450561541593172       -2.017319739490151        1.467854481709035
        1.511516521488529       -2.297473299748613        1.201827588935145
        1.008267268173402       -1.529587363513902        0.765441367018136
        0.126316605770570       -1.912792382238429        0.461120818063312
       -0.277097538647892       -1.121016526084879       -0.007709895725893
       -1.156759572254635       -1.399506772740374       -0.399842454128773
       -1.421620610507774       -0.569157389547624       -0.907585886963410
       -1.918017953449405        0.091266644199747       -0.319905205917678
       -2.076538105092383        0.811750529980976       -1.011919444169476
       -2.497925468993762        1.610320453078149       -0.580512847302393
       -2.711341134135251        2.217129020706829       -1.353298891743883
       -1.904872797801394        2.230511938732669       -1.956581088869928
       -1.560870081190867        1.288408019470945       -1.955248611589809
       -1.072345045847986        1.262181916539195       -1.101354722744649
       -0.735203262712539        0.369500629580387       -0.893994907888947
       -0.473699744736104        0.722130199847360       -0.017044103300255
       -0.262107812529512       -0.107804241479195        0.397071383908439
        0.181868238117255        0.125251132912033        1.217762125189018
        0.420272581401353       -0.788447825174562        1.401365705210442
        0.796563092442311       -0.628871621327667        2.289805797893029
        1.031776086560526       -1.536024006528157        2.608773606375479
        1.303891786035409       -1.367121386114232        3.555862513862003
        1.118460215902819       -0.389502365711596        3.675484750395462
        1.925255438576048        0.038410737557089        3.272746512047620
        1.654740987890293        0.760069600649559        2.629409209191314
        1.136238465827651        0.365086972104026        1.853782495925120
        1.080850610860628        1.168742799805097        1.245315752747526
        0.585570519449562        0.807754667824117        0.445875455797324
        0.661871132006424        1.557696283478828       -0.218393945664002
        0.101274561452546        1.092959301045815       -0.884348814071274
        0.102137884072250        1.516811655380438       -1.773066016801797
       -0.509594199328546        0.766769559257774       -1.997156481500186
       -0.616087024230471        0.720704904786022       -2.983519716961383
       -1.154778683621624       -0.116053175447968       -2.932170310230368
       -1.370255432589366       -0.366562923728547       -3.880874371074859
