           3           1           1
           4           1           1
           5           1           1
           6           1           1
           7           1           1
           9           1           1
          16           1           1
          17           1           1
          51           1           1
          52           1           1
          58           1           1
          71           1           1
          72           1           1
          87           1           1
          88           1           1
          91           1           1
          92           1           1
          94           1           1
          95           1           1
          97           1           1
         109           1           1
         196           1           1
         200           1           1
         211           1           1
         214           1           1
         276           1           1
         295           1           1
         308           1           1
         312           1           1
         319           1           1
         324           1           1
         328           1           1
         347           1           1
         351           1           1
         359           1           1
         364           1           1
         365           1           1
         376           1           1
         377           1           1
         396           1           1
         404           1           1
         475           1           1
         480           1           1
         483           1           1
         508           1           1
         536           1           1
         556           1           1
         606           1           1
         607           1           1
         620           1           1
         636           1           1
         637           1           1
         639           1           1
         640           1           1
         677           1           1
         723           1           1
         724           1           1
         725           1           1
         726           1           1
         753           1           1
         782           1           1
         808           1           1
         840           1           1
         848           1           1
         918           1           1
         926           1           1
        1066           1           1
        1165           1           1
        1341           1           1
        1443           1           1
        1521           1           1
        1596           1           1
        1637           1           1
        1865           1           1
        2007           1           1
        2093           1           1
        2094           1           1
        2095           1           1
        2096           1           1
        2190           1           1
        2275           1           1
        2338           1           1
        2342           1           1
        2343           1           1
        2358           1           1
        2384           1           1
        2399           1           1
        2435           1           1
        2843           1           1
        3454           1           1
        3481           1           1
        3495           1           1
        3549           1           1
        3550           1           1
        3621           1           1
        3622           1           1
        3651           1           1
        3889           1           1
        3904           1           1
        3945           1           1
        4251           1           1
        4252           1           1
        4299           1           1
        4302           1           1
        4388           1           1
        4414           1           1
        4527           1           1
        4545           1           1
        4546           1           1
        4567           1           1
        4693           1           1
        4879           1           1
        5184           1           1
        5187           1           1
        5212           1           1
        5223           1           1
        5228           1           1
        5343           1           1
        5515           1           1
        5565           1           1
        5573           1           1
        5590           1           1
        5605           1           1
        5695           1           1
        5706           1           1
        5793           1           1
        5812           1           1
        5813           1           1
        5975           1           1
        6130           1           1
        6140           1           1
        6303           1           1
        6389           1           1
        6413           1           1
        6507           1           1
        6516           1           1
        6780           1           1
        6781           1           1
        6869           1           1
        6870           1           1
        6871           1           1
        6876           1           1
        6941           1           1
        6942           1           1
        6943           1           1
        6944           1           1
        7018           1           1
        7157           1           1
        7175           1           1
        7207           1           1
        7971           1           1
        8006           1           1
        8122           1           1
        8303           1           1
        8577           1           1
        8586           1           1
        8593           1           1
        8934           1           1
        8935           1           1
        8968           1           1
        9108           1           1
        9788           1           1
        9793           1           1
        9823           1           1
        9828           1           1
       10302           1           1
       10358           1           1
       10677           1           1
       10678           1           1
       10690           1           1
       10717           1           1
       10718           1           1
       11153           1           1
       11233           1           1
       11321           1           1
       11337           1           1
       11390           1           1
       12230           1           1
       12714           1           1
       15514           1           1
       15583           1           1
       15586           1           1
       15601           1           1
       15621           1           1
       15780           1           1
       16676           1           1
       16677           1           1
       35227           1           1
       49516           1           1
       81231           1           1
       96142           1           1
       96144           1           1
           3           2           1
           4           2           1
           5           2           1
           6           2           1
           7           2          23
           9           2           1
          16           2           1
          17           2           1
          51           2           1
          52           2           1
          58           2           1
          71           2           1
          72           2           1
          87           2           1
          88           2           1
          91           2           1
          92           2           1
          94           2           1
          95           2           1
          97           2           1
         109           2           1
         196           2           1
         200           2           1
         211           2           1
         214           2           1
         276           2          25
         295           2           1
         308           2           1
         312           2           1
         319           2           1
         324           2           1
         328           2           1
         347           2           1
         351           2           1
         359           2           1
         364           2           1
         365           2           1
         376           2           1
         377           2           1
         396           2           1
         404           2           1
         475           2           1
         480           2           1
         483           2           1
         508           2           1
         536           2           1
         556           2          26
         606           2           1
         607           2           1
         620           2          27
         636           2           1
         637           2          28
         639           2           1
         640           2           1
         677           2          29
         723           2           1
         724           2           1
         725           2          30
         726           2          31
         753           2           1
         782           2           1
         808           2           1
         840           2          32
         848           2          33
         918           2          34
         926           2           1
        1066           2           1
        1165           2           1
        1341           2           1
        1443           2          35
        1521           2           1
        1596           2          14
        1637           2          36
        1865           2           1
        2007           2          23
        2093           2           1
        2094           2           1
        2095           2           1
        2096           2          37
        2190           2           1
        2275           2           1
        2338           2           1
        2342           2           1
        2343           2           1
        2358           2          38
        2384           2           1
        2399           2           1
        2435           2           1
        2843           2          39
        3454           2           1
        3481           2           1
        3495           2           1
        3549           2          40
        3550           2          41
        3621           2          42
        3622           2          14
        3651           2           1
        3889           2          16
        3904           2          43
        3945           2          14
        4251           2          44
        4252           2          14
        4299           2           1
        4302           2           1
        4388           2          16
        4414           2           1
        4527           2           1
        4545           2           1
        4546           2           1
        4567           2           1
        4693           2           1
        4879           2           1
        5184           2          22
        5187           2           1
        5212           2          45
        5223           2          46
        5228           2          47
        5343           2           1
        5515           2           1
        5565           2           1
        5573           2           1
        5590           2           1
        5605           2           1
        5695           2           1
        5706           2          48
        5793           2           1
        5812           2          16
        5813           2          16
        5975           2          49
        6130           2           1
        6140           2           1
        6303           2          50
        6389           2          51
        6413           2          52
        6507           2           1
        6516           2           1
        6780           2          53
        6781           2          54
        6869           2           1
        6870           2          55
        6871           2           1
        6876           2          56
        6941           2           1
        6942           2          57
        6943           2          58
        6944           2          59
        7018           2          60
        7157           2          61
        7175           2           1
        7207           2          62
        7971           2          63
        8006           2           1
        8122           2          64
        8303           2           1
        8577           2          65
        8586           2           1
        8593           2          66
        8934           2          21
        8935           2          21
        8968           2           1
        9108           2          22
        9788           2          22
        9793           2          67
        9823           2           1
        9828           2          68
       10302           2           1
       10358           2          69
       10677           2          70
       10678           2          71
       10690           2          72
       10717           2           1
       10718           2          73
       11153           2           1
       11233           2          74
       11321           2          23
       11337           2          75
       11390           2          76
       12230           2          21
       12714           2          77
       15514           2          24
       15583           2           1
       15586           2          24
       15601           2          78
       15621           2           1
       15780           2          24
       16676           2          79
       16677           2          80
       35227           2          81
       49516           2          82
       81231           2          24
       96142           2          83
       96144           2          84
           3           3           1
           4           3           1
           5           3           1
           6           3           2
           7           3          18
           9           3           1
          16           3           1
          17           3           2
          51           3           1
          52           3           1
          58           3          19
          71           3           3
          72           3           3
          87           3           1
          88           3           1
          91           3          11
          92           3           1
          94           3           1
          95           3          20
          97           3           3
         109           3           1
         196           3          21
         200           3           1
         211           3           1
         214           3           1
         276           3          22
         295           3           3
         308           3           3
         312           3           3
         319           3           1
         324           3           1
         328           3           1
         347           3           3
         351           3          23
         359           3          11
         364           3           1
         365           3           1
         376           3          24
         377           3           1
         396           3           1
         404           3           3
         475           3           1
         480           3           1
         483           3          25
         508           3           1
         536           3           1
         556           3          26
         606           3           2
         607           3           1
         620           3           0
         636           3           1
         637           3           0
         639           3           1
         640           3           1
         677           3           0
         723           3           1
         724           3          27
         725           3          28
         726           3          29
         753           3          30
         782           3           3
         808           3           3
         840           3          31
         848           3          32
         918           3           0
         926           3           3
        1066           3           3
        1165           3          33
        1341           3          34
        1443           3          35
        1521           3          36
        1596           3           8
        1637           3           0
        1865           3           1
        2007           3          37
        2093           3          38
        2094           3           3
        2095           3          39
        2096           3          40
        2190           3           3
        2275           3          41
        2338           3          42
        2342           3           3
        2343           3           3
        2358           3           0
        2384           3           1
        2399           3           1
        2435           3          43
        2843           3          44
        3454           3          14
        3481           3           1
        3495           3           1
        3549           3          45
        3550           3           0
        3621           3           0
        3622           3           8
        3651           3          46
        3889           3           9
        3904           3           0
        3945           3           8
        4251           3          47
        4252           3           8
        4299           3           3
        4302           3          48
        4388           3           9
        4414           3           1
        4527           3          49
        4545           3           1
        4546           3           1
        4567           3           3
        4693           3           3
        4879           3           3
        5184           3          16
        5187           3           3
        5212           3           0
        5223           3          50
        5228           3           0
        5343           3          51
        5515           3           1
        5565           3           3
        5573           3          52
        5590           3           1
        5605           3          53
        5695           3           3
        5706           3          54
        5793           3          55
        5812           3           9
        5813           3           9
        5975           3           0
        6130           3          56
        6140           3          15
        6303           3          57
        6389           3           0
        6413           3          58
        6507           3          14
        6516           3          59
        6780           3           0
        6781           3          60
        6869           3           3
        6870           3           0
        6871           3           3
        6876           3           0
        6941           3          61
        6942           3           0
        6943           3          62
        6944           3          63
        7018           3          64
        7157           3          65
        7175           3           2
        7207           3           0
        7971           3          66
        8006           3          15
        8122           3          67
        8303           3          68
        8577           3          69
        8586           3          70
        8593           3          71
        8934           3          72
        8935           3          73
        8968           3          74
        9108           3          75
        9788           3          16
        9793           3          76
        9823           3          77
        9828           3           0
       10302           3          78
       10358           3           0
       10677           3           0
       10678           3          79
       10690           3           0
       10717           3          80
       10718           3           0
       11153           3          81
       11233           3           0
       11321           3          82
       11337           3           0
       11390           3           0
       12230           3          83
       12714           3          84
       15514           3          17
       15583           3           1
       15586           3          17
       15601           3          85
       15621           3           1
       15780           3          17
       16676           3           0
       16677           3           0
       35227           3           0
       49516           3           0
       81231           3          86
       96142           3           0
       96144           3           0
           3           4           1
           4           4           1
           5           4           1
           6           4           2
           7           4           0
           9           4          17
          16           4           1
          17           4           2
          51           4           1
          52           4           1
          58           4           0
          71           4           3
          72           4           3
          87           4           1
          88           4          18
          91           4          14
          92           4          19
          94           4           1
          95           4           0
          97           4           8
         109           4          20
         196           4           0
         200           4           1
         211           4           1
         214           4           1
         276           4           0
         295           4           7
         308           4          21
         312           4           8
         319           4           1
         324           4          22
         328           4           1
         347           4           3
         351           4           0
         359           4          14
         364           4           1
         365           4           1
         376           4           0
         377           4           1
         396           4           1
         404           4          23
         475           4          24
         480           4           1
         483           4           0
         508           4           1
         536           4           1
         556           4           0
         606           4          25
         607           4           1
         620           4           0
         636           4          26
         637           4           0
         639           4          27
         640           4          28
         677           4           0
         723           4           1
         724           4          29
         725           4           0
         726           4          30
         753           4          31
         782           4           3
         808           4           7
         840           4          32
         848           4           0
         918           4           0
         926           4           7
        1066           4          33
        1165           4          34
        1341           4          35
        1443           4          36
        1521           4          37
        1596           4           9
        1637           4           0
        1865           4           1
        2007           4          38
        2093           4          39
        2094           4           8
        2095           4           0
        2096           4           0
        2190           4          40
        2275           4           0
        2338           4          41
        2342           4           8
        2343           4          42
        2358           4           0
        2384           4          10
        2399           4          43
        2435           4           0
        2843           4          44
        3454           4          45
        3481           4          10
        3495           4           1
        3549           4          46
        3550           4           0
        3621           4           0
        3622           4           9
        3651           4           0
        3889           4          11
        3904           4           0
        3945           4          47
        4251           4           0
        4252           4          48
        4299           4           8
        4302           4           0
        4388           4          11
        4414           4          49
        4527           4          50
        4545           4          51
        4546           4          52
        4567           4          53
        4693           4           8
        4879           4           8
        5184           4          15
        5187           4           8
        5212           4           0
        5223           4           0
        5228           4           0
        5343           4          54
        5515           4          55
        5565           4           7
        5573           4          56
        5590           4          57
        5605           4          58
        5695           4          59
        5706           4           0
        5793           4           0
        5812           4          60
        5813           4          11
        5975           4           0
        6130           4           0
        6140           4          61
        6303           4          62
        6389           4           0
        6413           4          63
        6507           4          64
        6516           4           0
        6780           4           0
        6781           4           0
        6869           4          65
        6870           4           0
        6871           4          66
        6876           4           0
        6941           4           0
        6942           4           0
        6943           4           0
        6944           4           0
        7018           4           0
        7157           4           0
        7175           4          67
        7207           4           0
        7971           4           0
        8006           4          68
        8122           4          69
        8303           4          70
        8577           4          71
        8586           4           0
        8593           4          72
        8934           4          73
        8935           4          74
        8968           4          75
        9108           4          76
        9788           4          15
        9793           4           0
        9823           4          77
        9828           4           0
       10302           4          78
       10358           4           0
       10677           4           0
       10678           4           0
       10690           4           0
       10717           4           0
       10718           4           0
       11153           4          79
       11233           4           0
       11321           4           0
       11337           4           0
       11390           4           0
       12230           4          80
       12714           4           0
       15514           4          16
       15583           4          81
       15586           4          82
       15601           4           0
       15621           4          83
       15780           4          16
       16676           4           0
       16677           4           0
       35227           4           0
       49516           4           0
       81231           4          84
       96142           4           0
       96144           4           0
           3           5           1
           4           5           1
           5           5           5
           6           5          12
           7           5           0
           9           5          13
          16           5           1
          17           5          14
          51           5           1
          52           5          15
          58           5           0
          71           5           6
          72           5           4
          87           5           1
          88           5           0
          91           5          16
          92           5           0
          94           5           1
          95           5           0
          97           5          17
         109           5          18
         196           5           0
         200           5           1
         211           5          19
         214           5          20
         276           5           0
         295           5           7
         308           5           0
         312           5           8
         319           5           1
         324           5          21
         328           5           1
         347           5           4
         351           5           0
         359           5          22
         364           5          23
         365           5          24
         376           5           0
         377           5           5
         396           5          25
         404           5          26
         475           5          27
         480           5           1
         483           5           0
         508           5          28
         536           5           5
         556           5           0
         606           5          29
         607           5           5
         620           5           0
         636           5           0
         637           5           0
         639           5          30
         640           5           0
         677           5           0
         723           5          31
         724           5           0
         725           5           0
         726           5           0
         753           5           0
         782           5           6
         808           5           7
         840           5           0
         848           5           0
         918           5           0
         926           5          10
        1066           5           0
        1165           5          32
        1341           5           0
        1443           5           0
        1521           5           0
        1596           5          33
        1637           5           0
        1865           5          34
        2007           5           0
        2093           5           0
        2094           5           8
        2095           5           0
        2096           5           0
        2190           5           0
        2275           5           0
        2338           5           0
        2342           5          35
        2343           5           0
        2358           5           0
        2384           5          36
        2399           5          37
        2435           5           0
        2843           5           0
        3454           5          38
        3481           5          39
        3495           5          40
        3549           5           0
        3550           5           0
        3621           5           0
        3622           5          41
        3651           5           0
        3889           5          42
        3904           5           0
        3945           5           0
        4251           5           0
        4252           5           0
        4299           5           8
        4302           5           0
        4388           5          43
        4414           5           0
        4527           5          44
        4545           5           0
        4546           5          45
        4567           5           0
        4693           5           8
        4879           5           8
        5184           5          46
        5187           5           8
        5212           5           0
        5223           5           0
        5228           5           0
        5343           5           0
        5515           5          47
        5565           5          10
        5573           5          48
        5590           5          49
        5605           5          50
        5695           5           0
        5706           5           0
        5793           5           0
        5812           5           0
        5813           5          51
        5975           5           0
        6130           5           0
        6140           5           0
        6303           5           0
        6389           5           0
        6413           5          52
        6507           5           0
        6516           5           0
        6780           5           0
        6781           5           0
        6869           5           0
        6870           5           0
        6871           5           0
        6876           5           0
        6941           5           0
        6942           5           0
        6943           5           0
        6944           5           0
        7018           5           0
        7157           5           0
        7175           5           0
        7207           5           0
        7971           5           0
        8006           5           0
        8122           5           0
        8303           5           0
        8577           5           0
        8586           5           0
        8593           5           0
        8934           5           0
        8935           5          53
        8968           5           0
        9108           5           0
        9788           5          54
        9793           5           0
        9823           5           0
        9828           5           0
       10302           5           0
       10358           5           0
       10677           5           0
       10678           5           0
       10690           5           0
       10717           5           0
       10718           5           0
       11153           5           0
       11233           5           0
       11321           5           0
       11337           5           0
       11390           5           0
       12230           5           0
       12714           5           0
       15514           5          11
       15583           5          55
       15586           5          56
       15601           5           0
       15621           5           0
       15780           5          11
       16676           5           0
       16677           5           0
       35227           5           0
       49516           5           0
       81231           5           0
       96142           5           0
       96144           5           0
           3           6           1
           4           6           1
           5           6           3
           6           6           7
           7           6           0
           9           6           0
          16           6           1
          17           6           0
          51           6           1
          52           6           0
          58           6           0
          71           6           4
          72           6           8
          87           6           9
          88           6           0
          91           6          10
          92           6           0
          94           6          11
          95           6           0
          97           6           0
         109           6           0
         196           6           0
         200           6           1
         211           6           0
         214           6          12
         276           6           0
         295           6           5
         308           6           0
         312           6           6
         319           6           2
         324           6           0
         328           6           2
         347           6          13
         351           6           0
         359           6          14
         364           6          15
         365           6          16
         376           6           0
         377           6           3
         396           6          17
         404           6          18
         475           6           0
         480           6           1
         483           6           0
         508           6          19
         536           6           3
         556           6           0
         606           6           0
         607           6           3
         620           6           0
         636           6           0
         637           6           0
         639           6          20
         640           6           0
         677           6           0
         723           6           0
         724           6           0
         725           6           0
         726           6           0
         753           6           0
         782           6           4
         808           6           5
         840           6           0
         848           6           0
         918           6           0
         926           6          21
        1066           6           0
        1165           6           0
        1341           6           0
        1443           6           0
        1521           6           0
        1596           6           0
        1637           6           0
        1865           6          22
        2007           6           0
        2093           6           0
        2094           6          23
        2095           6           0
        2096           6           0
        2190           6           0
        2275           6           0
        2338           6           0
        2342           6           0
        2343           6           0
        2358           6           0
        2384           6           0
        2399           6           0
        2435           6           0
        2843           6           0
        3454           6          24
        3481           6           0
        3495           6           0
        3549           6           0
        3550           6           0
        3621           6           0
        3622           6           0
        3651           6           0
        3889           6          25
        3904           6           0
        3945           6           0
        4251           6           0
        4252           6           0
        4299           6          26
        4302           6           0
        4388           6           0
        4414           6           0
        4527           6           0
        4545           6           0
        4546           6           0
        4567           6           0
        4693           6          27
        4879           6           6
        5184           6          28
        5187           6           6
        5212           6           0
        5223           6           0
        5228           6           0
        5343           6           0
        5515           6          29
        5565           6          30
        5573           6           0
        5590           6          31
        5605           6          32
        5695           6           0
        5706           6           0
        5793           6           0
        5812           6           0
        5813           6           0
        5975           6           0
        6130           6           0
        6140           6           0
        6303           6           0
        6389           6           0
        6413           6           0
        6507           6           0
        6516           6           0
        6780           6           0
        6781           6           0
        6869           6           0
        6870           6           0
        6871           6           0
        6876           6           0
        6941           6           0
        6942           6           0
        6943           6           0
        6944           6           0
        7018           6           0
        7157           6           0
        7175           6           0
        7207           6           0
        7971           6           0
        8006           6           0
        8122           6           0
        8303           6           0
        8577           6           0
        8586           6           0
        8593           6           0
        8934           6           0
        8935           6           0
        8968           6           0
        9108           6           0
        9788           6           0
        9793           6           0
        9823           6           0
        9828           6           0
       10302           6           0
       10358           6           0
       10677           6           0
       10678           6           0
       10690           6           0
       10717           6           0
       10718           6           0
       11153           6           0
       11233           6           0
       11321           6           0
       11337           6           0
       11390           6           0
       12230           6           0
       12714           6           0
       15514           6          33
       15583           6           0
       15586           6           0
       15601           6           0
       15621           6           0
       15780           6          34
       16676           6           0
       16677           6           0
       35227           6           0
       49516           6           0
       81231           6           0
       96142           6           0
       96144           6           0
           3           7           1
           4           7           1
           5           7           2
           6           7           0
           7           7           0
           9           7           0
          16           7           3
          17           7           0
          51           7           4
          52           7           0
          58           7           0
          71           7           5
          72           7           6
          87           7           7
          88           7           0
          91           7           0
          92           7           0
          94           7           0
          95           7           0
          97           7           0
         109           7           0
         196           7           0
         200           7           8
         211           7           0
         214           7           9
         276           7           0
         295           7          10
         308           7           0
         312           7          11
         319           7          12
         324           7           0
         328           7          13
         347           7          14
         351           7           0
         359           7           0
         364           7           0
         365           7           0
         376           7           0
         377           7          15
         396           7          16
         404           7           0
         475           7           0
         480           7          17
         483           7           0
         508           7           0
         536           7           2
         556           7           0
         606           7           0
         607           7          18
         620           7           0
         636           7           0
         637           7           0
         639           7           0
         640           7           0
         677           7           0
         723           7           0
         724           7           0
         725           7           0
         726           7           0
         753           7           0
         782           7          19
         808           7          20
         840           7           0
         848           7           0
         918           7           0
         926           7           0
        1066           7           0
        1165           7           0
        1341           7           0
        1443           7           0
        1521           7           0
        1596           7           0
        1637           7           0
        1865           7           0
        2007           7           0
        2093           7           0
        2094           7          21
        2095           7           0
        2096           7           0
        2190           7           0
        2275           7           0
        2338           7           0
        2342           7           0
        2343           7           0
        2358           7           0
        2384           7           0
        2399           7           0
        2435           7           0
        2843           7           0
        3454           7           0
        3481           7           0
        3495           7           0
        3549           7           0
        3550           7           0
        3621           7           0
        3622           7           0
        3651           7           0
        3889           7          22
        3904           7           0
        3945           7           0
        4251           7           0
        4252           7           0
        4299           7          23
        4302           7           0
        4388           7           0
        4414           7           0
        4527           7           0
        4545           7           0
        4546           7           0
        4567           7           0
        4693           7           0
        4879           7          24
        5184           7           0
        5187           7          25
        5212           7           0
        5223           7           0
        5228           7           0
        5343           7           0
        5515           7           0
        5565           7           0
        5573           7           0
        5590           7           0
        5605           7           0
        5695           7           0
        5706           7           0
        5793           7           0
        5812           7           0
        5813           7           0
        5975           7           0
        6130           7           0
        6140           7           0
        6303           7           0
        6389           7           0
        6413           7           0
        6507           7           0
        6516           7           0
        6780           7           0
        6781           7           0
        6869           7           0
        6870           7           0
        6871           7           0
        6876           7           0
        6941           7           0
        6942           7           0
        6943           7           0
        6944           7           0
        7018           7           0
        7157           7           0
        7175           7           0
        7207           7           0
        7971           7           0
        8006           7           0
        8122           7           0
        8303           7           0
        8577           7           0
        8586           7           0
        8593           7           0
        8934           7           0
        8935           7           0
        8968           7           0
        9108           7           0
        9788           7           0
        9793           7           0
        9823           7           0
        9828           7           0
       10302           7           0
       10358           7           0
       10677           7           0
       10678           7           0
       10690           7           0
       10717           7           0
       10718           7           0
       11153           7           0
       11233           7           0
       11321           7           0
       11337           7           0
       11390           7           0
       12230           7           0
       12714           7           0
       15514           7          26
       15583           7           0
       15586           7           0
       15601           7           0
       15621           7           0
       15780           7          27
       16676           7           0
       16677           7           0
       35227           7           0
       49516           7           0
       81231           7           0
       96142           7           0
       96144           7           0
           3           8           1
           4           8           1
           5           8           2
           6           8           0
           7           8           0
           9           8           0
          16           8           3
          17           8           0
          51           8           0
          52           8           0
          58           8           0
          71           8           0
          72           8           0
          87           8           0
          88           8           0
          91           8           0
          92           8           0
          94           8           0
          95           8           0
          97           8           0
         109           8           0
         196           8           0
         200           8           0
         211           8           0
         214           8           0
         276           8           0
         295           8           0
         308           8           0
         312           8           0
         319           8           0
         324           8           0
         328           8           0
         347           8           0
         351           8           0
         359           8           0
         364           8           0
         365           8           0
         376           8           0
         377           8           0
         396           8           0
         404           8           0
         475           8           0
         480           8           4
         483           8           0
         508           8           0
         536           8           5
         556           8           0
         606           8           0
         607           8           0
         620           8           0
         636           8           0
         637           8           0
         639           8           0
         640           8           0
         677           8           0
         723           8           0
         724           8           0
         725           8           0
         726           8           0
         753           8           0
         782           8           0
         808           8           0
         840           8           0
         848           8           0
         918           8           0
         926           8           0
        1066           8           0
        1165           8           0
        1341           8           0
        1443           8           0
        1521           8           0
        1596           8           0
        1637           8           0
        1865           8           0
        2007           8           0
        2093           8           0
        2094           8           0
        2095           8           0
        2096           8           0
        2190           8           0
        2275           8           0
        2338           8           0
        2342           8           0
        2343           8           0
        2358           8           0
        2384           8           0
        2399           8           0
        2435           8           0
        2843           8           0
        3454           8           0
        3481           8           0
        3495           8           0
        3549           8           0
        3550           8           0
        3621           8           0
        3622           8           0
        3651           8           0
        3889           8           0
        3904           8           0
        3945           8           0
        4251           8           0
        4252           8           0
        4299           8           0
        4302           8           0
        4388           8           0
        4414           8           0
        4527           8           0
        4545           8           0
        4546           8           0
        4567           8           0
        4693           8           0
        4879           8           6
        5184           8           0
        5187           8           0
        5212           8           0
        5223           8           0
        5228           8           0
        5343           8           0
        5515           8           0
        5565           8           0
        5573           8           0
        5590           8           0
        5605           8           0
        5695           8           0
        5706           8           0
        5793           8           0
        5812           8           0
        5813           8           0
        5975           8           0
        6130           8           0
        6140           8           0
        6303           8           0
        6389           8           0
        6413           8           0
        6507           8           0
        6516           8           0
        6780           8           0
        6781           8           0
        6869           8           0
        6870           8           0
        6871           8           0
        6876           8           0
        6941           8           0
        6942           8           0
        6943           8           0
        6944           8           0
        7018           8           0
        7157           8           0
        7175           8           0
        7207           8           0
        7971           8           0
        8006           8           0
        8122           8           0
        8303           8           0
        8577           8           0
        8586           8           0
        8593           8           0
        8934           8           0
        8935           8           0
        8968           8           0
        9108           8           0
        9788           8           0
        9793           8           0
        9823           8           0
        9828           8           0
       10302           8           0
       10358           8           0
       10677           8           0
       10678           8           0
       10690           8           0
       10717           8           0
       10718           8           0
       11153           8           0
       11233           8           0
       11321           8           0
       11337           8           0
       11390           8           0
       12230           8           0
       12714           8           0
       15514           8           7
       15583           8           0
       15586           8           0
       15601           8           0
       15621           8           0
       15780           8           0
       16676           8           0
       16677           8           0
       35227           8           0
       49516           8           0
       81231           8           0
       96142           8           0
       96144           8           0
           3           9           1
           4           9           2
           5           9           0
           6           9           0
           7           9           0
           9           9           0
          16           9           0
          17           9           0
          51           9           0
          52           9           0
          58           9           0
          71           9           0
          72           9           0
          87           9           0
          88           9           0
          91           9           0
          92           9           0
          94           9           0
          95           9           0
          97           9           0
         109           9           0
         196           9           0
         200           9           0
         211           9           0
         214           9           0
         276           9           0
         295           9           0
         308           9           0
         312           9           0
         319           9           0
         324           9           0
         328           9           0
         347           9           0
         351           9           0
         359           9           0
         364           9           0
         365           9           0
         376           9           0
         377           9           0
         396           9           0
         404           9           0
         475           9           0
         480           9           0
         483           9           0
         508           9           0
         536           9           0
         556           9           0
         606           9           0
         607           9           0
         620           9           0
         636           9           0
         637           9           0
         639           9           0
         640           9           0
         677           9           0
         723           9           0
         724           9           0
         725           9           0
         726           9           0
         753           9           0
         782           9           0
         808           9           0
         840           9           0
         848           9           0
         918           9           0
         926           9           0
        1066           9           0
        1165           9           0
        1341           9           0
        1443           9           0
        1521           9           0
        1596           9           0
        1637           9           0
        1865           9           0
        2007           9           0
        2093           9           0
        2094           9           0
        2095           9           0
        2096           9           0
        2190           9           0
        2275           9           0
        2338           9           0
        2342           9           0
        2343           9           0
        2358           9           0
        2384           9           0
        2399           9           0
        2435           9           0
        2843           9           0
        3454           9           0
        3481           9           0
        3495           9           0
        3549           9           0
        3550           9           0
        3621           9           0
        3622           9           0
        3651           9           0
        3889           9           0
        3904           9           0
        3945           9           0
        4251           9           0
        4252           9           0
        4299           9           0
        4302           9           0
        4388           9           0
        4414           9           0
        4527           9           0
        4545           9           0
        4546           9           0
        4567           9           0
        4693           9           0
        4879           9           3
        5184           9           0
        5187           9           0
        5212           9           0
        5223           9           0
        5228           9           0
        5343           9           0
        5515           9           0
        5565           9           0
        5573           9           0
        5590           9           0
        5605           9           0
        5695           9           0
        5706           9           0
        5793           9           0
        5812           9           0
        5813           9           0
        5975           9           0
        6130           9           0
        6140           9           0
        6303           9           0
        6389           9           0
        6413           9           0
        6507           9           0
        6516           9           0
        6780           9           0
        6781           9           0
        6869           9           0
        6870           9           0
        6871           9           0
        6876           9           0
        6941           9           0
        6942           9           0
        6943           9           0
        6944           9           0
        7018           9           0
        7157           9           0
        7175           9           0
        7207           9           0
        7971           9           0
        8006           9           0
        8122           9           0
        8303           9           0
        8577           9           0
        8586           9           0
        8593           9           0
        8934           9           0
        8935           9           0
        8968           9           0
        9108           9           0
        9788           9           0
        9793           9           0
        9823           9           0
        9828           9           0
       10302           9           0
       10358           9           0
       10677           9           0
       10678           9           0
       10690           9           0
       10717           9           0
       10718           9           0
       11153           9           0
       11233           9           0
       11321           9           0
       11337           9           0
       11390           9           0
       12230           9           0
       12714           9           0
       15514           9           0
       15583           9           0
       15586           9           0
       15601           9           0
       15621           9           0
       15780           9           0
       16676           9           0
       16677           9           0
       35227           9           0
       49516           9           0
       81231           9           0
       96142           9           0
       96144           9           0
           3          10           1
           4          10           2
           5          10           0
           6          10           0
           7          10           0
           9          10           0
          16          10           0
          17          10           0
          51          10           0
          52          10           0
          58          10           0
          71          10           0
          72          10           0
          87          10           0
          88          10           0
          91          10           0
          92          10           0
          94          10           0
          95          10           0
          97          10           0
         109          10           0
         196          10           0
         200          10           0
         211          10           0
         214          10           0
         276          10           0
         295          10           0
         308          10           0
         312          10           0
         319          10           0
         324          10           0
         328          10           0
         347          10           0
         351          10           0
         359          10           0
         364          10           0
         365          10           0
         376          10           0
         377          10           0
         396          10           0
         404          10           0
         475          10           0
         480          10           0
         483          10           0
         508          10           0
         536          10           0
         556          10           0
         606          10           0
         607          10           0
         620          10           0
         636          10           0
         637          10           0
         639          10           0
         640          10           0
         677          10           0
         723          10           0
         724          10           0
         725          10           0
         726          10           0
         753          10           0
         782          10           0
         808          10           0
         840          10           0
         848          10           0
         918          10           0
         926          10           0
        1066          10           0
        1165          10           0
        1341          10           0
        1443          10           0
        1521          10           0
        1596          10           0
        1637          10           0
        1865          10           0
        2007          10           0
        2093          10           0
        2094          10           0
        2095          10           0
        2096          10           0
        2190          10           0
        2275          10           0
        2338          10           0
        2342          10           0
        2343          10           0
        2358          10           0
        2384          10           0
        2399          10           0
        2435          10           0
        2843          10           0
        3454          10           0
        3481          10           0
        3495          10           0
        3549          10           0
        3550          10           0
        3621          10           0
        3622          10           0
        3651          10           0
        3889          10           0
        3904          10           0
        3945          10           0
        4251          10           0
        4252          10           0
        4299          10           0
        4302          10           0
        4388          10           0
        4414          10           0
        4527          10           0
        4545          10           0
        4546          10           0
        4567          10           0
        4693          10           0
        4879          10           0
        5184          10           0
        5187          10           0
        5212          10           0
        5223          10           0
        5228          10           0
        5343          10           0
        5515          10           0
        5565          10           0
        5573          10           0
        5590          10           0
        5605          10           0
        5695          10           0
        5706          10           0
        5793          10           0
        5812          10           0
        5813          10           0
        5975          10           0
        6130          10           0
        6140          10           0
        6303          10           0
        6389          10           0
        6413          10           0
        6507          10           0
        6516          10           0
        6780          10           0
        6781          10           0
        6869          10           0
        6870          10           0
        6871          10           0
        6876          10           0
        6941          10           0
        6942          10           0
        6943          10           0
        6944          10           0
        7018          10           0
        7157          10           0
        7175          10           0
        7207          10           0
        7971          10           0
        8006          10           0
        8122          10           0
        8303          10           0
        8577          10           0
        8586          10           0
        8593          10           0
        8934          10           0
        8935          10           0
        8968          10           0
        9108          10           0
        9788          10           0
        9793          10           0
        9823          10           0
        9828          10           0
       10302          10           0
       10358          10           0
       10677          10           0
       10678          10           0
       10690          10           0
       10717          10           0
       10718          10           0
       11153          10           0
       11233          10           0
       11321          10           0
       11337          10           0
       11390          10           0
       12230          10           0
       12714          10           0
       15514          10           0
       15583          10           0
       15586          10           0
       15601          10           0
       15621          10           0
       15780          10           0
       16676          10           0
       16677          10           0
       35227          10           0
       49516          10           0
       81231          10           0
       96142          10           0
       96144          10           0
