LEVEL	1
=========

Node	1
3
4
5
6
7
9
16
17
21
23
31
44
47
48
51
52
55
56
57
58
60
67
68
71
72
74
79
82
85
86
87
88
91
92
94
95
97
104
106
109
111
115
120
126
129
136
137
188
189
196
199
200
202
211
213
214
219
221
276
279
283
295
308
312
315
318
319
321
324
328
334
336
338
347
351
352
354
357
359
362
364
365
368
376
377
380
386
388
390
396
404
410
413
420
423
424
437
438
444
452
473
474
475
476
478
479
480
483
503
508
509
530
536
556
581
583
603
606
607
620
628
636
637
639
640
644
645
677
678
679
682
698
700
710
722
723
724
725
726
747
753
755
757
765
782
783
793
808
814
840
848
859
864
867
878
888
890
892
899
918
926
933
934
981
1028
1034
1051
1054
1058
1062
1063
1064
1066
1068
1073
1082
1083
1086
1089
1090
1091
1092
1164
1165
1174
1176
1184
1191
1192
1201
1230
1339
1341
1370
1385
1405
1437
1441
1443
1521
1522
1523
1524
1525
1541
1542
1550
1551
1596
1597
1628
1629
1633
1636
1637
1765
1766
1780
1862
1865
1870
1885
1910
1911
2007
2060
2062
2090
2093
2094
2095
2096
2100
2101
2102
2103
2104
2105
2128
2129
2135
2190
2195
2197
2198
2199
2200
2201
2202
2205
2217
2218
2221
2272
2273
2275
2288
2293
2298
2299
2300
2301
2338
2342
2343
2358
2384
2385
2399
2435
2436
2465
2467
2468
2469
2470
2471
2474
2620
2650
2651
2685
2688
2730
2843
2951
2959
3236
3305
3318
3340
3352
3355
3356
3365
3366
3367
3368
3401
3405
3434
3448
3454
3481
3495
3504
3532
3540
3549
3550
3569
3595
3596
3603
3621
3622
3647
3649
3651
3652
3723
3757
3772
3787
3798
3799
3889
3897
3898
3904
3945
3990
4024
4039
4048
4050
4076
4094
4170
4251
4252
4299
4302
4318
4319
4320
4360
4388
4414
4426
4446
4527
4545
4546
4554
4564
4567
4634
4693
4736
4761
4879
5071
5138
5164
5182
5183
5184
5187
5188
5189
5193
5194
5195
5197
5203
5205
5212
5213
5222
5223
5228
5232
5244
5245
5246
5248
5292
5293
5299
5300
5315
5316
5319
5320
5321
5322
5323
5324
5325
5329
5342
5343
5374
5376
5378
5379
5382
5390
5398
5402
5404
5407
5408
5409
5411
5412
5413
5416
5418
5422
5425
5427
5428
5432
5436
5443
5444
5458
5462
5465
5468
5471
5480
5481
5485
5486
5488
5489
5495
5513
5515
5516
5521
5527
5528
5536
5537
5547
5565
5573
5579
5583
5586
5589
5590
5593
5599
5604
5605
5606
5625
5649
5656
5657
5658
5686
5695
5705
5706
5716
5717
5718
5719
5720
5724
5738
5742
5750
5751
5756
5761
5768
5773
5792
5793
5794
5806
5811
5812
5813
5814
5821
5823
5825
5831
5832
5833
5847
5849
5851
5854
5858
5862
5875
5876
5903
5910
5912
5913
5925
5926
5927
5928
5930
5931
5933
5934
5937
5939
5940
5941
5943
5963
5964
5965
5966
5968
5969
5970
5971
5975
6006
6011
6017
6019
6022
6032
6095
6115
6116
6119
6127
6128
6130
6140
6141
6147
6148
6163
6164
6170
6171
6177
6184
6200
6204
6206
6223
6240
6245
6253
6267
6269
6290
6303
6317
6343
6350
6360
6367
6383
6389
6397
6398
6406
6407
6412
6413
6434
6435
6460
6463
6464
6489
6507
6510
6516
6518
6522
6523
6524
6525
6531
6536
6575
6584
6585
6586
6594
6595
6610
6612
6615
6624
6628
6649
6698
6706
6718
6719
6722
6770
6780
6781
6794
6795
6796
6799
6809
6837
6838
6839
6846
6865
6869
6870
6871
6873
6876
6885
6895
6896
6897
6900
6903
6906
6916
6917
6918
6919
6938
6941
6942
6943
6944
6948
6953
6957
6958
6970
6971
6976
6977
6990
7014
7015
7016
7018
7019
7042
7053
7066
7067
7083
7092
7100
7103
7110
7111
7112
7113
7116
7119
7120
7121
7122
7140
7143
7157
7165
7175
7178
7206
7207
7217
7218
7221
7227
7230
7236
7239
7242
7260
7268
7269
7304
7326
7327
7336
7342
7346
7348
7355
7361
7372
7387
7422
7423
7425
7436
7442
7446
7448
7453
7463
7492
7493
7494
7495
7518
7520
7540
7546
7556
7559
7560
7561
7564
7575
7583
7585
7586
7599
7600
7606
7614
7617
7622
7629
7637
7640
7657
7665
7666
7667
7668
7669
7670
7671
7681
7683
7684
7696
7722
7723
7799
7852
7859
7860
7861
7865
7875
7876
7895
7913
7917
7952
7969
7971
8000
8002
8006
8036
8056
8069
8103
8107
8120
8122
8125
8127
8136
8149
8154
8197
8208
8223
8232
8241
8256
8262
8266
8267
8268
8269
8271
8273
8280
8284
8303
8304
8305
8308
8332
8333
8334
8338
8363
8370
8398
8465
8468
8469
8470
8507
8552
8572
8574
8577
8586
8592
8593
8594
8597
8599
8606
8607
8615
8617
8626
8636
8669
8671
8673
8675
8790
8791
8811
8822
8841
8849
8856
8875
8884
8906
8907
8910
8911
8912
8913
8934
8935
8954
8968
8972
9001
9029
9032
9058
9059
9068
9070
9108
9139
9140
9158
9187
9188
9189
9190
9253
9259
9268
9269
9271
9312
9323
9329
9330
9331
9356
9376
9394
9424
9428
9429
9496
9536
9543
9589
9614
9615
9617
9631
9661
9668
9718
9728
9734
9788
9791
9793
9804
9809
9810
9823
9828
9907
9951
9968
9969
10010
10011
10012
10018
10021
10022
10031
10032
10033
10034
10035
10039
10044
10045
10060
10065
10077
10080
10130
10131
10149
10194
10197
10221
10226
10232
10233
10263
10264
10274
10286
10292
10299
10302
10324
10355
10358
10362
10366
10368
10370
10392
10405
10406
10409
10419
10420
10424
10434
10455
10478
10480
10484
10510
10519
10520
10524
10578
10630
10643
10645
10677
10678
10690
10717
10718
10719
10721
10723
10735
10736
10829
10837
10846
10921
10922
10923
10924
10964
10978
11017
11018
11019
11032
11034
11035
11036
11052
11056
11060
11063
11064
11068
11069
11090
11098
11099
11100
11105
11109
11122
11123
11125
11126
11149
11153
11188
11193
11230
11233
11236
11243
11251
11259
11263
11272
11321
11322
11326
11327
11335
11337
11343
11390
11444
11464
11471
11472
11473
11492
11499
11500
11505
11527
11528
11532
11564
11589
11591
11592
11599
11605
11617
11630
11631
11632
11656
11657
11777
11786
11812
12020
12061
12115
12154
12155
12156
12159
12174
12176
12230
12234
12236
12237
12250
12252
12253
12315
12381
12382
12438
12455
12462
12478
12603
12711
12714
12716
12754
12785
12788
12792
12898
12944
12949
13062
13099
13160
13198
13239
13249
13262
13263
13272
13273
13277
13305
13342
13343
13345
13351
13357
13427
13436
13455
13528
13532
13553
13566
13651
13653
13675
13676
13677
13678
13681
13688
13697
13705
13708
13737
13760
13923
13927
13995
14002
14003
14021
14034
14064
14110
14155
14203
14208
14340
14356
14389
14499
14625
14632
14637
14641
14685
14694
14695
14699
14700
14749
14760
14790
14791
14796
14797
14891
14927
15099
15182
15243
15245
15254
15322
15327
15463
15496
15499
15502
15514
15566
15580
15583
15586
15601
15621
15780
15869
16082
16281
16293
16300
16304
16360
16361
16367
16432
16433
16438
16446
16453
16463
16466
16477
16482
16605
16606
16635
16638
16655
16673
16676
16677
16678
16808
16829
17150
17182
17199
17273
17431
17466
17472
17485
17585
17620
17647
17690
17772
18410
19647
21458
21885
21973
21976
21977
22084
23475
23754
23764
24372
24918
24944
25022
25140
26484
27764
28424
28845
29861
30684
31288
31704
32421
32520
32893
34340
35227
35334
36499
36843
36844
36955
36970
39336
39353
40538
40541
40542
40599
40601
40602
40656
40657
42157
42203
42204
42851
43061
44144
45195
47030
47285
47317
47457
47460
48147
48297
48474
48696
49516
49630
49927
50199
50249
50259
50904
53231
53471
53531
53986
55057
56431
56432
56466
56478
56621
57644
57756
58783
59657
59715
64825
64947
65950
70102
75003
75099
75742
75823
75824
78157
78181
78191
80479
80480
80715
80719
80750
81231
84436
84780
84844
85002
85003
85659
85663
85710
92185
96142
96144
96482
98871
LEVEL	2
=========

Node	1
3
4
5
6
7
9
16
17
21
23
31
51
52
58
60
71
72
74
79
82
85
87
88
91
92
94
95
97
109
126
129
137
196
199
200
211
214
219
221
276
295
308
312
319
324
328
336
338
347
351
359
362
364
365
368
376
377
380
386
390
396
404
473
474
475
480
483
508
509
536
556
606
607
620
636
637
639
640
677
710
722
723
724
725
726
753
765
782
783
808
840
848
867
888
918
926
981
1034
1066
1068
1164
1165
1230
1341
1385
1437
1441
1443
1521
1596
1637
1865
2007
2093
2094
2095
2096
2190
2275
2293
2338
2342
2343
2358
2384
2399
2435
2843
3434
3454
3481
3495
3549
3550
3621
3622
3651
3889
3904
3945
4039
4251
4252
4299
4302
4318
4388
4414
4527
4545
4546
4554
4567
4634
4693
4761
4879
5071
5164
5184
5187
5212
5213
5223
5228
5325
5329
5342
5343
5485
5486
5488
5489
5495
5515
5516
5565
5573
5590
5605
5625
5657
5658
5695
5706
5751
5793
5812
5813
5968
5975
6130
6140
6147
6148
6303
6389
6412
6413
6507
6510
6516
6518
6523
6586
6706
6780
6781
6869
6870
6871
6876
6919
6941
6942
6943
6944
7018
7042
7157
7175
7207
7422
7852
7875
7971
8006
8122
8241
8267
8303
8468
8469
8470
8577
8586
8592
8593
8606
8669
8849
8875
8934
8935
8968
8972
9108
9139
9140
9188
9190
9312
9788
9791
9793
9823
9828
10302
10358
10370
10405
10409
10478
10480
10484
10677
10678
10690
10717
10718
10719
10736
10922
11105
11122
11123
11153
11230
11233
11321
11337
11390
11473
12174
12230
12711
12714
12716
15099
15502
15514
15583
15586
15601
15621
15780
15869
16676
16677
24918
25140
32421
35227
49516
65950
81231
84780
92185
96142
96144
Node	2
44
47
48
55
56
57
67
68
86
120
188
189
283
334
352
388
410
413
420
423
424
437
438
452
476
478
479
581
583
603
645
698
700
747
793
859
864
892
899
933
934
1028
1051
1054
1058
1063
1073
1082
1083
1086
1089
1090
1092
1174
1176
1184
1191
1192
1339
1405
1523
1524
1525
1541
1550
1597
1628
1629
1633
1862
1870
1910
1911
2090
2100
2105
2128
2129
2135
2195
2197
2198
2199
2200
2201
2202
2205
2217
2218
2221
2272
2273
2298
2299
2300
2301
2385
2436
2467
2468
2469
2470
2474
2650
2651
2685
2730
2959
3236
3340
3352
3355
3356
3448
3504
3532
3603
3647
3652
3772
3799
3897
3990
4024
4076
4094
4170
4426
4564
5182
5183
5188
5189
5194
5195
5197
5222
5232
5246
5248
5292
5293
5315
5316
5319
5320
5321
5322
5323
5324
5379
5390
5398
5402
5404
5407
5408
5409
5411
5412
5413
5416
5418
5422
5425
5427
5428
5432
5436
5462
5513
5521
5527
5528
5536
5537
5547
5583
5586
5589
5593
5604
5649
5656
5705
5718
5724
5750
5761
5768
5773
5811
5814
5825
5831
5832
5833
5849
5854
5858
5862
5875
5876
5903
5925
5926
5927
5928
5930
5931
5940
5966
5969
5970
5971
6011
6017
6019
6022
6095
6141
6163
6164
6171
6177
6184
6200
6204
6206
6223
6240
6245
6253
6269
6489
6524
6525
6531
6536
6575
6594
6595
6610
6615
6628
6649
6718
6719
6722
6809
6846
6865
6873
6885
6895
6897
6903
6906
6916
6938
6948
6953
6957
6958
6970
6977
7014
7015
7066
7083
7092
7100
7103
7110
7111
7112
7113
7116
7119
7120
7122
7165
7217
7218
7221
7227
7236
7242
7304
7326
7327
7336
7355
7361
7372
7387
7463
7492
7493
7494
7561
7564
7622
7861
7876
7952
8000
8002
8036
8103
8120
8125
8127
8136
8154
8197
8208
8256
8262
8266
8271
8273
8280
8284
8304
8305
8334
8363
8370
8465
8552
8597
8607
8671
8841
8856
8910
8912
9029
9032
9059
9068
9189
9268
9376
9424
9428
9429
9496
9543
9589
9661
9718
9728
9734
9951
9969
10018
10021
10022
10031
10032
10034
10039
10044
10065
10080
10149
10194
10221
10263
10264
10274
10292
10299
10355
10392
10419
10420
10424
10434
10578
10630
10643
10735
10921
10923
10964
10978
11019
11032
11035
11052
11056
11063
11064
11068
11069
11098
11109
11126
11149
11236
11243
11251
11259
11322
11326
11327
11335
11464
11471
11472
11499
11500
11505
11532
11592
11605
11786
11812
12154
12252
12253
12315
12785
12788
12792
12898
12944
13198
13239
13262
13273
13455
13566
14340
14389
14632
15463
16304
16367
16482
16605
16606
16638
16673
16678
16808
16829
17199
17690
17772
18410
19647
21885
21973
21976
21977
22084
23475
24372
24944
28424
31704
32520
36499
36843
36844
42203
43061
44144
47030
48474
49630
50904
53231
56431
56432
56466
56478
59715
64825
78191
80715
80719
80750
85003
85659
85663
85710
Node	3
104
106
Node	4
111
Node	5
115
Node	6
136
16082
Node	7
202
1636
Node	8
213
628
Node	9
279
Node	10
315
Node	11
318
Node	12
321
11599
Node	13
354
8675
10324
Node	14
357
Node	15
444
Node	16
503
Node	17
530
Node	18
644
678
679
Node	19
682
2062
Node	20
755
Node	21
757
Node	22
814
Node	23
878
Node	24
890
Node	25
1062
Node	26
1064
Node	27
1091
Node	28
1201
Node	29
1370
9907
Node	30
1522
1542
8056
Node	31
1551
Node	32
1765
Node	33
1766
5193
Node	34
1780
3540
3596
Node	35
1885
Node	36
2060
Node	37
2101
Node	38
2102
Node	39
2103
2104
Node	40
2288
Node	41
2465
10524
Node	42
2471
Node	43
2620
Node	44
2688
Node	45
2951
Node	46
3305
Node	47
3318
Node	48
3365
Node	49
3366
3367
3368
Node	50
3401
Node	51
3405
Node	52
3569
7260
Node	53
3595
3649
3787
5465
5468
5471
5480
5481
5686
5716
5717
5719
5720
5742
5756
5792
5794
5851
5934
5941
5963
5964
5965
6006
6115
6119
6127
6128
6290
6343
6350
6367
6383
6397
6398
6460
6463
6464
6584
6585
6971
7342
7346
7348
7425
7436
7446
7518
7520
7540
7546
7556
7560
7575
7583
7585
7614
7617
7629
7637
7640
7657
7665
7666
7667
7668
7669
7670
7671
7683
7684
7696
7723
7895
7913
8107
8223
8507
9070
9253
9271
9323
9329
9330
9331
9356
9631
9968
11017
11018
12115
12155
12156
12159
12381
12382
12455
13099
13160
13277
13342
13343
13351
13357
13427
13553
13651
13653
13675
13676
13677
13678
13681
13688
13697
13708
13737
13760
13995
14002
14003
14155
14203
14499
14685
14694
14695
14891
14927
15254
15499
16433
16466
28845
32893
35334
39353
40599
40656
40657
42204
48147
49927
53471
53986
57644
64947
70102
80479
80480
84844
Node	54
3723
Node	55
3757
Node	56
3798
Node	57
3898
Node	58
4048
4360
Node	59
4050
Node	60
4319
Node	61
4320
11564
Node	62
4446
Node	63
4736
Node	64
5138
7453
Node	65
5203
Node	66
5205
Node	67
5244
9668
Node	68
5245
Node	69
5299
Node	70
5300
Node	71
5374
Node	72
5376
Node	73
5378
Node	74
5382
Node	75
5443
Node	76
5444
Node	77
5458
Node	78
5579
Node	79
5599
Node	80
5606
Node	81
5738
Node	82
5806
5821
8615
8617
15182
Node	83
5823
Node	84
5847
Node	85
5910
Node	86
5912
Node	87
5913
Node	88
5933
Node	89
5937
Node	90
5939
Node	91
5943
Node	92
6032
Node	93
6116
Node	94
6170
Node	95
6267
Node	96
6317
Node	97
6360
Node	98
6406
Node	99
6407
Node	100
6434
10721
Node	101
6435
10455
Node	102
6522
Node	103
6612
Node	104
6624
8398
10406
12061
16361
50199
84436
Node	105
6698
Node	106
6770
7495
Node	107
6794
Node	108
6795
Node	109
6796
7121
Node	110
6799
Node	111
6837
Node	112
6838
11125
Node	113
6839
Node	114
6896
Node	115
6900
Node	116
6917
Node	117
6918
Node	118
6976
Node	119
6990
Node	120
7016
Node	121
7019
Node	122
7053
Node	123
7067
Node	124
7140
Node	125
7143
Node	126
7178
Node	127
7206
Node	128
7230
Node	129
7239
7865
Node	130
7268
Node	131
7269
Node	132
7423
Node	133
7442
Node	134
7448
8332
8338
Node	135
7559
Node	136
7586
Node	137
7599
7606
Node	138
7600
Node	139
7681
Node	140
7722
Node	141
7799
Node	142
7859
Node	143
7860
Node	144
7917
Node	145
7969
Node	146
8069
Node	147
8149
Node	148
8232
Node	149
8268
8269
Node	150
8308
Node	151
8333
10226
75823
75824
Node	152
8572
8574
8626
8790
8791
8907
10723
10846
Node	153
8594
Node	154
8599
Node	155
8636
Node	156
8673
Node	157
8811
Node	158
8822
Node	159
8884
Node	160
8906
Node	161
8911
Node	162
8913
Node	163
8954
Node	164
9001
Node	165
9058
Node	166
9158
Node	167
9187
Node	168
9259
Node	169
9269
Node	170
9394
Node	171
9536
Node	172
9614
Node	173
9615
Node	174
9617
Node	175
9804
Node	176
9809
9810
Node	177
10010
10011
Node	178
10012
Node	179
10033
Node	180
10035
Node	181
10045
Node	182
10060
Node	183
10077
Node	184
10130
Node	185
10131
Node	186
10197
Node	187
10232
Node	188
10233
Node	189
10286
Node	190
10362
10366
Node	191
10368
Node	192
10510
Node	193
10519
Node	194
10520
Node	195
10645
Node	196
10829
Node	197
10837
Node	198
10924
Node	199
11034
11036
Node	200
11060
Node	201
11090
Node	202
11099
Node	203
11100
Node	204
11188
Node	205
11193
Node	206
11263
Node	207
11272
Node	208
11343
Node	209
11444
Node	210
11492
Node	211
11527
11528
Node	212
11589
Node	213
11591
Node	214
11617
Node	215
11630
Node	216
11631
Node	217
11632
Node	218
11656
Node	219
11657
Node	220
11777
Node	221
12020
Node	222
12176
Node	223
12234
Node	224
12236
Node	225
12237
Node	226
12250
Node	227
12438
Node	228
12462
Node	229
12478
16432
16438
Node	230
12603
Node	231
12754
Node	232
12949
Node	233
13062
Node	234
13249
Node	235
13263
Node	236
13272
Node	237
13305
Node	238
13345
Node	239
13436
Node	240
13528
Node	241
13532
Node	242
13705
Node	243
13923
13927
Node	244
14021
Node	245
14034
Node	246
14064
Node	247
14110
Node	248
14208
Node	249
14356
Node	250
14625
Node	251
14637
Node	252
14641
Node	253
14699
Node	254
14700
Node	255
14749
Node	256
14760
Node	257
14790
Node	258
14791
Node	259
14796
Node	260
14797
Node	261
15243
Node	262
15245
Node	263
15322
Node	264
15327
Node	265
15496
Node	266
15566
Node	267
15580
Node	268
16281
Node	269
16293
Node	270
16300
Node	271
16360
Node	272
16446
Node	273
16453
Node	274
16463
Node	275
16477
Node	276
16635
Node	277
16655
Node	278
17150
Node	279
17182
Node	280
17273
Node	281
17431
Node	282
17466
Node	283
17472
Node	284
17485
Node	285
17585
Node	286
17620
Node	287
17647
Node	288
21458
Node	289
23754
Node	290
23764
Node	291
25022
Node	292
26484
Node	293
27764
Node	294
29861
Node	295
30684
Node	296
31288
Node	297
34340
Node	298
36955
Node	299
36970
Node	300
39336
Node	301
40538
Node	302
40541
40542
40601
40602
Node	303
42157
Node	304
42851
Node	305
45195
Node	306
47285
Node	307
47317
Node	308
47457
Node	309
47460
Node	310
48297
Node	311
48696
Node	312
50249
Node	313
50259
Node	314
53531
Node	315
55057
Node	316
56621
Node	317
57756
Node	318
58783
Node	319
59657
Node	320
75003
Node	321
75099
Node	322
75742
Node	323
78157
Node	324
78181
Node	325
85002
Node	326
96482
Node	327
98871
LEVEL	3
=========

Node	1
3
4
5
6
7
9
16
17
51
52
58
71
72
87
88
91
92
94
95
97
109
196
200
211
214
276
295
308
312
319
324
328
347
351
359
364
365
376
377
396
404
475
480
483
508
536
556
606
607
620
636
637
639
640
677
723
724
725
726
753
782
808
840
848
918
926
1066
1165
1341
1443
1521
1596
1637
1865
2007
2093
2094
2095
2096
2190
2275
2338
2342
2343
2358
2384
2399
2435
2843
3454
3481
3495
3549
3550
3621
3622
3651
3889
3904
3945
4251
4252
4299
4302
4388
4414
4527
4545
4546
4567
4693
4879
5184
5187
5212
5223
5228
5343
5515
5565
5573
5590
5605
5695
5706
5793
5812
5813
5975
6130
6140
6303
6389
6413
6507
6516
6780
6781
6869
6870
6871
6876
6941
6942
6943
6944
7018
7157
7175
7207
7971
8006
8122
8303
8577
8586
8593
8934
8935
8968
9108
9788
9793
9823
9828
10302
10358
10677
10678
10690
10717
10718
11153
11233
11321
11337
11390
12230
12714
15514
15583
15586
15601
15621
15780
16676
16677
35227
49516
81231
96142
96144
Node	2
21
74
85
137
380
474
2293
10409
Node	3
23
82
Node	4
31
Node	5
44
47
48
55
56
57
67
68
86
120
188
189
283
334
352
388
413
423
438
452
476
478
479
581
603
645
698
747
793
859
864
892
899
933
1028
1051
1063
1073
1082
1086
1090
1174
1176
1184
1191
1192
1339
1405
1524
1525
1541
1550
1597
1628
1629
1633
1862
1870
1910
2100
2105
2128
2195
2197
2198
2199
2200
2201
2202
2205
2217
2221
2273
2298
2299
2300
2301
2385
2436
2467
2469
2470
2474
2650
2651
2685
2730
3236
3340
3448
3532
3647
3990
4024
4076
4426
5182
5183
5188
5189
5194
5195
5197
5222
5232
5248
5292
5293
5315
5316
5319
5320
5321
5322
5323
5324
5379
5390
5398
5402
5404
5407
5408
5409
5412
5413
5416
5427
5428
5436
5521
5527
5536
5537
5589
5593
5649
5656
5705
5724
5761
5811
5814
5825
5833
5858
5862
5875
5876
5903
5931
5966
5969
5970
5971
6011
6017
6095
6141
6164
6171
6177
6184
6200
6223
6253
6524
6525
6531
6536
6575
6594
6595
6610
6615
6628
6649
6719
6722
6895
6897
6906
6916
6938
6953
6958
7014
7100
7103
7122
7236
7304
7372
7387
7493
7622
8000
8154
8262
8271
8284
8552
8597
8607
9029
9032
9189
9268
9376
9424
9734
9969
10039
10149
10194
10274
10299
10420
10630
10923
10978
11032
11035
11052
11056
11063
11068
11069
11098
11109
11126
11149
11322
11326
11327
11335
11471
11472
11505
11532
11786
11812
12253
12315
12944
13273
15463
16304
16367
16482
16605
16638
16678
16808
18410
19647
21885
21976
21977
31704
32520
36843
43061
44144
47030
50904
56466
64825
78191
80719
85003
Node	6
60
Node	7
79
Node	8
104
Node	9
106
Node	10
111
Node	11
115
Node	12
126
Node	13
129
Node	14
136
Node	15
199
Node	16
202
Node	17
213
Node	18
219
Node	19
221
Node	20
318
Node	21
321
Node	22
336
Node	23
338
Node	24
354
Node	25
362
368
Node	26
386
Node	27
390
Node	28
410
Node	29
420
1058
6019
Node	30
424
437
1083
1089
4170
4564
5418
5422
5432
5513
5547
5583
5586
5750
5768
5849
6809
6846
7015
7066
7083
7110
7116
7217
7221
7242
7861
8002
8280
9428
9429
Node	31
473
Node	32
503
Node	33
509
Node	34
530
Node	35
583
Node	36
628
Node	37
644
Node	38
678
Node	39
679
Node	40
682
Node	41
700
Node	42
710
Node	43
722
Node	44
755
Node	45
757
Node	46
765
Node	47
783
Node	48
867
Node	49
878
Node	50
888
Node	51
934
Node	52
981
Node	53
1034
Node	54
1054
Node	55
1062
Node	56
1064
Node	57
1068
3434
5325
10736
Node	58
1091
Node	59
1092
Node	60
1164
Node	61
1201
Node	62
1230
Node	63
1370
Node	64
1385
Node	65
1437
Node	66
1441
Node	67
1522
Node	68
1523
Node	69
1542
Node	70
1636
Node	71
1765
Node	72
1766
Node	73
1780
Node	74
1885
Node	75
1911
Node	76
2062
Node	77
2090
Node	78
2101
Node	79
2102
Node	80
2103
Node	81
2104
Node	82
2129
2135
6718
6903
6948
7227
8036
10392
10434
12154
12252
Node	83
2218
Node	84
2272
Node	85
2465
10524
Node	86
2468
Node	87
2471
Node	88
2620
Node	89
2688
Node	90
2959
Node	91
3318
Node	92
3352
3355
Node	93
3356
Node	94
3366
3367
Node	95
3368
Node	96
3401
Node	97
3405
Node	98
3504
Node	99
3540
3596
Node	100
3569
Node	101
3595
5468
5481
6383
7346
8107
Node	102
3603
Node	103
3649
5465
5471
5480
5686
5716
5717
5719
5720
5756
5792
5794
5851
5934
5941
5964
5965
6115
6119
6127
6128
6343
6350
6398
6460
6463
6464
6971
8507
9253
9271
9323
9329
9330
9356
12455
14685
15499
35334
42204
49927
Node	104
3652
Node	105
3757
Node	106
3772
Node	107
3787
80480
Node	108
3798
Node	109
3799
Node	110
3897
10964
22084
Node	111
3898
Node	112
4039
Node	113
4048
Node	114
4050
Node	115
4094
Node	116
4318
Node	117
4320
11564
Node	118
4360
Node	119
4554
Node	120
4634
Node	121
4736
Node	122
4761
Node	123
5071
7875
8468
Node	124
5138
Node	125
5164
Node	126
5193
Node	127
5213
Node	128
5244
Node	129
5245
Node	130
5246
Node	131
5300
Node	132
5329
Node	133
5342
Node	134
5378
Node	135
5382
Node	136
5411
5925
6489
8910
9589
9728
9951
10021
10031
10065
10080
10221
13198
85659
85663
85710
Node	137
5425
Node	138
5458
Node	139
5462
Node	140
5485
5486
5488
5489
5495
Node	141
5516
Node	142
5528
Node	143
5579
Node	144
5599
Node	145
5604
Node	146
5625
Node	147
5657
Node	148
5658
8470
Node	149
5718
Node	150
5742
Node	151
5751
Node	152
5773
12898
Node	153
5806
5821
8615
Node	154
5823
Node	155
5831
Node	156
5832
Node	157
5847
Node	158
5854
Node	159
5910
Node	160
5912
Node	161
5926
5927
9496
10022
10032
10034
11592
Node	162
5928
Node	163
5930
Node	164
5933
Node	165
5937
Node	166
5940
Node	167
5943
Node	168
5963
6584
6585
7342
7425
7436
7518
7520
7540
7546
7556
7560
7575
7583
7585
7614
7617
7629
7640
7657
7665
7666
7667
7670
7671
7683
7684
7723
7913
11017
12115
12155
12156
12159
13277
13342
13343
13351
13357
13553
13651
13653
13676
13677
13681
13688
13697
13708
13760
13995
14002
14003
14155
14499
14694
14695
14891
15254
16433
16466
48147
80479
Node	169
5968
Node	170
6006
Node	171
6022
Node	172
6032
Node	173
6116
Node	174
6147
Node	175
6148
Node	176
6163
Node	177
6204
Node	178
6206
Node	179
6240
Node	180
6245
Node	181
6269
Node	182
6290
Node	183
6317
Node	184
6360
Node	185
6367
Node	186
6397
Node	187
6406
Node	188
6412
Node	189
6434
Node	190
6435
Node	191
6510
Node	192
6518
Node	193
6522
Node	194
6523
Node	195
6586
Node	196
6612
Node	197
6624
50199
Node	198
6698
Node	199
6706
Node	200
6770
Node	201
6794
Node	202
6796
Node	203
6799
Node	204
6838
Node	205
6865
Node	206
6873
Node	207
6885
Node	208
6900
Node	209
6917
Node	210
6918
Node	211
6919
Node	212
6957
Node	213
6970
Node	214
6976
Node	215
6977
Node	216
7016
Node	217
7019
Node	218
7042
Node	219
7053
Node	220
7092
Node	221
7111
Node	222
7112
Node	223
7113
7120
Node	224
7119
Node	225
7121
Node	226
7143
Node	227
7165
Node	228
7178
Node	229
7206
Node	230
7218
Node	231
7230
Node	232
7239
Node	233
7260
Node	234
7268
Node	235
7269
Node	236
7326
Node	237
7327
Node	238
7336
Node	239
7348
Node	240
7355
Node	241
7361
Node	242
7422
9312
Node	243
7442
Node	244
7446
53471
Node	245
7448
8332
Node	246
7453
Node	247
7463
Node	248
7492
Node	249
7494
Node	250
7495
Node	251
7561
7564
7952
Node	252
7599
Node	253
7600
Node	254
7606
Node	255
7637
Node	256
7668
Node	257
7669
Node	258
7681
Node	259
7696
Node	260
7722
Node	261
7799
Node	262
7852
Node	263
7859
Node	264
7860
Node	265
7865
Node	266
7876
Node	267
7895
14927
Node	268
7969
Node	269
8056
Node	270
8103
Node	271
8120
8273
Node	272
8125
8127
Node	273
8136
Node	274
8197
Node	275
8208
Node	276
8223
Node	277
8232
Node	278
8241
Node	279
8256
Node	280
8266
Node	281
8267
Node	282
8268
8269
Node	283
8304
Node	284
8305
Node	285
8308
Node	286
8333
10226
Node	287
8334
Node	288
8338
Node	289
8363
Node	290
8370
Node	291
8398
10406
16361
Node	292
8465
Node	293
8469
Node	294
8572
8574
8790
8791
8907
10723
Node	295
8592
Node	296
8599
Node	297
8606
Node	298
8617
Node	299
8626
Node	300
8636
Node	301
8669
Node	302
8671
Node	303
8675
Node	304
8811
Node	305
8822
Node	306
8841
Node	307
8849
Node	308
8856
Node	309
8875
Node	310
8884
Node	311
8911
Node	312
8912
Node	313
8913
Node	314
8954
Node	315
8972
Node	316
9058
Node	317
9059
Node	318
9068
Node	319
9070
Node	320
9139
Node	321
9140
Node	322
9158
Node	323
9187
Node	324
9188
9190
11105
12716
Node	325
9259
Node	326
9269
Node	327
9331
Node	328
9394
Node	329
9536
Node	330
9543
Node	331
9614
Node	332
9615
Node	333
9617
Node	334
9631
Node	335
9661
Node	336
9668
Node	337
9718
11259
Node	338
9791
Node	339
9809
Node	340
9810
Node	341
9907
Node	342
9968
Node	343
10010
Node	344
10011
Node	345
10012
Node	346
10018
Node	347
10033
Node	348
10035
Node	349
10044
Node	350
10060
Node	351
10130
Node	352
10131
Node	353
10197
Node	354
10232
Node	355
10263
10264
Node	356
10292
Node	357
10324
Node	358
10355
Node	359
10362
Node	360
10366
Node	361
10370
Node	362
10405
Node	363
10419
10424
Node	364
10455
Node	365
10478
Node	366
10480
Node	367
10484
Node	368
10510
Node	369
10519
Node	370
10520
Node	371
10578
Node	372
10643
Node	373
10645
Node	374
10719
Node	375
10721
Node	376
10735
Node	377
10837
Node	378
10846
Node	379
10921
80750
Node	380
10922
Node	381
10924
Node	382
11018
Node	383
11019
Node	384
11034
Node	385
11036
Node	386
11060
Node	387
11064
Node	388
11090
Node	389
11122
Node	390
11123
Node	391
11125
Node	392
11230
Node	393
11236
Node	394
11243
Node	395
11251
Node	396
11272
Node	397
11464
14389
48474
Node	398
11473
Node	399
11492
Node	400
11499
Node	401
11500
Node	402
11527
Node	403
11528
Node	404
11589
Node	405
11591
Node	406
11599
Node	407
11605
Node	408
11617
Node	409
11630
Node	410
11631
Node	411
11632
Node	412
11657
Node	413
12020
Node	414
12061
Node	415
12174
Node	416
12234
Node	417
12236
Node	418
12237
Node	419
12250
Node	420
12381
Node	421
12382
Node	422
12462
Node	423
12478
16432
16438
Node	424
12603
Node	425
12711
Node	426
12754
Node	427
12785
Node	428
12788
Node	429
12792
Node	430
13099
Node	431
13160
Node	432
13239
36844
Node	433
13249
Node	434
13262
Node	435
13272
Node	436
13305
Node	437
13427
Node	438
13455
Node	439
13532
Node	440
13566
Node	441
13675
13678
Node	442
13737
Node	443
13923
Node	444
13927
Node	445
14021
Node	446
14034
Node	447
14110
Node	448
14203
Node	449
14208
Node	450
14340
Node	451
14625
Node	452
14632
Node	453
14641
Node	454
14699
Node	455
14700
Node	456
14749
Node	457
14760
Node	458
14796
Node	459
14797
Node	460
15099
Node	461
15182
Node	462
15245
Node	463
15322
Node	464
15327
Node	465
15496
Node	466
15502
Node	467
15566
Node	468
15580
Node	469
15869
Node	470
16082
Node	471
16281
Node	472
16293
Node	473
16360
Node	474
16446
Node	475
16453
Node	476
16463
Node	477
16606
Node	478
16635
Node	479
16673
Node	480
16829
Node	481
17150
Node	482
17182
Node	483
17199
Node	484
17431
Node	485
17466
Node	486
17485
Node	487
17620
Node	488
17647
Node	489
17690
Node	490
17772
Node	491
21973
56431
Node	492
23475
Node	493
23764
Node	494
24372
Node	495
24918
Node	496
24944
Node	497
25140
Node	498
26484
Node	499
27764
Node	500
28424
Node	501
28845
Node	502
29861
Node	503
30684
Node	504
32421
Node	505
32893
Node	506
34340
Node	507
36499
Node	508
39336
Node	509
39353
Node	510
40541
40601
40602
Node	511
40542
Node	512
40599
Node	513
40656
40657
Node	514
42157
Node	515
42203
Node	516
42851
Node	517
45195
Node	518
47317
Node	519
47457
Node	520
47460
Node	521
48297
Node	522
48696
Node	523
49630
Node	524
53231
Node	525
53531
Node	526
53986
Node	527
56432
Node	528
56478
Node	529
57644
Node	530
59657
Node	531
59715
Node	532
64947
Node	533
65950
Node	534
70102
Node	535
75003
Node	536
75823
Node	537
75824
Node	538
78157
Node	539
80715
Node	540
84436
Node	541
84780
Node	542
84844
Node	543
92185
LEVEL	4
=========

Node	1
3
4
5
6
9
16
17
51
52
58
71
72
87
88
91
92
94
95
97
109
196
200
211
214
295
308
312
319
324
328
347
351
359
364
365
376
377
396
404
475
480
483
508
536
606
607
636
639
640
723
724
753
782
808
926
1066
1165
1341
1521
1865
2093
2094
2095
2190
2275
2338
2342
2343
2384
2399
2435
3454
3481
3495
3651
4299
4302
4414
4527
4545
4546
4567
4693
4879
5187
5343
5515
5565
5573
5590
5605
5695
5793
6130
6140
6507
6516
6869
6871
6941
7175
8006
8303
8586
8968
9823
10302
10717
11153
15583
15621
Node	2
7
2007
11321
Node	3
21
74
Node	4
23
Node	5
31
Node	6
44
47
56
57
67
68
120
188
189
283
334
352
388
476
478
479
581
747
859
864
892
899
933
1073
1082
1086
1090
1176
1184
1191
1192
1339
1405
1525
1633
1870
1910
2100
2105
2195
2198
2199
2200
2201
2202
2205
2221
2273
2299
2301
2436
2730
3236
3340
3448
3647
3990
4024
4076
4426
5188
5189
5197
5232
5248
5292
5293
5319
5321
5323
5324
5398
5436
5521
5527
5593
5656
5761
5876
5903
5931
6253
6524
6536
6575
6895
6897
6916
6938
7236
7387
8000
8597
8607
9029
9268
9734
10039
10630
11052
11126
11322
11326
11327
16605
16638
16678
Node	7
48
Node	8
55
Node	9
79
Node	10
82
Node	11
85
137
Node	12
86
Node	13
106
Node	14
126
Node	15
136
Node	16
199
Node	17
202
Node	18
213
Node	19
219
Node	20
276
Node	21
321
Node	22
336
Node	23
338
Node	24
354
Node	25
362
Node	26
368
Node	27
380
Node	28
386
Node	29
390
Node	30
410
Node	31
413
438
Node	32
420
1058
6019
Node	33
423
Node	34
424
Node	35
437
1083
1089
4170
4564
5418
5422
5432
5513
5547
5586
5768
5849
6809
7015
7066
7083
7110
7116
7242
8002
Node	36
452
2385
5649
Node	37
473
Node	38
474
Node	39
556
Node	40
583
Node	41
603
2217
Node	42
620
Node	43
628
Node	44
637
Node	45
644
Node	46
645
Node	47
677
Node	48
678
Node	49
682
Node	50
698
Node	51
700
Node	52
710
Node	53
722
Node	54
725
Node	55
726
Node	56
757
Node	57
765
Node	58
783
Node	59
793
Node	60
840
Node	61
848
Node	62
867
Node	63
888
Node	64
918
Node	65
934
Node	66
981
Node	67
1028
7122
Node	68
1051
Node	69
1054
Node	70
1063
Node	71
1064
Node	72
1068
3434
5325
10736
Node	73
1091
Node	74
1092
Node	75
1174
Node	76
1201
Node	77
1230
Node	78
1385
Node	79
1437
Node	80
1441
Node	81
1443
Node	82
1522
Node	83
1524
Node	84
1541
1597
1628
1629
3532
5182
5183
6095
6141
6171
6177
6184
7304
11532
80719
Node	85
1542
Node	86
1550
Node	87
1596
3622
3945
4252
Node	88
1636
Node	89
1637
Node	90
1766
Node	91
1780
Node	92
1862
5858
Node	93
2096
Node	94
2102
Node	95
2103
Node	96
2104
Node	97
2128
5315
5316
5402
5404
5407
5408
5409
5412
5413
5428
5536
5537
6594
6595
6610
6615
6628
6649
6719
6906
6953
7372
7622
8271
8552
10420
12253
12315
21976
21977
31704
32520
36843
47030
50904
Node	98
2129
2135
12154
Node	99
2197
Node	100
2218
Node	101
2272
Node	102
2293
Node	103
2298
2467
Node	104
2300
2469
2470
2474
5379
6011
10923
Node	105
2358
Node	106
2465
Node	107
2468
Node	108
2471
Node	109
2650
Node	110
2651
Node	111
2685
Node	112
2843
Node	113
3318
Node	114
3352
Node	115
3355
Node	116
3356
Node	117
3366
Node	118
3367
Node	119
3401
Node	120
3504
Node	121
3540
Node	122
3549
Node	123
3550
Node	124
3569
Node	125
3595
5468
6383
7346
8107
Node	126
3596
Node	127
3621
Node	128
3649
6460
Node	129
3652
Node	130
3757
Node	131
3772
Node	132
3787
Node	133
3798
Node	134
3799
Node	135
3889
4388
5812
5813
Node	136
3897
Node	137
3904
Node	138
4048
Node	139
4094
Node	140
4251
Node	141
4318
Node	142
4320
Node	143
4634
Node	144
4736
Node	145
4761
Node	146
5071
Node	147
5138
Node	148
5164
Node	149
5184
9108
9788
Node	150
5193
Node	151
5194
Node	152
5195
6525
7100
7103
8154
Node	153
5212
Node	154
5222
Node	155
5223
Node	156
5228
Node	157
5246
Node	158
5320
Node	159
5322
Node	160
5378
Node	161
5390
Node	162
5411
5925
6489
8910
9589
9728
9951
10021
10031
10080
10221
13198
85659
85663
85710
Node	163
5416
Node	164
5427
Node	165
5465
5471
5686
5716
5717
5720
5756
5792
5794
5851
5965
6119
6343
6398
6463
6464
6971
8507
9253
9271
9323
9329
9330
14685
42204
49927
Node	166
5480
Node	167
5481
Node	168
5485
Node	169
5486
5495
Node	170
5488
Node	171
5489
Node	172
5583
Node	173
5589
Node	174
5604
Node	175
5625
Node	176
5657
Node	177
5658
Node	178
5705
Node	179
5706
Node	180
5718
Node	181
5719
Node	182
5724
Node	183
5742
Node	184
5750
Node	185
5751
Node	186
5773
Node	187
5806
Node	188
5811
Node	189
5814
Node	190
5821
Node	191
5823
Node	192
5825
Node	193
5833
Node	194
5847
Node	195
5854
Node	196
5862
Node	197
5875
Node	198
5926
5927
9496
10034
11592
Node	199
5928
Node	200
5930
Node	201
5934
5964
Node	202
5941
Node	203
5943
Node	204
5963
7585
7617
7640
7670
7723
Node	205
5966
Node	206
5968
Node	207
5969
Node	208
5970
5971
Node	209
5975
Node	210
6006
Node	211
6017
Node	212
6115
Node	213
6127
Node	214
6128
Node	215
6147
Node	216
6148
Node	217
6164
Node	218
6200
Node	219
6206
Node	220
6223
Node	221
6240
Node	222
6245
Node	223
6303
Node	224
6350
Node	225
6360
Node	226
6389
Node	227
6397
Node	228
6406
Node	229
6412
Node	230
6413
Node	231
6510
Node	232
6531
Node	233
6584
Node	234
6585
Node	235
6624
Node	236
6698
Node	237
6706
Node	238
6718
6948
10392
Node	239
6722
Node	240
6770
Node	241
6780
Node	242
6781
Node	243
6799
Node	244
6846
Node	245
6865
Node	246
6870
Node	247
6873
Node	248
6876
Node	249
6885
Node	250
6903
Node	251
6917
Node	252
6918
Node	253
6942
Node	254
6943
Node	255
6944
Node	256
6958
Node	257
6970
Node	258
6976
Node	259
6977
Node	260
7014
Node	261
7018
Node	262
7019
Node	263
7042
Node	264
7053
Node	265
7111
Node	266
7112
Node	267
7113
7120
Node	268
7119
Node	269
7121
Node	270
7157
Node	271
7165
Node	272
7207
Node	273
7217
7861
Node	274
7218
Node	275
7221
Node	276
7227
Node	277
7269
Node	278
7326
Node	279
7336
Node	280
7342
Node	281
7348
Node	282
7355
Node	283
7361
Node	284
7422
Node	285
7425
7436
7518
7540
7546
7556
7575
7583
7614
7629
7657
7665
7666
7667
7683
7913
14499
14694
14695
Node	286
7442
Node	287
7446
Node	288
7448
Node	289
7453
Node	290
7463
Node	291
7493
Node	292
7494
Node	293
7520
Node	294
7560
14155
Node	295
7561
Node	296
7564
Node	297
7600
Node	298
7606
Node	299
7637
Node	300
7668
Node	301
7671
Node	302
7684
12156
Node	303
7722
Node	304
7852
Node	305
7860
Node	306
7875
8468
Node	307
7876
Node	308
7895
Node	309
7952
Node	310
7971
Node	311
8036
Node	312
8103
Node	313
8120
Node	314
8122
Node	315
8125
Node	316
8127
Node	317
8136
Node	318
8197
Node	319
8208
Node	320
8241
Node	321
8262
Node	322
8266
Node	323
8267
Node	324
8268
Node	325
8269
Node	326
8273
Node	327
8280
Node	328
8284
Node	329
8304
Node	330
8305
Node	331
8308
Node	332
8332
Node	333
8333
Node	334
8334
Node	335
8338
Node	336
8370
Node	337
8398
Node	338
8470
Node	339
8572
Node	340
8574
Node	341
8577
Node	342
8593
Node	343
8615
Node	344
8617
Node	345
8626
Node	346
8669
Node	347
8671
Node	348
8790
8791
Node	349
8811
Node	350
8822
Node	351
8841
Node	352
8849
Node	353
8856
Node	354
8907
Node	355
8912
Node	356
8913
Node	357
8934
8935
12230
Node	358
8972
Node	359
9032
Node	360
9059
Node	361
9068
Node	362
9070
Node	363
9139
Node	364
9188
12716
Node	365
9189
11335
Node	366
9190
11105
Node	367
9312
Node	368
9331
Node	369
9356
Node	370
9376
Node	371
9424
Node	372
9428
9429
Node	373
9536
Node	374
9543
Node	375
9615
Node	376
9631
Node	377
9661
Node	378
9718
Node	379
9791
Node	380
9793
Node	381
9828
Node	382
9968
Node	383
9969
Node	384
10010
Node	385
10011
Node	386
10012
Node	387
10018
Node	388
10022
Node	389
10032
Node	390
10033
Node	391
10035
Node	392
10044
Node	393
10060
Node	394
10065
Node	395
10131
Node	396
10149
Node	397
10194
Node	398
10197
Node	399
10226
Node	400
10263
10264
Node	401
10274
Node	402
10292
Node	403
10299
Node	404
10358
Node	405
10366
Node	406
10406
Node	407
10409
Node	408
10419
Node	409
10424
Node	410
10434
Node	411
10455
Node	412
10480
Node	413
10520
Node	414
10524
Node	415
10578
Node	416
10645
Node	417
10677
Node	418
10678
Node	419
10690
Node	420
10718
Node	421
10723
Node	422
10735
Node	423
10846
Node	424
10921
Node	425
10964
Node	426
10978
Node	427
11017
Node	428
11019
Node	429
11032
11035
11063
11069
11098
11149
Node	430
11056
Node	431
11060
Node	432
11064
Node	433
11068
Node	434
11090
Node	435
11109
Node	436
11123
Node	437
11125
Node	438
11230
Node	439
11233
Node	440
11259
Node	441
11272
Node	442
11337
Node	443
11390
Node	444
11464
Node	445
11471
11472
Node	446
11500
Node	447
11505
Node	448
11564
Node	449
11589
Node	450
11591
Node	451
11599
Node	452
11605
Node	453
11630
Node	454
11631
Node	455
11786
Node	456
11812
Node	457
12020
Node	458
12061
Node	459
12115
Node	460
12155
Node	461
12159
Node	462
12234
Node	463
12236
Node	464
12250
Node	465
12252
Node	466
12381
Node	467
12382
Node	468
12455
Node	469
12462
Node	470
12478
Node	471
12714
Node	472
12754
Node	473
12785
Node	474
12792
Node	475
12898
Node	476
12944
Node	477
13239
Node	478
13249
Node	479
13273
Node	480
13277
13357
13688
13760
14002
14003
Node	481
13342
13343
13351
Node	482
13553
Node	483
13566
Node	484
13651
Node	485
13653
13676
13677
13681
13708
48147
Node	486
13675
Node	487
13678
Node	488
13697
Node	489
13995
Node	490
14110
Node	491
14203
Node	492
14208
Node	493
14389
Node	494
14625
Node	495
14632
Node	496
14641
Node	497
14700
Node	498
14749
Node	499
14760
Node	500
14796
Node	501
14797
Node	502
14891
Node	503
14927
Node	504
15099
Node	505
15182
Node	506
15245
Node	507
15254
16433
16466
Node	508
15322
Node	509
15463
Node	510
15496
Node	511
15499
Node	512
15502
Node	513
15514
15586
15780
81231
Node	514
15566
Node	515
15601
Node	516
15869
Node	517
16082
Node	518
16304
Node	519
16360
Node	520
16361
Node	521
16367
Node	522
16432
Node	523
16438
Node	524
16463
Node	525
16482
Node	526
16606
Node	527
16673
Node	528
16676
Node	529
16677
Node	530
16808
Node	531
17182
Node	532
17199
Node	533
17620
Node	534
17690
Node	535
17772
Node	536
18410
Node	537
19647
Node	538
21885
Node	539
21973
Node	540
22084
Node	541
23475
Node	542
23764
Node	543
24918
Node	544
24944
Node	545
27764
Node	546
29861
Node	547
30684
Node	548
32421
Node	549
32893
Node	550
34340
Node	551
35227
Node	552
35334
Node	553
36844
Node	554
39353
Node	555
40541
40602
Node	556
40542
Node	557
40601
Node	558
40656
Node	559
40657
Node	560
42203
Node	561
43061
Node	562
44144
Node	563
48474
Node	564
49516
Node	565
49630
Node	566
50199
Node	567
53231
Node	568
53471
Node	569
53986
Node	570
56431
Node	571
56432
Node	572
56466
Node	573
57644
Node	574
59657
Node	575
59715
Node	576
64825
Node	577
64947
Node	578
65950
Node	579
70102
Node	580
75824
Node	581
78191
Node	582
80479
Node	583
80480
Node	584
80715
Node	585
80750
Node	586
84780
Node	587
85003
Node	588
92185
Node	589
96142
Node	590
96144
LEVEL	5
=========

Node	1
3
4
5
9
16
51
52
87
88
92
94
109
200
211
214
319
324
328
364
365
377
396
475
480
508
536
607
636
639
640
723
1865
2384
2399
3481
3495
4414
4545
4546
5515
5590
15583
15621
Node	2
6
17
606
7175
Node	3
7
Node	4
21
74
Node	5
23
Node	6
44
Node	7
47
120
189
388
476
478
479
864
899
1192
1525
5593
6897
Node	8
56
57
Node	9
58
Node	10
67
334
859
1633
1910
2105
2195
2198
2200
2202
2205
2301
2436
2730
3236
5188
5189
5321
5398
5436
5521
5656
6253
6524
6536
9734
Node	11
68
Node	12
71
72
97
295
308
312
347
404
782
808
926
1066
2094
2190
2342
2343
4299
4567
4693
4879
5187
5565
5695
6869
6871
Node	13
82
Node	14
85
137
Node	15
86
Node	16
91
359
Node	17
95
Node	18
106
Node	19
188
Node	20
196
Node	21
276
Node	22
283
Node	23
351
Node	24
352
933
1339
5197
5248
5292
5293
5323
5903
5931
16638
16678
Node	25
354
Node	26
362
Node	27
368
Node	28
376
Node	29
380
Node	30
410
Node	31
413
Node	32
420
Node	33
424
Node	34
437
Node	35
438
Node	36
452
Node	37
473
Node	38
474
Node	39
483
Node	40
556
Node	41
581
Node	42
603
Node	43
698
Node	44
700
Node	45
722
Node	46
724
Node	47
725
Node	48
726
Node	49
747
Node	50
753
Node	51
757
Node	52
783
Node	53
840
Node	54
848
Node	55
888
Node	56
892
Node	57
934
Node	58
1028
Node	59
1051
Node	60
1058
Node	61
1063
Node	62
1068
3434
10736
Node	63
1073
Node	64
1082
1086
1090
Node	65
1083
5513
5586
7015
7066
7083
7110
7116
7242
Node	66
1089
Node	67
1092
Node	68
1165
Node	69
1176
Node	70
1184
Node	71
1191
Node	72
1341
Node	73
1405
Node	74
1443
Node	75
1521
Node	76
1524
Node	77
1541
1628
6177
6184
7304
Node	78
1542
Node	79
1596
3622
3945
4252
Node	80
1597
Node	81
1629
3532
5182
6095
6171
Node	82
1766
Node	83
1780
Node	84
1862
Node	85
1870
Node	86
2007
Node	87
2093
Node	88
2095
Node	89
2096
Node	90
2100
Node	91
2104
Node	92
2128
5404
Node	93
2129
2135
12154
Node	94
2197
Node	95
2199
Node	96
2201
Node	97
2217
Node	98
2221
Node	99
2272
Node	100
2273
Node	101
2275
Node	102
2293
Node	103
2298
Node	104
2299
Node	105
2300
2469
2474
5379
6011
Node	106
2338
Node	107
2385
Node	108
2435
Node	109
2467
Node	110
2470
Node	111
2650
Node	112
2651
Node	113
2843
Node	114
3318
Node	115
3340
Node	116
3367
Node	117
3448
Node	118
3454
6507
Node	119
3504
Node	120
3549
Node	121
3569
Node	122
3595
5468
Node	123
3647
Node	124
3649
6460
Node	125
3651
Node	126
3652
Node	127
3772
Node	128
3798
Node	129
3799
Node	130
3889
4388
5812
5813
Node	131
3897
Node	132
3990
Node	133
4024
Node	134
4076
4426
11126
Node	135
4170
Node	136
4251
Node	137
4302
Node	138
4320
Node	139
4527
Node	140
4564
5547
Node	141
5138
Node	142
5183
Node	143
5184
9788
Node	144
5193
Node	145
5194
Node	146
5195
Node	147
5222
Node	148
5223
Node	149
5232
Node	150
5315
5316
5402
5407
5409
5428
5537
6595
6615
6628
6649
6719
6906
7372
7622
8271
21976
21977
31704
32520
47030
Node	151
5319
Node	152
5320
Node	153
5322
Node	154
5324
Node	155
5325
Node	156
5343
Node	157
5378
Node	158
5390
Node	159
5408
Node	160
5411
5925
9589
9728
9951
10021
10031
10080
85659
85663
Node	161
5412
5413
6953
Node	162
5418
Node	163
5422
5432
Node	164
5465
5471
5686
5716
5717
5720
5756
5792
5794
5851
5965
6119
6971
8507
9253
9323
Node	165
5480
Node	166
5481
Node	167
5485
Node	168
5486
Node	169
5495
Node	170
5527
Node	171
5536
Node	172
5573
Node	173
5583
Node	174
5589
Node	175
5605
Node	176
5649
Node	177
5658
Node	178
5705
Node	179
5706
Node	180
5719
Node	181
5750
Node	182
5761
Node	183
5768
Node	184
5793
Node	185
5806
Node	186
5814
Node	187
5821
Node	188
5847
Node	189
5849
Node	190
5854
Node	191
5858
Node	192
5862
Node	193
5876
Node	194
5926
Node	195
5927
9496
Node	196
5928
Node	197
5934
Node	198
5941
Node	199
5943
Node	200
5963
Node	201
5964
Node	202
5966
Node	203
5969
Node	204
5970
5971
Node	205
6006
Node	206
6019
Node	207
6115
Node	208
6127
Node	209
6130
Node	210
6140
8006
Node	211
6141
Node	212
6200
Node	213
6223
Node	214
6303
Node	215
6343
6398
Node	216
6383
Node	217
6412
Node	218
6413
Node	219
6463
Node	220
6464
Node	221
6489
Node	222
6516
Node	223
6525
7103
Node	224
6575
Node	225
6584
Node	226
6585
Node	227
6594
6610
Node	228
6624
Node	229
6698
Node	230
6718
6948
10392
Node	231
6722
Node	232
6770
Node	233
6781
Node	234
6809
Node	235
6846
Node	236
6873
Node	237
6895
6916
6938
Node	238
6918
Node	239
6941
Node	240
6943
Node	241
6944
Node	242
6970
Node	243
6976
Node	244
6977
Node	245
7014
Node	246
7018
Node	247
7053
Node	248
7100
Node	249
7111
Node	250
7113
Node	251
7120
Node	252
7121
Node	253
7122
Node	254
7157
Node	255
7217
Node	256
7218
Node	257
7221
Node	258
7236
Node	259
7269
Node	260
7336
Node	261
7342
Node	262
7346
Node	263
7361
Node	264
7387
Node	265
7425
7436
7518
7540
7546
7556
7614
7657
7665
7666
7913
14499
14694
Node	266
7442
Node	267
7446
Node	268
7448
Node	269
7453
Node	270
7463
Node	271
7560
Node	272
7561
Node	273
7575
Node	274
7583
Node	275
7585
Node	276
7606
Node	277
7617
Node	278
7629
Node	279
7637
Node	280
7640
7723
Node	281
7667
Node	282
7668
Node	283
7670
Node	284
7683
Node	285
7684
12156
Node	286
7722
Node	287
7860
Node	288
7861
Node	289
7875
Node	290
7876
Node	291
7895
Node	292
7971
Node	293
8000
8607
Node	294
8002
Node	295
8036
Node	296
8107
Node	297
8120
Node	298
8122
Node	299
8125
Node	300
8154
Node	301
8197
Node	302
8208
Node	303
8241
Node	304
8266
Node	305
8267
Node	306
8268
Node	307
8273
Node	308
8280
Node	309
8284
Node	310
8303
Node	311
8304
Node	312
8334
Node	313
8370
Node	314
8398
Node	315
8468
Node	316
8470
Node	317
8552
10420
Node	318
8572
Node	319
8574
Node	320
8577
Node	321
8586
Node	322
8593
Node	323
8597
10630
Node	324
8615
Node	325
8617
Node	326
8626
Node	327
8671
Node	328
8790
Node	329
8791
Node	330
8811
Node	331
8907
Node	332
8910
10221
Node	333
8934
Node	334
8935
Node	335
8968
Node	336
9029
Node	337
9032
Node	338
9070
Node	339
9108
Node	340
9188
Node	341
9189
Node	342
9190
11105
Node	343
9268
Node	344
9271
Node	345
9329
Node	346
9330
42204
Node	347
9356
Node	348
9376
Node	349
9428
Node	350
9429
Node	351
9536
Node	352
9615
Node	353
9661
Node	354
9791
Node	355
9793
Node	356
9823
Node	357
10010
Node	358
10011
Node	359
10012
Node	360
10018
Node	361
10032
Node	362
10033
Node	363
10034
Node	364
10035
Node	365
10039
Node	366
10044
Node	367
10149
Node	368
10194
Node	369
10197
Node	370
10263
10264
Node	371
10302
Node	372
10406
Node	373
10409
Node	374
10419
Node	375
10424
Node	376
10434
Node	377
10520
Node	378
10645
Node	379
10678
Node	380
10717
Node	381
10723
Node	382
10735
Node	383
10846
Node	384
10923
Node	385
10978
Node	386
11032
Node	387
11035
Node	388
11052
Node	389
11063
Node	390
11069
Node	391
11098
11149
Node	392
11109
Node	393
11153
Node	394
11259
Node	395
11321
Node	396
11322
Node	397
11326
Node	398
11327
Node	399
11335
Node	400
11471
11472
Node	401
11532
Node	402
11589
Node	403
11592
Node	404
11812
Node	405
12061
Node	406
12230
Node	407
12236
Node	408
12250
Node	409
12252
Node	410
12253
Node	411
12315
Node	412
12381
Node	413
12462
Node	414
12478
Node	415
12714
Node	416
12716
Node	417
13198
Node	418
13277
13357
13688
Node	419
13342
Node	420
13343
Node	421
13351
Node	422
13553
Node	423
13651
Node	424
13653
13708
Node	425
13675
Node	426
13676
Node	427
13677
Node	428
13678
Node	429
13681
Node	430
13760
Node	431
14002
Node	432
14003
Node	433
14155
Node	434
14203
Node	435
14389
Node	436
14685
Node	437
14695
Node	438
14700
Node	439
14797
Node	440
14891
Node	441
15099
Node	442
15254
16466
Node	443
15463
Node	444
15499
Node	445
15502
Node	446
15514
15586
15780
Node	447
15566
Node	448
15601
Node	449
16304
Node	450
16360
Node	451
16367
Node	452
16433
Node	453
16438
Node	454
16482
Node	455
16605
Node	456
16673
Node	457
17182
Node	458
17620
Node	459
19647
Node	460
21885
Node	461
24944
Node	462
29861
Node	463
32893
Node	464
35334
Node	465
36843
Node	466
40541
Node	467
40601
Node	468
40602
Node	469
40657
Node	470
42203
Node	471
43061
Node	472
48147
Node	473
49927
Node	474
50199
Node	475
50904
Node	476
53231
Node	477
53986
Node	478
59657
Node	479
64947
Node	480
80479
Node	481
80715
Node	482
80719
Node	483
81231
Node	484
84780
Node	485
85710
LEVEL	6
=========

Node	1
3
4
5
16
51
52
87
94
200
211
214
319
328
364
365
377
396
480
508
536
607
723
1865
3495
Node	2
6
17
Node	3
9
Node	4
21
Node	5
44
Node	6
47
1525
Node	7
56
Node	8
57
Node	9
67
3236
Node	10
71
72
347
782
Node	11
74
Node	12
85
Node	13
86
Node	14
88
Node	15
91
359
Node	16
92
Node	17
97
312
2094
2342
4299
4693
4879
5187
Node	18
109
Node	19
120
Node	20
137
Node	21
189
Node	22
295
808
926
5565
Node	23
308
Node	24
324
Node	25
334
859
Node	26
352
Node	27
380
Node	28
388
478
864
6897
Node	29
404
Node	30
420
Node	31
424
Node	32
437
Node	33
475
Node	34
476
Node	35
479
Node	36
581
Node	37
603
Node	38
606
Node	39
636
Node	40
639
Node	41
640
Node	42
698
Node	43
724
Node	44
726
Node	45
753
Node	46
840
Node	47
899
Node	48
933
1339
5197
5248
Node	49
934
Node	50
1028
Node	51
1051
Node	52
1066
Node	53
1068
Node	54
1073
Node	55
1082
Node	56
1083
5513
Node	57
1086
Node	58
1090
Node	59
1165
Node	60
1176
Node	61
1184
Node	62
1191
Node	63
1192
Node	64
1341
Node	65
1443
Node	66
1521
Node	67
1541
1628
6177
Node	68
1542
Node	69
1596
3622
Node	70
1597
Node	71
1629
3532
5182
Node	72
1633
2105
2195
2198
2200
2202
2205
2301
2436
5188
5436
5521
6524
Node	73
1910
Node	74
2007
Node	75
2093
Node	76
2100
Node	77
2128
Node	78
2129
2135
Node	79
2190
Node	80
2273
Node	81
2293
Node	82
2300
2474
5379
Node	83
2338
Node	84
2343
Node	85
2384
3481
Node	86
2385
Node	87
2399
Node	88
2469
Node	89
2470
Node	90
2730
Node	91
2843
Node	92
3434
Node	93
3454
Node	94
3549
Node	95
3569
Node	96
3595
Node	97
3647
Node	98
3649
6460
Node	99
3889
4388
5813
Node	100
3897
Node	101
3945
Node	102
3990
Node	103
4076
Node	104
4170
Node	105
4252
Node	106
4414
Node	107
4426
Node	108
4527
Node	109
4545
Node	110
4546
Node	111
4564
Node	112
4567
Node	113
5184
9788
Node	114
5189
5398
Node	115
5193
Node	116
5194
Node	117
5195
Node	118
5292
Node	119
5293
Node	120
5315
5316
5402
7372
Node	121
5321
Node	122
5322
Node	123
5323
Node	124
5343
Node	125
5390
Node	126
5404
Node	127
5407
5409
6595
6649
6719
8271
31704
Node	128
5411
5925
10031
10080
Node	129
5412
Node	130
5413
Node	131
5418
Node	132
5422
Node	133
5428
6615
6628
Node	134
5432
Node	135
5465
5471
5716
5720
5756
5851
5965
6971
9253
9323
Node	136
5468
Node	137
5486
Node	138
5515
Node	139
5537
Node	140
5547
Node	141
5573
Node	142
5586
Node	143
5590
Node	144
5593
Node	145
5605
Node	146
5649
Node	147
5656
Node	148
5686
Node	149
5695
Node	150
5717
Node	151
5719
Node	152
5768
Node	153
5792
Node	154
5794
Node	155
5806
Node	156
5812
Node	157
5821
Node	158
5849
Node	159
5854
Node	160
5903
5931
16638
Node	161
5926
Node	162
5927
Node	163
5928
Node	164
5963
Node	165
5969
Node	166
5970
Node	167
5971
Node	168
6011
Node	169
6019
Node	170
6095
Node	171
6119
Node	172
6140
Node	173
6141
Node	174
6171
Node	175
6184
Node	176
6223
Node	177
6253
Node	178
6303
Node	179
6343
6398
Node	180
6383
Node	181
6412
Node	182
6413
Node	183
6463
Node	184
6464
Node	185
6489
Node	186
6507
Node	187
6525
Node	188
6536
Node	189
6575
Node	190
6585
Node	191
6594
Node	192
6610
Node	193
6624
Node	194
6698
Node	195
6718
6948
Node	196
6722
Node	197
6770
Node	198
6809
Node	199
6846
Node	200
6869
Node	201
6871
Node	202
6895
6916
6938
Node	203
6906
Node	204
6953
Node	205
6977
Node	206
7014
Node	207
7015
Node	208
7066
7116
Node	209
7083
Node	210
7103
Node	211
7110
Node	212
7111
Node	213
7113
Node	214
7120
Node	215
7175
Node	216
7221
Node	217
7242
Node	218
7304
Node	219
7336
Node	220
7342
Node	221
7346
Node	222
7425
7436
7540
7546
7556
7614
7657
7665
7666
Node	223
7442
Node	224
7448
Node	225
7518
Node	226
7560
Node	227
7561
Node	228
7575
Node	229
7585
Node	230
7622
Node	231
7640
Node	232
7668
Node	233
7683
Node	234
7684
12156
Node	235
7723
Node	236
7861
Node	237
7875
Node	238
7876
Node	239
7895
Node	240
7913
Node	241
8000
Node	242
8002
Node	243
8006
Node	244
8107
Node	245
8120
Node	246
8122
Node	247
8154
Node	248
8197
Node	249
8208
Node	250
8268
Node	251
8280
Node	252
8284
Node	253
8303
Node	254
8334
Node	255
8370
Node	256
8398
Node	257
8470
Node	258
8507
Node	259
8552
Node	260
8572
Node	261
8574
Node	262
8577
Node	263
8593
Node	264
8597
Node	265
8607
Node	266
8615
Node	267
8617
Node	268
8626
Node	269
8790
Node	270
8791
Node	271
8907
Node	272
8910
Node	273
8934
Node	274
8935
Node	275
8968
Node	276
9108
Node	277
9189
Node	278
9190
Node	279
9268
Node	280
9271
Node	281
9329
Node	282
9330
Node	283
9356
Node	284
9428
Node	285
9496
Node	286
9589
Node	287
9728
Node	288
9734
Node	289
9823
Node	290
9951
Node	291
10018
Node	292
10021
Node	293
10032
Node	294
10034
Node	295
10039
Node	296
10044
Node	297
10149
Node	298
10221
Node	299
10263
Node	300
10264
Node	301
10302
Node	302
10392
Node	303
10409
Node	304
10420
Node	305
10424
Node	306
10630
Node	307
10735
Node	308
10736
Node	309
10846
Node	310
11035
Node	311
11063
Node	312
11069
Node	313
11098
Node	314
11105
Node	315
11109
Node	316
11126
Node	317
11149
Node	318
11153
Node	319
11322
Node	320
11471
Node	321
11472
Node	322
11532
Node	323
11592
Node	324
12154
Node	325
12230
Node	326
12252
Node	327
12253
Node	328
12315
Node	329
12381
Node	330
12478
Node	331
13198
Node	332
13277
13357
13688
Node	333
13342
Node	334
13343
Node	335
13351
Node	336
13651
Node	337
13653
Node	338
13676
Node	339
13677
Node	340
13678
Node	341
13681
Node	342
13708
Node	343
13760
Node	344
14002
Node	345
14003
Node	346
14155
Node	347
14203
Node	348
14499
14694
Node	349
14695
Node	350
15099
Node	351
15254
Node	352
15499
Node	353
15514
15780
Node	354
15583
Node	355
15586
Node	356
15621
Node	357
16466
Node	358
16482
Node	359
16605
Node	360
16678
Node	361
21976
21977
Node	362
24944
Node	363
32520
Node	364
32893
Node	365
36843
Node	366
40541
Node	367
40601
Node	368
42204
Node	369
43061
Node	370
47030
Node	371
48147
Node	372
49927
Node	373
50199
Node	374
50904
Node	375
64947
Node	376
80715
Node	377
80719
Node	378
81231
Node	379
85659
Node	380
85663
Node	381
85710
LEVEL	7
=========

Node	1
3
4
16
51
87
94
200
319
328
480
Node	2
5
377
536
607
Node	3
6
Node	4
9
Node	5
17
Node	6
21
Node	7
47
Node	8
52
Node	9
67
Node	10
71
782
Node	11
72
347
Node	12
74
Node	13
85
Node	14
86
Node	15
91
Node	16
97
Node	17
109
Node	18
137
Node	19
189
Node	20
211
Node	21
214
Node	22
295
808
Node	23
312
2094
4299
4693
4879
5187
Node	24
324
Node	25
334
Node	26
352
Node	27
359
Node	28
364
Node	29
365
Node	30
388
Node	31
396
Node	32
404
Node	33
424
Node	34
437
Node	35
475
Node	36
478
Node	37
508
Node	38
603
Node	39
606
Node	40
639
Node	41
698
Node	42
723
Node	43
859
Node	44
864
Node	45
899
Node	46
926
5565
Node	47
933
Node	48
1068
Node	49
1073
Node	50
1082
Node	51
1083
Node	52
1086
Node	53
1165
Node	54
1176
Node	55
1339
Node	56
1525
Node	57
1541
1628
6177
Node	58
1596
Node	59
1629
5182
Node	60
1633
2198
2205
2301
2436
5188
5521
Node	61
1865
Node	62
2105
Node	63
2128
Node	64
2129
Node	65
2135
Node	66
2195
Node	67
2200
Node	68
2202
Node	69
2273
Node	70
2300
Node	71
2342
Node	72
2384
Node	73
2385
Node	74
2399
Node	75
2474
Node	76
3236
Node	77
3434
Node	78
3454
Node	79
3481
Node	80
3495
Node	81
3532
Node	82
3569
Node	83
3622
Node	84
3647
Node	85
3649
6460
Node	86
3889
Node	87
4170
Node	88
4388
Node	89
4527
Node	90
4546
Node	91
4564
Node	92
5184
Node	93
5189
Node	94
5194
Node	95
5195
Node	96
5197
Node	97
5248
Node	98
5292
Node	99
5315
5316
5402
7372
Node	100
5321
Node	101
5323
Node	102
5379
Node	103
5398
Node	104
5404
Node	105
5407
5409
6649
Node	106
5411
5925
10031
Node	107
5412
Node	108
5418
Node	109
5422
Node	110
5428
Node	111
5432
Node	112
5436
Node	113
5465
5716
Node	114
5468
Node	115
5471
Node	116
5486
Node	117
5513
Node	118
5515
Node	119
5537
Node	120
5547
Node	121
5573
Node	122
5590
Node	123
5593
Node	124
5605
Node	125
5649
Node	126
5656
Node	127
5686
Node	128
5717
Node	129
5720
Node	130
5756
Node	131
5768
Node	132
5792
Node	133
5794
Node	134
5806
Node	135
5813
Node	136
5821
Node	137
5849
Node	138
5851
Node	139
5854
Node	140
5903
Node	141
5926
Node	142
5927
Node	143
5928
Node	144
5931
Node	145
5963
Node	146
5965
Node	147
5971
Node	148
6011
Node	149
6095
Node	150
6119
Node	151
6141
Node	152
6171
Node	153
6184
Node	154
6223
Node	155
6253
Node	156
6343
6398
Node	157
6413
Node	158
6489
Node	159
6524
Node	160
6525
Node	161
6536
Node	162
6575
Node	163
6594
Node	164
6595
Node	165
6610
Node	166
6615
Node	167
6628
Node	168
6718
Node	169
6719
Node	170
6809
Node	171
6846
Node	172
6895
Node	173
6897
Node	174
6916
Node	175
6938
Node	176
6948
Node	177
6971
Node	178
7015
Node	179
7066
7116
Node	180
7110
Node	181
7111
Node	182
7120
Node	183
7221
Node	184
7242
Node	185
7304
Node	186
7346
Node	187
7425
7436
7540
7546
7657
Node	188
7556
Node	189
7560
Node	190
7585
Node	191
7614
Node	192
7622
Node	193
7640
Node	194
7665
Node	195
7666
Node	196
7683
Node	197
7684
Node	198
7723
Node	199
7861
Node	200
8002
Node	201
8107
Node	202
8120
Node	203
8271
Node	204
8280
Node	205
8284
Node	206
8370
Node	207
8398
Node	208
8507
Node	209
8552
Node	210
8572
Node	211
8574
Node	212
8615
Node	213
8617
Node	214
8790
Node	215
8907
Node	216
8910
Node	217
8935
Node	218
9189
Node	219
9253
Node	220
9323
Node	221
9496
Node	222
9728
Node	223
9788
Node	224
9951
Node	225
10032
Node	226
10034
Node	227
10039
Node	228
10044
Node	229
10080
Node	230
10149
Node	231
10221
Node	232
10392
Node	233
10420
Node	234
10630
Node	235
11063
Node	236
11069
Node	237
11109
Node	238
11126
Node	239
11322
Node	240
11472
Node	241
12154
Node	242
12156
Node	243
13198
Node	244
13277
Node	245
13343
Node	246
13357
Node	247
13651
Node	248
13653
Node	249
13677
Node	250
13688
Node	251
14003
Node	252
14155
Node	253
14499
14694
Node	254
15099
Node	255
15254
Node	256
15514
15780
Node	257
15583
Node	258
15586
Node	259
16605
Node	260
16638
Node	261
16678
Node	262
21976
Node	263
21977
Node	264
24944
Node	265
31704
Node	266
47030
Node	267
85659
Node	268
85663
Node	269
85710
LEVEL	8
=========

Node	1
3
4
16
51
200
480
Node	2
5
377
536
607
Node	3
6
Node	4
47
Node	5
71
782
Node	6
72
Node	7
87
Node	8
91
Node	9
94
Node	10
137
Node	11
189
Node	12
214
Node	13
295
808
Node	14
312
4879
5187
Node	15
319
328
Node	16
334
Node	17
347
Node	18
352
Node	19
359
Node	20
364
Node	21
365
Node	22
388
Node	23
396
Node	24
404
Node	25
437
Node	26
478
Node	27
508
Node	28
639
Node	29
859
Node	30
864
Node	31
899
Node	32
926
Node	33
933
Node	34
1082
Node	35
1083
Node	36
1086
Node	37
1339
Node	38
1541
1628
Node	39
1629
Node	40
1633
2205
2301
2436
5188
Node	41
1865
Node	42
2094
Node	43
2128
Node	44
2129
Node	45
2135
Node	46
2198
Node	47
2273
Node	48
2300
Node	49
3454
Node	50
3532
Node	51
3647
Node	52
3649
Node	53
3889
Node	54
4170
Node	55
4299
Node	56
4564
Node	57
4693
Node	58
5182
Node	59
5184
Node	60
5189
Node	61
5248
Node	62
5292
Node	63
5315
5316
Node	64
5323
Node	65
5379
Node	66
5402
Node	67
5407
5409
Node	68
5411
Node	69
5418
Node	70
5422
Node	71
5428
Node	72
5432
Node	73
5436
Node	74
5465
Node	75
5468
Node	76
5471
Node	77
5513
Node	78
5515
Node	79
5521
Node	80
5565
Node	81
5590
Node	82
5593
Node	83
5605
Node	84
5686
Node	85
5716
Node	86
5717
Node	87
5720
Node	88
5756
Node	89
5792
Node	90
5794
Node	91
5806
Node	92
5821
Node	93
5849
Node	94
5851
Node	95
5903
Node	96
5925
Node	97
5927
Node	98
5931
Node	99
5965
Node	100
5971
Node	101
6011
Node	102
6095
Node	103
6171
Node	104
6177
Node	105
6343
Node	106
6398
Node	107
6460
Node	108
6524
Node	109
6525
Node	110
6536
Node	111
6594
Node	112
6595
Node	113
6615
Node	114
6649
Node	115
6718
Node	116
6809
Node	117
6895
Node	118
6938
Node	119
6948
Node	120
6971
Node	121
7066
Node	122
7110
Node	123
7116
Node	124
7120
Node	125
7242
Node	126
7346
Node	127
7372
Node	128
7425
7436
7540
Node	129
7546
Node	130
7556
Node	131
7560
Node	132
7614
Node	133
7640
Node	134
7657
Node	135
7665
Node	136
7683
Node	137
8120
Node	138
8271
Node	139
8552
Node	140
8574
Node	141
8615
Node	142
8907
Node	143
8910
Node	144
9253
Node	145
9323
Node	146
9728
Node	147
9951
Node	148
10031
Node	149
10080
Node	150
10420
Node	151
10630
Node	152
11126
Node	153
11322
Node	154
13277
Node	155
13343
Node	156
13357
Node	157
13653
Node	158
13688
Node	159
14003
Node	160
14499
Node	161
14694
Node	162
15514
Node	163
15780
Node	164
16638
Node	165
16678
Node	166
31704
Node	167
47030
Node	168
85663
LEVEL	9
=========

Node	1
3
4
Node	2
5
536
Node	3
16
Node	4
47
Node	5
51
Node	6
71
Node	7
72
Node	8
87
Node	9
189
Node	10
200
Node	11
214
Node	12
295
Node	13
312
Node	14
319
Node	15
328
Node	16
334
Node	17
347
Node	18
352
Node	19
377
Node	20
388
Node	21
396
Node	22
437
Node	23
478
Node	24
480
Node	25
607
Node	26
782
Node	27
808
Node	28
899
Node	29
1086
Node	30
1339
Node	31
1541
Node	32
1628
Node	33
1629
Node	34
1633
Node	35
2094
Node	36
2128
Node	37
2198
Node	38
2205
2301
2436
Node	39
3532
Node	40
3889
Node	41
4299
Node	42
4564
Node	43
4879
Node	44
5182
Node	45
5187
Node	46
5188
Node	47
5315
Node	48
5316
Node	49
5379
Node	50
5402
Node	51
5407
5409
Node	52
5411
Node	53
5418
Node	54
5422
Node	55
5428
Node	56
5432
Node	57
5465
Node	58
5468
Node	59
5471
Node	60
5513
Node	61
5521
Node	62
5716
Node	63
5717
Node	64
5756
Node	65
5794
Node	66
5806
Node	67
5903
Node	68
5925
Node	69
5931
Node	70
5971
Node	71
6177
Node	72
6524
Node	73
6594
Node	74
6615
Node	75
6895
Node	76
6938
Node	77
7066
Node	78
7110
Node	79
7116
Node	80
7346
Node	81
7425
Node	82
7436
Node	83
7540
Node	84
7556
Node	85
7640
Node	86
7657
Node	87
9253
Node	88
9323
Node	89
10031
Node	90
10080
Node	91
10420
Node	92
13343
Node	93
13357
Node	94
15514
Node	95
15780
LEVEL	10
=========

Node	1
3
4
Node	2
5
Node	3
16
Node	4
352
Node	5
388
Node	6
478
Node	7
480
Node	8
536
Node	9
1339
Node	10
1541
Node	11
1628
Node	12
1629
Node	13
1633
Node	14
2205
Node	15
2301
Node	16
2436
Node	17
3532
Node	18
4564
Node	19
4879
Node	20
5188
Node	21
5315
Node	22
5407
Node	23
5409
Node	24
5422
Node	25
5513
Node	26
5716
Node	27
5756
Node	28
5903
Node	29
5925
Node	30
5931
Node	31
6615
Node	32
6938
Node	33
7116
Node	34
7425
Node	35
7540
Node	36
7657
Node	37
10031
Node	38
13357
Node	39
15514
LEVEL	11
=========

Node	1
3
Node	2
4
Node	3
1633
Node	4
2436
Node	5
4879
Node	6
5407
Node	7
5409
Node	8
5513
Node	9
5716
Node	10
5756
Node	11
5903
Node	12
7116
Node	13
7425
Node	14
13357
LEVEL	12
=========

Node	1
3
Node	2
4
Node	3
2436
Node	4
5409
