  3595
  3649
  3787
  5465
  5468
  5471
  5480
  5481
  5686
  5716
  5717
  5719
  5720
  5742
  5756
  5792
  5794
  5851
  5934
  5941
  5963
  5964
  5965
  6006
  6115
  6119
  6127
  6128
  6290
  6343
  6350
  6367
  6383
  6397
  6398
  6460
  6463
  6464
  6584
  6585
  6971
  7342
  7346
  7348
  7425
  7436
  7446
  7518
  7520
  7540
  7546
  7556
  7560
  7575
  7583
  7585
  7614
  7617
  7629
  7637
  7640
  7657
  7665
  7666
  7667
  7668
  7669
  7670
  7671
  7683
  7684
  7696
  7723
  7895
  7913
  8107
  8223
  8507
  9070
  9253
  9271
  9323
  9329
  9330
  9331
  9356
  9631
  9968
 11017
 11018
 12115
 12155
 12156
 12159
 12381
 12382
 12455
 13099
 13160
 13277
 13342
 13343
 13351
 13357
 13427
 13553
 13651
 13653
 13675
 13676
 13677
 13678
 13681
 13688
 13697
 13708
 13737
 13760
 13995
 14002
 14003
 14155
 14203
 14499
 14685
 14694
 14695
 14891
 14927
 15254
 15499
 16433
 16466
 28845
 32893
 35334
 39353
 40599
 40656
 40657
 42204
 48147
 49927
 53471
 53986
 57644
 64947
 70102
 80479
 80480
 84844