  1854
 14646
 14647
 17527
 18039
 18557
 18558
 18559
 18603
 18632
 18633
 18634
 18635
 18645
 18647
 18655
 18658
 18661
 18662
 18665
 18681
 18682
 18683
 18684
 18692
 18722
 18723
 18725
 18726
 18727
 18728
 18740
 18741
 18743
 18781
 18782
 18788
 18798
 18799
 18800
 18801
 18806
 18807
 18808
 18812
 18916
 18929
 18930
 18932
 18936
 18937
 18943
 18947
 18949
 18964
 19022
 19023
 19024
 19026
 19027
 19513
 19517
 19518
 19535
 19549
 19558
 19559
 19560
 19573
 19756
 19763
 19765
 19766
 19791
 19814
 19816
 19817
 19818
 19819
 19841
 19842
 19875
 20007
 20018
 20073
 20083
 20085
 20229
 20235
 20236
 20237
 20266
 20267
 20268
 20294
 20295
 20296
 20344
 20345
 20346
 20347
 20444
 20445
 20638
 20640
 20643
 20644
 20691
 20692
 20694
 20703
 20718
 20720
 20721
 20724
 20725
 20726
 20727
 20731
 20870
 20871
 21099
 21100
 21103
 21141
 21190
 21191
 21298
 21323
 21398
 21435
 21436
 21437
 21438
 21447
 21479
 21484
 21504
 21510
 21512
 21527
 21528
 21534
 21536
 21649
 21650
 21698
 21745
 21964
 21979
 21980
 21991
 22032
 22034
 22059
 22075
 22078
 22079
 22087
 22088
 22089
 22118
 22127
 22134
 22139
 22142
 22143
 22144
 22145
 22146
 22147
 22164
 22187
 22234
 22235
 22236
 22238
 22241
 22604
 22605
 22606
 22612
 22624
 22627
 22632
 22643
 22664
 22667
 22971
 23115
 23262
 23266
 23318
 23335
 23336
 23340
 23341
 23354
 23358
 23361
 23507
 23532
 23537
 23538
 23543
 23555
 23556
 23565
 23610
 23628
 23633
 23640
 23649
 23657
 23672
 23673
 23674
 23675
 23690
 23691
 23743
 23744
 23769
 23847
 23849
 24043
 24116
 24117
 24210
 24399
 24589
 24694
 24703
 24788
 24824
 24825
 24890
 24891
 24893
 24894
 24895
 24936
 24957
 24980
 25020
 25021
 25030
 25033
 25051
 25061
 25157
 25158
 25160
 25309
 25310
 25611
 25612
 25726
 25935
 25948
 25981
 26046
 26059
 26251
 26252
 26328
 26329
 26375
 26376
 26393
 26394
 26412
 26420
 26475
 26476
 26477
 26478
 26479
 26480
 26486
 26497
 26498
 26499
 26512
 26536
 26552
 26575
 26662
 26664
 26696
 26713
 26724
 26733
 26758
 26768
 26781
 26805
 26807
 26825
 27026
 27053
 27174
 27175
 27179
 27230
 27761
 28002
 28164
 28187
 28204
 28205
 28208
 28210
 28211
 28213
 28218
 28219
 28221
 28223
 28226
 28284
 28313
 28324
 28335
 28336
 28337
 28377
 28400
 28420
 28539
 28543
 28544
 28556
 28745
 28832
 28851
 28852
 28853
 28854
 28858
 28865
 28870
 28932
 29091
 29213
 29219
 29226
 29419
 29422
 29445
 29455
 29456
 29472
 29526
 29579
 29580
 29581
 29593
 29599
 29600
 29601
 29602
 29631
 29649
 29650
 29684
 29686
 29705
 29706
 29707
 29708
 29720
 29721
 29725
 29728
 29795
 29802
 29834
 29837
 29849
 29868
 30210
 30211
 30212
 30226
 30244
 30252
 30253
 30272
 30278
 30322
 30332
 30333
 30357
 30358
 30362
 30377
 30393
 30395
 30477
 30484
 30503
 30598
 30600
 30625
 30644
 30653
 30667
 30668
 30689
 30690
 30694
 30712
 30713
 30717
 30734
 30739
 30752
 30757
 30766
 30767
 30768
 30769
 30782
 30933
 31082
 31099
 31100
 31114
 31283
 31304
 31306
 31307
 31337
 31358
 31373
 31375
 31390
 31400
 31412
 31438
 31439
 31473
 31474
 31475
 31497
 31498
 31589
 31661
 31674
 31679
 31680
 31681
 31743
 31755
 31761
 31765
 31768
 31853
 31858
 31862
 31863
 31952
 31953
 31954
 32049
 32051
 32052
 32105
 32107
 32132
 32133
 32135
 32141
 32155
 32156
 32157
 32158
 32160
 32194
 32239
 32240
 32241
 32243
 32264
 32270
 32292
 32327
 32411
 32417
 32474
 32518
 32519
 32764
 32855
 32877
 32881
 32883
 32885
 32901
 32957
 33034
 33035
 33060
 33088
 33168
 33213
 33295
 33308
 33630
 34112
 34115
 34324
 34331
 34371
 34391
 34392
 34411
 34623
 34639
 34805
 34810
 34888
 35003
 35092
 35151
 35242
 35423
 35424
 35431
 35432
 35576
 35583
 35584
 35601
 35665
 35666
 35743
 35744
 35801
 35808
 35886
 35887
 35888
 36464
 36495
 36507
 36510
 36524
 36525
 36528
 36529
 36676
 36678
 36726
 36769
 36770
 36838
 37035
 37047
 37070
 37074
 37103
 37114
 37129
 37148
 37149
 37192
 37219
 37220
 37252
 37302
 37303
 37304
 37307
 37312
 37348
 37356
 37359
 37364
 37546
 37547
 37555
 37557
 37561
 37563
 37567
 37577
 37578
 37579
 37584
 37676
 37838
 37847
 37848
 37849
 37850
 37851
 37852
 37970
 38027
 38258
 38289
 38474
 38475
 38476
 38627
 39128
 39142
 39143
 39162
 39163
 39179
 39180
 39195
 39292
 39293
 39302
 39304
 39305
 39329
 39330
 39331
 39332
 39333
 39343
 39370
 39421
 39443
 39457
 39466
 39473
 39479
 39797
 39822
 39878
 39896
 39901
 39946
 39947
 39948
 40001
 40048
 40049
 40116
 40117
 40165
 40166
 40200
 40203
 40233
 40234
 40235
 40283
 40284
 40285
 40464
 40469
 40474
 40478
 40482
 40488
 40489
 40490
 40516
 40517
 40556
 40762
 40769
 41069
 41073
 41074
 41075
 41119
 41150
 41183
 41233
 41427
 41428
 41429
 42049
 42060
 42082
 42085
 42560
 42572
 42588
 42590
 42591
 42594
 42625
 42701
 42716
 42717
 42718
 42722
 42744
 42779
 42898
 42926
 42944
 42945
 43217
 43223
 43227
 43228
 43298
 43720
 43733
 43735
 43736
 43737
 43857
 43864
 43865
 43866
 43899
 43919
 43920
 43946
 43958
 44134
 44135
 44139
 44140
 44246
 44250
 44256
 44272
 44273
 44274
 44286
 44287
 44395
 44396
 44680
 44681
 44682
 44760
 44796
 44797
 44799
 44800
 44868
 45033
 45034
 45035
 45036
 45049
 45052
 45105
 45190
 45192
 45244
 45252
 45253
 45254
 45277
 45488
 45498
 45500
 45505
 45531
 45570
 45594
 45595
 45619
 45620
 45645
 45680
 45692
 45883
 46149
 46150
 46169
 46283
 46286
 46627
 46635
 46647
 46648
 46652
 46716
 46731
 46938
 46941
 47006
 47083
 47084
 47094
 47169
 47211
 47218
 47223
 47225
 47295
 47314
 47322
 47323
 47339
 47473
 47707
 47708
 47710
 47716
 47788
 47809
 47940
 47941
 47943
 48032
 48033
 48193
 48435
 48438
 48534
 48535
 48541
 48542
 48583
 48584
 48616
 48650
 49041
 49073
 49350
 49352
 49435
 49529
 49560
 49561
 49562
 49639
 49640
 49658
 49659
 49744
 49763
 49771
 49772
 49777
 49778
 49779
 49780
 49807
 49808
 49821
 49860
 49862
 49863
 49867
 49868
 49880
 49963
 50028
 50114
 50246
 50282
 50283
 51258
 51390
 51431
 51637
 51641
 51642
 51674
 51675
 51703
 51711
 51719
 51735
 51772
 51773
 51786
 51853
 51928
 52483
 52491
 52516
 52520
 52735
 53070
 53443
 53449
 53458
 53459
 53489
 53497
 53498
 53516
 53524
 53527
 53647
 53664
 53710
 53712
 53802
 53830
 53831
 53856
 53947
 53962
 53982
 54124
 54125
 54162
 54163
 54164
 54279
 54326
 54536
 54661
 54681
 54682
 54725
 54726
 54877
 54879
 54917
 54918
 54931
 54952
 55052
 56244
 56245
 56287
 56445
 56463
 56484
 56488
 56518
 56532
 56692
 56732
 56797
 56838
 56839
 56840
 56870
 56937
 57138
 57139
 57149
 57150
 57189
 57782
 57783
 57784
 57808
 57809
 57810
 57830
 57865
 57868
 57869
 57872
 57873
 58025
 58339
 58340
 58453
 58798
 59384
 59392
 59393
 59398
 59401
 59409
 59418
 59422
 59423
 59425
 59427
 59429
 59448
 59449
 60885
 60924
 61100
 61175
 61176
 61177
 61219
 61220
 61337
 61338
 61450
 61454
 61455
 61456
 61635
 61936
 61965
 61977
 62014
 62492
 62495
 62506
 62660
 62730
 63697
 63999
 64047
 64069
 64103
 64108
 64117
 64139
 64161
 64216
 64330
 64391
 64407
 64429
 64434
 64435
 64519
 64635
 64645
 64962
 64969
 64971
 65105
 65136
 65137
 65145
 65155
 65197
 65203
 65700
 65904
 65913
 65914
 65939
 65982
 66319
 66320
 66322
 66324
 66794
 67354
 67373
 67536
 67573
 68266
 68300
 68323
 68562
 69422
 69423
 69877
 69966
 70001
 70086
 70091
 70093
 70516
 70518
 70570
 70580
 70589
 70595
 70596
 70613
 70655
 70656
 70670
 70675
 70882
 70918
 70985
 71025
 71148
 71490
 71491
 71493
 71742
 71849
 71904
 71905
 71954
 71969
 71972
 72024
 72046
 72437
 72464
 72478
 72479
 72485
 73116
 73235
 73311
 73312
 73470
 73471
 74257
 74309
 74327
 74603
 74861
 74875
 74893
 74895
 74901
 74902
 74907
 74908
 74911
 74920
 74921
 74937
 74961
 74962
 75250
 75552
 75563
 75565
 75691
 75750
 75758
 75760
 75761
 75792
 75793
 75815
 75818
 76290
 76298
 76314
 77102
 77155
 77669
 77699
 78127
 78131
 78134
 78135
 78137
 78139
 78170
 78223
 78311
 78312
 78318
 78333
 78409
 78411
 78456
 78703
 78704
 78705
 78845
 78877
 78887
 78888
 79014
 79643
 79963
 80236
 80238
 80262
 80341
 80665
 80776
 80792
 80951
 81009
 81012
 81179
 81324
 81373
 81835
 81836
 81837
 81862
 81867
 82752
 82773
 82784
 82808
 82933
 82934
 83712
 83867
 84050
 84067
 84097
 84444
 84445
 84446
 84447
 84552
 84606
 84608
 84665
 84951
 84963
 85040
 85054
 85794
 85841
 85846
 85872
 85896
 85905
 86232
 86356
 86421
 86551
 86565
 86601
 86700
 86701
 86712
 86719
 86729
 88870
 88975
 89007
 89120
 89204
 89521
 89523
 89524
 89810
 89838
 89852
 89904
 89917
 89918
 90019
 90134
 90589
 91190
 91193
 91378
 91569
 91773
 91852
 91889
 91900
 92082
 92215
 92782
 92828
 92913
 92923
 92970
 92995
 93058
 93471
 93474
 93495
 93525
 94466
 94810
 95165
 95246
 95464
 95465
 95467
 96128
 96169
 96170
 96171
 96176
 96633
 98601
 98660
102049
102063
102293
102306
102309
102316
102352
102519
102613
102614
104083
111005
111615
111616
111646
112608
114360
114486
114593
114594
114595
114931
114932
116135
116136
116182
116183
116421
117175
117455
117537
117566
118945
118970
118977
119011
119015
119016
119040
119094
119177
119265
119266
119267
119270
119315
119320
119375
119377
119386
119390
119391
119431
119444
119445
119454
119558
119586
119613
119630
119637
127300
127334
129406