     3
     4
     5
     6
     7
     9
    12
    13
    15
    16
    17
    18
    21
    22
    23
    27
    28
    29
    31
    32
    36
    37
    38
    39
    41
    42
    43
    44
    46
    47
    48
    49
    51
    52
    55
    56
    57
    58
    60
    67
    68
    69
    70
    71
    72
    73
    74
    79
    81
    82
    83
    85
    86
    87
    88
    91
    92
    93
    94
    95
    97
   102
   103
   104
   106
   109
   110
   111
   115
   119
   120
   121
   126
   127
   128
   129
   133
   134
   136
   137
   139
   143
   145
   174
   182
   188
   189
   192
   196
   197
   198
   199
   200
   202
   205
   211
   213
   214
   215
   219
   221
   224
   227
   229
   233
   236
   243
   263
   276
   277
   279
   281
   282
   283
   293
   294
   295
   308
   312
   315
   318
   319
   320
   321
   324
   328
   331
   334
   336
   337
   338
   339
   347
   349
   351
   352
   353
   354
   355
   357
   359
   362
   363
   364
   365
   368
   376
   377
   380
   384
   386
   387
   388
   390
   393
   396
   404
   410
   411
   413
   419
   420
   423
   424
   425
   430
   437
   438
   443
   444
   450
   452
   461
   463
   465
   473
   474
   475
   476
   477
   478
   479
   480
   483
   489
   502
   503
   508
   509
   514
   519
   520
   526
   529
   530
   536
   537
   539
   541
   556
   580
   581
   582
   583
   603
   605
   606
   607
   608
   619
   620
   626
   628
   632
   636
   637
   638
   639
   640
   644
   645
   677
   678
   679
   682
   698
   700
   701
   710
   722
   723
   724
   725
   726
   744
   747
   749
   752
   753
   754
   755
   756
   757
   758
   765
   767
   771
   782
   783
   787
   789
   790
   791
   793
   795
   808
   810
   814
   820
   840
   843
   848
   854
   859
   864
   866
   867
   877
   878
   882
   885
   888
   889
   890
   892
   896
   899
   903
   914
   915
   918
   922
   926
   928
   933
   934
   935
   949
   957
   962
   965
   976
   981
   982
   983
   985
   988
   989
  1005
  1006
  1028
  1031
  1033
  1034
  1035
  1038
  1040
  1047
  1049
  1051
  1053
  1054
  1058
  1062
  1063
  1064
  1065
  1066
  1068
  1070
  1071
  1073
  1078
  1082
  1083
  1084
  1085
  1086
  1088
  1089
  1090
  1091
  1092
  1095
  1096
  1097
  1120
  1137
  1153
  1161
  1163
  1164
  1165
  1167
  1168
  1174
  1175
  1176
  1184
  1185
  1191
  1192
  1198
  1201
  1209
  1230
  1231
  1289
  1290
  1294
  1308
  1323
  1339
  1340
  1341
  1370
  1374
  1379
  1383
  1385
  1394
  1402
  1405
  1425
  1428
  1429
  1434
  1435
  1436
  1437
  1438
  1439
  1440
  1441
  1443
  1453
  1520
  1521
  1522
  1523
  1524
  1525
  1526
  1528
  1541
  1542
  1544
  1545
  1550
  1551
  1573
  1574
  1583
  1591
  1596
  1597
  1628
  1629
  1630
  1633
  1635
  1636
  1637
  1671
  1673
  1674
  1675
  1676
  1677
  1708
  1758
  1765
  1766
  1770
  1780
  1785
  1850
  1852
  1854
  1862
  1864
  1865
  1868
  1869
  1870
  1885
  1898
  1899
  1904
  1906
  1910
  1911
  1912
  1913
  1919
  1955
  1956
  1991
  2000
  2001
  2006
  2007
  2023
  2034
  2036
  2037
  2038
  2039
  2040
  2046
  2049
  2058
  2060
  2062
  2065
  2068
  2069
  2080
  2090
  2093
  2094
  2095
  2096
  2097
  2100
  2101
  2102
  2103
  2104
  2105
  2128
  2129
  2135
  2147
  2149
  2174
  2183
  2190
  2191
  2192
  2195
  2196
  2197
  2198
  2199
  2200
  2201
  2202
  2205
  2212
  2213
  2217
  2218
  2221
  2222
  2223
  2225
  2238
  2241
  2243
  2245
  2248
  2252
  2262
  2265
  2270
  2272
  2273
  2274
  2275
  2287
  2288
  2289
  2290
  2291
  2293
  2298
  2299
  2300
  2301
  2325
  2326
  2333
  2335
  2336
  2338
  2340
  2342
  2343
  2348
  2349
  2353
  2355
  2356
  2357
  2358
  2364
  2365
  2381
  2384
  2385
  2391
  2394
  2395
  2396
  2397
  2398
  2399
  2413
  2435
  2436
  2437
  2438
  2439
  2446
  2449
  2451
  2452
  2455
  2461
  2462
  2465
  2467
  2468
  2469
  2470
  2471
  2474
  2475
  2480
  2554
  2568
  2572
  2578
  2592
  2605
  2608
  2612
  2619
  2620
  2621
  2638
  2643
  2647
  2650
  2651
  2658
  2677
  2685
  2686
  2688
  2690
  2706
  2724
  2725
  2728
  2729
  2730
  2735
  2748
  2769
  2807
  2841
  2843
  2844
  2865
  2869
  2877
  2919
  2926
  2937
  2946
  2951
  2959
  3236
  3242
  3261
  3271
  3273
  3298
  3300
  3305
  3314
  3317
  3318
  3320
  3327
  3333
  3336
  3338
  3339
  3340
  3341
  3352
  3355
  3356
  3365
  3366
  3367
  3368
  3373
  3393
  3394
  3399
  3400
  3401
  3405
  3434
  3448
  3453
  3454
  3481
  3493
  3495
  3504
  3516
  3526
  3527
  3528
  3532
  3540
  3547
  3549
  3550
  3551
  3569
  3580
  3588
  3590
  3594
  3595
  3596
  3599
  3601
  3603
  3604
  3611
  3612
  3621
  3622
  3634
  3647
  3649
  3651
  3652
  3662
  3699
  3700
  3720
  3723
  3751
  3757
  3772
  3774
  3775
  3777
  3780
  3785
  3787
  3788
  3791
  3792
  3795
  3798
  3799
  3801
  3809
  3810
  3811
  3823
  3828
  3853
  3889
  3890
  3893
  3894
  3897
  3898
  3899
  3903
  3904
  3917
  3930
  3934
  3936
  3941
  3945
  3977
  3988
  3990
  3993
  4024
  4039
  4046
  4048
  4050
  4072
  4076
  4078
  4094
  4099
  4137
  4156
  4170
  4178
  4220
  4251
  4252
  4254
  4255
  4259
  4281
  4299
  4302
  4305
  4311
  4318
  4319
  4320
  4337
  4339
  4347
  4351
  4360
  4367
  4377
  4378
  4386
  4387
  4388
  4398
  4403
  4414
  4424
  4426
  4428
  4429
  4436
  4443
  4445
  4446
  4449
  4450
  4467
  4474
  4482
  4497
  4499
  4506
  4509
  4510
  4517
  4520
  4527
  4545
  4546
  4552
  4554
  4555
  4556
  4557
  4561
  4564
  4567
  4570
  4571
  4574
  4587
  4591
  4592
  4597
  4634
  4645
  4653
  4671
  4681
  4685
  4693
  4697
  4698
  4702
  4705
  4732
  4736
  4758
  4759
  4761
  4769
  4771
  4772
  4774
  4775
  4799
  4800
  4833
  4834
  4838
  4839
  4844
  4850
  4879
  4880
  4933
  4938
  4949
  4950
  4980
  5001
  5022
  5071
  5077
  5094
  5134
  5135
  5138
  5139
  5164
  5165
  5166
  5182
  5183
  5184
  5187
  5188
  5189
  5192
  5193
  5194
  5195
  5196
  5197
  5198
  5199
  5203
  5205
  5212
  5213
  5214
  5222
  5223
  5224
  5228
  5230
  5232
  5233
  5234
  5235
  5237
  5238
  5239
  5242
  5244
  5245
  5246
  5247
  5248
  5252
  5254
  5256
  5264
  5269
  5274
  5277
  5292
  5293
  5299
  5300
  5305
  5315
  5316
  5319
  5320
  5321
  5322
  5323
  5324
  5325
  5326
  5329
  5331
  5335
  5336
  5338
  5339
  5342
  5343
  5349
  5364
  5365
  5374
  5375
  5376
  5377
  5378
  5379
  5382
  5384
  5390
  5398
  5399
  5400
  5401
  5402
  5403
  5404
  5405
  5407
  5408
  5409
  5410
  5411
  5412
  5413
  5416
  5417
  5418
  5422
  5424
  5425
  5427
  5428
  5432
  5436
  5443
  5444
  5454
  5455
  5458
  5461
  5462
  5465
  5468
  5471
  5478
  5480
  5481
  5485
  5486
  5487
  5488
  5489
  5495
  5504
  5511
  5513
  5515
  5516
  5517
  5521
  5526
  5527
  5528
  5536
  5537
  5543
  5547
  5551
  5552
  5564
  5565
  5570
  5572
  5573
  5574
  5579
  5580
  5583
  5584
  5586
  5588
  5589
  5590
  5591
  5592
  5593
  5594
  5595
  5599
  5603
  5604
  5605
  5606
  5607
  5608
  5613
  5617
  5618
  5619
  5625
  5642
  5643
  5649
  5650
  5655
  5656
  5657
  5658
  5669
  5670
  5677
  5682
  5683
  5684
  5686
  5687
  5694
  5695
  5696
  5705
  5706
  5711
  5716
  5717
  5718
  5719
  5720
  5722
  5724
  5726
  5727
  5728
  5734
  5736
  5737
  5738
  5739
  5742
  5749
  5750
  5751
  5755
  5756
  5757
  5761
  5768
  5769
  5771
  5773
  5788
  5792
  5793
  5794
  5806
  5807
  5809
  5810
  5811
  5812
  5813
  5814
  5821
  5823
  5825
  5829
  5831
  5832
  5833
  5834
  5835
  5847
  5849
  5851
  5854
  5858
  5859
  5862
  5873
  5875
  5876
  5880
  5881
  5903
  5910
  5912
  5913
  5924
  5925
  5926
  5927
  5928
  5929
  5930
  5931
  5933
  5934
  5937
  5939
  5940
  5941
  5942
  5943
  5951
  5952
  5953
  5954
  5956
  5957
  5958
  5959
  5960
  5961
  5962
  5963
  5964
  5965
  5966
  5967
  5968
  5969
  5970
  5971
  5975
  6005
  6006
  6007
  6008
  6009
  6010
  6011
  6012
  6017
  6019
  6020
  6022
  6032
  6034
  6038
  6044
  6052
  6055
  6058
  6061
  6062
  6063
  6066
  6095
  6115
  6116
  6117
  6118
  6119
  6120
  6121
  6127
  6128
  6129
  6130
  6134
  6135
  6140
  6141
  6142
  6143
  6144
  6147
  6148
  6163
  6164
  6166
  6167
  6168
  6170
  6171
  6172
  6173
  6174
  6177
  6184
  6188
  6196
  6200
  6204
  6205
  6206
  6207
  6209
  6210
  6211
  6215
  6223
  6235
  6236
  6237
  6238
  6239
  6240
  6241
  6242
  6245
  6247
  6248
  6253
  6254
  6261
  6264
  6267
  6269
  6277
  6278
  6290
  6294
  6303
  6317
  6320
  6323
  6332
  6333
  6343
  6346
  6348
  6349
  6350
  6359
  6360
  6361
  6362
  6363
  6367
  6377
  6383
  6388
  6389
  6391
  6392
  6395
  6396
  6397
  6398
  6399
  6406
  6407
  6408
  6412
  6413
  6433
  6434
  6435
  6459
  6460
  6463
  6464
  6469
  6478
  6481
  6485
  6487
  6489
  6490
  6491
  6497
  6507
  6508
  6509
  6510
  6513
  6516
  6517
  6518
  6521
  6522
  6523
  6524
  6525
  6531
  6536
  6539
  6540
  6545
  6546
  6547
  6548
  6549
  6550
  6551
  6552
  6553
  6556
  6562
  6566
  6568
  6570
  6575
  6581
  6583
  6584
  6585
  6586
  6594
  6595
  6596
  6597
  6609
  6610
  6611
  6612
  6615
  6617
  6624
  6627
  6628
  6649
  6693
  6697
  6698
  6706
  6718
  6719
  6722
  6727
  6744
  6755
  6759
  6760
  6764
  6765
  6767
  6768
  6769
  6770
  6772
  6773
  6776
  6779
  6780
  6781
  6785
  6787
  6791
  6794
  6795
  6796
  6797
  6798
  6799
  6800
  6801
  6802
  6805
  6806
  6809
  6812
  6817
  6818
  6835
  6837
  6838
  6839
  6846
  6847
  6848
  6854
  6865
  6867
  6869
  6870
  6871
  6873
  6876
  6885
  6895
  6896
  6897
  6900
  6901
  6902
  6903
  6906
  6916
  6917
  6918
  6919
  6932
  6933
  6938
  6940
  6941
  6942
  6943
  6944
  6945
  6947
  6948
  6949
  6950
  6951
  6952
  6953
  6957
  6958
  6959
  6970
  6971
  6972
  6974
  6975
  6976
  6977
  6987
  6990
  6991
  6992
  6994
  7014
  7015
  7016
  7018
  7019
  7023
  7026
  7041
  7042
  7046
  7051
  7053
  7066
  7067
  7069
  7073
  7083
  7089
  7092
  7094
  7100
  7103
  7106
  7109
  7110
  7111
  7112
  7113
  7114
  7116
  7117
  7119
  7120
  7121
  7122
  7126
  7127
  7131
  7140
  7143
  7152
  7157
  7165
  7166
  7171
  7175
  7176
  7177
  7178
  7182
  7187
  7192
  7204
  7205
  7206
  7207
  7215
  7217
  7218
  7221
  7227
  7230
  7236
  7239
  7240
  7241
  7242
  7243
  7244
  7245
  7246
  7247
  7252
  7255
  7260
  7261
  7266
  7268
  7269
  7304
  7309
  7326
  7327
  7330
  7331
  7332
  7335
  7336
  7338
  7340
  7342
  7346
  7347
  7348
  7355
  7361
  7366
  7369
  7372
  7386
  7387
  7395
  7396
  7399
  7403
  7404
  7422
  7423
  7424
  7425
  7427
  7436
  7437
  7438
  7439
  7442
  7445
  7446
  7447
  7448
  7449
  7452
  7453
  7455
  7456
  7459
  7461
  7463
  7464
  7467
  7470
  7471
  7473
  7476
  7480
  7481
  7484
  7492
  7493
  7494
  7495
  7518
  7520
  7527
  7532
  7533
  7539
  7540
  7541
  7542
  7545
  7546
  7555
  7556
  7559
  7560
  7561
  7564
  7575
  7583
  7584
  7585
  7586
  7594
  7595
  7599
  7600
  7602
  7603
  7604
  7605
  7606
  7611
  7612
  7613
  7614
  7615
  7616
  7617
  7619
  7621
  7622
  7624
  7625
  7626
  7627
  7628
  7629
  7630
  7634
  7637
  7638
  7640
  7656
  7657
  7658
  7659
  7662
  7663
  7665
  7666
  7667
  7668
  7669
  7670
  7671
  7672
  7680
  7681
  7682
  7683
  7684
  7685
  7688
  7691
  7692
  7695
  7696
  7704
  7719
  7722
  7723
  7743
  7744
  7768
  7795
  7796
  7799
  7847
  7852
  7854
  7857
  7858
  7859
  7860
  7861
  7862
  7863
  7864
  7865
  7866
  7867
  7868
  7871
  7874
  7875
  7876
  7895
  7913
  7916
  7917
  7933
  7945
  7952
  7967
  7969
  7971
  7988
  7992
  7994
  7998
  8000
  8002
  8004
  8005
  8006
  8009
  8014
  8015
  8016
  8017
  8022
  8025
  8026
  8027
  8028
  8035
  8036
  8049
  8050
  8052
  8054
  8056
  8057
  8058
  8059
  8060
  8061
  8069
  8080
  8096
  8097
  8098
  8103
  8107
  8120
  8122
  8124
  8125
  8127
  8136
  8147
  8148
  8149
  8152
  8154
  8182
  8184
  8188
  8189
  8197
  8203
  8208
  8216
  8223
  8226
  8232
  8239
  8240
  8241
  8254
  8256
  8260
  8261
  8262
  8266
  8267
  8268
  8269
  8270
  8271
  8273
  8274
  8276
  8277
  8280
  8284
  8289
  8290
  8292
  8303
  8304
  8305
  8308
  8314
  8315
  8324
  8332
  8333
  8334
  8338
  8342
  8358
  8363
  8365
  8370
  8392
  8398
  8399
  8402
  8410
  8452
  8459
  8460
  8465
  8468
  8469
  8470
  8507
  8508
  8523
  8552
  8571
  8572
  8574
  8577
  8586
  8592
  8593
  8594
  8596
  8597
  8598
  8599
  8604
  8605
  8606
  8607
  8612
  8613
  8614
  8615
  8617
  8618
  8620
  8621
  8623
  8624
  8625
  8626
  8633
  8636
  8641
  8646
  8656
  8663
  8664
  8665
  8667
  8669
  8670
  8671
  8672
  8673
  8674
  8675
  8677
  8689
  8690
  8691
  8692
  8693
  8695
  8714
  8715
  8718
  8719
  8720
  8759
  8760
  8768
  8782
  8788
  8789
  8790
  8791
  8809
  8811
  8812
  8821
  8822
  8823
  8827
  8836
  8838
  8840
  8841
  8847
  8848
  8849
  8852
  8856
  8860
  8872
  8875
  8881
  8884
  8886
  8887
  8889
  8906
  8907
  8910
  8911
  8912
  8913
  8914
  8927
  8931
  8934
  8935
  8945
  8947
  8954
  8961
  8966
  8968
  8969
  8970
  8971
  8972
  8989
  8997
  9001
  9007
  9009
  9010
  9011
  9029
  9032
  9037
  9044
  9046
  9047
  9048
  9052
  9053
  9057
  9058
  9059
  9068
  9070
  9087
  9092
  9094
  9098
  9108
  9109
  9110
  9113
  9114
  9115
  9126
  9127
  9139
  9140
  9141
  9146
  9147
  9148
  9149
  9150
  9158
  9163
  9164
  9168
  9180
  9181
  9183
  9187
  9188
  9189
  9190
  9194
  9195
  9200
  9202
  9205
  9206
  9213
  9215
  9216
  9217
  9231
  9232
  9240
  9252
  9253
  9259
  9263
  9268
  9269
  9270
  9271
  9272
  9276
  9277
  9283
  9285
  9293
  9303
  9305
  9306
  9311
  9312
  9317
  9322
  9323
  9327
  9328
  9329
  9330
  9331
  9352
  9353
  9355
  9356
  9376
  9377
  9384
  9385
  9394
  9407
  9408
  9410
  9412
  9414
  9424
  9428
  9429
  9433
  9435
  9436
  9446
  9454
  9458
  9459
  9463
  9470
  9472
  9496
  9497
  9498
  9509
  9513
  9516
  9524
  9536
  9543
  9554
  9583
  9589
  9593
  9603
  9614
  9615
  9617
  9627
  9629
  9630
  9631
  9632
  9634
  9635
  9636
  9638
  9643
  9653
  9654
  9658
  9661
  9663
  9668
  9674
  9679
  9718
  9728
  9729
  9734
  9735
  9740
  9741
  9745
  9788
  9791
  9792
  9793
  9795
  9796
  9797
  9804
  9809
  9810
  9811
  9823
  9827
  9828
  9848
  9858
  9870
  9876
  9883
  9884
  9886
  9890
  9893
  9905
  9907
  9918
  9919
  9922
  9932
  9941
  9948
  9949
  9951
  9968
  9969
  9971
  9975
  9981
  9991
 10010
 10011
 10012
 10013
 10017
 10018
 10021
 10022
 10023
 10031
 10032
 10033
 10034
 10035
 10036
 10039
 10040
 10042
 10043
 10044
 10045
 10047
 10049
 10055
 10060
 10065
 10066
 10077
 10080
 10081
 10083
 10105
 10107
 10110
 10115
 10117
 10118
 10119
 10126
 10127
 10128
 10129
 10130
 10131
 10132
 10133
 10136
 10149
 10150
 10162
 10164
 10188
 10190
 10192
 10194
 10197
 10200
 10201
 10202
 10207
 10217
 10221
 10225
 10226
 10232
 10233
 10234
 10258
 10263
 10264
 10267
 10268
 10269
 10274
 10281
 10285
 10286
 10292
 10296
 10299
 10302
 10313
 10324
 10345
 10346
 10347
 10350
 10355
 10356
 10358
 10362
 10366
 10367
 10368
 10370
 10372
 10376
 10384
 10385
 10392
 10395
 10402
 10404
 10405
 10406
 10409
 10416
 10419
 10420
 10424
 10427
 10433
 10434
 10442
 10455
 10467
 10468
 10470
 10471
 10478
 10479
 10480
 10482
 10483
 10484
 10485
 10487
 10488
 10506
 10507
 10510
 10516
 10517
 10518
 10519
 10520
 10521
 10524
 10541
 10542
 10574
 10578
 10579
 10601
 10602
 10604
 10607
 10612
 10623
 10630
 10636
 10637
 10638
 10642
 10643
 10645
 10646
 10649
 10655
 10657
 10664
 10677
 10678
 10690
 10697
 10716
 10717
 10718
 10719
 10721
 10722
 10723
 10724
 10732
 10735
 10736
 10754
 10758
 10762
 10776
 10804
 10805
 10806
 10818
 10821
 10823
 10824
 10829
 10837
 10843
 10844
 10845
 10846
 10847
 10848
 10850
 10851
 10852
 10853
 10885
 10905
 10906
 10919
 10921
 10922
 10923
 10924
 10926
 10927
 10933
 10939
 10947
 10964
 10966
 10967
 10972
 10973
 10978
 10983
 11002
 11008
 11015
 11016
 11017
 11018
 11019
 11020
 11023
 11030
 11032
 11034
 11035
 11036
 11039
 11052
 11056
 11060
 11061
 11062
 11063
 11064
 11065
 11066
 11067
 11068
 11069
 11075
 11076
 11090
 11098
 11099
 11100
 11105
 11109
 11110
 11113
 11119
 11122
 11123
 11124
 11125
 11126
 11130
 11136
 11137
 11139
 11149
 11152
 11153
 11166
 11168
 11188
 11193
 11194
 11197
 11206
 11221
 11230
 11233
 11235
 11236
 11239
 11243
 11245
 11249
 11251
 11259
 11260
 11263
 11264
 11267
 11270
 11272
 11282
 11287
 11292
 11318
 11321
 11322
 11326
 11327
 11333
 11335
 11337
 11339
 11340
 11343
 11344
 11345
 11347
 11348
 11355
 11358
 11368
 11390
 11418
 11436
 11444
 11448
 11450
 11453
 11454
 11464
 11471
 11472
 11473
 11484
 11489
 11492
 11499
 11500
 11503
 11505
 11513
 11514
 11518
 11519
 11526
 11527
 11528
 11532
 11538
 11564
 11567
 11568
 11572
 11585
 11587
 11589
 11591
 11592
 11599
 11605
 11607
 11610
 11617
 11621
 11624
 11630
 11631
 11632
 11652
 11656
 11657
 11662
 11721
 11723
 11724
 11725
 11748
 11749
 11756
 11776
 11777
 11783
 11785
 11786
 11795
 11809
 11812
 11829
 11831
 11834
 11835
 11837
 11845
 11855
 11857
 11859
 11863
 11874
 11877
 11878
 11880
 11885
 11888
 11900
 11914
 11952
 12009
 12020
 12059
 12061
 12063
 12070
 12098
 12099
 12109
 12111
 12112
 12114
 12115
 12121
 12122
 12154
 12155
 12156
 12159
 12174
 12176
 12181
 12185
 12186
 12213
 12227
 12229
 12230
 12231
 12234
 12236
 12237
 12250
 12252
 12253
 12301
 12312
 12315
 12344
 12362
 12364
 12376
 12377
 12380
 12381
 12382
 12438
 12454
 12455
 12458
 12462
 12476
 12478
 12479
 12485
 12496
 12497
 12498
 12499
 12500
 12501
 12502
 12505
 12508
 12513
 12514
 12515
 12516
 12519
 12521
 12545
 12547
 12548
 12550
 12551
 12552
 12553
 12554
 12555
 12556
 12560
 12561
 12581
 12597
 12598
 12599
 12600
 12603
 12604
 12607
 12608
 12611
 12612
 12619
 12622
 12711
 12712
 12714
 12716
 12723
 12753
 12754
 12755
 12772
 12774
 12777
 12782
 12785
 12788
 12792
 12802
 12805
 12806
 12814
 12815
 12827
 12841
 12842
 12852
 12853
 12868
 12871
 12877
 12886
 12893
 12897
 12898
 12901
 12905
 12909
 12919
 12926
 12940
 12943
 12944
 12945
 12947
 12948
 12949
 12958
 12963
 12965
 12986
 12988
 12993
 12994
 13004
 13009
 13012
 13013
 13016
 13020
 13023
 13026
 13027
 13035
 13036
 13037
 13048
 13053
 13054
 13056
 13057
 13059
 13060
 13062
 13064
 13083
 13096
 13099
 13100
 13115
 13120
 13129
 13160
 13173
 13178
 13191
 13192
 13195
 13196
 13198
 13199
 13200
 13201
 13203
 13205
 13206
 13210
 13212
 13214
 13239
 13244
 13246
 13248
 13249
 13250
 13251
 13253
 13262
 13263
 13265
 13267
 13268
 13269
 13271
 13272
 13273
 13277
 13279
 13280
 13305
 13306
 13321
 13342
 13343
 13344
 13345
 13347
 13350
 13351
 13355
 13357
 13364
 13419
 13422
 13425
 13426
 13427
 13428
 13435
 13436
 13440
 13446
 13448
 13455
 13517
 13523
 13524
 13527
 13528
 13532
 13534
 13536
 13545
 13550
 13553
 13559
 13561
 13566
 13567
 13640
 13651
 13653
 13655
 13657
 13663
 13664
 13665
 13666
 13675
 13676
 13677
 13678
 13681
 13688
 13697
 13704
 13705
 13706
 13708
 13724
 13725
 13728
 13731
 13732
 13737
 13760
 13761
 13762
 13875
 13889
 13920
 13921
 13923
 13927
 13928
 13929
 13930
 13995
 14002
 14003
 14009
 14016
 14017
 14018
 14021
 14024
 14025
 14026
 14029
 14034
 14064
 14067
 14068
 14108
 14110
 14111
 14113
 14154
 14155
 14203
 14204
 14205
 14206
 14208
 14280
 14283
 14286
 14287
 14288
 14291
 14292
 14302
 14319
 14322
 14340
 14345
 14346
 14356
 14358
 14361
 14364
 14383
 14388
 14389
 14391
 14392
 14395
 14412
 14413
 14479
 14488
 14491
 14493
 14494
 14495
 14499
 14501
 14507
 14570
 14625
 14632
 14635
 14637
 14641
 14646
 14647
 14685
 14694
 14695
 14699
 14700
 14705
 14721
 14726
 14727
 14730
 14738
 14749
 14750
 14760
 14766
 14767
 14770
 14771
 14790
 14791
 14792
 14795
 14796
 14797
 14801
 14802
 14803
 14811
 14813
 14824
 14826
 14832
 14840
 14846
 14888
 14891
 14893
 14895
 14896
 14899
 14900
 14927
 14933
 14934
 14941
 14948
 14949
 14950
 14959
 14964
 14980
 14982
 14983
 15035
 15099
 15100
 15101
 15109
 15110
 15111
 15112
 15129
 15138
 15147
 15168
 15169
 15170
 15181
 15182
 15183
 15186
 15243
 15244
 15245
 15254
 15266
 15268
 15269
 15299
 15322
 15327
 15338
 15371
 15430
 15431
 15434
 15437
 15463
 15471
 15473
 15483
 15496
 15499
 15502
 15514
 15516
 15521
 15530
 15544
 15566
 15573
 15580
 15583
 15586
 15601
 15618
 15619
 15621
 15623
 15658
 15662
 15684
 15690
 15692
 15693
 15694
 15706
 15748
 15762
 15767
 15768
 15772
 15780
 15785
 15792
 15840
 15845
 15848
 15869
 15925
 15934
 15942
 15943
 15946
 15968
 15969
 16012
 16034
 16045
 16058
 16061
 16062
 16065
 16066
 16068
 16082
 16113
 16123
 16218
 16220
 16228
 16232
 16233
 16281
 16293
 16300
 16304
 16305
 16309
 16350
 16360
 16361
 16367
 16401
 16408
 16410
 16414
 16417
 16418
 16432
 16433
 16438
 16443
 16446
 16453
 16454
 16463
 16466
 16467
 16472
 16475
 16477
 16480
 16482
 16493
 16550
 16555
 16556
 16558
 16585
 16601
 16605
 16606
 16635
 16638
 16651
 16652
 16654
 16655
 16669
 16673
 16676
 16677
 16678
 16679
 16710
 16750
 16758
 16768
 16781
 16788
 16792
 16793
 16808
 16809
 16820
 16829
 16830
 16831
 16843
 16848
 16854
 16856
 16862
 16863
 16864
 16937
 16958
 16959
 16960
 16993
 17003
 17066
 17067
 17071
 17085
 17087
 17110
 17111
 17112
 17114
 17134
 17135
 17137
 17142
 17143
 17144
 17150
 17153
 17156
 17159
 17165
 17167
 17174
 17180
 17182
 17193
 17199
 17206
 17213
 17238
 17240
 17247
 17248
 17255
 17273
 17278
 17303
 17347
 17348
 17351
 17356
 17361
 17362
 17375
 17378
 17379
 17382
 17407
 17408
 17417
 17420
 17430
 17431
 17438
 17440
 17451
 17452
 17458
 17459
 17460
 17464
 17466
 17472
 17485
 17508
 17527
 17550
 17566
 17576
 17577
 17585
 17586
 17587
 17604
 17608
 17609
 17610
 17613
 17619
 17620
 17640
 17641
 17647
 17659
 17662
 17666
 17667
 17670
 17671
 17672
 17673
 17677
 17690
 17691
 17696
 17700
 17713
 17727
 17762
 17764
 17767
 17772
 17773
 17775
 17835
 17953
 17954
 17972
 17976
 17978
 18039
 18114
 18402
 18404
 18410
 18416
 18425
 18426
 18557
 18558
 18559
 18603
 18632
 18633
 18634
 18635
 18645
 18647
 18655
 18658
 18661
 18662
 18665
 18674
 18681
 18682
 18683
 18684
 18686
 18692
 18722
 18723
 18725
 18726
 18727
 18728
 18732
 18740
 18741
 18742
 18743
 18781
 18782
 18783
 18787
 18788
 18793
 18798
 18799
 18800
 18801
 18806
 18807
 18808
 18812
 18825
 18916
 18921
 18929
 18930
 18932
 18933
 18936
 18937
 18943
 18947
 18949
 18964
 19022
 19023
 19024
 19026
 19027
 19028
 19513
 19517
 19518
 19522
 19535
 19549
 19558
 19559
 19560
 19562
 19573
 19604
 19647
 19703
 19756
 19763
 19765
 19766
 19791
 19801
 19802
 19814
 19816
 19817
 19818
 19819
 19841
 19842
 19875
 20007
 20018
 20073
 20083
 20085
 20229
 20235
 20236
 20237
 20264
 20266
 20267
 20268
 20272
 20284
 20288
 20294
 20295
 20296
 20301
 20344
 20345
 20346
 20347
 20444
 20445
 20638
 20640
 20643
 20644
 20691
 20692
 20694
 20703
 20704
 20716
 20718
 20720
 20721
 20724
 20725
 20726
 20727
 20731
 20870
 20871
 20970
 21099
 21100
 21103
 21141
 21190
 21191
 21298
 21323
 21398
 21435
 21436
 21437
 21438
 21447
 21458
 21459
 21479
 21482
 21484
 21504
 21510
 21512
 21527
 21528
 21534
 21536
 21649
 21650
 21698
 21745
 21885
 21964
 21968
 21973
 21974
 21976
 21977
 21978
 21979
 21980
 21991
 22032
 22034
 22059
 22075
 22078
 22079
 22084
 22087
 22088
 22089
 22118
 22127
 22134
 22139
 22142
 22143
 22144
 22145
 22146
 22147
 22164
 22187
 22234
 22235
 22236
 22238
 22241
 22604
 22605
 22606
 22612
 22624
 22627
 22632
 22643
 22664
 22667
 22674
 22675
 22676
 22685
 22703
 22971
 23115
 23262
 23263
 23266
 23318
 23335
 23336
 23340
 23341
 23354
 23358
 23361
 23379
 23439
 23475
 23507
 23532
 23537
 23538
 23543
 23555
 23556
 23565
 23610
 23628
 23633
 23640
 23649
 23657
 23672
 23673
 23674
 23675
 23690
 23691
 23743
 23744
 23754
 23764
 23765
 23767
 23769
 23783
 23801
 23824
 23828
 23829
 23847
 23848
 23849
 23850
 23896
 24043
 24116
 24117
 24144
 24167
 24202
 24210
 24372
 24399
 24589
 24694
 24703
 24710
 24724
 24788
 24824
 24825
 24858
 24859
 24876
 24890
 24891
 24892
 24893
 24894
 24895
 24918
 24936
 24944
 24957
 24980
 24999
 25003
 25010
 25020
 25021
 25022
 25030
 25033
 25051
 25061
 25140
 25141
 25157
 25158
 25159
 25160
 25309
 25310
 25611
 25612
 25726
 25935
 25946
 25948
 25971
 25981
 26001
 26023
 26024
 26046
 26059
 26232
 26240
 26251
 26252
 26328
 26329
 26375
 26376
 26393
 26394
 26412
 26420
 26463
 26466
 26468
 26471
 26475
 26476
 26477
 26478
 26479
 26480
 26481
 26484
 26486
 26490
 26491
 26497
 26498
 26499
 26512
 26533
 26536
 26552
 26575
 26611
 26615
 26637
 26648
 26662
 26664
 26696
 26713
 26716
 26717
 26720
 26722
 26724
 26733
 26758
 26764
 26768
 26781
 26805
 26807
 26825
 26826
 26827
 26829
 27026
 27053
 27054
 27174
 27175
 27179
 27230
 27507
 27761
 27764
 27832
 28002
 28164
 28169
 28170
 28179
 28182
 28183
 28185
 28186
 28187
 28192
 28194
 28195
 28204
 28205
 28208
 28210
 28211
 28213
 28218
 28219
 28221
 28223
 28226
 28265
 28277
 28282
 28284
 28285
 28290
 28313
 28324
 28335
 28336
 28337
 28377
 28400
 28420
 28424
 28528
 28539
 28541
 28543
 28544
 28556
 28745
 28832
 28845
 28851
 28852
 28853
 28854
 28858
 28861
 28862
 28864
 28865
 28870
 28932
 29091
 29213
 29214
 29215
 29216
 29219
 29226
 29227
 29419
 29422
 29445
 29455
 29456
 29472
 29492
 29506
 29526
 29544
 29561
 29574
 29576
 29579
 29580
 29581
 29585
 29593
 29594
 29599
 29600
 29601
 29602
 29603
 29606
 29613
 29630
 29631
 29636
 29649
 29650
 29671
 29684
 29685
 29686
 29705
 29706
 29707
 29708
 29714
 29720
 29721
 29725
 29728
 29730
 29795
 29802
 29834
 29837
 29843
 29844
 29845
 29849
 29861
 29868
 30210
 30211
 30212
 30226
 30244
 30252
 30253
 30272
 30278
 30322
 30332
 30333
 30357
 30358
 30362
 30367
 30368
 30377
 30393
 30395
 30477
 30484
 30503
 30540
 30545
 30565
 30579
 30598
 30600
 30625
 30644
 30653
 30656
 30660
 30661
 30667
 30668
 30684
 30689
 30690
 30694
 30712
 30713
 30717
 30730
 30734
 30739
 30752
 30754
 30756
 30757
 30766
 30767
 30768
 30769
 30782
 30933
 31082
 31099
 31100
 31110
 31112
 31114
 31120
 31144
 31154
 31229
 31255
 31283
 31287
 31288
 31297
 31304
 31306
 31307
 31337
 31355
 31358
 31373
 31375
 31389
 31390
 31400
 31412
 31438
 31439
 31442
 31473
 31474
 31475
 31495
 31496
 31497
 31498
 31567
 31589
 31649
 31660
 31661
 31669
 31674
 31679
 31680
 31681
 31690
 31704
 31743
 31744
 31745
 31755
 31760
 31761
 31765
 31768
 31828
 31853
 31856
 31858
 31862
 31863
 31898
 31927
 31952
 31953
 31954
 32049
 32051
 32052
 32086
 32105
 32107
 32132
 32133
 32135
 32137
 32141
 32155
 32156
 32157
 32158
 32160
 32194
 32239
 32240
 32241
 32243
 32264
 32268
 32270
 32283
 32292
 32327
 32411
 32417
 32421
 32431
 32474
 32518
 32519
 32520
 32748
 32764
 32812
 32833
 32846
 32855
 32877
 32881
 32882
 32883
 32885
 32893
 32894
 32895
 32901
 32957
 32963
 33034
 33035
 33051
 33054
 33060
 33088
 33168
 33213
 33277
 33278
 33295
 33308
 33630
 34109
 34112
 34115
 34117
 34307
 34312
 34324
 34331
 34340
 34371
 34390
 34391
 34392
 34411
 34424
 34528
 34530
 34556
 34623
 34626
 34639
 34660
 34723
 34744
 34777
 34788
 34792
 34805
 34810
 34838
 34875
 34879
 34888
 34935
 35003
 35050
 35092
 35151
 35152
 35166
 35179
 35183
 35227
 35242
 35334
 35423
 35424
 35431
 35432
 35450
 35576
 35583
 35584
 35601
 35665
 35666
 35681
 35743
 35744
 35746
 35801
 35808
 35811
 35886
 35887
 35888
 36464
 36477
 36495
 36496
 36497
 36498
 36499
 36501
 36507
 36510
 36511
 36512
 36515
 36524
 36525
 36528
 36529
 36531
 36588
 36676
 36677
 36678
 36726
 36769
 36770
 36799
 36838
 36842
 36843
 36844
 36854
 36864
 36876
 36877
 36879
 36880
 36901
 36902
 36903
 36923
 36925
 36938
 36955
 36956
 36957
 36959
 36969
 36970
 37035
 37040
 37047
 37070
 37073
 37074
 37103
 37114
 37129
 37148
 37149
 37192
 37219
 37220
 37252
 37255
 37265
 37302
 37303
 37304
 37306
 37307
 37312
 37348
 37356
 37359
 37364
 37392
 37546
 37547
 37552
 37554
 37555
 37557
 37558
 37559
 37561
 37562
 37563
 37564
 37567
 37568
 37570
 37577
 37578
 37579
 37584
 37676
 37677
 37838
 37847
 37848
 37849
 37850
 37851
 37852
 37970
 38027
 38167
 38211
 38258
 38289
 38474
 38475
 38476
 38627
 38910
 39128
 39132
 39142
 39143
 39162
 39163
 39177
 39179
 39180
 39195
 39196
 39292
 39293
 39298
 39302
 39304
 39305
 39329
 39330
 39331
 39332
 39333
 39336
 39337
 39341
 39343
 39344
 39350
 39353
 39370
 39392
 39393
 39412
 39421
 39443
 39445
 39457
 39466
 39468
 39469
 39473
 39479
 39481
 39482
 39484
 39797
 39821
 39822
 39878
 39885
 39896
 39899
 39901
 39946
 39947
 39948
 40001
 40046
 40048
 40049
 40116
 40117
 40165
 40166
 40200
 40203
 40233
 40234
 40235
 40283
 40284
 40285
 40464
 40469
 40474
 40478
 40482
 40488
 40489
 40490
 40516
 40517
 40537
 40538
 40539
 40540
 40541
 40542
 40543
 40544
 40556
 40595
 40596
 40598
 40599
 40601
 40602
 40656
 40657
 40762
 40769
 40823
 41069
 41073
 41074
 41075
 41119
 41127
 41150
 41183
 41233
 41420
 41421
 41423
 41424
 41425
 41426
 41427
 41428
 41429
 42014
 42049
 42060
 42081
 42082
 42084
 42085
 42086
 42151
 42157
 42159
 42160
 42170
 42203
 42204
 42205
 42210
 42234
 42296
 42316
 42348
 42560
 42564
 42568
 42572
 42573
 42588
 42590
 42591
 42592
 42593
 42594
 42604
 42624
 42625
 42701
 42716
 42717
 42718
 42722
 42744
 42779
 42788
 42846
 42847
 42851
 42866
 42867
 42898
 42926
 42944
 42945
 43008
 43031
 43061
 43075
 43076
 43217
 43223
 43227
 43228
 43233
 43279
 43298
 43715
 43720
 43733
 43735
 43736
 43737
 43857
 43864
 43865
 43866
 43899
 43919
 43920
 43946
 43958
 44020
 44048
 44049
 44053
 44062
 44073
 44074
 44076
 44102
 44103
 44104
 44105
 44134
 44135
 44139
 44140
 44144
 44246
 44250
 44256
 44267
 44271
 44272
 44273
 44274
 44286
 44287
 44366
 44395
 44396
 44457
 44490
 44491
 44494
 44680
 44681
 44682
 44760
 44796
 44797
 44799
 44800
 44846
 44852
 44865
 44868
 44985
 45033
 45034
 45035
 45036
 45049
 45052
 45053
 45091
 45105
 45140
 45155
 45190
 45192
 45195
 45244
 45252
 45253
 45254
 45277
 45488
 45498
 45500
 45505
 45531
 45569
 45570
 45594
 45595
 45597
 45619
 45620
 45626
 45645
 45680
 45692
 45739
 45883
 45965
 45978
 46078
 46118
 46149
 46150
 46169
 46283
 46286
 46351
 46369
 46538
 46618
 46626
 46627
 46635
 46647
 46648
 46652
 46716
 46731
 46937
 46938
 46941
 47006
 47007
 47030
 47083
 47084
 47094
 47169
 47194
 47211
 47218
 47223
 47225
 47245
 47285
 47288
 47289
 47295
 47302
 47314
 47317
 47322
 47323
 47336
 47339
 47457
 47460
 47473
 47702
 47703
 47707
 47708
 47710
 47716
 47788
 47809
 47940
 47941
 47943
 47958
 48008
 48009
 48014
 48015
 48016
 48018
 48032
 48033
 48147
 48193
 48203
 48243
 48297
 48298
 48299
 48300
 48301
 48329
 48435
 48438
 48465
 48474
 48534
 48535
 48541
 48542
 48583
 48584
 48616
 48650
 48675
 48696
 49041
 49064
 49073
 49350
 49352
 49353
 49357
 49358
 49359
 49360
 49364
 49419
 49435
 49490
 49516
 49529
 49536
 49560
 49561
 49562
 49581
 49621
 49624
 49630
 49631
 49633
 49634
 49639
 49640
 49658
 49659
 49744
 49762
 49763
 49771
 49772
 49777
 49778
 49779
 49780
 49789
 49807
 49808
 49820
 49821
 49853
 49860
 49862
 49863
 49866
 49867
 49868
 49880
 49901
 49905
 49927
 49959
 49961
 49963
 50003
 50028
 50085
 50114
 50115
 50190
 50199
 50202
 50223
 50244
 50246
 50249
 50258
 50259
 50268
 50282
 50283
 50377
 50464
 50811
 50821
 50822
 50833
 50843
 50844
 50848
 50878
 50904
 50911
 50912
 50917
 51056
 51163
 51258
 51259
 51301
 51318
 51365
 51367
 51368
 51390
 51409
 51431
 51437
 51452
 51550
 51552
 51578
 51594
 51595
 51637
 51640
 51641
 51642
 51654
 51655
 51656
 51674
 51675
 51703
 51711
 51719
 51735
 51772
 51773
 51781
 51786
 51853
 51928
 52483
 52488
 52491
 52512
 52516
 52520
 52735
 53016
 53070
 53231
 53301
 53443
 53449
 53458
 53459
 53469
 53470
 53471
 53472
 53479
 53480
 53481
 53482
 53488
 53489
 53497
 53498
 53516
 53524
 53527
 53531
 53647
 53664
 53681
 53710
 53711
 53712
 53715
 53802
 53803
 53830
 53831
 53856
 53866
 53878
 53896
 53897
 53938
 53947
 53950
 53952
 53962
 53964
 53981
 53982
 53986
 54034
 54092
 54104
 54124
 54125
 54162
 54163
 54164
 54279
 54296
 54326
 54381
 54536
 54653
 54661
 54678
 54679
 54681
 54682
 54721
 54725
 54726
 54877
 54879
 54917
 54918
 54931
 54951
 54952
 55049
 55052
 55057
 55635
 56244
 56245
 56287
 56325
 56431
 56432
 56444
 56445
 56456
 56463
 56466
 56467
 56468
 56477
 56478
 56484
 56488
 56518
 56532
 56592
 56593
 56621
 56622
 56692
 56693
 56732
 56771
 56796
 56797
 56838
 56839
 56840
 56870
 56937
 56987
 57138
 57139
 57140
 57149
 57150
 57187
 57189
 57644
 57756
 57766
 57773
 57782
 57783
 57784
 57801
 57808
 57809
 57810
 57824
 57830
 57865
 57866
 57868
 57869
 57870
 57872
 57873
 58021
 58025
 58339
 58340
 58379
 58405
 58453
 58783
 58798
 59384
 59392
 59393
 59397
 59398
 59401
 59409
 59416
 59418
 59422
 59423
 59424
 59425
 59427
 59429
 59437
 59448
 59449
 59529
 59530
 59534
 59536
 59541
 59542
 59611
 59657
 59665
 59715
 59717
 59719
 59730
 59850
 60527
 60591
 60885
 60893
 60894
 60895
 60896
 60924
 61100
 61175
 61176
 61177
 61219
 61220
 61337
 61338
 61450
 61454
 61455
 61456
 61635
 61770
 61771
 61772
 61805
 61905
 61936
 61965
 61977
 62006
 62014
 62033
 62034
 62036
 62492
 62495
 62506
 62660
 62730
 63697
 63999
 64047
 64069
 64096
 64103
 64108
 64117
 64139
 64161
 64216
 64329
 64330
 64391
 64407
 64429
 64434
 64435
 64519
 64629
 64635
 64645
 64824
 64825
 64841
 64894
 64895
 64896
 64897
 64898
 64909
 64928
 64947
 64962
 64963
 64964
 64969
 64971
 64997
 65057
 65105
 65136
 65137
 65145
 65155
 65183
 65196
 65197
 65203
 65214
 65339
 65513
 65519
 65520
 65534
 65537
 65538
 65572
 65573
 65574
 65582
 65591
 65700
 65904
 65913
 65914
 65929
 65930
 65931
 65939
 65950
 65970
 65971
 65982
 65984
 65986
 66047
 66049
 66060
 66106
 66319
 66320
 66322
 66323
 66324
 66449
 66794
 67210
 67354
 67364
 67373
 67536
 67573
 67657
 67944
 68105
 68266
 68300
 68323
 68378
 68562
 68960
 69309
 69310
 69422
 69423
 69425
 69552
 69556
 69588
 69831
 69832
 69877
 69886
 69948
 69966
 69972
 69974
 69997
 70001
 70071
 70079
 70086
 70088
 70091
 70093
 70102
 70114
 70137
 70168
 70257
 70258
 70298
 70304
 70364
 70487
 70516
 70518
 70526
 70532
 70539
 70560
 70570
 70580
 70589
 70595
 70596
 70613
 70655
 70656
 70670
 70675
 70682
 70882
 70918
 70970
 70985
 71025
 71071
 71148
 71482
 71490
 71491
 71493
 71499
 71502
 71506
 71507
 71508
 71514
 71515
 71519
 71561
 71742
 71849
 71887
 71904
 71905
 71954
 71969
 71972
 72023
 72024
 72046
 72437
 72464
 72478
 72479
 72485
 72490
 72501
 72503
 72512
 72514
 73116
 73235
 73311
 73312
 73470
 73471
 74034
 74257
 74309
 74327
 74338
 74339
 74358
 74360
 74362
 74373
 74471
 74603
 74608
 74620
 74836
 74837
 74838
 74840
 74861
 74865
 74866
 74867
 74875
 74893
 74895
 74901
 74902
 74907
 74908
 74911
 74920
 74921
 74937
 74954
 74955
 74961
 74962
 75003
 75098
 75099
 75248
 75249
 75250
 75291
 75292
 75295
 75333
 75552
 75563
 75565
 75567
 75568
 75573
 75574
 75608
 75615
 75616
 75691
 75713
 75742
 75750
 75758
 75760
 75761
 75792
 75793
 75794
 75815
 75816
 75818
 75821
 75823
 75824
 75835
 76254
 76290
 76298
 76314
 76319
 76420
 76427
 76448
 76487
 77102
 77124
 77155
 77669
 77699
 78127
 78131
 78134
 78135
 78137
 78139
 78157
 78170
 78181
 78184
 78191
 78223
 78232
 78234
 78244
 78245
 78249
 78311
 78312
 78318
 78319
 78333
 78409
 78411
 78416
 78423
 78431
 78432
 78438
 78439
 78453
 78456
 78464
 78547
 78703
 78704
 78705
 78734
 78845
 78873
 78877
 78887
 78888
 78944
 79014
 79643
 79953
 79963
 80236
 80238
 80262
 80269
 80341
 80364
 80379
 80478
 80479
 80480
 80515
 80529
 80589
 80590
 80591
 80665
 80667
 80715
 80719
 80743
 80750
 80776
 80792
 80951
 81009
 81010
 81012
 81111
 81179
 81195
 81213
 81214
 81215
 81223
 81230
 81231
 81232
 81239
 81241
 81242
 81246
 81247
 81272
 81299
 81324
 81337
 81373
 81413
 81795
 81797
 81835
 81836
 81837
 81862
 81867
 81969
 82140
 82662
 82668
 82672
 82752
 82773
 82784
 82808
 82817
 82933
 82934
 82936
 82944
 82945
 82954
 82955
 82956
 82963
 82975
 83036
 83068
 83074
 83304
 83525
 83663
 83712
 83766
 83768
 83863
 83867
 84050
 84067
 84097
 84194
 84436
 84443
 84444
 84445
 84446
 84447
 84474
 84475
 84524
 84552
 84606
 84608
 84665
 84780
 84838
 84844
 84951
 84963
 85002
 85003
 85040
 85054
 85659
 85663
 85708
 85710
 85711
 85779
 85794
 85841
 85846
 85872
 85896
 85905
 85907
 85938
 85993
 86002
 86232
 86265
 86356
 86421
 86423
 86551
 86565
 86601
 86700
 86701
 86712
 86719
 86720
 86729
 86758
 86773
 86933
 87089
 88863
 88870
 88975
 89007
 89110
 89117
 89120
 89175
 89204
 89207
 89269
 89329
 89343
 89521
 89522
 89523
 89524
 89543
 89637
 89638
 89810
 89838
 89852
 89893
 89898
 89903
 89904
 89917
 89918
 90019
 90134
 90589
 91003
 91124
 91190
 91193
 91378
 91569
 91705
 91706
 91707
 91708
 91773
 91823
 91852
 91864
 91866
 91878
 91879
 91889
 91896
 91897
 91898
 91900
 92010
 92011
 92012
 92015
 92082
 92185
 92215
 92771
 92782
 92798
 92828
 92843
 92844
 92913
 92923
 92970
 92995
 93058
 93327
 93328
 93329
 93337
 93342
 93348
 93359
 93360
 93471
 93474
 93495
 93525
 93959
 94466
 94782
 94810
 94823
 94853
 95165
 95242
 95243
 95246
 95464
 95465
 95467
 96128
 96142
 96144
 96169
 96170
 96171
 96176
 96482
 96633
 97312
 97313
 97327
 97336
 97358
 97368
 97424
 98600
 98601
 98602
 98611
 98660
 98809
 98871
 98951
 99378
101924
102048
102049
102050
102063
102293
102306
102309
102316
102352
102519
102613
102614
103876
104083
105128
105700
105701
109920
109979
109982
111005
111131
111615
111616
111646
111685
112608
112706
112707
114061
114360
114486
114593
114594
114595
114931
114932
116135
116136
116182
116183
116421
117175
117245
117246
117455
117537
117539
117566
117569
117570
118945
118970
118977
119011
119015
119016
119036
119040
119094
119177
119265
119266
119267
119270
119315
119316
119320
119375
119377
119386
119390
119391
119431
119444
119445
119454
119558
119586
119613
119614
119615
119630
119637
119824
120694
120972
123433
123434
123708
125252
127300
127334
127634
128150
128198
129406
129772
130753
130761
130843
130845
131664
131670
131671
131744
131745