0.004	3
0.246	4
-220.236	5
-250.145	6
-136.022	7
109.733	9
-117.608	11
-147.765	12
-179.315	13
1399.651	15
-17.648	16
-270.485	17
-58.916	18
1444.001	21
1481.723	22
62.034	23
1225.096	27
-6.535	28
70.944	29
76.662	31
44.214	32
-46.951	36
-43.626	37
-322.001	38
-63.294	39
200.771	41
-20.966	42
-469.323	43
1088.500	44
-1022.096	46
432.378	47
-362.137	48
-513.348	49
5.872	51
13.338	52
-470.937	55
-330.408	56
-322.033	57
517.028	58
-143.418	59
475.873	60
904.433	67
971.457	68
1491.515	69
781.431	70
745.834	71
741.589	72
1665.378	73
1438.465	74
1481.586	78
-109.708	79
1354.236	81
50.447	82
1212.847	83
1383.076	85
410.257	86
-97.454	87
70.384	88
758.389	91
65.579	92
155.345	93
9.001	94
1226.191	95
531.190	97
-5.166	99
1027.702	102
76.478	103
550.457	104
612.226	105
613.048	106
112.739	109
-85.140	110
-74.448	111
53.645	115
1705.624	119
1109.160	120
1188.249	121
-124.162	126
-251.416	127
-34.764	128
51.198	129
789.611	133
1503.746	134
1607.351	136
1393.105	137
225.801	139
-18.441	143
-269.821	145
274.043	174
420.511	182
1096.869	188
459.297	189
471.900	192
-52.137	196
1314.794	197
1674.635	198
1398.030	199
2.382	200
120.819	202
1402.400	205
1298.498	206
6.364	211
68.716	213
4.468	214
1479.281	215
88.432	219
105.707	221
1449.070	224
1500.946	227
722.389	229
-738.456	233
-84.898	236
-71.551	243
-266.528	263
541.288	276
648.972	277
1248.688	279
456.778	281
1735.943	282
959.904	283
-61.502	293
73.010	294
-161.126	295
609.160	308
577.405	312
314.832	315
1459.543	318
24.015	319
-413.529	320
1524.741	321
72.561	324
-75.040	328
806.904	331
-403.272	334
-164.643	336
1424.845	337
-0.043	338
-169.282	339
802.069	347
1417.562	349
634.010	351
1033.906	352
1319.593	353
1037.132	354
779.440	355
948.864	357
764.794	359
797.948	362
-531.806	363
49.526	364
54.291	365
804.684	368
-177.045	376
-202.318	377
1427.226	380
7.971	383
-55.501	384
-62.979	386
745.564	387
446.771	388
36.819	390
143.479	392
-96.499	393
-13.558	396
150.023	397
-137.366	404
-254.032	410
-236.320	411
-316.372	413
-523.667	418
1222.309	419
454.395	420
-316.240	423
-320.470	424
-691.546	425
-301.474	430
-373.681	437
-329.426	438
-392.714	443
-445.903	444
-417.904	450
-403.048	452
526.276	461
689.489	463
557.192	465
1416.859	473
1417.759	474
-79.266	475
1116.417	476
1761.576	477
473.354	478
974.176	479
-26.549	480
650.089	483
37.337	489
155.547	501
11.752	502
-70.825	503
29.448	508
40.181	509
-592.214	514
1026.203	519
104.848	520
-53.976	526
-212.540	529
-255.804	530
-234.800	536
-634.002	537
-205.642	539
-646.402	541
57.744	556
-344.188	580
-379.318	581
-450.195	582
-371.123	583
-318.219	603
-326.152	605
-211.079	606
-184.911	607
1194.387	608
343.740	609
122.341	619
-100.099	620
-192.459	626
51.221	628
23.035	632
-51.282	634
-212.331	636
-174.164	637
-75.364	638
-236.389	639
-193.978	640
-290.238	644
-267.306	645
-228.098	677
-452.577	678
-295.327	679
-400.913	682
444.549	698
-402.908	700
-678.420	701
22.729	710
-140.838	722
-16.089	723
20.925	724
-198.737	725
-197.398	726
-146.428	744
-422.517	747
-83.565	749
-138.095	752
31.941	753
467.571	754
615.523	755
562.711	756
486.036	757
452.119	758
31.251	765
769.997	767
-58.808	771
-499.173	772
805.993	782
105.403	783
865.918	787
394.150	789
1285.782	790
1810.857	791
533.638	793
809.046	795
26.480	801
-133.432	808
-318.376	810
340.846	814
84.128	820
165.422	840
9.805	843
745.379	848
-249.917	854
-380.625	859
548.712	864
-89.675	865
-81.470	866
80.956	867
859.820	877
-511.659	878
77.291	882
127.086	884
-166.908	885
-30.073	888
60.092	889
48.790	890
-317.406	892
-97.193	896
435.610	899
-15.616	903
150.576	914
-20.623	915
418.351	916
682.307	917
42.140	918
731.817	920
114.348	922
-138.883	926
60.150	928
1084.725	932
1035.567	933
1067.418	934
1386.863	935
-544.363	949
-22.734	957
229.816	962
1442.232	965
201.216	976
561.189	981
-67.537	982
-703.380	983
-270.882	985
1799.494	988
1722.982	989
-62.815	1005
81.300	1006
470.501	1028
41.327	1031
-114.014	1033
-83.637	1034
-743.822	1035
-76.404	1038
723.787	1040
-462.852	1047
-280.092	1049
-578.200	1050
-232.864	1051
-58.938	1053
597.420	1054
429.982	1058
-148.571	1062
-361.391	1063
580.782	1064
667.349	1065
702.435	1066
836.010	1068
1402.463	1070
1342.470	1071
-296.697	1073
159.040	1078
874.973	1082
-509.880	1083
1025.783	1084
870.218	1085
903.236	1086
10.590	1088
-500.468	1089
882.607	1090
938.163	1091
1072.149	1092
-1212.792	1095
-1604.418	1096
-37.056	1097
66.116	1120
-14.673	1137
-508.207	1153
-321.632	1161
455.431	1163
31.992	1164
-113.141	1165
363.419	1167
84.535	1168
6.560	1174
1456.894	1175
430.140	1176
519.462	1183
293.306	1184
493.438	1185
351.011	1191
480.361	1192
1474.021	1198
1154.971	1200
803.841	1201
292.473	1209
34.248	1230
130.162	1231
594.675	1289
586.132	1290
147.163	1294
-250.206	1308
-145.153	1323
-125.070	1333
1053.058	1339
930.741	1340
780.436	1341
-505.959	1370
-149.815	1374
150.479	1375
158.215	1376
30.383	1379
-110.489	1382
-124.290	1383
-200.763	1385
549.346	1394
1035.841	1395
25.376	1398
-643.492	1402
376.402	1405
-348.248	1415
-308.337	1423
-126.366	1425
24.708	1428
335.686	1429
551.249	1434
-124.321	1435
117.490	1436
600.019	1437
1275.286	1438
-413.769	1439
123.971	1440
34.920	1441
-19.700	1442
39.900	1443
154.836	1453
128.724	1520
39.355	1521
-330.062	1522
-187.977	1523
548.751	1524
522.120	1525
-265.531	1526
740.071	1528
354.796	1541
403.731	1542
370.600	1543
749.166	1544
859.190	1545
-240.085	1550
-190.502	1551
933.549	1573
391.310	1574
372.671	1583
350.404	1591
714.226	1596
296.795	1597
425.624	1628
342.771	1629
211.980	1630
343.575	1633
-76.662	1635
104.387	1636
-307.987	1637
57.836	1671
36.598	1673
61.672	1674
84.144	1675
61.569	1676
-37.689	1677
440.871	1683
-377.895	1686
-503.464	1708
-604.060	1709
-525.742	1724
-512.873	1725
-386.834	1733
-274.280	1758
569.492	1765
546.261	1766
499.738	1770
421.051	1780
59.966	1785
-288.234	1850
-129.909	1852
-223.909	1854
-320.345	1862
-314.441	1864
53.096	1865
-278.513	1868
-319.725	1869
-295.841	1870
-125.397	1885
-176.311	1898
-213.281	1899
-291.603	1900
-68.694	1901
285.175	1904
-92.936	1906
344.858	1910
383.347	1911
-262.126	1912
-458.314	1913
-245.586	1919
-332.354	1955
-313.258	1956
56.474	1991
-283.096	2000
310.485	2001
-232.580	2006
-145.804	2007
68.127	2023
-332.894	2034
480.127	2036
1172.904	2037
1109.836	2038
1152.842	2039
1066.149	2040
46.927	2046
-84.852	2049
-330.952	2050
-183.001	2058
-91.174	2060
-516.043	2062
339.310	2065
-494.162	2068
-360.484	2069
-55.937	2070
498.283	2080
-516.085	2090
595.182	2093
578.820	2094
526.040	2095
428.793	2096
167.902	2097
489.362	2100
-136.005	2101
-146.054	2102
-175.806	2103
-182.798	2104
280.348	2105
-525.268	2128
-476.812	2129
-501.541	2135
-153.299	2147
657.936	2149
-300.309	2174
676.707	2183
564.314	2190
473.753	2191
92.842	2192
276.385	2195
-284.912	2196
401.198	2197
343.779	2198
247.893	2199
295.943	2200
260.812	2201
355.539	2202
289.293	2205
262.215	2211
613.516	2212
-312.614	2213
-367.674	2217
-436.375	2218
-441.771	2221
-455.916	2222
-353.055	2223
-47.743	2225
-19.060	2229
1797.569	2238
-52.071	2241
-60.071	2243
-31.098	2245
-232.819	2248
800.757	2252
1381.714	2262
-489.083	2265
-100.708	2270
1094.095	2272
410.331	2273
-121.154	2274
-13.910	2275
1177.562	2287
665.402	2288
719.824	2289
1121.306	2290
-444.149	2291
1353.087	2293
316.596	2298
283.809	2299
292.737	2300
262.004	2301
-291.733	2325
-205.212	2326
-2.815	2333
-226.305	2335
-244.943	2336
7.108	2337
1201.600	2338
-229.511	2339
-148.369	2340
-258.749	2341
503.374	2342
452.996	2343
664.774	2345
715.522	2348
596.346	2349
809.868	2353
-187.759	2355
-256.132	2356
-148.475	2357
482.304	2358
-206.637	2364
243.425	2365
-46.124	2372
-285.243	2381
47.574	2384
-393.261	2385
-91.101	2391
-173.722	2394
-324.906	2395
-244.885	2396
-243.403	2397
-249.681	2398
-199.618	2399
-47.365	2413
-15.822	2425
55.380	2435
323.301	2436
137.072	2437
-326.017	2438
-368.791	2439
-43.186	2446
25.312	2449
11.662	2450
400.781	2451
-11.368	2452
414.685	2455
684.319	2458
516.412	2461
537.199	2462
943.962	2465
136.521	2466
337.723	2467
408.830	2468
394.041	2469
377.220	2470
-503.732	2471
312.748	2474
238.441	2475
199.427	2480
-259.054	2481
-201.071	2482
223.349	2554
-100.422	2568
355.610	2572
501.772	2574
181.828	2578
371.396	2584
146.521	2592
317.703	2603
987.586	2605
542.521	2608
1133.118	2612
-10.843	2616
1115.227	2619
810.152	2620
1427.367	2621
-279.878	2629
-289.302	2634
-19.301	2638
-303.309	2643
136.635	2647
1119.610	2650
1208.179	2651
-42.780	2654
180.755	2658
1559.677	2665
1457.183	2666
-41.324	2677
-239.856	2685
-334.804	2686
-350.779	2688
-504.377	2690
-523.587	2691
-47.942	2706
-481.736	2724
-425.957	2725
63.379	2728
-508.119	2729
305.005	2730
54.272	2735
1687.760	2748
-420.673	2769
-95.161	2806
-121.427	2807
-83.465	2841
29.996	2843
790.372	2844
-542.275	2848
-346.973	2865
-121.740	2869
-120.046	2877
-257.560	2919
1332.983	2926
744.968	2937
-299.963	2946
-637.601	2951
-383.692	2959
948.629	3236
-453.972	3242
-105.044	3261
243.251	3271
322.673	3273
973.177	3298
536.229	3300
-62.708	3305
93.816	3314
262.925	3317
180.994	3318
146.900	3320
-202.274	3327
178.280	3331
-320.444	3333
733.086	3336
741.581	3337
725.050	3338
725.808	3339
394.175	3340
401.771	3341
161.393	3351
-359.602	3352
-696.524	3354
-486.145	3355
-546.281	3356
-329.094	3365
-288.889	3366
-320.259	3367
-370.468	3368
94.343	3373
399.887	3393
3.861	3394
129.881	3395
-75.850	3399
667.067	3400
543.125	3401
-115.362	3405
840.980	3434
-637.333	3446
-311.230	3448
-185.933	3453
631.160	3454
746.552	3468
25.770	3481
-748.316	3493
54.702	3494
0.851	3495
438.313	3504
161.350	3516
510.290	3526
533.694	3527
569.500	3528
689.865	3529
450.153	3532
133.554	3536
-242.915	3540
-45.225	3547
1730.670	3548
164.640	3549
178.901	3550
244.744	3551
-1046.898	3569
519.532	3576
1251.231	3580
-199.242	3586
-899.780	3588
-184.215	3590
-640.192	3593
-334.199	3594
-748.818	3595
-242.716	3596
-487.112	3599
-172.499	3601
840.946	3603
712.039	3604
1440.536	3611
-246.801	3612
764.237	3621
722.091	3622
116.735	3634
459.357	3647
14.890	3649
-45.085	3651
552.618	3652
852.615	3662
122.853	3691
735.610	3699
3.120	3700
-97.266	3716
-212.866	3720
322.905	3723
-122.052	3751
178.572	3757
-276.786	3772
-163.033	3773
-219.375	3774
-237.023	3775
242.091	3777
431.493	3778
282.142	3780
-256.400	3785
-703.815	3787
-339.409	3788
-223.355	3791
-254.371	3792
9.324	3795
171.264	3796
96.482	3797
1094.970	3798
967.100	3799
-535.094	3801
-326.830	3807
-203.870	3809
-263.663	3810
-312.863	3811
132.986	3815
623.824	3823
-62.416	3828
-756.968	3853
-108.913	3889
-339.224	3890
261.920	3893
210.187	3894
429.759	3897
533.555	3898
366.416	3899
68.148	3903
771.620	3904
735.250	3917
580.853	3930
458.473	3934
-143.851	3936
732.868	3941
65.339	3942
729.554	3945
21.699	3977
145.677	3988
-293.358	3990
-270.757	3993
-38.345	4015
-277.771	4024
721.690	4026
705.542	4038
-44.210	4039
895.271	4046
903.506	4048
785.140	4050
92.934	4057
851.780	4072
416.190	4076
-5.758	4078
-369.240	4094
-220.287	4099
-223.978	4126
159.357	4129
-468.018	4137
122.510	4156
-303.339	4170
1480.981	4176
1412.387	4178
117.957	4192
142.724	4220
-126.744	4224
177.186	4239
751.384	4251
737.270	4252
685.082	4254
726.214	4255
460.364	4259
310.142	4281
612.763	4299
653.032	4301
614.348	4302
37.546	4305
58.941	4311
1273.741	4318
1430.549	4319
1209.144	4320
375.682	4321
855.283	4337
-73.304	4339
846.118	4340
45.739	4347
-212.085	4351
843.070	4360
234.010	4367
148.940	4377
-923.145	4378
0.342	4386
-124.684	4387
-146.980	4388
-531.844	4398
-842.341	4403
-207.539	4412
80.953	4414
798.486	4424
387.718	4426
-384.361	4428
-344.769	4429
138.907	4433
-943.936	4436
1376.019	4443
-105.860	4445
-27.127	4446
525.521	4449
127.362	4450
109.940	4467
122.560	4474
1521.732	4482
-256.661	4497
102.750	4498
-860.999	4499
-862.298	4506
1409.225	4509
602.922	4510
-38.601	4517
85.972	4520
8.550	4527
-42.635	4531
107.806	4533
-94.956	4536
77.451	4545
75.321	4546
-11.228	4552
71.655	4554
177.563	4555
-50.205	4556
-114.188	4557
788.469	4561
109.894	4563
-360.051	4564
579.731	4567
-24.633	4570
38.734	4571
861.502	4574
176.237	4587
184.137	4591
135.416	4592
52.180	4597
51.210	4634
259.887	4645
327.663	4649
-48.153	4653
1471.657	4671
404.213	4681
808.367	4685
608.331	4693
-38.130	4697
11.365	4698
-876.185	4702
140.650	4705
60.132	4726
-136.676	4732
-116.890	4733
174.787	4736
1467.425	4758
1498.963	4759
75.610	4761
-169.320	4768
821.450	4769
-45.410	4771
256.207	4772
109.382	4774
199.254	4775
113.609	4790
140.678	4799
-499.010	4800
114.227	4801
-21.800	4802
-94.362	4811
144.922	4831
267.843	4833
293.361	4834
45.769	4838
-163.399	4839
100.310	4844
-23.814	4850
604.967	4879
715.772	4880
1450.143	4933
-94.160	4938
74.442	4949
313.480	4950
-858.553	4980
-141.061	4990
-154.347	4991
-11.018	4995
197.921	5001
-72.743	5008
-120.429	5022
-99.906	5034
826.077	5071
-843.462	5077
818.657	5094
801.591	5116
-53.125	5134
-109.012	5135
1376.244	5138
1267.257	5139
-92.698	5164
7.085	5165
-10.479	5166
83.101	5176
227.398	5182
76.893	5183
706.439	5184
547.537	5187
356.625	5188
341.713	5189
479.210	5192
525.853	5193
569.729	5194
372.703	5195
418.122	5196
1104.287	5197
137.632	5198
295.014	5199
441.592	5203
243.049	5205
485.889	5212
456.549	5213
1197.624	5214
656.050	5216
1089.402	5222
559.458	5223
-170.416	5224
-798.919	5225
-1120.554	5226
616.161	5228
336.969	5230
430.509	5232
449.863	5233
233.516	5234
-132.374	5235
119.507	5237
341.159	5238
-19.394	5239
421.211	5242
1126.718	5244
372.061	5245
262.062	5246
1061.868	5247
1045.183	5248
83.395	5252
-30.180	5253
357.119	5254
345.248	5256
479.409	5258
350.282	5264
265.112	5269
536.779	5274
277.619	5277
1013.965	5292
1086.106	5293
805.001	5299
843.118	5300
556.858	5305
508.437	5308
560.216	5312
-485.109	5315
-503.330	5316
313.111	5319
325.140	5320
284.500	5321
583.470	5322
1024.872	5323
1066.338	5324
805.115	5325
723.710	5326
-42.711	5329
541.090	5331
570.182	5335
554.768	5336
803.099	5338
772.597	5339
532.348	5342
584.850	5343
279.208	5349
922.701	5364
-508.637	5365
327.382	5374
-436.393	5375
-361.736	5376
143.026	5377
270.419	5378
358.225	5379
309.272	5380
-379.381	5381
-189.223	5382
318.680	5384
-544.099	5389
-475.471	5390
1121.629	5396
353.916	5398
-540.444	5399
-601.351	5400
-549.935	5401
-449.293	5402
-506.536	5403
-453.021	5404
-544.185	5405
-237.777	5407
-469.164	5408
-260.431	5409
3.605	5410
1162.423	5411
-434.242	5412
-497.821	5413
-486.510	5416
-134.068	5417
-251.409	5418
-149.885	5421
-262.764	5422
-384.512	5423
306.735	5424
184.982	5425
295.322	5427
-245.030	5428
-296.846	5432
255.084	5436
-469.483	5443
642.148	5444
160.593	5454
304.068	5455
863.040	5458
-524.965	5460
342.780	5461
-461.302	5462
653.165	5465
-767.251	5468
672.359	5471
-461.091	5476
322.907	5478
45.722	5480
-777.704	5481
-652.207	5482
-779.368	5485
-765.769	5486
-874.188	5487
-854.459	5488
-828.262	5489
-827.720	5495
-330.499	5504
542.525	5511
-881.926	5512
-489.751	5513
-68.679	5515
-187.062	5516
629.525	5517
326.199	5521
329.667	5526
562.365	5527
-151.626	5528
-460.868	5536
-216.898	5537
-503.327	5543
-367.953	5547
-260.926	5551
-260.230	5552
451.746	5553
-24.065	5564
-110.552	5565
113.691	5570
-424.187	5571
-226.481	5572
-234.531	5573
464.594	5574
-590.938	5579
-482.716	5580
-466.206	5583
-24.451	5584
-544.615	5586
57.999	5588
-482.450	5589
-261.942	5590
-421.629	5591
-521.393	5592
249.631	5593
135.999	5594
-480.729	5595
-546.969	5599
262.788	5603
466.471	5604
-254.328	5605
630.825	5606
-469.750	5607
-176.015	5608
-434.182	5613
-478.922	5617
-74.520	5618
-61.884	5619
-169.590	5625
-269.211	5642
-183.687	5643
-370.388	5649
361.019	5650
594.814	5655
279.780	5656
-188.437	5657
-87.148	5658
88.978	5669
-417.568	5670
-13.083	5676
-1174.330	5677
265.927	5682
-190.027	5683
502.338	5684
631.781	5686
-830.705	5687
-244.440	5694
790.869	5695
-219.536	5696
835.581	5705
714.892	5706
235.751	5711
655.666	5716
641.171	5717
493.481	5718
692.557	5719
670.812	5720
-183.131	5722
-484.709	5724
23.581	5726
62.519	5727
97.767	5728
-243.767	5733
-146.542	5734
602.261	5736
602.595	5737
-510.195	5738
-670.845	5739
-95.212	5742
614.491	5749
-300.443	5750
-84.261	5751
196.942	5755
667.486	5756
186.526	5757
534.816	5761
-397.989	5767
-381.986	5768
-214.272	5769
413.676	5771
220.525	5773
36.927	5788
650.603	5792
1.895	5793
651.157	5794
-186.171	5795
646.406	5806
457.010	5807
683.670	5809
598.380	5810
-346.256	5811
-114.418	5812
-76.663	5813
-296.736	5814
634.067	5821
1314.207	5823
483.246	5825
1134.512	5829
1014.196	5830
333.573	5831
400.749	5832
1018.604	5833
971.733	5834
-30.644	5835
-262.259	5847
-239.526	5849
684.807	5851
895.104	5854
-326.638	5858
362.666	5859
-356.366	5862
257.063	5864
64.975	5873
375.684	5875
383.312	5876
574.909	5880
-252.315	5881
1124.150	5903
794.693	5910
785.402	5912
750.809	5913
111.677	5924
1141.523	5925
1216.044	5926
1149.977	5927
1131.472	5928
804.266	5929
-340.596	5930
1138.292	5931
580.345	5933
654.657	5934
526.570	5937
764.318	5939
614.906	5940
702.124	5941
578.594	5942
682.602	5943
552.806	5951
611.273	5952
573.292	5953
544.813	5954
40.595	5956
559.934	5957
665.934	5958
748.921	5959
697.419	5960
447.769	5961
768.988	5962
879.770	5963
696.680	5964
617.130	5965
279.755	5966
30.205	5967
-157.870	5968
1192.183	5969
1173.864	5970
1109.194	5971
230.590	5975
247.581	6005
686.368	6006
-357.288	6007
-325.672	6008
554.609	6009
480.560	6010
384.245	6011
234.436	6012
486.491	6017
299.635	6019
436.399	6020
469.371	6022
275.850	6032
414.833	6034
0.830	6038
25.074	6044
370.606	6049
-305.800	6052
-227.316	6055
213.884	6058
433.600	6060
-319.427	6061
-859.046	6062
163.679	6063
174.303	6066
333.998	6093
336.903	6095
639.432	6115
259.249	6116
267.120	6117
284.458	6118
595.714	6119
646.619	6120
118.608	6121
711.263	6127
662.170	6128
546.135	6129
83.412	6130
594.609	6134
530.124	6135
-116.150	6140
272.624	6141
259.756	6142
164.953	6143
-216.398	6144
-47.074	6147
-49.958	6148
-544.961	6163
-412.882	6164
162.794	6165
208.568	6166
306.268	6167
311.535	6168
251.109	6169
247.536	6170
309.521	6171
208.331	6172
-14.069	6173
-343.131	6174
308.839	6177
392.728	6184
-251.083	6188
478.056	6194
495.767	6196
292.543	6200
305.312	6204
200.604	6205
278.015	6206
-104.691	6207
21.885	6208
11.317	6209
284.997	6210
43.820	6211
98.851	6214
208.274	6215
-288.176	6223
335.987	6228
137.893	6235
110.442	6236
-18.634	6237
226.994	6238
350.816	6239
149.952	6240
292.870	6241
301.318	6242
-377.724	6245
-502.893	6247
267.111	6248
341.152	6249
260.575	6250
310.268	6253
222.879	6254
669.550	6261
323.237	6264
-113.200	6267
-484.375	6269
279.454	6277
161.080	6278
-22.539	6284
-48.495	6290
373.314	6294
139.429	6297
-219.300	6303
-164.894	6317
-192.452	6318
-243.592	6319
-535.914	6320
637.458	6323
495.055	6332
475.924	6333
-0.798	6343
253.081	6346
390.966	6348
489.254	6349
-56.875	6350
1106.758	6359
-740.867	6360
157.381	6361
85.174	6362
168.753	6363
-9.208	6367
523.821	6368
696.770	6377
-770.454	6383
153.847	6388
-382.361	6389
783.523	6391
668.031	6392
-381.463	6395
-379.391	6396
668.271	6397
22.821	6398
-123.574	6399
702.479	6406
-86.638	6407
588.391	6408
-222.423	6412
-230.223	6413
-808.127	6431
-203.653	6433
1435.259	6434
1484.390	6435
45.665	6459
-5.601	6460
697.005	6463
691.439	6464
346.579	6469
505.280	6478
-647.633	6479
174.467	6480
244.955	6481
272.247	6485
411.882	6487
1182.326	6489
-100.761	6490
-338.390	6491
180.064	6497
336.697	6506
568.469	6507
74.006	6508
126.031	6509
689.833	6510
-194.974	6513
-130.291	6514
623.095	6516
447.356	6517
579.864	6518
411.982	6519
492.592	6520
-243.143	6521
796.310	6522
777.192	6523
323.057	6524
353.533	6525
328.291	6530
264.308	6531
345.631	6536
-1816.641	6539
432.773	6540
158.857	6542
429.072	6545
391.277	6546
421.694	6547
465.765	6548
381.819	6549
506.277	6550
581.422	6551
390.461	6552
41.063	6553
315.278	6556
458.429	6562
366.273	6566
383.988	6567
-329.124	6568
472.752	6570
366.604	6575
0.300	6581
-116.517	6583
116.253	6584
-4.517	6585
726.656	6586
-516.404	6594
-225.796	6595
-370.941	6596
24.731	6597
-38.418	6609
-448.163	6610
-141.112	6611
-784.358	6612
-247.216	6615
-467.308	6617
-133.550	6623
-257.137	6624
4.890	6627
-211.585	6628
-134.336	6637
-119.331	6643
-224.798	6649
-620.618	6665
-196.766	6693
-259.669	6697
-249.576	6698
-40.689	6706
-140.093	6714
-469.730	6718
-199.935	6719
-466.438	6722
2.605	6723
3.518	6727
237.336	6744
-471.762	6755
228.408	6759
-137.601	6760
219.832	6764
-286.636	6765
225.644	6767
198.267	6768
-229.665	6769
76.993	6770
272.651	6772
183.680	6773
216.501	6776
186.621	6779
-90.235	6780
-133.261	6781
-31.601	6785
-217.235	6787
-369.139	6790
-598.401	6791
-487.053	6794
-740.584	6795
-590.534	6796
-481.093	6797
6.918	6798
553.059	6799
29.930	6800
541.416	6801
609.965	6802
-232.082	6805
-202.513	6806
-254.267	6809
-274.436	6812
-581.224	6817
-458.938	6818
448.474	6835
14.550	6837
50.419	6838
-283.780	6839
-289.885	6846
-389.267	6847
-169.566	6848
699.467	6854
909.156	6865
909.628	6867
510.338	6869
466.232	6870
499.125	6871
824.860	6873
545.953	6876
837.452	6885
886.160	6895
697.052	6896
282.274	6897
864.491	6900
86.423	6901
329.704	6902
-463.329	6903
-385.949	6904
-185.726	6906
551.622	6907
896.328	6916
790.357	6917
735.392	6918
873.369	6919
798.066	6932
1038.357	6933
910.933	6938
535.703	6940
785.547	6941
742.389	6942
804.511	6943
785.849	6944
925.186	6945
866.541	6947
-497.976	6948
-153.130	6949
-162.505	6950
-230.809	6951
-191.872	6952
-406.957	6953
1203.367	6957
-421.976	6958
-2.497	6959
-297.933	6964
-242.368	6965
-569.304	6970
631.267	6971
1011.268	6972
1029.403	6974
956.623	6975
865.543	6976
1034.429	6977
-429.383	6987
390.474	6990
786.436	6991
-124.177	6992
23.946	6993
716.519	6994
838.265	7014
-477.951	7015
984.704	7016
-197.410	7018
-196.564	7019
1114.924	7023
1287.469	7026
528.962	7033
818.334	7041
756.067	7042
982.587	7043
1372.867	7046
999.404	7047
1049.731	7048
843.956	7049
-511.723	7051
883.853	7053
-506.700	7066
112.342	7067
-561.600	7069
1371.605	7072
1494.645	7073
-494.765	7083
-324.316	7089
-259.340	7092
-332.226	7094
295.569	7100
331.291	7103
-509.167	7106
255.745	7109
-508.804	7110
-449.201	7111
-461.134	7112
-401.762	7113
46.164	7114
-486.782	7116
46.627	7117
-425.671	7118
-379.737	7119
-412.450	7120
-462.197	7121
326.895	7122
-469.320	7126
-3.834	7127
-172.834	7131
-511.510	7140
558.911	7143
-518.718	7151
-472.629	7152
-92.473	7157
228.005	7165
251.026	7166
184.668	7169
85.762	7170
325.894	7171
-235.462	7175
-563.220	7176
-425.457	7177
2.681	7178
571.235	7182
115.845	7186
-180.895	7187
312.436	7191
292.789	7192
0.286	7202
-193.151	7204
-834.243	7205
-140.173	7206
-173.354	7207
-1030.543	7215
-333.965	7217
-464.892	7218
-466.862	7221
-451.409	7227
-90.041	7230
253.200	7236
-1044.342	7239
-649.827	7240
-150.292	7241
-512.304	7242
-297.154	7243
-285.798	7244
-157.152	7245
-370.524	7246
-953.689	7247
-362.479	7252
-1177.441	7255
-1042.278	7260
-724.765	7261
-981.188	7266
-1006.333	7268
-246.409	7269
131.415	7279
409.895	7304
-204.287	7309
371.508	7326
-377.850	7327
202.392	7330
153.704	7331
106.757	7332
279.849	7335
335.145	7336
-1064.262	7338
-822.280	7340
-81.553	7342
-769.404	7345
-765.282	7346
-786.865	7347
-703.088	7348
152.837	7355
-1026.301	7361
-742.236	7366
-280.623	7369
-470.858	7372
172.561	7386
308.161	7387
-1092.149	7395
-1026.284	7396
-717.303	7397
-657.519	7399
-260.178	7403
-639.030	7404
-971.637	7408
702.917	7422
-58.616	7423
9.713	7424
24.831	7425
110.775	7427
57.700	7436
130.097	7437
25.041	7438
38.260	7439
397.377	7442
88.207	7445
133.417	7446
75.970	7447
95.973	7448
279.827	7449
116.284	7452
1353.611	7453
389.049	7455
479.161	7456
560.230	7459
481.453	7461
-305.840	7463
89.155	7464
395.493	7467
478.905	7470
495.651	7471
-389.797	7473
-97.074	7476
-477.103	7478
345.064	7480
328.011	7481
513.380	7484
21.798	7492
227.927	7493
182.837	7494
155.414	7495
239.553	7506
52.361	7518
227.193	7520
431.496	7524
-1003.709	7527
23.651	7532
178.418	7533
319.530	7538
358.305	7539
71.436	7540
53.980	7541
193.813	7542
266.217	7545
112.952	7546
466.075	7549
402.933	7550
418.669	7551
435.626	7555
42.206	7556
-719.475	7559
-653.852	7560
-1024.001	7561
-1075.366	7564
5.365	7572
115.218	7575
128.924	7577
207.055	7583
376.357	7584
185.899	7585
-290.752	7586
-451.737	7594
-429.391	7595
-412.689	7598
213.710	7599
-261.016	7600
-511.781	7602
-528.179	7603
-490.428	7604
-474.842	7605
180.756	7606
-399.229	7610
-444.226	7611
49.669	7612
333.391	7613
79.892	7614
-33.474	7615
-161.398	7616
247.457	7617
-64.177	7619
-53.809	7621
-186.639	7622
-406.683	7624
-508.604	7625
-411.821	7626
-379.001	7627
-533.135	7628
16.160	7629
101.462	7630
-257.957	7634
-52.970	7637
-295.460	7638
159.408	7640
-310.906	7656
95.453	7657
-265.485	7658
-388.011	7659
-31.388	7662
-26.877	7663
101.661	7665
69.905	7666
54.946	7667
204.255	7668
107.158	7669
133.972	7670
104.187	7671
-305.117	7672
593.584	7680
-52.163	7681
-18.200	7682
69.361	7683
-103.863	7684
118.129	7685
26.762	7688
502.330	7691
-164.335	7692
2.982	7695
98.615	7696
-1076.249	7704
524.841	7711
188.688	7719
-192.681	7722
215.311	7723
-1074.044	7731
-138.087	7740
250.443	7742
409.237	7743
278.918	7744
-18.626	7768
179.876	7795
205.829	7796
-1053.517	7799
321.726	7847
-101.305	7852
489.174	7853
-148.175	7854
-298.380	7857
-348.468	7858
-246.220	7859
-223.568	7860
-321.026	7861
-1123.166	7862
-1124.100	7863
-1093.449	7864
-1010.075	7865
-966.805	7866
-209.710	7867
-231.915	7868
-301.874	7870
536.978	7871
-274.690	7874
850.272	7875
234.257	7876
219.727	7895
118.159	7913
307.324	7916
649.848	7917
229.582	7933
-1153.485	7945
-1107.883	7952
-881.250	7966
-294.853	7967
-127.965	7969
-108.540	7971
-767.938	7988
-755.375	7989
-393.209	7992
-401.457	7994
1002.198	7998
105.360	7999
975.079	8000
-482.717	8002
-26.644	8003
-886.575	8004
-788.315	8005
-194.746	8006
-2.861	8009
-159.486	8014
24.645	8015
-18.785	8016
-95.088	8017
-581.343	8022
-491.960	8025
-323.008	8026
-569.455	8027
-462.571	8028
271.680	8035
-440.677	8036
-185.446	8045
-286.989	8049
-371.606	8050
-461.887	8052
-788.549	8053
-982.436	8054
-290.283	8056
-482.762	8057
-399.277	8058
-91.078	8059
14.031	8060
-505.768	8061
-44.599	8069
347.998	8080
404.961	8095
-140.947	8096
-174.592	8097
-352.636	8098
-996.818	8103
-714.948	8107
-575.075	8118
-416.156	8120
-202.941	8122
-415.544	8124
-392.634	8125
-496.570	8126
-398.761	8127
361.807	8136
633.322	8147
619.160	8148
375.418	8149
15.096	8152
387.421	8154
-587.469	8177
-381.591	8182
-343.083	8184
-307.857	8188
-164.746	8189
-488.077	8197
-373.100	8200
386.737	8203
-483.945	8208
-879.614	8216
-391.782	8223
1260.995	8226
-134.358	8232
-460.514	8237
-338.657	8239
-430.226	8240
-199.664	8241
3.332	8254
-164.669	8256
18.913	8260
4.471	8261
-183.983	8262
1092.593	8266
826.782	8267
856.523	8268
832.208	8269
-741.125	8270
-202.534	8271
79.040	8272
-408.037	8273
-456.281	8274
-252.388	8275
-245.629	8276
8.817	8277
-537.292	8279
-471.313	8280
-485.978	8283
914.279	8284
-1074.477	8289
-1189.936	8290
-748.675	8292
28.266	8303
-163.376	8304
-163.403	8305
-216.077	8308
-140.676	8312
-131.320	8313
-237.697	8314
-161.907	8315
-147.469	8316
-737.509	8324
90.203	8332
439.700	8333
409.686	8334
-428.051	8337
138.053	8338
469.657	8342
-935.081	8358
-382.936	8363
-130.550	8365
-448.046	8370
83.522	8392
-278.339	8398
1140.454	8399
-397.015	8402
-1178.783	8405
-502.353	8410
-560.520	8414
-1087.387	8452
255.457	8459
282.551	8460
111.863	8465
821.655	8468
628.027	8469
-111.534	8470
396.676	8493
577.763	8507
917.291	8508
-495.617	8523
-190.537	8552
938.543	8571
818.717	8572
819.100	8574
606.425	8577
629.425	8586
601.560	8592
639.892	8593
641.432	8594
693.231	8596
1084.134	8597
554.561	8598
678.411	8599
778.609	8604
923.195	8605
647.224	8606
932.313	8607
652.208	8612
675.013	8613
-188.528	8614
654.217	8615
642.421	8617
699.568	8618
905.712	8620
927.382	8621
875.373	8622
900.036	8623
893.769	8624
901.883	8625
904.388	8626
544.773	8630
811.251	8633
1425.128	8636
639.466	8641
496.824	8646
382.010	8647
60.903	8656
71.159	8663
-55.400	8664
738.935	8665
620.752	8666
768.313	8667
555.309	8668
746.546	8669
640.467	8670
250.523	8671
537.708	8672
343.269	8673
827.647	8674
1194.003	8675
773.806	8677
642.276	8681
479.377	8689
391.816	8690
373.443	8691
438.921	8692
464.697	8693
-180.245	8695
401.747	8697
912.171	8714
997.242	8715
938.035	8718
1034.451	8719
-187.594	8720
-154.661	8759
952.035	8760
416.858	8768
837.620	8779
524.828	8782
862.652	8785
474.915	8788
664.296	8789
837.864	8790
938.314	8791
430.016	8809
368.152	8811
385.599	8812
416.306	8819
507.048	8821
55.036	8822
904.587	8823
446.296	8827
943.578	8836
247.131	8838
927.414	8840
842.001	8841
290.482	8847
469.467	8848
782.553	8849
400.031	8852
-518.431	8855
-573.977	8856
287.775	8860
955.248	8872
733.007	8875
444.235	8881
-104.000	8884
88.074	8886
595.387	8887
-274.849	8888
270.863	8889
492.786	8900
610.989	8906
842.114	8907
804.047	8910
-223.997	8911
848.607	8912
288.390	8913
-145.178	8914
942.105	8927
-52.826	8929
456.490	8931
-85.668	8934
-44.266	8935
539.148	8945
1132.585	8947
-389.554	8954
452.395	8961
749.479	8966
-5.571	8968
802.734	8969
8.272	8970
-36.554	8971
17.853	8972
1413.565	8989
-494.635	8997
-144.975	9001
-168.056	9004
-8.918	9007
29.036	9009
190.778	9010
-932.540	9011
309.750	9029
416.215	9032
-354.954	9037
-359.430	9044
539.769	9046
110.748	9047
380.168	9048
366.364	9052
484.818	9053
548.826	9057
617.413	9058
435.487	9059
505.990	9068
80.535	9070
408.082	9087
536.749	9092
513.916	9093
353.002	9094
-8.940	9098
736.308	9108
578.681	9109
752.818	9110
-737.173	9113
-323.641	9114
-879.469	9115
-104.015	9126
-27.039	9127
431.894	9139
471.362	9140
451.627	9141
534.269	9146
410.946	9147
111.487	9148
620.660	9149
367.288	9150
413.623	9152
493.786	9157
463.560	9158
739.379	9163
685.651	9164
245.735	9168
529.444	9179
394.527	9180
529.389	9181
629.205	9183
403.900	9187
-173.218	9188
412.524	9189
-209.986	9190
421.805	9194
808.982	9195
427.588	9200
461.927	9202
515.303	9205
602.338	9206
-169.980	9213
529.301	9215
528.898	9216
508.513	9217
534.926	9218
418.834	9224
311.559	9231
415.118	9232
438.902	9240
711.169	9252
737.043	9253
829.945	9259
441.220	9263
475.663	9268
860.921	9269
397.507	9270
785.411	9271
501.833	9272
371.825	9276
358.607	9277
386.217	9283
177.011	9284
436.014	9285
323.752	9293
157.602	9303
-262.320	9304
-705.597	9305
-421.041	9306
-221.452	9311
711.654	9312
-120.025	9317
-162.782	9322
750.037	9323
396.415	9327
462.908	9328
697.198	9329
679.555	9330
763.142	9331
663.827	9352
658.496	9353
483.488	9355
794.288	9356
1027.900	9376
1296.647	9377
1358.047	9384
1397.707	9385
69.257	9386
770.778	9391
631.918	9394
0.024	9407
242.361	9408
374.585	9410
574.447	9412
-69.009	9414
419.864	9424
-335.401	9428
-348.114	9429
-244.229	9433
426.517	9435
622.338	9436
-1042.422	9442
464.887	9446
-93.570	9453
-659.696	9454
-463.973	9458
-544.235	9459
-455.976	9463
-171.236	9470
723.882	9472
35.705	9473
265.969	9476
1141.214	9496
124.831	9497
-30.745	9498
42.465	9500
3.405	9507
-62.960	9509
224.554	9513
177.194	9514
226.445	9515
436.698	9516
65.462	9524
21.867	9526
75.713	9532
500.406	9536
498.119	9543
57.471	9554
1123.272	9583
1187.028	9589
991.567	9593
84.921	9603
1041.677	9614
724.866	9615
806.926	9617
691.087	9627
682.597	9629
752.047	9630
668.483	9631
583.488	9632
542.016	9634
581.339	9635
686.256	9636
-57.661	9638
611.537	9643
573.492	9653
647.567	9654
692.373	9658
1072.276	9661
-258.736	9663
1073.921	9668
698.677	9674
-311.410	9679
-44.256	9680
575.598	9718
290.909	9726
262.288	9727
1186.559	9728
802.806	9729
286.126	9734
260.326	9735
239.931	9740
252.657	9741
-474.604	9742
-109.648	9745
719.027	9788
755.496	9791
762.528	9792
693.391	9793
1186.811	9795
1166.701	9796
-330.196	9797
-396.006	9804
-380.495	9809
-387.983	9810
273.070	9811
-37.184	9819
-220.565	9823
-106.923	9827
354.885	9828
-418.595	9829
292.477	9848
556.490	9858
-237.972	9870
-296.731	9876
503.091	9883
288.474	9884
507.197	9886
499.893	9887
-416.559	9890
880.347	9893
-200.531	9905
-478.878	9907
576.487	9916
55.912	9918
688.971	9919
-81.517	9922
949.476	9932
-29.626	9941
512.660	9948
-151.918	9949
1157.804	9951
-267.229	9964
-754.564	9968
-396.103	9969
-371.099	9971
-640.699	9975
-307.653	9981
1189.620	9991
1243.915	10010
1185.168	10011
1269.396	10012
656.321	10013
605.610	10017
551.439	10018
1142.264	10021
1174.833	10022
629.689	10023
1119.808	10031
1188.622	10032
1238.541	10033
1113.662	10034
1212.063	10035
1334.768	10036
362.859	10039
408.175	10040
297.605	10042
557.763	10043
510.912	10044
565.249	10045
-246.016	10047
513.680	10049
13.228	10055
11.960	10060
1163.123	10065
962.417	10066
1434.478	10077
1134.223	10080
-4.159	10081
1378.227	10083
-489.957	10105
482.869	10107
777.558	10110
709.468	10115
833.333	10117
-87.666	10118
-101.476	10119
708.174	10126
766.741	10127
1.148	10128
1.819	10129
523.239	10130
530.955	10131
459.363	10132
486.361	10133
785.127	10136
637.628	10144
1105.984	10149
-71.916	10150
1365.557	10162
744.478	10164
711.190	10173
508.188	10174
340.207	10188
345.866	10189
-698.538	10190
-511.770	10192
-464.270	10194
102.883	10197
6.163	10200
-25.707	10201
-47.091	10202
-15.600	10207
409.225	10212
551.971	10217
846.965	10221
389.719	10225
458.148	10226
295.225	10227
139.133	10228
213.143	10232
71.836	10233
838.009	10234
74.126	10258
769.036	10262
-409.222	10263
-406.720	10264
-150.782	10267
444.309	10268
279.670	10269
-433.678	10274
811.195	10281
676.753	10285
567.497	10286
532.095	10287
521.399	10292
915.783	10296
329.780	10299
-189.919	10302
382.522	10304
399.087	10313
1196.540	10324
-435.155	10342
594.832	10345
1354.713	10346
733.206	10347
392.211	10350
898.849	10355
-537.910	10356
501.808	10358
790.253	10362
772.063	10366
732.207	10367
765.733	10368
768.170	10370
673.595	10372
722.452	10376
-518.416	10383
921.443	10384
-247.163	10385
-449.668	10392
-123.764	10395
331.697	10402
-241.151	10403
-452.716	10404
-135.155	10405
-213.532	10406
1346.435	10409
66.151	10416
-173.080	10419
-210.457	10420
-182.027	10424
-116.998	10427
436.075	10431
-597.129	10433
-431.486	10434
939.012	10442
1496.749	10455
31.512	10467
-68.367	10468
1367.526	10470
1381.422	10471
661.079	10478
535.632	10479
733.673	10480
565.199	10481
707.412	10482
529.549	10483
569.679	10484
761.074	10485
632.879	10486
-498.456	10487
-522.922	10488
-586.156	10493
152.609	10506
170.331	10507
988.153	10510
1089.454	10515
1093.226	10516
561.249	10517
672.180	10518
609.224	10519
536.466	10520
-138.113	10521
958.206	10524
-232.299	10528
957.751	10541
940.011	10542
754.756	10574
308.211	10578
344.492	10579
-49.247	10589
1.380	10601
-125.728	10602
-176.528	10604
-104.149	10607
-135.688	10612
-455.036	10623
1104.416	10630
1082.096	10636
1100.026	10637
1053.587	10638
-520.986	10642
544.696	10643
1185.473	10644
1065.507	10645
-229.449	10646
-321.231	10649
163.602	10654
465.154	10655
492.237	10657
-209.456	10664
-534.591	10665
66.303	10677
81.501	10678
80.900	10690
1312.372	10697
1493.990	10716
47.551	10717
57.603	10718
762.941	10719
1447.940	10721
881.238	10722
923.902	10723
-195.231	10724
-482.526	10732
497.283	10735
809.648	10736
711.808	10754
498.936	10758
627.784	10761
103.291	10762
491.555	10776
444.702	10797
323.027	10804
416.746	10805
71.592	10806
402.197	10818
147.809	10820
798.428	10821
-808.694	10823
311.437	10824
726.648	10829
743.150	10837
1316.454	10843
1238.502	10844
1252.238	10845
892.514	10846
271.877	10847
213.958	10848
775.028	10850
909.905	10851
176.289	10852
291.110	10853
-329.080	10885
-141.576	10905
254.333	10906
457.251	10913
499.518	10914
361.580	10919
1199.448	10921
-56.837	10922
321.864	10923
344.297	10924
-92.102	10925
414.982	10926
399.772	10927
427.034	10933
-396.411	10939
309.192	10947
-285.605	10964
-401.443	10966
-205.308	10967
814.174	10972
700.228	10973
239.024	10978
908.669	10983
417.184	10988
649.573	11002
321.788	11008
-264.297	11015
-527.503	11016
307.528	11017
337.131	11018
-284.535	11019
-255.426	11020
-114.511	11022
1514.289	11023
-383.580	11030
344.599	11032
336.679	11034
321.288	11035
356.236	11036
479.202	11039
376.154	11052
345.184	11056
392.015	11060
422.912	11061
382.238	11062
416.116	11063
381.665	11064
409.092	11065
372.359	11066
391.503	11067
393.807	11068
387.740	11069
415.730	11075
429.859	11076
-171.347	11082
89.539	11090
371.850	11098
367.443	11099
457.917	11100
-216.729	11105
441.457	11109
388.012	11110
-252.897	11113
422.959	11119
-129.842	11122
-180.069	11123
-30.021	11124
59.582	11125
444.122	11126
407.768	11130
-285.819	11136
-420.802	11137
372.939	11139
348.493	11149
-9.328	11152
-198.883	11153
226.007	11154
-331.394	11166
365.010	11168
359.100	11180
531.207	11188
336.664	11193
422.400	11194
184.680	11197
257.530	11198
247.306	11206
564.257	11220
423.322	11221
78.227	11230
33.783	11233
-665.326	11235
-286.785	11236
500.502	11239
296.502	11243
444.046	11245
417.607	11249
425.153	11251
652.196	11259
432.425	11260
-553.284	11263
-10.908	11264
347.294	11267
369.648	11269
187.793	11270
319.569	11272
-455.627	11282
-265.467	11287
197.866	11290
-26.607	11292
455.672	11318
-110.993	11321
344.797	11322
318.371	11326
375.684	11327
-449.498	11333
423.902	11335
-165.276	11337
-464.290	11339
-403.871	11340
326.626	11343
376.851	11344
529.906	11345
-431.831	11346
-58.232	11347
324.642	11348
-838.412	11355
-614.131	11358
580.604	11368
-154.427	11390
-455.713	11396
245.030	11409
-204.194	11417
-192.273	11418
-127.458	11419
-242.005	11420
604.041	11436
-504.996	11444
-705.956	11448
17.998	11450
-23.369	11453
-12.424	11454
-361.079	11464
-419.472	11471
-380.415	11472
89.753	11473
229.689	11484
-500.424	11489
-449.631	11492
-460.767	11499
-322.842	11500
-540.829	11503
408.787	11505
-722.540	11508
275.408	11513
68.702	11514
514.325	11518
1221.028	11519
-520.805	11526
-568.327	11527
-599.376	11528
371.565	11532
-500.742	11538
1165.662	11564
1361.640	11565
1201.042	11566
1430.236	11567
1367.506	11568
-269.555	11572
152.962	11585
951.664	11587
1122.328	11589
1209.056	11591
1100.004	11592
1522.831	11599
-379.629	11605
10.186	11607
809.902	11610
-460.692	11617
-586.412	11621
-222.418	11624
906.551	11630
1294.619	11631
-452.451	11632
-253.029	11652
652.033	11653
229.412	11656
-438.991	11657
-184.019	11662
-233.644	11671
-78.295	11721
-316.370	11723
-0.513	11724
-32.820	11725
-20.952	11748
-10.374	11749
-124.473	11756
-290.940	11769
-302.538	11776
270.537	11777
265.496	11783
408.316	11785
-217.746	11786
-444.813	11795
-478.489	11809
237.075	11812
-441.318	11814
557.632	11829
-544.127	11831
4.580	11834
638.568	11835
556.719	11837
-218.809	11845
-464.950	11855
-40.037	11857
-469.392	11859
-58.647	11863
788.473	11870
848.995	11874
881.973	11877
913.942	11878
1068.201	11879
987.570	11880
486.269	11885
784.420	11888
-0.350	11900
-468.761	11906
588.294	11914
633.883	11952
836.834	11953
-65.210	11995
-162.734	12000
-58.900	12006
-54.678	12007
-51.962	12009
1161.692	12020
-137.901	12059
-202.219	12061
-539.380	12063
-474.290	12070
750.393	12098
692.242	12099
-345.731	12109
-416.948	12111
-451.538	12112
-433.957	12114
-68.118	12115
-415.683	12117
681.492	12120
484.476	12121
-427.976	12122
-450.042	12154
-63.016	12155
-99.978	12156
-115.523	12159
-119.442	12174
-428.594	12176
-546.334	12181
-592.882	12185
-581.435	12186
-383.600	12199
-62.921	12213
-417.822	12217
3.113	12227
-26.403	12229
-22.685	12230
46.851	12231
-269.172	12233
-106.188	12234
50.128	12236
-56.852	12237
-90.941	12239
-493.378	12250
-431.581	12252
-477.775	12253
-585.203	12301
652.469	12312
-473.701	12315
174.327	12344
-223.667	12350
959.292	12357
-27.225	12362
-80.930	12364
-94.763	12376
-94.202	12377
65.830	12380
106.008	12381
113.152	12382
281.081	12387
107.720	12437
-218.062	12438
1.410	12439
-80.662	12454
-57.173	12455
-246.753	12458
450.435	12462
355.474	12476
892.798	12478
853.658	12479
417.598	12485
672.342	12496
560.307	12497
552.802	12498
545.477	12499
562.299	12500
493.831	12501
557.843	12502
630.947	12505
237.287	12508
348.195	12509
351.141	12510
288.734	12512
486.227	12513
670.228	12514
539.137	12515
582.681	12516
111.341	12519
89.501	12521
380.392	12533
1194.663	12545
1074.515	12546
799.824	12547
154.095	12548
1119.375	12549
532.674	12550
539.236	12551
661.133	12552
621.897	12553
555.420	12554
498.162	12555
305.248	12556
502.955	12560
586.337	12561
724.328	12581
292.487	12594
676.417	12597
584.154	12598
665.364	12599
726.507	12600
1068.911	12603
717.566	12604
671.989	12607
552.380	12608
503.848	12611
502.433	12612
661.475	12619
562.126	12622
15.317	12644
-1663.871	12651
216.763	12669
-199.120	12670
-114.551	12711
39.097	12712
-67.121	12714
-183.450	12716
477.714	12723
91.485	12753
-44.504	12754
36.257	12755
484.521	12772
733.036	12774
-77.835	12777
-199.769	12778
201.564	12782
423.815	12785
826.274	12788
1208.064	12792
595.119	12802
4.185	12805
515.065	12806
457.705	12814
501.407	12815
692.633	12827
655.021	12841
686.031	12842
561.161	12852
639.789	12853
451.027	12865
523.234	12868
545.074	12871
-163.219	12877
482.026	12886
573.996	12893
664.870	12897
251.793	12898
738.076	12901
13.909	12902
542.886	12904
542.445	12905
616.464	12907
671.578	12909
533.023	12919
454.335	12926
735.837	12932
395.385	12936
-172.897	12940
-230.358	12943
425.310	12944
656.289	12945
530.075	12946
654.171	12947
77.135	12948
182.765	12949
611.524	12958
-153.969	12963
721.668	12965
543.123	12986
680.972	12988
715.599	12990
668.459	12993
652.329	12994
687.879	12995
643.900	13004
64.273	13009
2.855	13012
17.159	13013
84.144	13014
50.566	13016
496.765	13020
679.999	13023
-272.624	13025
59.763	13026
470.196	13027
684.993	13035
695.516	13036
676.631	13037
664.828	13048
-183.275	13052
-120.450	13053
686.602	13054
430.644	13055
-46.312	13056
716.298	13057
405.483	13059
623.079	13060
174.606	13062
707.188	13064
945.861	13065
682.480	13082
738.543	13083
562.269	13096
-45.199	13099
-61.523	13100
475.041	13115
-52.530	13120
44.642	13129
29.970	13160
356.960	13173
671.513	13178
361.662	13191
363.580	13192
233.385	13195
243.972	13196
1150.614	13198
275.262	13199
1100.077	13200
767.753	13201
697.112	13203
696.515	13205
495.735	13206
684.781	13210
-51.115	13212
79.556	13213
396.013	13214
-65.322	13220
-237.995	13239
587.132	13244
803.932	13245
740.440	13246
677.452	13248
536.051	13249
606.768	13250
602.923	13251
667.379	13253
465.568	13262
502.994	13263
687.087	13265
605.747	13267
-154.271	13268
-146.982	13269
31.169	13271
357.819	13272
181.898	13273
-248.150	13277
565.354	13279
430.736	13280
740.924	13290
243.637	13305
770.964	13306
648.782	13321
-354.348	13340
-236.340	13342
-219.752	13343
-512.062	13344
-227.612	13345
-236.232	13347
-524.369	13350
-215.113	13351
547.318	13355
-230.073	13357
663.719	13364
-247.170	13366
802.888	13367
434.249	13419
512.318	13422
470.217	13425
-209.539	13426
-213.373	13427
-292.765	13428
-188.308	13431
-248.805	13432
-298.080	13433
238.550	13435
67.512	13436
203.801	13437
326.908	13438
-421.281	13440
175.357	13441
137.964	13442
-30.882	13446
-57.731	13448
-373.646	13455
-195.660	13517
117.594	13523
229.827	13524
352.884	13527
-181.730	13528
72.270	13532
-582.578	13534
-326.107	13536
160.392	13545
83.070	13550
-261.289	13553
169.362	13555
-118.431	13556
191.047	13557
-263.812	13558
-306.167	13559
697.219	13561
91.641	13566
273.954	13567
296.658	13640
950.632	13644
47.172	13651
8.069	13653
323.815	13655
-264.263	13657
-287.867	13663
-238.081	13664
95.803	13665
258.320	13666
-620.194	13675
67.923	13676
22.914	13677
-641.883	13678
49.337	13681
-221.665	13688
-262.835	13697
-259.408	13704
-240.892	13705
-231.371	13706
30.007	13708
-521.997	13723
-518.512	13724
7.227	13725
-313.793	13728
112.053	13731
205.324	13732
64.187	13737
-228.623	13760
-189.214	13761
-318.366	13762
820.556	13875
800.093	13889
-248.392	13920
-974.323	13921
-684.810	13923
-676.917	13927
-782.874	13928
-463.710	13929
-419.421	13930
-349.746	13942
-434.958	13943
150.571	13945
66.360	13995
-116.086	14002
-101.525	14003
314.587	14009
1104.047	14016
-134.567	14017
852.825	14018
1204.954	14021
555.201	14022
962.561	14024
1241.528	14025
522.776	14026
823.026	14029
6.145	14034
47.079	14035
20.008	14064
150.822	14067
-206.846	14068
-211.706	14073
154.407	14108
214.445	14109
133.620	14110
168.933	14111
770.793	14113
-233.642	14154
-632.321	14155
-736.370	14203
-718.140	14204
-777.170	14205
-649.110	14206
-807.373	14207
-93.015	14208
-285.505	14280
-100.877	14283
9.173	14286
-11.905	14287
-131.610	14288
15.963	14291
-184.101	14292
-5.738	14302
582.523	14319
311.984	14322
-458.575	14340
-174.350	14345
-216.419	14346
671.490	14356
-202.720	14358
729.473	14361
456.061	14364
-39.185	14378
462.794	14383
-406.501	14388
-329.400	14389
-275.263	14390
-418.538	14391
128.411	14392
139.251	14395
48.774	14412
55.316	14413
-10.790	14438
-18.212	14479
642.945	14488
516.487	14491
659.629	14493
1750.854	14494
1870.908	14495
722.057	14499
-187.732	14501
-184.808	14507
-192.764	14570
-234.857	14625
-581.373	14632
-577.501	14635
-220.844	14637
-220.072	14641
200.126	14646
1090.097	14647
807.383	14658
657.024	14685
296.568	14688
656.001	14694
720.079	14695
-246.492	14699
40.147	14700
-716.386	14705
228.108	14715
247.865	14721
268.589	14726
230.109	14727
-46.922	14730
-18.463	14738
-282.681	14748
414.149	14749
332.033	14750
-527.142	14760
-181.984	14766
-525.848	14767
-663.263	14770
11.604	14771
294.552	14782
197.467	14783
284.417	14790
304.432	14791
256.136	14792
366.536	14795
430.723	14796
332.002	14797
344.186	14801
306.837	14802
200.795	14803
361.382	14811
-138.988	14813
35.966	14821
287.421	14824
218.178	14826
-189.635	14832
584.542	14840
705.819	14846
655.297	14851
520.408	14888
-128.731	14891
227.827	14893
194.635	14894
128.528	14895
445.102	14896
659.944	14899
675.702	14900
250.318	14927
574.606	14933
664.670	14934
357.975	14941
313.298	14948
819.887	14949
750.180	14950
-86.400	14959
435.087	14964
674.715	14980
655.122	14981
-93.776	14982
-112.380	14983
-378.778	14989
133.757	14994
559.211	15035
597.287	15097
734.316	15099
-656.371	15100
-689.131	15101
616.868	15109
575.540	15110
594.740	15111
519.837	15112
-399.333	15113
39.400	15128
382.438	15129
41.346	15134
-5.847	15138
334.871	15147
485.753	15168
429.128	15169
466.822	15170
468.879	15176
670.603	15181
618.349	15182
657.098	15183
633.883	15186
-161.005	15243
607.080	15244
-443.185	15245
148.534	15254
-58.468	15266
-41.245	15268
-21.495	15269
-93.847	15299
-12.587	15322
27.825	15327
54.544	15338
8.215	15371
-288.713	15430
-361.170	15431
519.338	15434
502.831	15437
898.588	15458
882.610	15462
205.279	15463
64.634	15470
-60.887	15471
594.204	15473
404.347	15483
562.432	15496
700.505	15499
46.098	15502
841.385	15514
1263.385	15516
896.555	15518
820.593	15521
465.862	15530
729.370	15543
487.973	15544
492.671	15556
-229.167	15566
-260.500	15573
414.679	15580
-48.303	15583
847.503	15586
160.678	15601
433.479	15618
474.370	15619
-26.670	15621
689.618	15623
668.372	15639
-203.136	15655
-344.781	15658
1027.848	15662
184.335	15666
708.783	15684
687.771	15690
673.453	15692
590.059	15693
618.076	15694
656.389	15706
894.704	15723
873.151	15727
663.909	15728
330.859	15748
850.421	15762
644.153	15767
658.272	15768
579.599	15772
852.361	15775
773.222	15777
829.501	15780
811.423	15785
-235.121	15789
554.296	15792
816.454	15836
1012.402	15840
645.285	15845
696.507	15846
785.907	15848
-122.078	15869
-346.711	15878
812.331	15922
782.915	15923
-26.297	15925
432.981	15934
-235.818	15936
296.949	15942
-438.747	15943
278.823	15944
233.185	15945
-397.942	15946
388.148	15954
201.422	15968
144.228	15969
508.750	16012
448.333	16013
-421.482	16034
29.326	16045
653.442	16058
1394.540	16061
673.330	16062
301.162	16065
487.732	16066
501.695	16067
662.791	16068
522.035	16075
1592.448	16082
23.598	16113
746.798	16123
862.350	16218
1032.785	16220
-37.575	16228
-89.105	16232
98.708	16233
771.041	16270
759.262	16277
761.893	16280
743.992	16281
-506.433	16293
723.678	16298
-388.637	16300
-348.008	16304
-371.649	16305
-328.342	16309
-456.823	16350
-250.504	16360
-284.472	16361
-224.966	16364
1178.751	16367
450.274	16377
801.538	16379
646.808	16401
444.224	16408
808.565	16410
795.685	16414
699.698	16417
550.971	16418
976.392	16432
281.526	16433
917.035	16438
203.858	16443
889.059	16444
875.348	16445
1375.284	16446
234.639	16447
1368.540	16453
1066.216	16454
-15.774	16463
217.747	16466
388.328	16467
1184.346	16472
312.238	16475
780.669	16477
762.767	16480
1075.494	16482
1315.848	16490
673.298	16493
1169.095	16550
586.248	16555
567.804	16556
572.093	16558
1236.594	16585
1151.577	16601
1086.092	16605
1113.512	16606
-360.869	16624
513.849	16635
1084.742	16638
492.377	16651
509.120	16652
484.954	16654
1066.473	16655
1117.300	16669
1046.073	16673
41.575	16676
47.121	16677
1089.305	16678
458.280	16679
1137.859	16710
697.652	16739
856.590	16750
609.669	16758
1216.435	16768
-400.045	16781
-276.073	16784
909.878	16788
882.802	16792
813.240	16793
-239.458	16808
-155.776	16809
622.376	16813
-282.521	16814
-475.755	16820
866.113	16829
764.661	16830
1185.990	16831
649.223	16839
523.506	16843
1172.350	16848
369.186	16853
1103.468	16854
724.677	16856
340.371	16862
-101.856	16863
-24.020	16864
-218.233	16937
-140.766	16948
566.901	16958
544.315	16959
406.822	16960
-7.184	16993
454.429	17003
-222.962	17017
-119.756	17018
-189.257	17021
-569.852	17024
-211.896	17028
-166.323	17029
100.999	17044
269.337	17045
-338.068	17058
396.332	17061
981.103	17066
169.696	17067
477.246	17071
-100.535	17085
744.733	17087
-288.730	17110
889.049	17111
840.220	17112
868.812	17114
658.066	17134
758.415	17135
365.058	17137
638.422	17142
362.574	17143
380.929	17144
683.177	17150
-313.781	17153
-310.162	17156
385.580	17159
-822.222	17165
-31.238	17167
857.249	17174
-227.176	17180
-71.153	17182
-31.766	17193
-315.675	17199
1318.659	17206
221.963	17210
435.529	17213
710.062	17238
441.790	17240
586.776	17247
609.986	17248
720.444	17255
649.103	17272
409.244	17273
645.864	17276
648.589	17277
750.699	17278
640.662	17279
928.140	17303
471.500	17347
434.202	17348
403.316	17351
468.531	17356
446.193	17361
460.353	17362
536.809	17369
10.698	17375
12.803	17378
-168.718	17379
573.729	17382
422.409	17407
659.426	17408
50.849	17417
43.923	17420
711.778	17430
846.138	17431
817.593	17438
800.798	17440
881.855	17451
851.679	17452
878.319	17458
875.044	17459
851.024	17460
539.494	17464
391.063	17466
-208.746	17472
581.643	17485
155.004	17508
289.031	17527
534.164	17550
657.324	17566
661.575	17576
556.082	17577
530.027	17584
518.066	17585
575.286	17586
-605.026	17587
895.503	17597
538.017	17604
283.612	17608
275.600	17609
595.195	17610
636.292	17613
719.059	17619
625.440	17620
295.800	17640
446.085	17641
627.349	17647
677.592	17659
661.896	17662
855.542	17666
733.568	17667
656.336	17670
883.096	17671
878.853	17672
859.896	17673
974.889	17677
604.627	17690
602.291	17691
678.102	17696
291.594	17700
1488.796	17713
-23.039	17727
-738.216	17745
226.237	17762
43.674	17764
529.412	17767
351.014	17772
544.465	17773
475.636	17775
575.523	17797
-293.798	17835
-308.792	17838
-138.051	17953
317.322	17954
-337.310	17972
295.636	17976
407.437	17978
-115.757	17993
-15.348	18039
44.002	18114
-106.791	18402
-74.663	18404
-205.238	18410
-119.608	18416
-252.355	18425
-363.202	18426
2.746	18557
11.982	18558
16.949	18559
518.577	18603
769.462	18604
664.841	18632
-121.471	18633
476.620	18634
538.354	18635
653.886	18645
587.534	18647
625.911	18655
572.741	18658
93.607	18661
29.414	18662
700.603	18665
-291.816	18667
-272.337	18674
36.996	18681
7.807	18682
62.275	18683
-465.913	18684
-154.568	18686
665.135	18692
349.660	18722
392.633	18723
233.281	18725
288.821	18726
313.421	18727
-0.669	18728
521.578	18732
219.680	18740
231.290	18741
212.724	18742
134.390	18743
585.901	18773
-333.545	18781
-283.466	18782
-139.894	18783
-297.913	18787
256.742	18788
2.233	18793
-271.738	18798
242.589	18799
264.334	18800
264.604	18801
196.188	18806
271.102	18807
-126.387	18808
302.374	18812
41.550	18825
-81.682	18916
45.263	18921
529.642	18927
-246.927	18929
-278.857	18930
-9.534	18932
558.629	18933
-345.720	18936
-338.360	18937
43.917	18943
-87.455	18947
-126.147	18949
320.110	18964
561.342	19022
-132.489	19023
-347.860	19024
-286.142	19026
-203.405	19027
563.603	19028
-24.879	19461
-94.907	19462
-82.976	19463
-109.125	19513
0.006	19517
-93.111	19518
-40.246	19522
-2.523	19535
-74.888	19549
-17.128	19558
14.034	19559
-100.366	19560
-26.776	19562
38.392	19572
5.308	19573
-125.047	19604
242.889	19647
-543.427	19703
-287.339	19756
-273.007	19763
220.479	19765
-374.155	19766
-213.463	19791
-184.832	19792
200.566	19801
212.478	19802
-215.072	19814
-236.427	19816
-259.738	19817
-286.241	19818
-194.534	19819
-179.544	19841
-238.831	19842
309.978	19875
191.948	20007
328.947	20018
239.659	20073
-484.357	20082
-444.295	20083
-365.573	20084
-395.132	20085
-489.622	20229
241.074	20235
310.745	20236
289.946	20237
383.492	20238
51.791	20264
285.008	20266
311.198	20267
307.548	20268
414.298	20272
391.356	20284
284.238	20288
-347.037	20294
19.106	20295
30.972	20296
678.945	20301
511.090	20344
594.631	20345
625.240	20346
612.706	20347
577.729	20444
577.896	20445
-339.855	20638
91.392	20639
95.989	20640
-317.538	20643
-115.802	20644
321.886	20691
-7.860	20692
-491.975	20694
-228.167	20703
-210.129	20704
-789.635	20716
-820.782	20718
-808.294	20720
-312.779	20721
-481.423	20724
-483.181	20725
-307.989	20726
205.633	20727
-1087.823	20731
-117.529	20870
-87.913	20871
308.282	20970
204.579	21099
2.438	21100
-84.812	21103
-1.969	21141
46.389	21157
-16.928	21190
-8.617	21191
-91.756	21298
-11.679	21323
523.260	21398
528.679	21399
322.417	21431
268.599	21432
593.093	21435
586.051	21436
582.456	21437
746.453	21438
528.567	21445
760.010	21447
326.546	21455
636.919	21458
650.378	21459
-349.116	21479
-627.108	21482
-310.383	21484
-207.446	21504
366.350	21510
-238.621	21512
-263.763	21527
-253.850	21528
-220.360	21534
-328.860	21536
68.117	21649
-8.038	21650
42.107	21698
159.414	21745
-374.622	21885
-110.891	21964
-451.924	21968
-193.880	21973
-543.033	21974
-245.147	21976
-320.017	21977
-578.978	21978
-456.326	21979
-457.931	21980
256.595	21991
-298.364	22032
-568.250	22034
-551.083	22059
306.682	22075
-169.177	22078
-181.258	22079
-720.897	22081
-262.133	22084
311.059	22087
388.575	22088
-355.362	22089
-781.053	22098
-149.747	22118
300.909	22127
285.464	22134
317.561	22139
277.904	22142
271.704	22143
229.970	22144
195.151	22145
43.467	22146
59.968	22147
43.138	22164
-32.246	22187
1353.097	22234
19.733	22235
70.455	22236
2.353	22238
34.626	22241
-565.653	22604
-556.746	22605
-491.588	22606
-337.902	22612
-260.599	22623
-306.667	22624
456.500	22627
426.594	22628
-274.481	22632
248.246	22640
-315.044	22643
276.136	22664
304.348	22665
956.018	22667
33.211	22674
-51.083	22675
-99.328	22676
-84.734	22685
-284.797	22703
-115.735	22709
-374.910	22796
618.209	22971
663.429	23115
-581.690	23262
-602.440	23263
-465.774	23266
-281.417	23302
296.729	23318
-303.003	23335
-149.499	23336
-131.025	23340
-284.588	23341
-472.976	23352
3.325	23354
55.381	23358
142.064	23361
-121.174	23379
-154.389	23439
995.269	23475
-101.931	23507
1.452	23532
-216.157	23537
-60.951	23538
-1.345	23543
-174.781	23555
296.564	23556
368.058	23565
-312.772	23610
-213.517	23628
-260.405	23633
-65.407	23640
21.412	23649
-146.142	23657
73.324	23672
13.070	23673
141.066	23674
16.690	23675
1383.990	23690
1381.721	23691
31.424	23697
-306.334	23743
-275.415	23744
-571.196	23754
-515.144	23764
-510.632	23765
-733.550	23767
-29.732	23769
-119.265	23770
-165.076	23772
180.344	23783
-409.778	23785
-446.730	23799
211.599	23801
-326.524	23824
165.973	23828
191.758	23829
-314.177	23847
201.335	23848
247.193	23849
-139.244	23850
-234.200	23896
-216.225	24043
-430.753	24116
-9.892	24117
-191.538	24144
-219.924	24167
-449.855	24202
212.726	24210
529.685	24243
554.175	24354
-548.649	24372
220.700	24399
-589.022	24427
-109.825	24589
-336.455	24694
-385.418	24703
-422.066	24710
-464.598	24724
42.461	24788
9.914	24824
60.598	24825
-261.917	24858
-355.068	24859
-182.813	24876
-208.300	24890
572.225	24891
1409.841	24892
1392.915	24893
48.825	24894
30.585	24895
1524.277	24918
-301.495	24923
-142.773	24936
-437.790	24944
-251.606	24946
-337.149	24957
-1099.390	24958
-321.426	24972
-396.438	24980
-237.391	24999
-528.325	25003
-562.342	25010
265.096	25020
261.133	25021
-268.532	25022
243.857	25030
-307.304	25033
244.422	25050
232.886	25051
-241.310	25061
-161.930	25140
-143.992	25141
-94.037	25157
-109.758	25158
-29.354	25159
-422.172	25160
-483.729	25309
-319.616	25310
209.737	25611
105.711	25612
156.778	25726
389.415	25934
507.178	25935
-455.908	25946
1399.378	25948
311.440	25949
-381.033	25971
1355.270	25981
442.378	26001
305.918	26023
305.711	26024
116.013	26046
317.351	26059
5.664	26232
-30.274	26240
-121.100	26241
-228.996	26247
-101.907	26251
-44.548	26252
-402.855	26328
-406.074	26329
-122.447	26375
80.449	26376
-128.057	26393
-361.135	26394
-326.225	26412
-158.505	26420
-461.756	26459
241.224	26463
-311.135	26464
185.515	26466
186.409	26468
175.410	26471
-558.192	26475
-541.239	26476
-513.895	26477
-544.438	26478
-551.911	26479
-573.357	26480
-42.442	26481
-421.200	26484
-527.688	26486
-35.716	26490
-102.331	26491
-263.914	26497
-590.758	26498
-446.350	26499
-584.162	26512
-134.897	26533
-493.247	26536
-556.270	26552
-207.582	26573
-220.915	26574
6.586	26575
-79.432	26611
-91.580	26615
-189.626	26620
-185.906	26621
-174.030	26629
-32.600	26637
-195.558	26648
1098.176	26662
349.269	26664
1034.204	26696
-318.251	26713
-158.270	26716
-159.238	26717
-213.989	26720
-376.125	26722
-200.613	26724
-146.809	26733
-198.595	26734
594.421	26735
323.300	26758
-116.356	26764
-39.282	26768
-89.428	26769
-31.021	26781
214.215	26805
-291.762	26807
333.193	26825
481.237	26826
493.847	26827
-106.472	26829
666.570	27026
1529.550	27053
-278.290	27054
20.528	27174
79.566	27175
73.903	27179
18.768	27199
168.939	27200
41.192	27230
158.398	27391
43.172	27507
-440.443	27561
-342.406	27761
-349.003	27764
-38.409	27832
-296.444	28002
1095.085	28164
-10.610	28169
-25.051	28170
66.901	28179
441.351	28182
431.388	28183
-289.368	28185
-45.438	28186
1077.764	28187
-531.921	28192
433.278	28194
426.732	28195
310.733	28204
999.109	28205
1031.583	28208
326.295	28210
227.239	28211
1107.035	28213
234.598	28218
289.716	28219
1084.257	28221
-40.358	28223
952.876	28226
-454.103	28265
-51.983	28277
-280.609	28282
-6.216	28284
-180.691	28285
-140.662	28290
-491.386	28302
-111.730	28303
-155.726	28304
-321.789	28313
-302.947	28324
-549.800	28335
-544.110	28336
-289.715	28337
298.691	28377
73.065	28386
274.070	28400
298.609	28420
-582.307	28424
-109.490	28467
-79.699	28468
-270.719	28528
499.096	28539
-291.065	28541
-160.119	28543
-141.828	28544
-299.281	28549
-289.617	28556
1351.307	28745
1419.447	28832
916.613	28845
302.203	28851
368.013	28852
-135.936	28853
206.037	28854
1415.988	28858
679.173	28861
782.042	28862
611.750	28864
644.671	28865
411.892	28870
47.538	28932
194.554	28975
-47.852	29091
244.523	29213
-11.837	29214
-33.447	29215
-399.867	29216
300.599	29219
44.104	29226
113.549	29227
673.196	29235
24.369	29419
-323.253	29422
-517.611	29445
364.496	29455
-298.279	29456
-464.925	29472
-54.871	29492
-93.849	29506
596.553	29526
-510.870	29544
-59.426	29561
-297.744	29573
-463.022	29574
-450.316	29576
-413.849	29577
420.842	29579
333.118	29580
469.101	29581
-327.823	29585
448.180	29593
-208.036	29594
242.256	29599
249.243	29600
176.920	29601
314.595	29602
810.585	29603
-7.232	29606
-119.026	29613
75.785	29630
-33.937	29631
26.682	29636
-100.718	29649
-174.440	29650
-453.297	29671
-542.437	29684
-510.209	29685
95.455	29686
964.324	29705
989.690	29706
1052.819	29707
1032.355	29708
1183.895	29714
1102.546	29720
-345.606	29721
1042.867	29725
1052.808	29728
706.527	29729
443.980	29730
664.285	29733
321.227	29795
759.892	29802
342.654	29834
363.512	29837
1809.305	29843
1822.259	29844
1307.246	29845
902.067	29848
290.294	29849
345.234	29850
1028.325	29861
10.281	29868
1112.718	30210
1052.065	30211
1522.396	30212
1007.817	30226
1481.706	30244
278.715	30252
130.687	30253
275.374	30272
946.185	30278
263.029	30322
218.667	30332
233.251	30333
-763.555	30335
213.042	30357
289.171	30358
219.970	30362
212.593	30367
224.856	30368
241.195	30377
279.780	30393
304.923	30395
386.492	30449
371.054	30477
172.308	30484
938.710	30502
290.427	30503
36.654	30540
-33.527	30541
53.724	30545
-440.385	30565
317.820	30579
518.412	30598
330.365	30600
311.058	30625
18.238	30644
287.175	30653
587.016	30656
314.213	30660
268.811	30661
-12.975	30667
391.782	30668
625.400	30684
319.894	30689
285.685	30690
239.920	30694
434.557	30712
299.040	30713
152.763	30717
24.518	30730
161.532	30734
-409.912	30735
-459.518	30739
-509.249	30752
-1354.095	30753
-1224.692	30754
-345.938	30755
-337.348	30756
-454.499	30757
-321.108	30766
-273.703	30767
-417.245	30768
-533.471	30769
-192.124	30782
355.039	30933
-385.039	31046
-519.159	31079
-54.856	31082
-191.289	31084
-170.579	31088
-28.953	31099
475.789	31100
-180.503	31101
-222.049	31110
-199.173	31112
272.090	31114
-548.013	31120
231.100	31144
-491.472	31154
-112.329	31217
-263.718	31229
-178.344	31255
-824.431	31283
-532.616	31287
-381.213	31288
-447.090	31297
-814.214	31304
-568.562	31306
-408.420	31307
483.171	31337
-260.840	31355
251.495	31358
284.545	31373
282.525	31375
1569.254	31389
583.649	31390
326.751	31400
331.852	31412
73.971	31438
13.894	31439
505.972	31442
438.177	31473
-95.933	31474
-117.983	31475
568.461	31488
535.157	31495
547.123	31496
872.248	31497
432.060	31498
426.122	31567
547.782	31589
214.959	31649
-219.148	31652
-101.822	31653
-175.966	31654
-354.333	31660
-358.481	31661
-367.002	31662
-328.321	31669
-517.653	31674
-288.751	31679
-271.144	31680
-236.070	31681
-209.465	31690
-248.951	31704
562.248	31743
-303.738	31744
-306.721	31745
2.958	31755
539.595	31760
403.350	31761
-223.275	31762
415.139	31764
175.551	31765
-274.407	31768
78.263	31783
-473.612	31819
-348.722	31827
-170.720	31828
871.919	31853
310.888	31856
157.761	31858
246.967	31862
186.876	31863
13.649	31898
-653.584	31927
-0.520	31952
2.816	31953
-30.979	31954
-287.170	32049
-276.218	32051
-241.094	32052
-116.653	32086
-274.512	32105
-330.838	32107
-255.243	32132
-420.274	32133
-316.006	32135
-235.949	32137
-239.040	32141
-293.957	32155
-379.372	32156
-396.523	32157
-191.231	32158
374.191	32160
1042.201	32194
-394.812	32239
-421.580	32240
-413.927	32241
-379.417	32243
-279.775	32264
-416.765	32268
-405.190	32270
-414.168	32283
1319.217	32287
-274.449	32292
-375.886	32327
1107.334	32411
63.268	32417
-104.935	32421
1189.123	32431
598.537	32474
427.099	32518
544.362	32519
-374.590	32520
-385.891	32748
-647.021	32764
-392.423	32802
-244.915	32812
207.529	32833
220.361	32846
307.704	32855
283.187	32877
216.699	32881
170.942	32882
-620.741	32883
-482.962	32885
-739.114	32893
-837.760	32894
-875.939	32895
-583.872	32901
-378.040	32957
-355.005	32963
-374.978	33034
-257.376	33035
457.556	33051
470.113	33054
-37.794	33060
53.118	33088
1432.983	33168
-144.249	33213
510.874	33236
1166.340	33277
1344.293	33278
352.850	33295
-129.109	33308
236.261	33630
-439.165	33716
948.188	34064
-371.018	34106
327.250	34109
-389.944	34111
-321.096	34112
-244.743	34115
-985.303	34117
-753.838	34130
-374.779	34192
-445.801	34307
-442.354	34311
-448.100	34312
14.281	34324
273.892	34326
1422.980	34331
1240.516	34340
1245.951	34371
604.819	34390
1381.581	34391
1449.545	34392
1164.679	34411
1353.108	34424
751.798	34524
750.835	34528
730.900	34530
748.392	34532
-160.392	34556
-265.693	34595
512.499	34621
247.231	34623
30.348	34626
331.215	34639
509.764	34659
666.245	34660
781.357	34720
1314.273	34723
1420.479	34744
-631.580	34777
-237.348	34781
-492.992	34788
-540.329	34792
-273.775	34805
-265.512	34810
-279.847	34838
-64.115	34875
-686.606	34879
-52.501	34888
-154.140	34889
258.509	34935
-97.747	34994
-51.287	35003
256.008	35050
-119.060	35092
-148.142	35151
95.357	35152
101.301	35166
281.070	35179
254.935	35183
-382.670	35223
-338.366	35227
-392.356	35235
-316.675	35239
1425.184	35242
709.964	35334
1014.475	35357
995.661	35401
868.077	35407
880.338	35409
-254.395	35423
-266.428	35424
-157.857	35431
-481.755	35432
99.642	35450
0.739	35576
64.757	35583
6.705	35584
229.640	35601
-451.710	35663
-399.059	35664
447.821	35665
306.085	35666
-396.407	35681
-518.179	35696
-270.034	35743
372.155	35744
-620.909	35746
-21.112	35801
-870.642	35808
-636.517	35811
-706.929	35812
20.212	35886
42.188	35887
30.589	35888
-542.741	35891
-118.287	36464
-1355.267	36477
236.355	36495
-1496.571	36496
-869.465	36497
-828.480	36498
-486.040	36499
-1499.483	36501
-732.033	36507
248.035	36510
-1554.401	36511
-1566.955	36512
-1776.820	36514
-1721.862	36515
-811.944	36517
-557.655	36524
-577.894	36525
-785.010	36528
-635.507	36529
-1718.280	36531
-410.049	36562
447.845	36587
442.552	36588
-298.593	36676
-313.594	36677
-260.412	36678
-257.030	36726
-310.451	36730
-258.348	36769
-300.995	36770
-361.672	36799
-251.117	36838
-515.195	36842
-284.379	36843
-304.584	36844
190.411	36854
-517.756	36864
184.836	36876
183.683	36877
420.887	36879
405.152	36880
489.381	36901
210.625	36902
376.408	36903
-272.655	36923
226.984	36925
443.393	36938
-248.802	36947
591.805	36955
544.063	36956
257.979	36957
318.412	36958
366.936	36959
-271.047	36969
660.037	36970
-259.618	37035
-234.482	37040
70.109	37047
57.485	37070
-476.503	37073
-93.595	37074
-168.509	37103
-303.648	37114
-258.913	37129
-108.734	37148
-66.482	37149
-197.838	37192
-86.667	37193
-1.335	37219
-833.693	37220
-284.770	37252
380.119	37255
-194.654	37265
-598.242	37302
-570.526	37303
-518.186	37304
-482.064	37306
-492.606	37307
-570.905	37312
-265.459	37348
-438.833	37356
-508.223	37359
-540.198	37364
507.314	37392
-197.707	37546
-366.507	37547
-117.866	37552
-365.790	37554
-439.541	37555
525.744	37557
400.374	37558
546.531	37559
-316.609	37561
-174.435	37562
523.589	37563
422.728	37564
469.752	37565
434.636	37567
-131.306	37568
349.063	37569
414.530	37570
18.100	37577
9.943	37578
107.333	37579
388.012	37584
72.383	37676
116.938	37677
-212.553	37678
147.373	37838
68.927	37847
82.116	37848
82.011	37849
120.378	37850
75.153	37851
23.882	37852
8.894	37970
-21.916	38027
-259.719	38167
97.488	38211
-340.340	38258
496.262	38289
208.103	38474
618.978	38475
613.663	38476
-799.482	38626
200.979	38627
520.654	38910
-272.004	39128
-90.890	39132
-226.219	39142
-305.812	39143
-122.517	39161
78.282	39162
107.415	39163
-105.136	39177
-99.353	39179
-121.069	39180
406.657	39195
-337.788	39196
395.418	39292
-176.631	39293
416.229	39296
-384.704	39297
376.402	39298
-25.999	39302
-15.665	39304
5.450	39305
-748.939	39312
-59.479	39314
-723.919	39323
75.170	39329
-52.887	39330
-79.329	39331
1.188	39332
20.888	39333
-857.541	39336
-855.455	39337
-710.689	39341
62.128	39343
-720.407	39344
-794.526	39350
-699.080	39353
218.434	39370
155.473	39386
-20.996	39392
627.216	39393
153.396	39412
195.292	39421
252.769	39443
144.221	39445
193.328	39457
103.782	39466
38.595	39467
-185.563	39468
-32.543	39469
85.648	39473
114.296	39479
33.661	39481
-374.163	39482
-308.513	39484
63.986	39492
24.628	39797
-290.114	39808
-10.153	39821
-34.381	39822
-285.794	39878
-220.511	39885
545.001	39896
-334.805	39899
363.547	39901
-277.584	39946
-260.280	39947
-296.681	39948
-246.849	40001
-188.970	40046
303.898	40048
-262.322	40049
-449.220	40116
299.297	40117
419.618	40165
414.288	40166
-228.659	40200
1113.496	40203
1060.239	40233
1079.023	40234
1055.875	40235
1058.710	40283
1079.652	40284
1052.401	40285
-109.462	40464
-296.979	40468
-427.050	40469
-271.426	40474
-287.230	40478
-267.454	40482
-207.640	40488
-0.930	40489
-65.592	40490
252.752	40494
-781.025	40516
-768.105	40517
249.093	40536
245.851	40537
214.215	40538
171.825	40539
272.070	40540
126.773	40541
104.198	40542
79.826	40543
55.579	40544
-55.466	40556
93.871	40595
276.407	40596
67.170	40598
40.689	40599
5.965	40600
138.356	40601
103.347	40602
234.942	40656
242.134	40657
-192.041	40686
280.097	40753
-0.088	40762
-26.469	40769
-738.233	40779
-174.535	40823
-504.757	41069
-108.638	41070
-416.616	41073
-481.281	41074
-529.951	41075
-617.872	41119
650.203	41126
995.187	41127
-514.889	41150
-654.150	41183
-533.704	41233
52.534	41420
-283.667	41421
35.934	41423
42.519	41424
-270.814	41425
-288.076	41426
1053.274	41427
981.327	41428
1046.771	41429
-235.927	42014
29.110	42030
-255.888	42049
36.971	42060
-367.608	42081
9.772	42082
1162.837	42084
1153.394	42085
1057.576	42086
1146.584	42098
1108.052	42125
-244.238	42151
1121.361	42157
776.170	42159
890.918	42160
1256.660	42170
573.229	42203
706.464	42204
1011.021	42205
664.993	42210
693.280	42234
878.051	42255
1342.995	42296
1239.062	42316
1315.353	42348
44.399	42560
215.385	42561
97.910	42564
361.332	42568
446.511	42572
276.764	42573
480.623	42588
583.500	42590
625.218	42591
509.257	42592
-334.680	42593
95.014	42594
147.823	42604
28.503	42624
22.759	42625
-176.844	42701
1121.245	42716
490.517	42717
447.256	42718
616.188	42722
1048.785	42744
979.984	42779
1009.895	42788
1324.065	42846
1357.045	42847
-238.561	42848
-276.884	42849
-209.316	42850
399.919	42851
-296.127	42859
-97.455	42866
-108.388	42867
1073.917	42898
1023.754	42926
-146.214	42929
871.004	42944
879.422	42945
-66.710	43008
-347.886	43031
-185.453	43061
-328.838	43075
-233.832	43076
-46.775	43217
-72.450	43223
-265.765	43227
-267.502	43228
-261.760	43233
213.871	43279
-1003.691	43298
-566.789	43715
-240.475	43720
-481.628	43733
-183.477	43735
87.819	43736
-2.889	43737
48.981	43857
59.631	43864
-581.231	43865
-242.682	43866
121.553	43899
26.078	43919
45.999	43920
-593.297	43946
-284.306	43958
-398.375	44003
1221.069	44020
-368.906	44048
-465.480	44049
-12.332	44053
738.282	44056
-182.887	44062
-471.309	44065
139.539	44073
-472.121	44074
-853.271	44076
148.823	44102
104.448	44103
190.888	44104
147.765	44105
361.135	44134
398.508	44135
304.263	44139
1160.035	44140
355.305	44144
776.906	44154
609.275	44246
732.536	44250
52.490	44256
-135.499	44267
-466.545	44271
-400.911	44272
10.493	44273
-746.244	44274
-579.754	44286
-411.487	44287
-657.254	44366
298.872	44395
336.598	44396
89.464	44457
629.991	44490
634.565	44491
373.845	44494
552.387	44552
-213.190	44625
-297.565	44632
-267.765	44640
-295.707	44641
-293.850	44642
-291.351	44650
-279.316	44651
-341.140	44661
-260.323	44669
-326.488	44670
-286.274	44673
-257.518	44674
-269.029	44677
-281.568	44678
-307.235	44679
890.345	44680
883.796	44681
862.440	44682
-457.211	44760
-788.719	44796
-794.210	44797
300.363	44799
281.309	44800
-585.251	44846
-422.703	44852
-75.021	44865
370.493	44868
-277.977	44985
22.762	45033
34.763	45034
22.627	45035
-421.125	45036
-689.100	45047
-88.022	45049
-236.972	45051
-178.803	45052
-439.015	45053
-28.478	45091
1406.837	45105
-508.860	45120
-366.958	45133
-570.679	45140
-207.572	45141
-389.038	45143
374.605	45152
-284.458	45155
-1101.778	45190
410.756	45192
-768.851	45195
287.235	45244
-314.569	45252
328.167	45253
193.636	45254
-360.076	45277
-316.501	45488
190.127	45498
282.203	45500
42.693	45505
296.542	45531
342.231	45567
-120.704	45569
-146.576	45570
520.514	45583
-278.710	45594
-565.153	45595
-101.269	45596
-102.328	45597
-528.436	45619
-538.830	45620
621.287	45626
-508.665	45645
-504.111	45680
715.853	45692
-0.861	45731
51.257	45739
-275.748	45782
-132.757	45883
-267.579	45965
108.345	45978
80.433	46078
204.300	46118
-311.332	46149
-326.956	46150
283.705	46169
-395.864	46184
249.817	46283
-292.112	46286
-423.019	46351
-131.261	46357
-454.805	46369
-228.340	46448
-281.111	46538
-115.947	46618
-462.676	46622
-549.936	46626
-462.655	46627
-480.398	46628
-530.662	46635
-145.917	46647
-245.920	46648
-308.874	46652
-259.975	46664
-292.194	46666
-325.652	46687
-393.143	46688
-401.783	46716
-248.102	46731
-206.514	46937
-288.420	46938
-252.024	46941
-142.395	47006
-148.202	47007
-310.476	47030
644.961	47083
386.465	47084
220.363	47094
-262.932	47169
-70.219	47194
-187.049	47195
590.715	47211
563.737	47218
-274.828	47223
585.756	47225
-109.688	47245
-229.640	47285
-396.482	47288
-414.101	47289
-508.842	47295
-76.440	47302
-318.312	47314
-409.166	47317
48.098	47322
2.612	47323
-598.284	47336
237.707	47339
-27.179	47419
-290.046	47457
234.170	47460
-207.270	47464
-210.108	47465
-170.293	47466
-191.900	47473
227.144	47702
-513.261	47703
-248.434	47707
-233.974	47708
-219.789	47710
-107.317	47716
-321.273	47731
-136.010	47732
-218.845	47748
-180.540	47751
-225.051	47788
-321.272	47809
-329.101	47848
822.754	47928
423.504	47940
667.381	47941
652.243	47943
-168.653	47958
-43.742	48008
128.112	48009
338.752	48014
445.251	48015
-108.141	48016
443.879	48018
-570.236	48032
-546.927	48033
67.204	48147
466.483	48193
342.950	48203
471.642	48243
277.782	48297
351.249	48298
521.494	48299
532.184	48300
481.662	48301
264.453	48329
635.143	48435
553.744	48438
327.771	48465
-301.584	48474
613.836	48534
616.934	48535
637.938	48541
616.794	48542
633.904	48583
555.179	48584
572.238	48616
575.716	48650
-157.703	48675
-331.076	48696
-356.086	49041
251.378	49050
404.107	49052
277.627	49054
589.921	49059
1437.625	49063
1318.905	49064
-255.941	49067
330.969	49073
107.351	49350
102.923	49352
111.247	49353
-30.730	49357
-99.572	49358
-72.792	49359
-93.258	49360
-541.837	49361
-251.487	49364
-84.569	49369
36.296	49373
-130.133	49374
65.813	49375
46.892	49376
116.099	49419
-8.002	49435
-216.040	49490
649.925	49494
-104.118	49516
503.715	49529
-78.030	49536
460.419	49559
484.704	49560
483.025	49561
-54.064	49562
584.427	49581
5.391	49582
125.148	49616
860.962	49621
192.965	49624
1192.786	49630
-83.316	49631
-60.279	49633
-48.445	49634
284.375	49639
14.320	49640
771.993	49654
296.162	49658
-79.344	49659
384.515	49744
628.832	49762
766.273	49763
753.590	49771
808.011	49772
727.015	49777
772.011	49778
565.800	49779
50.648	49780
615.710	49789
677.249	49803
1052.278	49807
375.111	49808
683.600	49815
695.707	49816
979.679	49820
212.986	49821
754.518	49853
805.034	49860
701.614	49862
708.698	49863
759.629	49866
636.142	49867
710.462	49868
754.626	49880
-90.716	49901
-94.963	49905
772.128	49927
962.437	49959
900.446	49961
633.130	49963
748.460	50003
1049.161	50007
387.589	50028
870.320	50085
273.721	50113
385.345	50114
824.940	50115
-736.406	50190
-316.253	50199
-732.954	50202
-561.967	50223
-187.456	50244
-342.030	50245
519.257	50246
-689.841	50249
-768.385	50258
-530.970	50259
-520.472	50268
581.682	50281
610.045	50282
619.874	50283
567.342	50377
-59.774	50464
523.879	50811
-351.852	50821
-334.434	50822
-812.787	50833
-371.606	50843
-357.961	50844
-790.956	50848
-382.581	50877
-706.421	50878
-389.757	50904
-284.732	50911
535.325	50912
533.230	50917
1348.628	50931
293.899	51056
-164.344	51163
435.696	51258
582.887	51259
599.539	51301
452.732	51318
-188.760	51365
-87.545	51366
-118.430	51367
-164.833	51368
-195.901	51390
-534.900	51409
67.984	51431
-659.383	51437
-348.729	51452
154.160	51466
150.577	51467
-166.909	51514
-40.268	51517
24.706	51528
-137.829	51550
-3.103	51551
-108.035	51552
-225.018	51578
80.843	51594
-60.639	51595
-527.909	51637
-290.857	51640
-253.110	51641
-770.633	51642
-223.235	51654
-233.023	51655
-273.169	51656
-764.448	51674
-773.278	51675
272.965	51688
136.801	51703
184.745	51711
310.578	51719
165.536	51735
271.210	51736
-504.741	51771
-598.463	51772
-589.391	51773
-510.905	51774
-561.946	51781
-533.120	51786
677.261	51853
694.287	51906
761.766	51928
696.986	51929
319.394	52483
-322.328	52488
-277.699	52491
-182.038	52512
-151.369	52516
-280.998	52520
-225.936	52735
-282.440	53016
-212.448	53070
-454.799	53208
239.242	53231
-105.197	53301
-286.789	53319
77.007	53355
-403.156	53358
-278.586	53443
-776.922	53449
-777.399	53458
-744.006	53459
-26.017	53469
84.314	53470
86.500	53471
117.097	53472
658.646	53479
137.405	53480
-886.890	53481
93.189	53482
245.166	53488
567.519	53489
-508.128	53493
499.773	53497
517.787	53498
508.013	53516
661.780	53524
291.865	53527
-181.026	53531
282.254	53647
246.130	53664
-264.107	53681
-243.086	53682
387.553	53710
406.716	53711
428.804	53712
-289.117	53715
419.018	53802
396.473	53803
348.194	53830
586.492	53831
438.118	53856
-369.746	53866
-266.133	53869
-343.582	53870
477.308	53878
-536.356	53879
318.336	53896
314.133	53897
654.484	53938
53.327	53947
501.772	53950
676.477	53952
-788.044	53962
-39.244	53964
-221.655	53981
26.796	53982
720.176	53986
-232.749	54034
73.541	54060
340.425	54090
323.155	54091
-18.844	54092
-104.650	54104
336.644	54123
55.146	54124
390.310	54125
315.228	54126
293.064	54162
348.338	54163
331.423	54164
331.704	54279
310.080	54296
1139.211	54326
-267.558	54378
-286.057	54381
305.166	54536
-141.340	54567
336.144	54653
1038.636	54661
910.043	54678
925.990	54679
-171.309	54681
-257.264	54682
-54.608	54721
-31.057	54725
-471.333	54726
563.961	54877
-134.205	54879
-46.868	54909
-79.454	54917
-131.266	54918
-96.493	54931
-357.470	54951
937.765	54952
983.395	55049
323.688	55052
306.432	55053
981.756	55054
-137.228	55057
-429.831	55635
-254.903	56244
-251.688	56245
-267.067	56287
-235.684	56289
35.903	56325
-228.981	56431
-227.202	56432
-535.373	56444
-208.668	56445
-453.416	56456
-421.194	56463
-461.865	56464
-376.960	56466
-172.995	56467
-188.315	56468
524.048	56476
-138.940	56477
-150.853	56478
-221.510	56484
-33.250	56485
1041.536	56488
324.236	56518
140.270	56522
316.990	56532
-303.566	56592
-405.766	56593
-338.472	56621
47.530	56622
-620.158	56659
-600.306	56680
-499.032	56681
-576.558	56692
-603.286	56693
559.977	56732
670.768	56756
-514.427	56771
270.589	56796
344.567	56797
246.745	56838
310.840	56839
262.447	56840
252.173	56870
234.671	56937
-411.350	56987
-264.526	56996
-220.311	57010
-517.946	57096
1097.616	57138
1052.195	57139
279.603	57140
286.827	57149
340.036	57150
557.984	57187
1032.483	57189
687.724	57644
294.312	57756
259.469	57766
228.379	57773
-487.108	57782
-480.680	57783
-468.880	57784
-29.765	57801
-513.656	57808
-537.549	57809
-516.336	57810
-486.065	57824
-508.630	57830
494.712	57859
449.938	57860
535.027	57865
511.883	57866
287.668	57867
336.611	57868
379.387	57869
449.361	57870
364.666	57872
298.041	57873
497.084	57874
-462.452	58021
-293.580	58025
376.470	58339
376.410	58340
276.514	58379
264.538	58405
254.828	58453
-45.085	58783
-1074.148	58798
-85.911	59340
-397.306	59384
235.586	59392
177.570	59393
182.503	59397
388.975	59398
365.772	59399
764.655	59401
779.929	59409
258.907	59416
509.912	59418
524.971	59422
-396.372	59423
433.670	59424
919.698	59425
-287.423	59427
-314.308	59429
536.908	59436
550.912	59437
-316.667	59448
-203.619	59449
6.563	59526
590.973	59529
583.322	59530
659.242	59534
-130.259	59536
114.324	59541
-165.464	59542
294.456	59543
602.762	59611
281.300	59623
1067.173	59657
1289.086	59665
500.457	59715
519.068	59717
-224.240	59719
638.927	59721
602.017	59730
510.307	59750
390.856	59850
233.123	60527
248.596	60530
-161.640	60572
15.575	60591
-345.785	60720
-713.189	60885
-644.593	60893
-578.756	60894
-739.391	60895
-766.692	60896
-383.144	60920
-237.194	60924
-479.956	60960
-223.063	60970
-338.075	60986
-4.337	61100
-421.345	61175
-521.567	61176
-640.706	61177
316.091	61219
314.155	61220
300.054	61337
317.602	61338
-110.040	61450
-1.990	61454
-111.238	61455
-88.558	61456
-272.728	61589
-522.442	61635
-741.022	61770
-740.355	61771
-509.969	61772
191.198	61805
-1274.221	61842
-1344.174	61843
-391.278	61905
-439.858	61936
-1351.726	61940
-243.666	61946
-741.838	61951
319.870	61965
307.403	61977
-1284.646	61991
-1284.010	61992
977.103	62006
472.338	62007
229.059	62011
626.303	62014
603.928	62033
675.148	62034
597.220	62036
-402.554	62492
-55.740	62495
-219.295	62498
-123.481	62502
-233.579	62503
-351.056	62506
76.754	62526
-132.105	62660
-91.663	62686
84.104	62730
-240.939	63697
28.436	63947
24.941	63952
228.103	63995
523.855	63998
388.892	63999
326.410	64047
401.065	64069
189.187	64078
437.455	64085
261.193	64090
-47.158	64096
194.206	64103
564.955	64108
-114.362	64117
-113.773	64139
-186.219	64161
-233.295	64216
61.499	64329
37.272	64330
237.899	64390
-137.021	64391
-118.776	64407
357.152	64429
376.321	64434
334.084	64435
1439.738	64519
1443.700	64605
1622.878	64629
1024.520	64635
1543.333	64645
1432.609	64662
-481.964	64824
-330.550	64825
-89.900	64841
441.909	64894
-26.392	64895
-71.304	64896
-54.312	64897
174.209	64898
99.484	64909
195.012	64928
91.025	64947
472.024	64959
554.360	64962
428.041	64963
442.790	64964
-90.063	64969
636.430	64971
1687.507	64997
596.069	65014
530.599	65015
1617.543	65057
-544.369	65105
-152.044	65131
147.668	65136
4.962	65137
-94.239	65145
-747.930	65155
-546.621	65183
-425.217	65196
-525.060	65197
-560.231	65203
-466.856	65214
-89.919	65339
0.493	65513
-8.569	65519
-92.967	65520
18.739	65534
365.263	65537
41.807	65538
-84.937	65572
-23.764	65573
357.987	65574
-131.049	65582
405.512	65591
83.298	65700
-676.495	65904
-537.530	65913
-628.685	65914
-263.564	65929
-317.926	65930
-276.686	65931
335.219	65939
-61.467	65950
448.283	65961
623.430	65970
366.303	65971
425.981	65975
237.517	65982
489.080	65984
574.822	65986
645.363	66047
549.542	66049
598.102	66060
1208.663	66106
654.031	66129
-309.067	66319
-478.101	66320
-463.775	66322
-329.410	66323
-329.847	66324
590.303	66449
356.392	66794
73.938	67210
-117.997	67354
-1022.605	67364
633.870	67373
580.782	67536
1321.540	67561
619.134	67573
92.854	67654
-68.725	67655
-113.279	67657
30.389	67708
-424.692	67944
-269.531	68040
80.180	68105
-251.066	68107
-189.840	68120
322.279	68266
401.788	68300
256.424	68323
-338.237	68378
-378.920	68538
-111.173	68561
-50.818	68562
1113.379	68770
-1464.574	68960
-7.248	69309
-8.344	69310
-273.429	69319
-247.788	69339
-248.105	69422
-228.241	69423
-291.504	69425
-357.821	69552
-271.431	69556
-286.814	69588
-194.185	69831
-169.293	69832
-1092.623	69877
1306.108	69886
1316.285	69887
571.027	69948
-1031.763	69966
737.803	69972
1232.974	69974
660.887	69997
-1456.971	70001
645.200	70002
760.936	70071
1277.188	70079
-1024.558	70086
1391.081	70088
1413.254	70091
891.362	70093
255.623	70102
1349.695	70114
806.018	70137
964.918	70168
1453.134	70223
23.520	70257
-26.722	70258
-63.324	70298
17.172	70304
1345.165	70364
-1542.661	70374
-534.967	70462
-464.236	70463
74.461	70487
-585.717	70516
-583.740	70518
-584.818	70526
-91.449	70532
-207.298	70538
178.393	70539
18.661	70560
691.062	70570
947.758	70578
803.929	70580
669.545	70589
1101.721	70595
837.375	70596
1106.289	70613
-105.749	70655
-99.218	70656
-182.738	70670
-586.322	70675
-624.011	70682
-136.283	70882
-206.297	70918
-232.837	70970
8.898	70983
235.559	70985
-302.370	71025
616.252	71071
-188.167	71148
-346.066	71482
-302.641	71490
-310.374	71491
-34.577	71493
1035.581	71499
1832.891	71502
1407.924	71506
1409.362	71507
1307.665	71508
1322.777	71514
1354.331	71515
1081.715	71519
-312.447	71561
19.262	71586
529.941	71742
612.795	71814
243.039	71849
575.845	71887
802.934	71904
890.278	71905
-434.256	71916
-96.195	71954
102.099	71955
-115.301	71969
51.408	71972
1440.755	72023
1187.469	72024
1378.318	72046
549.856	72437
-34.216	72455
-240.644	72464
210.907	72465
348.558	72478
152.111	72479
417.311	72485
1233.231	72490
1267.586	72501
1316.559	72503
1128.684	72512
1161.915	72514
522.023	73116
514.333	73235
568.730	73311
598.093	73312
538.085	73470
585.477	73471
287.428	74034
308.678	74114
269.080	74231
289.745	74256
1053.031	74257
-31.130	74309
965.738	74327
172.475	74338
-566.663	74339
428.354	74344
448.691	74349
384.976	74353
379.143	74358
1180.590	74360
1226.062	74361
1306.242	74362
1223.078	74363
-10.320	74373
329.193	74471
1029.037	74603
1067.021	74608
888.335	74620
911.303	74835
1097.237	74836
1113.663	74837
1179.617	74838
715.522	74840
1027.824	74861
666.144	74865
799.400	74866
811.259	74867
908.155	74874
794.232	74875
690.475	74876
1061.624	74893
1072.397	74895
-284.797	74901
-236.968	74902
1052.063	74907
353.510	74908
-71.515	74911
-387.711	74920
-230.111	74921
607.601	74924
505.745	74937
93.855	74943
457.680	74952
947.714	74954
909.019	74955
673.079	74961
731.997	74962
961.358	75003
926.193	75098
971.728	75099
244.838	75248
270.787	75249
259.687	75250
267.042	75291
265.171	75292
242.947	75294
216.402	75295
278.158	75333
786.617	75552
296.160	75563
951.116	75564
887.818	75565
1062.922	75567
1368.475	75568
1385.143	75569
1207.414	75570
1314.321	75573
1297.247	75574
660.977	75608
752.887	75615
659.109	75616
776.463	75691
-589.180	75713
-333.608	75740
544.895	75742
718.408	75750
643.628	75751
19.295	75758
795.367	75760
593.896	75761
830.137	75792
437.938	75793
419.599	75794
859.244	75815
561.162	75816
-18.657	75818
-492.535	75821
84.754	75823
-56.261	75824
-21.937	75825
690.656	75834
511.044	75835
-331.058	75845
-437.331	75846
1343.244	76183
1285.038	76254
1100.959	76290
1129.874	76298
78.038	76314
1104.698	76319
793.204	76420
964.103	76427
206.764	76448
291.376	76487
-258.142	77096
-261.837	77102
-184.197	77124
-370.790	77128
1031.820	77155
-847.396	77156
484.477	77159
576.170	77669
767.707	77699
-303.837	78127
-320.515	78131
-352.418	78134
-331.637	78135
-348.574	78137
1021.344	78139
131.555	78157
1052.495	78170
742.308	78181
1040.627	78184
345.915	78191
886.019	78223
-41.276	78232
301.298	78234
291.305	78244
157.387	78245
1005.488	78249
723.677	78311
628.567	78312
654.145	78313
-13.217	78318
641.482	78319
765.749	78321
699.703	78322
1392.617	78327
-61.766	78333
-160.698	78334
1401.038	78335
1404.326	78359
955.009	78408
510.971	78409
1073.444	78411
1369.293	78416
484.294	78423
435.615	78426
1293.164	78431
1240.771	78432
1281.888	78438
1352.774	78439
-201.646	78453
-454.717	78456
-220.056	78464
971.654	78547
374.584	78703
423.778	78704
1117.640	78705
127.059	78734
608.085	78845
386.195	78873
301.971	78877
325.740	78887
274.876	78888
447.314	78893
530.110	78919
404.787	78944
1068.388	78945
-102.792	79014
121.518	79558
485.213	79643
721.614	79644
381.752	79789
424.981	79953
471.640	79954
-52.760	79957
-82.871	79960
1097.855	79963
-662.858	80236
-570.992	80238
-493.096	80258
-500.887	80259
233.231	80261
-608.171	80262
-554.539	80263
-556.169	80264
123.582	80269
-655.811	80280
-495.754	80281
1122.139	80341
1178.118	80364
183.677	80379
-1354.333	80478
-625.966	80479
-712.946	80480
238.096	80515
-125.359	80529
51.628	80554
-540.015	80589
-278.587	80590
-193.906	80591
1164.083	80665
826.880	80667
460.285	80715
428.193	80719
1119.567	80735
395.614	80743
1189.787	80750
1050.084	80776
1050.525	80792
235.128	80951
-123.901	81009
-79.910	81010
-241.745	81012
-1.645	81111
229.162	81179
569.726	81195
-768.396	81213
-770.550	81214
-705.004	81215
1275.827	81223
1043.536	81230
836.519	81231
947.138	81232
606.886	81239
1330.367	81241
514.256	81242
1491.443	81244
605.372	81245
395.041	81246
1870.648	81247
343.448	81249
1337.109	81272
1117.363	81292
1360.677	81299
1108.425	81300
1124.015	81324
232.030	81337
880.651	81345
571.153	81373
-173.923	81413
-228.301	81654
542.288	81795
521.177	81797
-99.199	81835
-80.560	81836
-40.508	81837
-572.079	81862
-88.197	81867
-86.754	81969
447.852	82140
272.728	82548
398.113	82553
1168.444	82662
631.691	82668
716.959	82672
605.106	82682
12.009	82752
-350.937	82753
-38.542	82773
-239.033	82782
81.360	82784
-222.927	82791
-69.177	82808
-192.397	82817
988.659	82933
1018.176	82934
1118.039	82936
1131.098	82944
1073.039	82945
992.022	82949
200.124	82951
-116.995	82954
1056.054	82955
1443.022	82956
-663.767	82963
-543.422	82975
-509.595	83036
-1278.818	83068
-976.507	83074
-255.943	83304
-155.000	83525
-639.176	83663
1078.051	83712
1045.817	83766
1495.969	83768
-265.295	83804
519.456	83843
-161.227	83863
194.175	83867
420.538	84039
911.462	84050
-602.760	84067
-173.877	84097
-83.256	84194
-222.363	84436
-158.826	84440
3.035	84443
-750.981	84444
-732.474	84445
-736.577	84446
-760.773	84447
-257.190	84474
-272.773	84475
-464.168	84524
-532.140	84533
-274.900	84552
-190.161	84606
-196.054	84608
-549.157	84665
-64.269	84780
-1354.519	84838
-696.621	84844
163.608	84951
129.257	84963
360.453	85002
153.966	85003
-520.969	85040
-506.043	85054
1166.223	85659
1234.761	85663
1223.561	85708
1577.683	85709
1256.626	85710
1212.578	85711
-121.895	85712
-95.773	85748
212.924	85755
918.384	85772
1239.925	85779
261.764	85794
275.985	85841
545.525	85846
-101.210	85872
281.183	85878
724.077	85896
356.671	85905
592.264	85907
580.369	85938
-162.744	85993
274.013	85995
-42.048	86002
-272.486	86014
-139.803	86020
18.592	86232
-235.375	86265
1432.988	86356
24.410	86421
-261.372	86423
-198.839	86551
-336.758	86565
-203.452	86601
174.736	86700
171.130	86701
147.322	86702
4.849	86712
128.262	86719
347.530	86720
80.836	86729
-236.195	86758
225.481	86773
-87.776	86775
1011.572	86933
953.832	87089
466.012	88808
-293.905	88863
-105.107	88870
-193.927	88871
1325.695	88888
-324.083	88975
-312.495	89007
-334.873	89110
-230.750	89117
-190.704	89120
-376.397	89121
-1.411	89166
-254.145	89169
-425.035	89175
-218.838	89185
-457.901	89197
-518.740	89204
-356.348	89207
-312.636	89269
-496.689	89329
373.169	89339
-151.946	89343
-352.231	89502
-236.518	89519
-363.409	89521
-276.157	89522
-231.647	89523
-135.967	89524
-218.747	89543
-313.353	89637
161.258	89638
238.997	89810
-116.541	89838
-152.011	89852
-359.535	89893
-261.931	89896
-240.744	89897
-358.202	89898
-364.686	89903
-274.094	89904
-339.416	89917
-529.003	89918
-240.253	90019
-102.081	90134
-655.227	90589
-420.465	91003
-395.483	91124
-475.831	91190
-492.495	91193
-323.498	91378
-267.355	91569
-666.761	91682
-551.081	91705
203.401	91706
-537.175	91707
-736.927	91708
-461.601	91743
324.933	91773
-381.036	91789
-321.438	91823
-328.952	91852
561.887	91864
661.160	91866
-259.923	91876
-67.213	91878
-11.437	91879
-510.169	91889
678.412	91890
-684.716	91896
-529.190	91897
-551.144	91898
449.372	91900
-452.269	91984
-536.943	91985
-229.567	92010
562.674	92011
-188.300	92012
406.606	92015
-282.565	92082
-22.101	92090
-113.748	92185
89.234	92215
-518.611	92771
-271.969	92774
-407.474	92782
-501.505	92798
-381.798	92828
464.227	92841
-615.458	92843
-766.693	92844
-210.133	92913
-244.241	92923
-164.252	92970
-183.395	92971
-171.519	92982
-337.124	92986
-620.990	92995
-825.533	93057
-621.635	93058
-183.179	93327
159.419	93328
202.519	93329
119.240	93337
-409.118	93342
124.193	93348
-8.853	93359
-122.777	93360
14.683	93369
-257.647	93471
-360.401	93474
-374.422	93475
-388.733	93478
-432.494	93495
139.951	93524
162.593	93525
-432.797	93629
-438.075	93630
335.311	93684
991.423	93716
923.181	93763
830.854	93791
647.377	93959
331.452	94466
574.206	94782
738.037	94810
-779.533	94823
-507.622	94853
21.515	95165
63.367	95242
84.746	95243
55.121	95244
155.377	95245
30.582	95246
-117.155	95270
-235.667	95271
52.824	95308
-244.459	95464
-195.724	95465
-94.108	95466
-264.370	95467
413.161	95496
414.588	95522
-120.936	95838
-307.667	96128
77.008	96142
50.399	96144
64.304	96169
0.942	96170
-11.510	96171
-30.736	96176
117.966	96254
330.645	96482
532.228	96502
-43.150	96633
544.695	97312
539.524	97313
314.236	97314
324.110	97327
489.352	97336
135.542	97358
285.432	97368
-120.704	97424
906.488	98600
1194.350	98601
888.269	98602
611.549	98603
88.268	98611
724.984	98660
1063.276	98809
379.148	98871
-614.790	98949
-1252.411	98950
-1458.420	98951
-1090.639	98952
-1118.281	98953
569.591	99378
525.267	101758
594.513	101762
525.627	101763
-65.174	101765
656.723	101766
575.975	101767
595.471	101770
1397.517	101781
6.024	101924
15.965	102040
51.680	102041
3.729	102048
665.487	102049
25.539	102050
694.791	102058
1437.303	102063
374.389	102293
297.985	102306
367.286	102309
-110.351	102316
66.263	102352
-131.645	102519
43.841	102613
-140.594	102614
1495.478	103876
1385.548	104083
1960.584	105128
535.955	105700
599.284	105701
984.159	106649
839.527	107185
1159.992	109235
633.568	109263
1259.667	109920
660.578	109954
1195.285	109979
1303.728	109982
376.855	109989
1987.596	110183
728.480	111004
739.765	111005
31.494	111131
382.122	111171
32.018	111615
25.820	111616
734.001	111646
183.780	111685
674.309	111774
340.985	111781
809.164	112608
788.707	112706
800.896	112707
832.323	113707
300.492	113910
-301.988	114061
797.579	114149
979.733	114211
832.736	114212
829.096	114225
117.073	114360
-495.856	114361
-418.748	114426
360.902	114486
293.830	114593
265.486	114594
303.250	114595
847.735	114931
497.275	114932
548.211	114937
412.929	115483
205.407	116135
-495.073	116136
163.967	116182
-515.189	116183
66.504	116418
61.058	116421
201.025	116493
980.100	117175
1367.297	117245
1277.410	117246
108.061	117376
54.899	117453
606.379	117455
-9.799	117503
-85.719	117504
605.656	117537
1415.606	117539
490.432	117566
1275.050	117569
1654.351	117570
465.823	118945
1501.625	118970
1042.599	118977
961.545	118978
1029.736	119011
773.731	119015
1132.716	119016
1063.230	119017
601.399	119036
575.158	119040
1357.621	119094
660.959	119177
1333.670	119265
1332.394	119266
1324.332	119267
-174.271	119270
961.647	119315
807.111	119316
1381.239	119320
974.487	119375
1184.863	119377
1402.898	119386
1077.261	119390
1186.714	119391
-244.584	119402
410.966	119413
-282.022	119431
-180.420	119444
-777.590	119445
252.302	119454
1174.428	119558
985.061	119586
969.249	119587
1027.973	119613
1061.618	119614
1101.056	119615
990.481	119630
1128.216	119637
1813.813	119824
1426.905	119997
1273.271	120545
1965.477	120694
1406.462	120972
360.216	123433
413.033	123434
1335.728	123708
1267.708	124392
1704.902	125252
1351.465	126308
-338.256	127300
-346.322	127334
1145.662	127634
1405.470	127755
1455.504	127776
1103.081	128150
1358.750	128198
1052.364	129406
1378.168	129772
1072.012	130753
1093.268	130761
648.699	130843
647.931	130845
673.786	131664
567.930	131670
658.334	131671
1500.900	131721
1419.914	131744
1349.603	131745
