-11.687	3
-17.461	4
36.266	5
58.023	6
7.946	7
-43.603	9
3.796	11
27.902	12
34.990	13
63.301	15
-2.227	16
71.448	17
-0.013	18
-35.997	21
44.748	22
-15.118	23
77.640	27
28.013	28
-22.719	29
-12.560	31
-59.124	32
-7.124	36
-24.731	37
43.678	38
131.516	39
131.953	41
142.229	42
85.533	43
-43.166	44
167.131	46
-52.922	47
108.299	48
68.044	49
-7.054	51
1.801	52
124.195	55
16.511	56
-0.788	57
21.615	58
44.996	59
57.345	60
14.416	67
-32.775	68
-31.611	69
-50.626	70
-44.821	71
-48.391	72
-5.840	73
-41.969	74
-58.718	78
57.625	79
77.556	81
-17.348	82
106.298	83
-5.791	85
-49.584	86
29.857	87
-13.670	88
-50.979	91
-19.665	92
134.018	93
-10.945	94
-12.591	95
23.379	97
157.104	99
-58.960	102
-8.107	103
-25.703	104
-58.125	105
-32.210	106
-37.745	109
-2.295	110
-30.126	111
-89.429	115
-16.066	119
-48.095	120
82.747	121
55.395	126
92.844	127
29.391	128
-36.951	129
-47.815	133
-25.041	134
-48.694	136
0.336	137
133.533	139
124.237	143
29.131	145
122.310	174
-14.940	182
-29.441	188
-39.295	189
-43.957	192
2.176	196
9.470	197
30.322	198
-4.458	199
-0.364	200
-17.490	202
69.563	205
75.923	206
30.789	211
-9.467	213
1.736	214
-6.776	215
-5.091	219
-44.344	221
19.100	224
-6.111	227
-55.729	229
-41.830	233
-26.623	236
-16.300	243
171.718	263
18.777	276
-13.897	277
-9.106	279
-72.630	281
-8.834	282
-70.647	283
-7.735	293
-24.436	294
31.684	295
-4.184	308
-14.056	312
114.666	315
-25.926	318
-6.594	319
-39.609	320
-39.876	321
-26.157	324
30.584	328
-111.262	331
23.792	334
57.165	336
-56.721	337
-32.637	338
44.342	339
-80.828	347
53.849	349
-8.189	351
-54.042	352
83.551	353
12.504	354
-47.517	355
-28.686	357
-48.358	359
-61.266	362
-58.068	363
-28.831	364
-24.579	365
-58.500	368
42.489	376
50.028	377
-47.393	380
-35.782	383
-26.326	384
-38.088	386
-90.645	387
-55.149	388
0.843	390
-31.300	392
28.037	393
-0.423	396
-23.173	397
35.551	404
-24.067	410
-6.811	411
12.495	413
137.584	418
-63.027	419
-59.824	420
23.214	423
-45.961	424
-93.139	425
-66.082	430
-40.651	437
30.437	438
30.305	443
35.752	444
50.501	450
28.694	452
32.745	461
-53.068	463
27.987	465
-3.240	473
-34.000	474
36.357	475
-31.332	476
-11.213	477
-39.003	478
-68.350	479
7.062	480
-7.262	483
-78.002	489
29.250	501
16.681	502
-38.180	503
-12.332	508
-38.141	509
170.386	514
7.350	519
-57.781	520
25.522	526
245.274	529
102.879	530
48.499	536
-55.177	537
27.940	539
-51.343	541
-17.415	556
3.547	580
24.273	581
52.079	582
31.483	583
14.525	603
-15.315	605
59.185	606
36.809	607
-2.571	608
-143.970	609
44.250	619
8.180	620
8.795	626
-10.785	628
-7.093	632
9.229	634
42.041	636
69.127	637
69.213	638
52.246	639
28.581	640
6.393	644
2.267	645
60.245	677
133.056	678
26.236	679
129.066	682
-37.383	698
48.529	700
195.177	701
-1.636	710
40.842	722
27.650	723
7.818	724
57.112	725
24.969	726
43.148	744
7.725	747
-16.166	749
6.916	752
-16.856	753
-39.483	754
-27.252	755
-18.205	756
-39.866	757
-65.887	758
9.322	765
-49.623	767
45.030	771
118.818	772
-77.859	782
-0.883	783
-10.232	787
128.256	789
-71.912	790
-42.327	791
-27.826	793
-42.786	795
-53.098	801
14.092	808
140.476	810
-30.774	814
-26.700	820
-45.230	840
-24.694	843
-59.125	848
37.134	854
29.326	859
-40.546	864
26.695	865
7.389	866
-5.381	867
94.996	877
-50.562	878
-18.133	882
-32.778	884
39.066	885
-17.067	888
-11.953	889
-25.637	890
103.255	892
78.404	896
-29.931	899
-4.562	903
11.786	914
-19.740	915
58.720	916
-33.701	917
-24.994	918
-59.168	920
11.138	922
36.699	926
17.813	928
13.228	932
-48.851	933
4.281	934
67.195	935
89.581	949
-0.963	957
-38.318	962
-35.334	965
119.638	976
23.392	981
-24.694	982
-15.658	983
8.268	985
-121.464	988
-120.917	989
60.627	1005
-3.590	1006
-62.435	1028
-14.555	1031
1.704	1033
-19.572	1034
-29.423	1035
-8.748	1038
-52.866	1040
147.202	1047
107.581	1049
164.081	1050
-28.960	1051
220.548	1053
-57.551	1054
-28.292	1058
-12.547	1062
88.249	1063
-51.319	1064
-38.324	1065
-51.415	1066
-63.186	1068
-46.595	1070
-27.549	1071
-5.759	1073
-49.310	1078
-14.143	1082
-0.238	1083
-45.417	1084
14.171	1085
-42.404	1086
-22.702	1088
1.227	1089
-2.385	1090
-16.558	1091
-56.442	1092
134.014	1095
-12.447	1096
-6.645	1097
-21.047	1120
183.896	1137
59.587	1153
93.827	1161
-90.298	1163
32.742	1164
41.020	1165
-114.861	1167
-43.738	1168
68.875	1174
-47.571	1175
-53.954	1176
-89.523	1183
22.553	1184
-48.104	1185
-13.795	1191
-82.931	1192
40.621	1198
91.696	1200
-104.798	1201
-26.606	1209
15.238	1230
-29.972	1231
-115.466	1289
-115.911	1290
-62.722	1294
51.024	1308
21.451	1323
38.226	1333
-58.338	1339
-90.780	1340
-108.954	1341
-53.834	1370
6.639	1374
-24.109	1375
-27.802	1376
-42.067	1379
-13.230	1382
-27.879	1383
8.825	1385
-170.026	1394
-57.294	1395
-60.080	1398
196.893	1402
-22.872	1405
46.588	1415
91.874	1423
38.759	1425
-28.861	1428
14.543	1429
-171.234	1434
-5.791	1435
-37.040	1436
-15.244	1437
-5.549	1438
-132.558	1439
-26.719	1440
16.282	1441
35.734	1442
-7.141	1443
-54.157	1453
-11.153	1520
10.611	1521
84.449	1522
67.390	1523
-43.487	1524
-33.593	1525
102.327	1526
-27.327	1528
-25.769	1541
-28.586	1542
23.501	1543
-34.448	1544
-80.579	1545
12.966	1550
22.841	1551
-9.130	1573
-49.145	1574
-20.407	1583
-34.943	1591
-44.385	1596
22.644	1597
-42.288	1628
-30.663	1629
20.005	1630
-31.996	1633
13.367	1635
-17.719	1636
64.621	1637
-23.882	1671
-19.053	1673
-23.974	1674
33.843	1675
26.811	1676
-2.665	1677
-7.758	1683
-34.016	1686
149.781	1708
-50.780	1709
28.549	1724
26.487	1725
52.878	1733
91.979	1758
-90.179	1765
-77.018	1766
-106.292	1770
-38.155	1780
-18.664	1785
-14.955	1850
-131.140	1852
-85.940	1854
17.587	1862
-7.666	1864
-10.310	1865
14.622	1868
32.777	1869
14.812	1870
39.579	1885
35.098	1898
62.783	1899
76.616	1900
29.314	1901
-4.575	1904
88.681	1906
-21.082	1910
-3.682	1911
235.716	1912
272.374	1913
59.679	1919
41.524	1955
45.436	1956
-24.434	1991
23.098	2000
-25.695	2001
32.322	2006
16.128	2007
-26.298	2023
57.639	2034
77.779	2036
-2.727	2037
45.694	2038
26.121	2039
75.490	2040
-16.455	2046
-26.005	2049
144.848	2050
24.444	2058
64.716	2060
149.120	2062
-13.247	2065
29.473	2068
15.816	2069
-76.546	2070
49.649	2080
141.318	2090
-35.853	2093
-14.957	2094
35.326	2095
77.654	2096
11.906	2097
-94.619	2100
26.804	2101
35.784	2102
24.562	2103
33.098	2104
14.860	2105
13.845	2128
12.301	2129
-4.458	2135
55.665	2147
-131.694	2149
35.350	2174
88.021	2183
2.232	2190
58.165	2191
-64.343	2192
10.232	2195
44.159	2196
-27.675	2197
-56.000	2198
48.579	2199
-11.122	2200
34.392	2201
-67.634	2202
9.093	2205
-35.607	2211
-32.190	2212
38.101	2213
20.730	2217
101.981	2218
125.846	2221
8.885	2222
-27.626	2223
-23.355	2225
-34.651	2229
-130.764	2238
31.212	2241
-28.477	2243
-45.642	2245
20.256	2248
-40.368	2252
-33.413	2262
3.986	2265
-13.436	2270
-4.080	2272
-27.586	2273
25.406	2274
8.379	2275
17.380	2287
80.040	2288
107.922	2289
49.072	2290
151.466	2291
0.203	2293
37.801	2298
10.079	2299
56.455	2300
33.027	2301
35.803	2325
19.893	2326
-40.358	2333
-1.279	2335
14.149	2336
-98.979	2337
-3.709	2338
100.918	2339
17.175	2340
-34.092	2341
54.797	2342
80.220	2343
-7.889	2345
-57.425	2348
-28.063	2349
-38.098	2353
65.866	2355
37.473	2356
38.989	2357
57.809	2358
143.941	2364
-12.104	2365
-50.635	2372
59.369	2381
-14.095	2384
34.616	2385
60.199	2391
60.948	2394
21.808	2395
31.468	2396
16.384	2397
23.245	2398
54.252	2399
4.742	2413
-13.286	2425
-54.824	2435
-35.953	2436
-34.979	2437
70.121	2438
62.645	2439
-91.307	2446
-13.906	2449
-12.678	2450
-35.811	2451
-12.910	2452
-33.578	2455
-75.976	2458
-90.529	2461
-74.038	2462
40.383	2465
54.435	2466
21.416	2467
-37.426	2468
-18.309	2469
-31.307	2470
132.635	2471
40.028	2474
15.670	2475
44.301	2480
49.495	2481
46.802	2482
-16.239	2554
-12.196	2568
-43.062	2572
-111.362	2574
48.070	2578
-43.500	2584
66.614	2592
1.609	2603
-49.632	2605
-16.130	2608
-57.853	2612
-64.644	2616
97.177	2619
78.767	2620
51.027	2621
63.210	2629
58.657	2634
-25.746	2638
134.882	2643
50.886	2647
-9.915	2650
-31.000	2651
152.511	2654
135.734	2658
-62.931	2665
5.102	2666
-20.934	2677
40.205	2685
15.586	2686
-0.497	2688
105.667	2690
26.167	2691
83.594	2706
15.501	2724
4.615	2725
52.730	2728
113.453	2729
7.329	2730
151.636	2735
27.271	2748
153.262	2769
31.773	2806
30.760	2807
-10.850	2841
-10.799	2843
-55.045	2844
-53.924	2848
52.209	2865
-0.216	2869
-33.377	2877
59.419	2919
9.921	2926
-87.525	2937
-30.872	2946
150.582	2951
120.342	2959
3.989	3236
95.508	3242
-23.214	3261
-54.777	3271
-76.413	3273
73.803	3298
48.901	3300
17.898	3305
-64.324	3314
-35.903	3317
-44.332	3318
-56.624	3320
86.079	3327
-58.159	3331
-8.643	3333
-74.189	3336
-41.451	3337
-93.139	3338
-45.262	3339
-55.665	3340
-12.993	3341
-21.095	3351
127.303	3352
216.934	3354
151.500	3355
148.126	3356
11.857	3365
6.409	3366
26.197	3367
33.631	3368
11.840	3373
-112.096	3393
10.941	3394
29.188	3395
-1.735	3399
-135.222	3400
-70.313	3401
44.542	3405
-59.987	3434
129.212	3446
81.225	3448
19.833	3453
-32.210	3454
-39.398	3468
-16.757	3481
-14.401	3493
-3.071	3494
11.868	3495
-37.026	3504
-60.913	3516
-41.549	3526
-52.216	3527
-76.354	3528
-158.658	3529
-51.051	3532
-24.819	3536
8.170	3540
-5.832	3547
-135.214	3548
-50.406	3549
-49.070	3550
-61.032	3551
-13.748	3569
-9.890	3576
52.097	3580
-92.237	3586
-33.554	3588
-13.375	3590
-110.958	3593
-61.931	3594
-7.840	3595
-8.934	3596
-64.193	3599
19.278	3601
16.548	3603
68.687	3604
67.847	3611
-97.719	3612
-42.161	3621
-58.699	3622
-36.907	3634
-37.825	3647
-56.330	3649
5.427	3651
-70.913	3652
-82.847	3662
-10.756	3691
-191.469	3699
17.672	3700
6.282	3716
-45.613	3720
-18.654	3723
11.474	3751
-51.354	3757
-57.047	3772
-168.323	3773
37.080	3774
50.260	3775
24.721	3777
57.526	3778
-30.134	3780
49.547	3785
40.899	3787
14.237	3788
11.569	3791
71.371	3792
-56.477	3795
-25.662	3796
44.250	3797
-13.616	3798
-35.515	3799
-73.161	3801
-22.212	3807
-3.569	3809
18.360	3810
-23.424	3811
25.161	3815
10.461	3823
10.365	3828
-8.678	3853
17.747	3889
97.209	3890
-30.955	3893
31.725	3894
-31.656	3897
-42.951	3898
-1.249	3899
-0.909	3903
-55.479	3904
-44.354	3917
-77.812	3930
-46.639	3934
88.104	3936
-188.539	3941
-34.468	3942
-39.032	3945
-14.255	3977
-22.163	3988
10.379	3990
49.509	3993
23.543	4015
7.354	4024
-36.236	4026
-74.036	4038
-37.875	4039
-142.662	4046
-93.902	4048
-57.656	4050
9.047	4057
-122.329	4072
-17.645	4076
24.674	4078
-6.630	4094
75.751	4099
-92.875	4126
23.969	4129
25.890	4137
-12.621	4156
-49.370	4170
59.543	4176
72.203	4178
4.777	4192
-16.841	4220
21.983	4224
-63.955	4239
-72.705	4251
-52.435	4252
-25.481	4254
-42.228	4255
-82.001	4259
-59.773	4281
-25.401	4299
-94.916	4301
-45.339	4302
-39.491	4305
-4.475	4311
-53.505	4318
4.845	4319
27.875	4320
81.602	4321
-67.842	4337
3.456	4339
-73.323	4340
-19.516	4347
30.153	4351
-65.116	4360
-76.600	4367
-32.527	4377
75.211	4378
45.194	4386
1.855	4387
22.606	4388
-54.941	4398
96.832	4403
71.739	4412
-18.383	4414
-85.252	4424
6.563	4426
-48.652	4428
-51.685	4429
-72.442	4433
72.289	4436
-26.447	4443
37.802	4445
-5.597	4446
-95.611	4449
-8.554	4450
-11.968	4467
-33.302	4474
-7.266	4482
30.949	4497
-9.891	4498
-61.609	4499
93.398	4506
-39.144	4509
-34.382	4510
51.514	4517
10.697	4520
2.186	4527
36.382	4531
-14.174	4533
30.297	4536
-23.889	4545
-32.771	4546
54.546	4552
16.429	4554
-7.953	4555
-3.111	4556
1.954	4557
-44.948	4561
-12.738	4563
-42.493	4564
-31.319	4567
50.237	4570
50.006	4571
-81.165	4574
17.784	4587
11.211	4591
7.864	4592
-16.107	4597
19.056	4634
-70.012	4645
-129.129	4649
48.699	4653
8.320	4671
-121.943	4681
-73.603	4685
-63.605	4693
55.369	4697
51.067	4698
-58.147	4702
16.299	4705
-7.097	4726
51.620	4732
48.079	4733
-43.893	4736
20.674	4758
-7.780	4759
-11.194	4761
63.141	4768
-56.867	4769
37.487	4771
-64.375	4772
9.156	4774
-60.745	4775
-6.921	4790
-25.556	4799
-42.933	4800
-10.699	4801
37.516	4802
8.727	4811
0.106	4831
-43.641	4833
-58.715	4834
-14.061	4838
16.978	4839
12.075	4844
44.669	4850
-42.748	4879
-60.276	4880
9.866	4933
41.856	4938
-48.171	4949
-75.383	4950
-41.422	4980
29.604	4990
2.727	4991
60.752	4995
-55.066	5001
13.845	5008
29.056	5022
52.410	5034
-68.781	5071
-43.834	5077
-41.217	5094
-37.545	5116
-6.139	5134
11.318	5135
29.388	5138
97.154	5139
33.218	5164
-22.194	5165
-18.892	5166
-36.933	5176
37.892	5182
68.064	5183
-50.748	5184
22.453	5187
-44.113	5188
-33.811	5189
-70.780	5192
-62.286	5193
-101.737	5194
-32.087	5195
-24.935	5196
-82.483	5197
-56.322	5198
-122.595	5199
-22.175	5203
20.942	5205
80.150	5212
73.276	5213
44.242	5214
-17.389	5216
-59.352	5222
46.476	5223
4.945	5224
6.500	5225
-6.087	5226
-22.425	5228
-40.580	5230
-67.220	5232
-63.018	5233
-6.688	5234
-41.320	5235
28.956	5237
61.696	5238
67.876	5239
-52.459	5242
-82.280	5244
-23.117	5245
5.489	5246
-50.878	5247
-47.841	5248
-67.177	5252
-11.185	5253
-38.951	5254
-31.934	5256
-89.707	5258
-13.268	5264
-1.271	5269
-128.204	5274
3.326	5277
-43.566	5292
-77.368	5293
-97.600	5299
-146.120	5300
-19.595	5305
11.254	5308
-38.125	5312
38.672	5315
53.400	5316
-3.829	5319
1.330	5320
16.239	5321
-121.637	5322
-44.468	5323
-70.166	5324
-62.504	5325
-28.011	5326
-48.930	5329
14.413	5331
-16.133	5335
-4.387	5336
69.412	5338
91.722	5339
47.736	5342
4.573	5343
21.163	5349
66.587	5364
79.322	5365
-23.841	5374
47.833	5375
30.863	5376
-9.101	5377
-52.282	5378
-11.196	5379
17.690	5380
34.305	5381
43.637	5382
20.704	5384
127.785	5389
8.863	5390
121.613	5396
-45.920	5398
37.053	5399
75.951	5400
76.152	5401
39.436	5402
73.098	5403
-3.126	5404
70.741	5405
-27.316	5407
41.275	5408
-16.187	5409
13.396	5410
-59.845	5411
35.973	5412
43.509	5413
60.825	5416
111.359	5417
-24.568	5418
72.954	5421
-11.493	5422
-18.383	5423
21.958	5424
40.354	5425
16.951	5427
-20.878	5428
-3.182	5432
37.058	5436
-46.763	5443
-117.559	5444
25.736	5454
-4.528	5455
109.787	5458
121.717	5460
30.567	5461
-30.414	5462
4.892	5465
-0.440	5468
5.725	5471
14.556	5476
-70.360	5478
-57.901	5480
19.389	5481
-129.520	5482
-20.582	5485
-34.575	5486
57.679	5487
48.112	5488
18.695	5489
29.476	5495
-10.734	5504
-9.881	5511
109.737	5512
-15.219	5513
41.105	5515
61.031	5516
-142.113	5517
-59.680	5521
-47.431	5526
-48.764	5527
62.934	5528
54.518	5536
-8.554	5537
9.559	5543
-35.852	5547
37.416	5551
58.110	5552
7.591	5553
9.757	5564
18.700	5565
103.022	5570
-123.870	5571
44.064	5572
27.569	5573
-67.335	5574
-24.211	5579
-44.284	5580
-14.892	5583
24.275	5584
2.250	5586
29.743	5588
51.323	5589
16.116	5590
7.007	5591
2.750	5592
10.186	5593
-51.160	5594
63.654	5595
24.043	5599
45.495	5603
19.430	5604
23.004	5605
-116.742	5606
-25.950	5607
-3.309	5608
-107.711	5613
-23.832	5617
-32.754	5618
2.105	5619
58.028	5625
53.836	5642
44.895	5643
41.179	5649
24.900	5650
10.277	5655
28.052	5656
71.476	5657
34.206	5658
98.878	5669
49.233	5670
-41.491	5676
146.823	5677
-58.863	5682
59.510	5683
34.324	5684
8.538	5686
273.711	5687
61.688	5694
-121.086	5695
39.160	5696
-21.933	5705
-47.668	5706
-32.075	5711
-36.176	5716
-8.277	5717
-90.552	5718
3.138	5719
-19.711	5720
227.786	5722
119.117	5724
178.854	5726
171.174	5727
155.481	5728
75.037	5733
23.278	5734
220.217	5736
242.011	5737
129.941	5738
193.802	5739
51.251	5742
11.097	5749
-58.128	5750
39.734	5751
9.543	5755
-34.440	5756
32.951	5757
-103.904	5761
4.319	5767
-34.910	5768
35.013	5769
74.853	5771
15.389	5773
-27.677	5788
11.623	5792
10.763	5793
-5.179	5794
-50.133	5795
-48.984	5806
56.531	5807
-32.682	5809
18.640	5810
26.916	5811
23.883	5812
18.942	5813
20.499	5814
-44.926	5821
-15.715	5823
-76.709	5825
48.488	5829
129.612	5830
-33.833	5831
-57.491	5832
-73.101	5833
-44.526	5834
3.820	5835
-58.815	5847
-24.035	5849
-17.004	5851
-59.293	5854
36.031	5858
51.683	5859
29.503	5862
-43.849	5864
-46.190	5873
-11.491	5875
-26.049	5876
-48.617	5880
101.241	5881
-26.598	5903
-13.628	5910
-76.126	5912
-60.256	5913
54.619	5924
-46.051	5925
-59.823	5926
-34.445	5927
-24.121	5928
13.127	5929
117.569	5930
-41.607	5931
-16.113	5933
-12.800	5934
-51.226	5937
-110.113	5939
-106.190	5940
-4.319	5941
-20.468	5942
10.317	5943
-1.468	5951
-53.373	5952
1.586	5953
23.056	5954
-40.643	5956
1.657	5957
-46.419	5958
-57.593	5959
-46.969	5960
51.721	5961
-89.269	5962
-47.844	5963
-5.200	5964
-13.556	5965
27.331	5966
105.576	5967
57.956	5968
-35.064	5969
-39.440	5970
-7.781	5971
-48.829	5975
-43.576	6005
21.818	6006
50.169	6007
37.973	6008
-15.131	6009
-72.259	6010
-7.748	6011
-7.504	6012
-67.004	6017
-2.663	6019
-75.402	6020
-61.730	6022
-17.471	6032
-29.585	6034
-13.464	6038
11.825	6044
-19.985	6049
72.623	6052
29.403	6055
30.380	6058
-28.654	6060
147.430	6061
117.844	6062
31.226	6063
48.053	6066
-27.674	6093
-15.275	6095
7.908	6115
31.246	6116
4.545	6117
24.594	6118
12.052	6119
-20.632	6120
66.266	6121
-5.549	6127
16.107	6128
-46.686	6129
-4.374	6130
-17.569	6134
-31.407	6135
27.372	6140
33.851	6141
26.571	6142
61.596	6143
81.663	6144
27.098	6147
34.903	6148
154.991	6163
131.743	6164
39.854	6165
31.677	6166
-26.287	6167
-11.425	6168
46.957	6169
17.458	6170
-15.275	6171
25.526	6172
73.298	6173
-44.263	6174
2.148	6177
-14.304	6184
-0.412	6188
-50.117	6194
-53.469	6196
34.331	6200
19.962	6204
28.079	6205
40.042	6206
55.716	6207
-12.831	6208
-28.112	6209
-109.394	6210
-37.158	6211
172.884	6214
22.560	6215
-61.116	6223
-30.467	6228
-17.234	6235
-0.558	6236
-16.281	6237
-52.000	6238
5.172	6239
57.209	6240
-61.568	6241
-74.994	6242
54.158	6245
118.056	6247
-5.422	6248
-72.632	6249
-9.106	6250
-19.276	6253
31.383	6254
-82.138	6261
-16.588	6264
61.932	6267
142.323	6269
-69.547	6277
-57.409	6278
-8.986	6284
52.576	6290
-35.463	6294
-45.994	6297
36.892	6303
60.476	6317
45.260	6318
47.045	6319
151.396	6320
-19.878	6323
-74.509	6332
-53.291	6333
-50.689	6343
-40.112	6346
-68.831	6348
-64.630	6349
-23.325	6350
47.933	6359
-26.438	6360
9.205	6361
38.247	6362
-14.326	6363
69.944	6367
-34.437	6368
-17.812	6377
9.875	6383
3.672	6388
75.541	6389
-55.407	6391
2.836	6392
44.555	6395
46.415	6396
18.095	6397
-65.047	6398
-9.016	6399
10.876	6406
77.575	6407
9.114	6408
38.906	6412
30.789	6413
5.120	6431
69.749	6433
-13.244	6434
-45.990	6435
42.114	6459
-42.147	6460
-27.813	6463
-36.925	6464
-35.781	6469
-19.666	6478
140.400	6479
21.257	6480
1.421	6481
10.859	6485
51.596	6487
-12.061	6489
100.071	6490
147.972	6491
-19.914	6497
-75.424	6506
36.084	6507
-2.226	6508
-16.443	6509
105.339	6510
62.620	6513
34.777	6514
0.337	6516
70.346	6517
46.831	6518
75.305	6519
66.607	6520
39.968	6521
-95.209	6522
-93.671	6523
-38.570	6524
-36.684	6525
-25.589	6530
-5.508	6531
-47.860	6536
263.612	6539
-61.712	6540
79.851	6542
-110.694	6545
-17.699	6546
-66.145	6547
-70.436	6548
6.452	6549
52.888	6550
58.773	6551
-29.935	6552
12.428	6553
28.721	6556
-54.898	6562
-115.064	6566
-115.818	6567
8.944	6568
-60.449	6570
-43.254	6575
-10.500	6581
-0.790	6583
-11.602	6584
6.633	6585
-70.535	6586
18.430	6594
-8.858	6595
37.227	6596
25.272	6597
1.534	6609
1.907	6610
98.979	6611
6.122	6612
-15.867	6615
51.593	6617
77.673	6623
-22.030	6624
13.040	6627
-42.709	6628
-36.768	6637
-56.358	6643
-28.920	6649
127.138	6665
-10.655	6693
-7.857	6697
2.899	6698
-31.355	6706
-37.088	6714
16.707	6718
-39.753	6719
13.082	6722
-61.859	6723
23.000	6727
-13.441	6744
35.915	6755
13.523	6759
-26.797	6760
9.461	6764
53.259	6765
26.920	6767
26.677	6768
27.453	6769
105.327	6770
-15.733	6772
48.829	6773
36.921	6776
68.123	6779
8.452	6780
32.552	6781
24.538	6785
117.603	6787
3.236	6790
54.488	6791
134.745	6794
163.745	6795
143.653	6796
76.091	6797
-17.622	6798
-77.498	6799
-30.113	6800
-66.140	6801
-137.817	6802
62.630	6805
81.174	6806
-10.035	6809
52.069	6812
89.329	6817
29.485	6818
52.697	6835
30.268	6837
13.984	6838
6.326	6839
-2.545	6846
69.079	6847
4.665	6848
-56.136	6854
23.690	6865
82.152	6867
32.208	6869
73.748	6870
54.765	6871
2.662	6873
23.474	6876
-19.101	6885
-15.859	6895
-43.741	6896
0.503	6897
5.402	6900
31.870	6901
-29.530	6902
16.556	6903
-41.394	6904
-53.593	6906
-28.764	6907
-3.521	6916
-18.953	6917
-33.491	6918
-99.116	6919
-54.497	6932
-98.639	6933
-44.571	6938
-17.172	6940
-103.332	6941
-50.750	6942
-36.240	6943
-16.691	6944
-84.866	6945
-76.098	6947
0.010	6948
40.654	6949
47.923	6950
55.005	6951
66.411	6952
37.724	6953
-85.653	6957
54.913	6958
-38.721	6959
110.064	6964
97.080	6965
31.915	6970
-10.753	6971
-44.730	6972
-24.806	6974
-3.518	6975
-29.005	6976
-62.084	6977
127.323	6987
3.878	6990
25.833	6991
-21.139	6992
-8.577	6993
-32.559	6994
0.688	7014
1.916	7015
-47.331	7016
1.660	7018
0.821	7019
-92.886	7023
-27.707	7026
-14.292	7033
-22.456	7041
-38.130	7042
-42.791	7043
-29.095	7046
-52.605	7047
-76.242	7048
-10.338	7049
-16.776	7051
-21.961	7053
3.605	7066
61.717	7067
93.457	7069
-16.009	7072
-53.563	7073
4.355	7083
-62.932	7089
-71.392	7092
-71.978	7094
31.510	7100
0.306	7103
2.599	7106
-2.478	7109
-5.204	7110
-35.860	7111
-25.239	7112
-12.459	7113
-9.126	7114
-12.636	7116
26.039	7117
34.499	7118
21.729	7119
-24.311	7120
45.770	7121
-11.063	7122
123.877	7126
34.266	7127
-0.871	7131
2.213	7140
-41.083	7143
127.862	7151
1.021	7152
32.067	7157
25.117	7165
11.960	7166
-62.653	7169
-55.821	7170
-21.418	7171
73.224	7175
38.020	7176
-13.339	7177
6.068	7178
114.188	7182
-24.819	7186
90.777	7187
55.182	7191
0.394	7192
-45.883	7202
-21.363	7204
18.369	7205
67.437	7206
46.991	7207
-11.705	7215
-49.438	7217
-12.183	7218
0.264	7221
20.340	7227
-5.560	7230
-0.821	7236
-7.481	7239
-38.765	7240
37.313	7241
-7.806	7242
0.164	7243
-15.473	7244
-21.355	7245
-52.301	7246
-148.409	7247
-51.204	7252
-1.997	7255
-0.012	7260
-83.207	7261
-22.026	7266
-21.077	7268
-61.932	7269
-37.880	7279
-14.095	7304
-91.057	7309
-22.609	7326
-31.366	7327
-82.888	7330
-82.608	7331
-72.815	7332
-83.043	7335
-15.711	7336
-10.240	7338
16.393	7340
-56.333	7342
27.394	7345
5.570	7346
-20.779	7347
12.104	7348
13.676	7355
-18.771	7361
-15.314	7366
54.022	7369
55.381	7372
60.206	7386
22.748	7387
9.555	7395
-32.773	7396
-22.640	7397
-23.229	7399
-55.435	7403
81.712	7404
-13.697	7408
-36.679	7422
-31.940	7423
48.192	7424
33.774	7425
-29.394	7427
28.040	7436
20.119	7437
22.783	7438
-3.531	7439
-98.856	7442
-15.039	7445
-6.784	7446
-2.304	7447
-32.826	7448
33.919	7449
27.520	7452
28.971	7453
-13.877	7455
-21.826	7456
-153.017	7459
-13.579	7461
-43.295	7463
45.452	7464
-19.115	7467
-8.099	7470
-15.069	7471
-92.601	7473
27.222	7476
-30.721	7478
-60.467	7480
-56.818	7481
-115.479	7484
14.101	7492
73.719	7493
61.593	7494
67.117	7495
-59.945	7506
15.392	7518
-56.893	7520
7.968	7524
-32.820	7527
25.199	7532
24.173	7533
-6.904	7538
44.683	7539
-29.392	7540
-6.695	7541
48.435	7542
26.856	7545
-40.232	7546
-102.501	7549
-40.132	7550
-34.691	7551
-93.142	7555
13.065	7556
27.760	7559
29.335	7560
-27.141	7561
18.335	7564
-36.744	7572
-21.514	7575
14.617	7577
-58.301	7583
-119.733	7584
-64.743	7585
-59.495	7586
50.383	7594
34.476	7595
37.850	7598
55.850	7599
-10.614	7600
22.488	7602
23.119	7603
-11.967	7604
44.711	7605
56.266	7606
51.842	7610
33.467	7611
-36.961	7612
-93.256	7613
-50.750	7614
-53.992	7615
47.638	7616
-103.662	7617
0.134	7619
6.342	7621
-41.135	7622
13.912	7624
35.940	7625
22.040	7626
-13.563	7627
29.735	7628
52.948	7629
-39.782	7630
-16.659	7634
23.300	7637
-13.843	7638
-55.152	7640
3.937	7656
-27.726	7657
5.341	7658
85.053	7659
-98.125	7662
-20.576	7663
-49.549	7665
7.612	7666
24.706	7667
-66.727	7668
-1.216	7669
-36.083	7670
0.826	7671
-50.749	7672
-122.983	7680
-76.978	7681
69.602	7682
-21.628	7683
-37.754	7684
-52.653	7685
43.371	7688
54.036	7691
68.931	7692
47.310	7695
-23.755	7696
9.012	7704
-85.805	7711
-49.179	7719
-27.882	7722
-93.135	7723
146.602	7731
70.225	7740
-19.594	7742
-66.736	7743
-40.622	7744
6.461	7768
16.813	7795
30.689	7796
13.143	7799
12.998	7847
35.637	7852
-79.664	7853
41.318	7854
33.109	7857
40.706	7858
-56.008	7859
-10.173	7860
-44.528	7861
-29.652	7862
-22.968	7863
-26.439	7864
-12.208	7865
-24.112	7866
-78.546	7867
-65.626	7868
86.744	7870
65.485	7871
89.355	7874
-68.588	7875
-48.831	7876
-71.685	7895
-61.672	7913
-77.825	7916
2.954	7917
32.132	7933
29.894	7945
41.889	7952
-28.835	7966
17.034	7967
60.153	7969
34.893	7971
-10.654	7988
22.315	7989
-33.632	7992
-28.730	7994
-32.027	7998
-46.427	7999
7.198	8000
-0.806	8002
-0.319	8003
60.211	8004
21.199	8005
40.153	8006
-1.773	8009
91.908	8014
12.663	8015
9.590	8016
99.127	8017
61.212	8022
73.825	8025
68.808	8026
91.830	8027
46.966	8028
-47.041	8035
10.593	8036
-96.416	8045
-69.231	8049
-18.966	8050
29.322	8052
118.308	8053
1.155	8054
22.791	8056
21.769	8057
24.648	8058
88.297	8059
39.509	8060
4.023	8061
79.652	8069
-17.394	8080
-61.383	8095
41.004	8096
8.274	8097
-43.610	8098
-33.938	8103
-20.193	8107
-21.362	8118
-25.924	8120
-4.861	8122
-17.425	8124
26.402	8125
15.517	8126
58.982	8127
-56.171	8136
-21.893	8147
-13.897	8148
-68.777	8149
-33.697	8152
-44.836	8154
-114.421	8177
-48.337	8182
-56.098	8184
-56.526	8188
-2.521	8189
-33.687	8197
-45.259	8200
-53.661	8203
-26.585	8208
-16.331	8216
101.159	8223
6.415	8226
-21.765	8232
-43.747	8237
-26.867	8239
5.177	8240
-7.466	8241
-38.358	8254
-50.042	8256
-38.107	8260
-26.167	8261
-40.758	8262
-60.186	8266
-42.847	8267
-66.305	8268
-66.594	8269
-14.300	8270
-32.369	8271
-2.719	8272
-14.449	8273
-25.515	8274
-39.381	8275
-40.259	8276
32.337	8277
23.619	8279
-1.607	8280
-15.232	8283
-20.922	8284
3.639	8289
14.593	8290
-8.793	8292
-9.155	8303
-14.973	8304
-18.793	8305
-8.966	8308
36.912	8312
22.975	8313
8.925	8314
20.885	8315
3.447	8316
-13.745	8324
-68.110	8332
-58.552	8333
-84.052	8334
-93.465	8337
-61.826	8338
-14.390	8342
-23.398	8358
-11.542	8363
43.024	8365
-39.486	8370
-44.216	8392
-6.144	8398
32.569	8399
-3.199	8402
-27.908	8405
6.484	8410
64.256	8414
3.317	8452
-27.526	8459
1.624	8460
43.340	8465
-45.598	8468
10.762	8469
29.859	8470
13.235	8493
9.542	8507
11.414	8508
137.443	8523
-32.368	8552
-4.407	8571
-2.120	8572
30.702	8574
-46.769	8577
-50.783	8586
-16.946	8592
-15.786	8593
15.883	8594
-14.650	8596
-76.087	8597
48.201	8598
-18.748	8599
89.943	8604
65.633	8605
100.509	8606
17.920	8607
-57.963	8612
-78.964	8613
68.388	8614
-37.827	8615
-35.418	8617
-27.798	8618
21.292	8620
6.011	8621
-23.640	8622
-15.980	8623
-50.707	8624
-43.332	8625
-27.515	8626
-114.260	8630
40.540	8633
-18.468	8636
-46.987	8641
-4.140	8646
46.068	8647
77.751	8656
-30.583	8663
65.298	8664
-61.875	8665
-47.606	8666
-16.660	8667
-7.479	8668
-39.973	8669
-84.841	8670
-45.712	8671
-61.369	8672
9.444	8673
107.685	8674
-20.818	8675
69.812	8677
50.309	8681
48.645	8689
-79.585	8690
38.679	8691
25.853	8692
32.588	8693
24.487	8695
60.955	8697
-41.768	8714
-38.794	8715
12.303	8718
-1.185	8719
118.890	8720
125.701	8759
1.253	8760
-78.148	8768
3.884	8779
9.210	8782
-27.892	8785
-49.035	8788
-41.721	8789
-0.687	8790
-16.571	8791
-83.006	8809
-52.633	8811
-58.225	8812
-72.786	8819
-38.893	8821
-27.782	8822
-11.066	8823
-62.534	8827
46.158	8836
-1.039	8838
-12.342	8840
-19.679	8841
-42.795	8847
-58.761	8848
-31.989	8849
-77.303	8852
-12.585	8855
11.035	8856
-64.649	8860
-3.014	8872
-54.097	8875
-75.541	8881
58.628	8884
-22.149	8886
-42.288	8887
-22.328	8888
4.976	8889
-90.732	8900
8.631	8906
31.994	8907
62.114	8910
121.701	8911
26.800	8912
-50.494	8913
74.544	8914
-14.127	8927
122.321	8929
-69.392	8931
8.056	8934
3.182	8935
-152.392	8945
-49.016	8947
-13.224	8954
-91.011	8961
-100.740	8966
13.262	8968
-91.529	8969
-12.257	8970
8.388	8971
18.635	8972
-62.548	8989
44.279	8997
59.141	9001
23.634	9004
51.008	9007
9.428	9009
58.730	9010
58.869	9011
19.925	9029
-13.386	9032
-43.625	9037
-43.529	9044
-68.243	9046
24.876	9047
-48.135	9048
-50.182	9052
-117.654	9053
-78.029	9057
-109.767	9058
-23.747	9059
7.459	9068
-42.305	9070
-49.550	9087
44.829	9092
79.305	9093
116.617	9094
-20.602	9098
-65.134	9108
-8.177	9109
-46.791	9110
201.404	9113
111.383	9114
114.805	9115
8.063	9126
-84.340	9127
77.324	9139
72.737	9140
75.023	9141
-98.164	9146
-81.948	9147
14.053	9148
-72.020	9149
-10.937	9150
-35.314	9152
-66.009	9157
-37.361	9158
-46.424	9163
-65.974	9164
34.039	9168
-91.202	9179
6.688	9180
-61.992	9181
-24.974	9183
-12.116	9187
53.176	9188
-11.648	9189
52.751	9190
-55.818	9194
89.133	9195
-60.801	9200
-64.169	9202
-45.075	9205
-53.927	9206
70.846	9213
-86.631	9215
-111.487	9216
-83.455	9217
-142.350	9218
-59.935	9224
-41.676	9231
-86.449	9232
-67.624	9240
-41.603	9252
-36.237	9253
-14.504	9259
-17.029	9263
-69.950	9268
-15.178	9269
-17.146	9270
-51.737	9271
-37.315	9272
-18.745	9276
-55.095	9277
-25.327	9283
40.330	9284
-69.150	9285
-25.541	9293
16.430	9303
43.787	9304
125.595	9305
98.226	9306
18.174	9311
-50.737	9312
99.933	9317
63.512	9322
-33.818	9323
6.815	9327
-46.770	9328
-3.641	9329
-6.885	9330
-35.622	9331
-37.075	9352
-50.855	9353
-65.780	9355
-48.855	9356
-75.810	9376
-50.426	9377
-95.298	9384
-43.458	9385
40.888	9386
-43.410	9391
-48.909	9394
-18.339	9407
10.133	9408
-9.217	9410
-102.802	9412
22.592	9414
-14.738	9424
-41.688	9428
-46.293	9429
59.617	9433
-67.315	9435
-57.843	9436
104.441	9442
-29.604	9446
66.101	9453
54.356	9454
47.526	9458
83.236	9459
54.603	9463
-31.079	9470
107.664	9472
-22.747	9473
-34.352	9476
-35.569	9496
92.112	9497
88.293	9498
40.664	9500
30.515	9507
94.533	9509
75.575	9513
89.920	9514
93.260	9515
91.212	9516
125.359	9524
41.428	9526
1.889	9532
-47.655	9536
1.625	9543
-4.822	9554
-37.372	9583
-74.707	9589
-30.864	9593
2.093	9603
-99.690	9614
-52.444	9615
-73.290	9617
-37.116	9627
-86.594	9629
-79.010	9630
-2.421	9631
-20.028	9632
22.565	9634
-22.835	9635
-70.567	9636
39.190	9638
-18.024	9643
12.604	9653
-57.392	9654
-63.327	9658
-53.790	9661
77.770	9663
-61.759	9668
18.816	9674
13.504	9679
81.982	9680
-30.934	9718
-24.407	9726
-15.038	9727
-8.703	9728
3.167	9729
30.254	9734
25.053	9735
35.119	9740
22.624	9741
82.698	9742
38.401	9745
-44.977	9788
-64.062	9791
-59.386	9792
-44.038	9793
-68.458	9795
-76.059	9796
-14.991	9797
63.501	9804
17.742	9809
28.143	9810
7.364	9811
19.243	9819
11.243	9823
44.841	9827
57.468	9828
-30.567	9829
7.728	9848
-87.624	9858
-3.739	9870
11.496	9876
-112.253	9883
18.375	9884
-68.387	9886
-98.419	9887
-44.396	9890
-50.966	9893
38.539	9905
-50.370	9907
-84.300	9916
127.313	9918
-67.602	9919
-22.314	9922
-107.839	9932
-7.685	9941
34.615	9948
38.070	9949
10.296	9951
-67.107	9964
2.727	9968
27.137	9969
34.946	9971
32.986	9975
11.359	9981
-3.300	9991
-14.339	10010
-26.361	10011
-35.107	10012
-73.057	10013
-33.242	10017
-46.351	10018
-38.864	10021
-67.776	10022
-71.793	10023
-19.184	10031
-36.622	10032
-36.781	10033
-7.350	10034
-15.321	10035
-35.152	10036
-34.324	10039
-36.352	10040
17.560	10042
-52.906	10043
-47.541	10044
-34.759	10045
43.389	10047
34.386	10049
130.007	10055
103.794	10060
-52.383	10065
131.687	10066
11.474	10077
-30.417	10080
99.286	10081
11.623	10083
49.887	10105
38.911	10107
-13.600	10110
3.640	10115
-69.401	10117
23.619	10118
7.481	10119
-44.222	10126
-54.804	10127
-12.604	10128
-36.355	10129
-11.570	10130
-67.664	10131
10.465	10132
4.505	10133
-58.647	10136
-33.672	10144
-27.799	10149
-21.552	10150
-1.305	10162
-50.718	10164
-46.260	10173
37.702	10174
14.668	10188
-14.431	10189
112.613	10190
86.701	10192
46.010	10194
92.472	10197
-18.308	10200
-10.918	10201
-21.090	10202
-49.210	10207
-19.511	10212
-65.249	10217
59.903	10221
7.889	10225
-68.171	10226
-3.172	10227
49.272	10228
61.428	10232
56.054	10233
47.483	10234
137.604	10258
-60.875	10262
50.615	10263
37.197	10264
45.222	10267
37.327	10268
-45.371	10269
42.259	10274
86.858	10281
77.105	10285
-41.248	10286
-4.656	10287
-17.384	10292
101.755	10296
-14.456	10299
28.858	10302
-20.159	10304
-7.660	10313
8.377	10324
67.263	10342
21.428	10345
76.951	10346
-21.604	10347
-90.060	10350
-28.202	10355
50.757	10356
60.771	10358
-38.299	10362
-16.950	10366
-29.980	10367
-92.312	10368
-100.132	10370
-24.988	10372
-35.266	10376
19.362	10383
25.901	10384
56.545	10385
-17.373	10392
45.204	10395
-2.194	10402
100.347	10403
-47.295	10404
27.001	10405
-20.286	10406
12.079	10409
-41.676	10416
-19.901	10419
-22.709	10420
-13.911	10424
107.889	10427
-53.963	10431
64.923	10433
13.866	10434
89.531	10442
-43.205	10455
-2.488	10467
84.107	10468
11.598	10470
-3.077	10471
-18.773	10478
-45.761	10479
-58.242	10480
11.771	10481
-37.165	10482
-41.301	10483
26.385	10484
-30.905	10485
35.139	10486
-19.597	10487
27.354	10488
26.434	10493
21.630	10506
16.712	10507
43.054	10510
-23.727	10515
-35.466	10516
-54.797	10517
-94.841	10518
-79.524	10519
-45.770	10520
-19.905	10521
40.101	10524
-79.007	10528
8.452	10541
5.266	10542
110.839	10574
56.977	10578
-7.189	10579
35.766	10589
-11.736	10601
-37.622	10602
-6.427	10604
-54.562	10607
-25.603	10612
28.419	10623
-71.371	10630
-59.709	10636
-70.304	10637
-55.206	10638
-10.698	10642
-58.738	10643
-50.982	10644
17.967	10645
-6.055	10646
28.929	10649
96.607	10654
122.571	10655
120.857	10657
-2.921	10664
-37.537	10665
-13.097	10677
-8.817	10678
-10.615	10690
9.978	10697
-22.457	10716
-4.289	10717
-15.857	10718
-97.478	10719
-3.922	10721
-51.357	10722
12.440	10723
134.228	10724
70.969	10732
-47.195	10735
-59.201	10736
-28.622	10754
-16.668	10758
-0.643	10761
107.845	10762
51.916	10776
73.983	10797
60.327	10804
-41.595	10805
91.335	10806
-26.198	10818
111.714	10820
72.591	10821
270.145	10823
40.572	10824
-56.191	10829
-54.564	10837
24.541	10843
30.677	10844
-10.120	10845
-1.678	10846
-36.365	10847
-13.485	10848
109.697	10850
29.632	10851
10.532	10852
-39.046	10853
255.892	10885
215.552	10905
46.993	10906
-78.204	10913
-89.304	10914
-49.741	10919
-20.378	10921
7.929	10922
51.872	10923
33.362	10924
89.335	10925
-21.333	10926
-14.028	10927
-2.533	10933
63.280	10939
28.912	10947
82.984	10964
18.063	10966
130.211	10967
116.460	10972
148.819	10973
12.327	10978
20.594	10983
-27.583	10988
-47.745	11002
43.957	11008
91.329	11015
122.744	11016
-96.076	11017
-124.566	11018
1.190	11019
-12.161	11020
85.601	11022
56.382	11023
46.997	11030
34.572	11032
32.086	11034
52.977	11035
14.722	11036
-58.008	11039
-54.437	11052
-60.792	11056
-41.693	11060
-48.599	11061
-13.284	11062
-11.177	11063
-18.293	11064
-21.161	11065
-18.759	11066
-27.534	11067
-34.105	11068
-13.888	11069
-56.073	11075
-56.795	11076
68.365	11082
-25.564	11090
37.528	11098
33.772	11099
-9.201	11100
66.181	11105
-8.984	11109
-60.329	11110
66.796	11113
-61.452	11119
13.588	11122
38.116	11123
34.249	11124
-13.909	11125
-61.834	11126
-60.778	11130
76.227	11136
55.867	11137
-0.342	11139
55.552	11149
-6.893	11152
41.829	11153
2.261	11154
-12.411	11166
-27.305	11168
-41.010	11180
-107.302	11188
31.907	11193
-9.649	11194
-7.122	11197
31.793	11198
5.875	11206
-33.541	11220
-62.445	11221
-29.217	11230
7.376	11233
-25.631	11235
-71.340	11236
-135.919	11239
19.875	11243
-117.311	11245
-20.287	11249
-38.204	11251
-45.704	11259
-71.227	11260
140.283	11263
177.341	11264
37.263	11267
-39.689	11269
12.361	11270
27.263	11272
6.547	11282
-54.241	11287
-43.830	11290
-10.833	11292
-58.744	11318
16.741	11321
-38.190	11322
0.827	11326
-45.923	11327
59.499	11333
-21.876	11335
41.029	11337
17.645	11339
-7.341	11340
9.756	11343
-24.573	11344
-99.932	11345
22.746	11346
54.258	11347
14.709	11348
28.700	11355
48.634	11358
-80.507	11368
27.416	11390
5.394	11396
-21.338	11409
28.022	11417
53.938	11418
-47.954	11419
7.245	11420
-114.410	11436
25.145	11444
-24.170	11448
-28.063	11450
-21.479	11453
-27.340	11454
4.848	11464
27.071	11471
22.570	11472
-4.436	11473
-73.766	11484
97.129	11489
15.219	11492
0.594	11499
-41.203	11500
24.174	11503
-14.994	11505
39.220	11508
-45.204	11513
-20.277	11514
-80.992	11518
13.553	11519
34.048	11526
39.524	11527
44.444	11528
-16.921	11532
18.624	11538
41.316	11564
-30.199	11565
26.305	11566
3.016	11567
-15.372	11568
61.362	11572
0.553	11585
29.431	11587
44.124	11589
-90.872	11591
-7.999	11592
-47.617	11599
58.091	11605
-34.001	11607
-12.645	11610
59.130	11617
25.352	11621
-25.951	11624
-90.547	11630
41.324	11631
34.310	11632
-86.129	11652
-1.477	11653
45.907	11656
20.394	11657
33.330	11662
62.095	11671
56.818	11721
158.878	11723
-21.938	11724
-5.804	11725
22.951	11748
21.448	11749
22.282	11756
7.799	11769
4.587	11776
-28.203	11777
-17.363	11783
-42.509	11785
3.895	11786
5.404	11795
27.871	11809
27.734	11812
-42.080	11814
41.516	11829
-8.061	11831
21.465	11834
-109.715	11835
-14.949	11837
40.012	11845
-12.316	11855
-14.771	11857
-19.634	11859
-14.312	11863
-59.114	11870
-65.963	11874
11.873	11877
1.968	11878
-74.065	11879
-75.859	11880
-70.769	11885
-13.357	11888
-17.713	11900
21.008	11906
32.499	11914
3.549	11952
-63.784	11953
-10.853	11995
102.668	12000
-13.062	12006
65.744	12007
19.658	12009
41.798	12020
-11.283	12059
-15.270	12061
125.862	12063
6.898	12070
-63.069	12098
-81.755	12099
-35.815	12109
16.871	12111
137.463	12112
8.793	12114
-32.573	12115
18.999	12117
-13.231	12120
63.724	12121
-10.020	12122
-21.824	12154
-47.367	12155
-47.989	12156
-30.353	12159
12.192	12174
-14.013	12176
-24.326	12181
-7.758	12185
44.675	12186
-5.475	12199
-11.198	12213
0.550	12217
22.736	12227
68.162	12229
8.306	12230
9.005	12231
73.708	12233
42.795	12234
2.867	12236
2.275	12237
32.448	12239
70.412	12250
-1.940	12252
-7.491	12253
-19.105	12301
-47.844	12312
-2.809	12315
119.033	12344
27.908	12350
-81.371	12357
-80.156	12362
-63.219	12364
-15.761	12376
-6.932	12377
-16.754	12380
-7.930	12381
-15.225	12382
-46.678	12387
-10.561	12437
-16.180	12438
42.425	12439
-41.326	12454
-14.709	12455
36.220	12458
-52.891	12462
44.581	12476
-27.753	12478
-96.467	12479
11.299	12485
-160.940	12496
-173.080	12497
-179.560	12498
-149.921	12499
-167.345	12500
-182.367	12501
-180.972	12502
-178.549	12505
-47.188	12508
-149.795	12509
-138.433	12510
-103.419	12512
-180.082	12513
-180.686	12514
-189.390	12515
-166.202	12516
-34.083	12519
-68.655	12521
-112.299	12533
-42.666	12545
-59.037	12546
-53.132	12547
-27.489	12548
-74.015	12549
-158.894	12550
-155.733	12551
-150.705	12552
-168.150	12553
-172.942	12554
-171.359	12555
20.529	12556
-159.044	12560
-134.870	12561
-198.897	12581
-16.456	12594
-162.539	12597
-155.249	12598
-123.086	12599
-186.011	12600
-171.755	12603
-205.806	12604
-168.657	12607
-155.512	12608
-66.203	12611
-157.925	12612
-153.141	12619
-150.401	12622
1.880	12644
283.407	12651
42.833	12669
19.817	12670
31.054	12711
46.740	12712
25.671	12714
67.321	12716
-136.585	12723
25.364	12753
31.778	12754
62.371	12755
-193.952	12772
-34.514	12774
13.059	12777
47.900	12778
50.163	12782
-17.788	12785
-117.183	12788
-182.955	12792
-184.275	12802
24.140	12805
-165.422	12806
-137.351	12814
-187.007	12815
-199.107	12827
-184.190	12841
-188.530	12842
-140.210	12852
-139.875	12853
-153.299	12865
-181.564	12868
-147.142	12871
-101.019	12877
-136.153	12886
-96.239	12893
-174.957	12897
8.421	12898
-157.210	12901
-42.930	12902
-120.536	12904
-26.767	12905
-118.786	12907
-177.651	12909
-101.464	12919
-113.435	12926
-142.528	12932
50.805	12936
-109.846	12940
-11.610	12943
16.638	12944
-168.471	12945
-155.096	12946
-195.743	12947
32.293	12948
71.977	12949
-190.763	12958
-166.444	12963
-181.694	12965
-54.551	12986
-189.964	12988
-172.736	12990
-187.299	12993
-200.032	12994
-187.297	12995
-201.684	13004
59.844	13009
72.924	13012
88.412	13013
71.625	13014
83.329	13016
-80.719	13020
-177.360	13023
-50.284	13025
-14.147	13026
-141.908	13027
-175.364	13035
-174.594	13036
-186.116	13037
-194.533	13048
17.270	13052
-5.421	13053
-185.678	13054
-43.586	13055
-128.579	13056
-175.375	13057
-9.082	13059
-189.943	13060
8.936	13062
-149.209	13064
-154.746	13065
-162.360	13082
-132.870	13083
-40.580	13096
-51.445	13099
-59.795	13100
48.611	13115
-69.377	13120
24.258	13129
-50.147	13160
-9.408	13173
-174.197	13178
-103.862	13191
-88.462	13192
-67.862	13195
-19.214	13196
7.781	13198
37.117	13199
-13.460	13200
23.928	13201
-185.067	13203
19.726	13205
-145.864	13206
-193.282	13210
-76.765	13212
-78.205	13213
-111.604	13214
-19.560	13220
-14.033	13239
-80.170	13244
-175.079	13245
-133.544	13246
-79.483	13248
-55.027	13249
-125.603	13250
-130.347	13251
-98.167	13253
28.176	13262
-39.220	13263
-190.739	13265
-177.540	13267
-166.833	13268
-161.676	13269
17.722	13271
-0.109	13272
80.919	13273
11.959	13277
-172.270	13279
-37.363	13280
-132.465	13290
-24.656	13305
-4.310	13306
-167.156	13321
13.257	13340
21.030	13342
2.170	13343
-19.697	13344
-84.421	13345
23.253	13347
-24.680	13350
-19.414	13351
-42.258	13355
-2.894	13357
-97.141	13364
4.558	13366
-34.787	13367
79.425	13419
-188.239	13422
-192.164	13425
-9.221	13426
-16.888	13427
4.182	13428
-105.591	13431
-83.719	13432
-40.174	13433
-40.237	13435
-60.362	13436
70.396	13437
-1.702	13438
62.559	13440
81.266	13441
82.482	13442
96.568	13446
103.144	13448
32.648	13455
47.961	13517
-71.225	13523
-62.834	13524
35.798	13527
-65.639	13528
45.030	13532
-13.794	13534
-4.026	13536
-40.189	13545
3.471	13550
17.421	13553
4.671	13555
29.149	13556
-3.624	13557
-56.777	13558
-62.324	13559
-177.551	13561
46.249	13566
9.152	13567
-6.790	13640
-126.121	13644
-26.112	13651
38.638	13653
52.850	13655
4.935	13657
36.067	13663
24.259	13664
-21.089	13665
4.483	13666
41.151	13675
-40.194	13676
27.656	13677
33.623	13678
23.507	13681
-25.178	13688
26.896	13697
-104.052	13704
36.808	13705
-65.238	13706
36.077	13708
-23.758	13723
8.595	13724
-80.747	13725
7.089	13728
-20.262	13731
-10.244	13732
33.464	13737
-12.325	13760
-49.976	13761
-88.041	13762
-21.224	13875
-19.549	13889
20.387	13920
58.629	13921
36.213	13923
44.675	13927
32.315	13928
61.878	13929
120.728	13930
-30.425	13942
-32.526	13943
-43.353	13945
-10.261	13995
-35.301	14002
-30.121	14003
-10.246	14009
-82.398	14016
-157.711	14017
-174.580	14018
-30.068	14021
21.626	14022
-166.241	14024
-80.731	14025
-4.743	14026
-1.077	14029
-58.929	14034
-72.116	14035
-72.322	14064
-54.290	14067
-38.670	14068
-24.123	14073
-62.347	14108
-30.115	14109
-43.023	14110
-43.589	14111
-19.324	14113
-45.266	14154
36.112	14155
2.412	14203
10.621	14204
18.427	14205
81.032	14206
-2.537	14207
-47.654	14208
8.544	14280
-32.776	14283
-30.817	14286
-39.290	14287
10.690	14288
-82.755	14291
1.796	14292
-86.560	14302
-69.340	14319
-50.867	14322
-30.291	14340
-11.724	14345
-38.606	14346
-114.866	14356
6.498	14358
-57.043	14361
-78.953	14364
18.507	14378
-27.043	14383
-20.597	14388
3.127	14389
26.805	14390
27.030	14391
-84.500	14392
-33.058	14395
35.712	14412
56.086	14413
186.820	14438
-3.751	14479
59.981	14488
-38.363	14491
-184.198	14493
-101.728	14494
-142.919	14495
7.138	14499
31.943	14501
-7.761	14507
-13.253	14570
-5.189	14625
21.390	14632
24.841	14635
5.285	14637
-3.098	14641
100.387	14646
14.218	14647
-151.872	14658
-42.211	14685
-3.363	14688
27.263	14694
-19.243	14695
27.360	14699
-56.463	14700
-14.300	14705
48.229	14715
16.531	14721
-21.132	14726
15.420	14727
-61.018	14730
-3.428	14738
22.367	14748
28.491	14749
104.984	14750
-16.211	14760
-26.009	14766
-11.098	14767
2.911	14770
-36.010	14771
59.105	14782
61.823	14783
10.129	14790
-13.143	14791
38.132	14792
-41.219	14795
-32.577	14796
-57.655	14797
-22.589	14801
-14.108	14802
-50.085	14803
-17.946	14811
-10.617	14813
179.238	14821
-17.535	14824
132.356	14826
58.241	14832
-38.705	14840
-127.075	14846
-173.237	14851
-107.288	14888
-15.746	14891
-58.451	14893
-68.357	14894
-38.148	14895
-36.409	14896
53.327	14899
49.526	14900
-96.453	14927
27.701	14933
-29.781	14934
-101.565	14941
32.296	14948
-91.453	14949
-57.243	14950
78.737	14959
56.902	14964
-146.552	14980
-112.678	14981
-42.708	14982
-48.098	14983
-10.055	14989
-73.231	14994
-154.379	15035
-149.103	15097
-67.033	15099
-49.542	15100
-42.452	15101
-31.918	15109
-72.641	15110
-108.319	15111
-49.500	15112
53.111	15113
-6.849	15128
-23.457	15129
-14.184	15134
-53.706	15138
-37.911	15147
-121.252	15168
21.311	15169
-27.588	15170
-0.542	15176
-84.799	15181
-28.189	15182
-52.634	15183
-18.478	15186
0.703	15243
-43.416	15244
0.926	15245
-44.902	15254
-39.161	15266
-55.576	15268
-65.974	15269
-25.265	15299
-37.147	15322
18.979	15327
-40.429	15338
-28.651	15371
-82.973	15430
-58.998	15431
43.381	15434
21.092	15437
-178.520	15458
-178.989	15462
34.551	15463
-77.783	15470
-86.380	15471
-185.689	15473
57.363	15483
-55.139	15496
-12.553	15499
-7.001	15502
-33.908	15514
-63.216	15516
-171.077	15518
-18.829	15521
-11.837	15530
64.321	15543
52.473	15544
-22.411	15556
-21.741	15566
-86.571	15573
-19.964	15580
24.472	15583
-48.537	15586
-29.336	15601
-45.088	15618
-29.900	15619
13.707	15621
-41.911	15623
-42.379	15639
-52.760	15655
-54.589	15658
-97.537	15662
-42.589	15666
-150.532	15684
-169.924	15690
-169.017	15692
-199.249	15693
-199.147	15694
-179.239	15706
-166.010	15723
-183.145	15727
-150.468	15728
-22.971	15748
-12.041	15762
-47.609	15767
-31.247	15768
-68.691	15772
-148.722	15775
-183.333	15777
-27.987	15780
-16.894	15785
1.462	15789
-158.313	15792
-62.960	15836
-27.362	15840
-166.747	15845
-115.202	15846
-144.245	15848
65.464	15869
22.013	15878
-160.482	15922
-16.196	15923
24.251	15925
-122.392	15934
-99.331	15936
28.446	15942
8.702	15943
1.056	15944
24.443	15945
-5.836	15946
-54.870	15954
-45.569	15968
-23.919	15969
-156.155	16012
-173.874	16013
62.232	16034
56.808	16045
-174.226	16058
-115.751	16061
-204.383	16062
-1.839	16065
-150.146	16066
-145.528	16067
-175.463	16068
-155.501	16075
-51.003	16082
-14.402	16113
-63.248	16123
-11.572	16218
-32.582	16220
-37.554	16228
-36.307	16232
-11.400	16233
-72.771	16270
-97.161	16277
-72.667	16280
-81.525	16281
-8.450	16293
-154.454	16298
-7.922	16300
-20.654	16304
-53.077	16305
-56.125	16309
-43.727	16350
-5.400	16360
44.218	16361
63.407	16364
-13.318	16367
-24.102	16377
-47.398	16379
-178.750	16401
70.854	16408
0.638	16410
-92.727	16414
71.870	16417
-68.634	16418
-112.647	16432
-122.557	16433
-20.933	16438
-149.625	16443
-100.221	16444
-94.263	16445
22.182	16446
-21.609	16447
6.615	16453
106.348	16454
-198.322	16463
-42.608	16466
-173.390	16467
2.067	16472
-180.004	16475
-103.979	16477
1.006	16480
3.751	16482
-204.500	16490
-145.466	16493
-51.520	16550
-184.563	16555
-167.272	16556
-168.653	16558
-45.587	16585
-20.814	16601
-65.836	16605
-25.421	16606
-36.536	16624
-48.026	16635
-19.832	16638
-127.979	16651
-75.578	16652
-125.492	16654
11.555	16655
20.586	16669
-5.019	16673
-19.102	16676
-9.375	16677
-12.025	16678
3.451	16679
-3.382	16710
-187.908	16739
15.285	16750
-150.099	16758
-49.885	16768
-18.762	16781
-171.945	16784
-44.426	16788
-15.105	16792
35.627	16793
-14.915	16808
-166.912	16809
-103.294	16813
-61.878	16814
135.032	16820
2.039	16829
32.121	16830
-3.861	16831
-72.381	16839
-167.092	16843
-25.420	16848
51.824	16853
-1.479	16854
-169.613	16856
-11.536	16862
1.343	16863
-14.016	16864
-12.420	16937
42.416	16948
-176.669	16958
-160.589	16959
-17.016	16960
13.668	16993
-139.613	17003
-7.490	17017
-54.006	17018
-58.403	17021
63.299	17024
17.409	17028
-38.236	17029
-80.617	17044
-89.834	17045
-22.761	17058
71.631	17061
-14.330	17066
-8.275	17067
-46.443	17071
-164.586	17085
-167.944	17087
148.035	17110
-15.977	17111
30.732	17112
16.897	17114
76.369	17134
12.006	17135
-8.771	17137
54.376	17142
-19.018	17143
-18.252	17144
39.406	17150
-6.470	17153
-17.677	17156
-29.095	17159
61.703	17165
20.425	17167
8.490	17174
128.840	17180
49.100	17182
46.777	17193
-40.440	17199
-206.452	17206
87.065	17210
-67.672	17213
-180.864	17238
87.765	17240
45.232	17247
15.572	17248
-108.931	17255
-120.567	17272
-22.665	17273
-112.941	17276
-127.686	17277
-96.336	17278
-106.582	17279
103.136	17303
32.209	17347
76.780	17348
96.136	17351
-55.989	17356
72.727	17361
81.660	17362
-46.187	17369
-11.879	17375
-65.451	17378
-6.862	17379
57.797	17382
-139.802	17407
-167.560	17408
-3.423	17417
8.700	17420
-11.481	17430
-61.201	17431
-28.275	17438
-0.678	17440
-81.230	17451
-51.077	17452
-50.936	17458
-82.940	17459
-74.936	17460
-63.255	17464
-29.634	17466
3.588	17472
15.041	17485
103.804	17508
-141.969	17527
-62.268	17550
-178.645	17566
-170.987	17576
-64.386	17577
-29.976	17584
-84.964	17585
-35.808	17586
87.818	17587
-63.839	17597
-121.329	17604
-26.443	17608
-13.611	17609
-149.818	17610
-41.371	17613
-67.462	17619
-49.379	17620
-10.153	17640
-59.164	17641
-13.512	17647
-185.094	17659
-154.775	17662
22.021	17666
-71.414	17667
-46.429	17670
-25.480	17671
-9.879	17672
4.832	17673
-24.086	17677
-87.578	17690
-112.523	17691
-72.107	17696
-18.608	17700
-47.278	17713
71.803	17727
38.528	17745
-105.115	17762
-28.986	17764
-90.315	17767
-19.082	17772
-162.525	17773
-12.788	17775
-132.672	17797
-34.612	17835
-149.815	17838
97.458	17953
-33.696	17954
105.436	17972
-39.334	17976
-83.628	17978
-45.578	17993
-25.912	18039
-65.767	18114
-125.551	18402
-195.993	18404
34.375	18410
-116.215	18416
22.018	18425
21.414	18426
12.154	18557
16.615	18558
40.426	18559
20.942	18603
-79.102	18604
36.191	18632
15.839	18633
52.830	18634
35.850	18635
63.566	18645
56.177	18647
12.522	18655
1.777	18658
15.246	18661
22.741	18662
62.207	18665
-51.272	18667
-62.339	18674
18.608	18681
4.704	18682
9.102	18683
74.487	18684
-118.723	18686
35.788	18692
-84.384	18722
-40.915	18723
1.213	18725
-13.694	18726
-5.832	18727
4.933	18728
-80.355	18732
-39.594	18740
65.408	18741
66.467	18742
9.381	18743
-61.928	18773
30.944	18781
11.230	18782
5.903	18783
30.151	18787
56.330	18788
-110.117	18793
6.854	18798
24.237	18799
22.379	18800
62.393	18801
46.783	18806
23.406	18807
-15.601	18808
84.750	18812
-31.411	18825
-4.077	18916
-103.578	18921
-11.027	18927
-74.603	18929
-82.990	18930
3.572	18932
-79.708	18933
-99.662	18936
-64.709	18937
-27.031	18943
-1.568	18947
-41.856	18949
64.445	18964
-46.793	19022
-23.648	19023
54.112	19024
26.599	19026
0.208	19027
105.794	19028
56.656	19461
36.683	19462
55.970	19463
15.247	19513
11.687	19517
45.787	19518
173.226	19522
29.243	19535
-2.381	19549
36.191	19558
3.656	19559
-33.650	19560
201.091	19562
22.738	19572
50.025	19573
205.278	19604
38.228	19647
36.533	19703
79.007	19756
20.015	19763
-20.974	19765
-22.629	19766
22.510	19791
-8.621	19792
37.149	19801
37.530	19802
30.756	19814
16.960	19816
33.696	19817
48.849	19818
8.881	19819
29.663	19841
43.527	19842
-11.967	19875
-5.592	20007
-25.041	20018
53.200	20073
51.420	20082
23.501	20083
35.841	20084
49.264	20085
58.157	20229
32.555	20235
25.416	20236
94.724	20237
17.931	20238
47.346	20264
92.854	20266
-6.367	20267
12.292	20268
74.081	20272
73.785	20284
136.057	20288
1.749	20294
51.640	20295
62.788	20296
-2.849	20301
59.273	20344
52.427	20345
41.030	20346
55.448	20347
1.413	20444
67.555	20445
38.944	20638
26.811	20639
5.387	20640
18.934	20643
-73.379	20644
51.361	20691
34.552	20692
65.679	20694
-60.927	20703
11.368	20704
17.096	20716
61.002	20718
59.751	20720
12.814	20721
66.709	20724
59.694	20725
23.146	20726
13.695	20727
41.286	20731
27.614	20870
16.721	20871
-35.581	20970
60.831	21099
-7.282	21100
66.085	21103
2.324	21141
-25.109	21157
4.669	21190
7.478	21191
73.810	21298
7.067	21323
52.783	21398
184.163	21399
195.245	21431
199.000	21432
44.298	21435
50.460	21436
57.646	21437
21.330	21438
180.669	21445
20.892	21447
190.531	21455
-3.343	21458
-4.211	21459
81.419	21479
157.940	21482
27.180	21484
8.867	21504
57.669	21510
35.358	21512
50.067	21527
22.409	21528
15.634	21534
-8.728	21536
-3.301	21649
-23.110	21650
-10.711	21698
-77.247	21745
28.926	21885
-22.862	21964
1.656	21968
-6.206	21973
25.134	21974
-23.302	21976
18.491	21977
82.619	21978
67.003	21979
62.252	21980
72.656	21991
7.451	22032
54.058	22034
59.935	22059
39.716	22075
-53.135	22078
-69.183	22079
213.566	22081
15.890	22084
70.962	22087
63.296	22088
66.089	22089
214.106	22098
-45.262	22118
56.944	22127
59.988	22134
-8.080	22139
67.803	22142
-4.400	22143
73.633	22144
-7.771	22145
-1.130	22146
15.025	22147
16.147	22164
-71.006	22187
31.504	22234
-4.803	22235
-15.579	22236
12.841	22238
-12.121	22241
60.801	22604
46.677	22605
73.340	22606
42.453	22612
38.933	22623
41.693	22624
-26.233	22627
-19.383	22628
24.902	22632
38.640	22640
5.968	22643
-49.167	22664
-7.842	22665
69.846	22667
-89.699	22674
-92.049	22675
-92.235	22676
-104.466	22685
-141.330	22703
-107.386	22709
-54.267	22796
-4.047	22971
38.580	23115
54.750	23262
62.320	23263
68.662	23266
-1.306	23302
49.028	23318
14.713	23335
-47.009	23336
-75.898	23340
-104.087	23341
152.700	23352
13.899	23354
-25.933	23358
-24.191	23361
-132.957	23379
-3.406	23439
-28.998	23475
-18.735	23507
0.846	23532
-99.962	23537
-47.918	23538
3.622	23543
-49.919	23555
42.828	23556
66.814	23565
-95.351	23610
-97.675	23628
-6.521	23633
-6.151	23640
-1.920	23649
60.432	23657
5.326	23672
18.535	23673
5.546	23674
40.043	23675
-2.507	23690
2.578	23691
-105.206	23697
38.278	23743
21.020	23744
151.847	23754
-4.511	23764
-2.507	23765
117.026	23767
38.767	23769
38.064	23770
10.408	23772
153.018	23783
120.760	23785
-68.656	23799
-121.844	23801
-84.270	23824
-111.879	23828
-138.741	23829
24.210	23847
47.341	23848
58.635	23849
-57.146	23850
-110.027	23896
105.927	24043
-50.508	24116
31.361	24117
-24.667	24144
-6.036	24167
59.320	24202
27.667	24210
-94.629	24243
92.500	24354
128.548	24372
137.692	24399
95.482	24427
125.427	24589
-11.751	24694
-23.329	24703
4.735	24710
31.732	24724
32.517	24788
22.103	24824
12.425	24825
-54.570	24858
-54.266	24859
-23.638	24876
-45.337	24890
-10.113	24891
-88.084	24892
-4.270	24893
48.595	24894
36.090	24895
-53.030	24918
-16.545	24923
-52.465	24936
31.807	24944
-19.733	24946
-21.748	24957
-127.119	24958
-34.067	24972
-43.805	24980
30.066	24999
135.179	25003
149.161	25010
12.539	25020
29.821	25021
77.394	25022
45.192	25030
1.830	25033
47.461	25050
-1.226	25051
-26.398	25061
34.379	25140
23.442	25141
10.844	25157
0.293	25158
-40.058	25159
9.742	25160
17.113	25309
-14.724	25310
67.033	25611
131.243	25612
78.563	25726
43.816	25934
41.514	25935
-80.539	25946
-5.459	25948
-137.897	25949
87.687	25971
30.860	25981
-62.193	26001
91.537	26023
86.062	26024
-2.216	26046
59.077	26059
-11.723	26232
-4.010	26240
42.135	26241
4.220	26247
19.735	26251
34.124	26252
51.036	26328
15.322	26329
-48.651	26375
-43.054	26376
-71.833	26393
3.171	26394
-2.149	26412
-84.881	26420
-114.936	26459
-175.717	26463
-123.929	26464
-151.419	26466
-115.112	26468
-153.026	26471
76.523	26475
74.799	26476
64.325	26477
47.217	26478
53.213	26479
55.529	26480
-82.957	26481
-23.879	26484
65.387	26486
-83.908	26490
-92.048	26491
49.171	26497
86.357	26498
77.605	26499
54.838	26512
-157.602	26533
-21.904	26536
37.251	26552
-10.927	26573
-21.552	26574
24.075	26575
38.085	26611
-131.741	26615
-6.574	26620
-50.744	26621
25.397	26629
8.230	26637
43.251	26648
1.399	26662
26.594	26664
50.452	26696
-108.188	26713
-15.313	26716
-6.398	26717
9.467	26720
137.117	26722
-94.684	26724
28.218	26733
106.130	26734
-21.655	26735
44.926	26758
-122.117	26764
5.804	26768
29.256	26769
22.817	26781
23.393	26805
19.052	26807
131.148	26825
-89.548	26826
-82.484	26827
-165.885	26829
32.857	27026
-53.002	27053
-124.174	27054
56.085	27174
-59.242	27175
-60.837	27179
-6.696	27199
-51.357	27200
16.923	27230
-8.462	27391
-25.189	27507
53.613	27561
6.094	27761
38.010	27764
22.026	27832
6.215	28002
43.214	28164
171.641	28169
180.391	28170
164.079	28179
-40.574	28182
-43.588	28183
215.398	28185
191.981	28186
7.395	28187
147.133	28192
-10.966	28194
36.484	28195
129.380	28204
6.439	28205
65.373	28208
76.936	28210
148.534	28211
43.944	28213
92.664	28218
-17.776	28219
1.628	28221
146.763	28223
-52.662	28226
136.100	28265
-88.056	28277
-139.547	28282
-179.216	28284
-35.838	28285
-67.318	28290
148.372	28302
-10.080	28303
1.254	28304
38.375	28313
2.897	28324
45.553	28335
59.992	28336
51.586	28337
-54.401	28377
15.087	28386
-40.694	28400
-38.106	28420
144.549	28424
-146.298	28467
-151.636	28468
-195.995	28528
40.006	28539
-1.434	28541
-82.322	28543
-79.101	28544
-16.411	28549
-87.007	28556
46.687	28745
-34.492	28832
-116.780	28845
-202.882	28851
-131.053	28852
-248.839	28853
-239.424	28854
-8.059	28858
-19.025	28861
-99.542	28862
-89.449	28864
-96.440	28865
-141.834	28870
0.008	28932
-39.100	28975
16.916	29091
85.386	29213
165.562	29214
180.305	29215
262.509	29216
76.217	29219
143.548	29226
143.947	29227
-14.683	29235
27.262	29419
80.383	29422
97.689	29445
87.614	29455
64.442	29456
96.013	29472
-130.965	29492
-49.763	29506
-82.282	29526
-84.099	29544
-87.405	29561
-123.928	29573
-48.630	29574
-92.850	29576
-77.571	29577
-130.495	29579
-191.581	29580
-183.088	29581
-76.423	29585
-131.901	29593
-76.055	29594
46.838	29599
53.225	29600
80.214	29601
23.248	29602
-61.412	29603
22.787	29606
-68.067	29613
-112.839	29630
51.516	29631
-4.544	29636
-42.794	29649
-128.258	29650
21.790	29671
34.007	29684
26.624	29685
5.350	29686
62.301	29705
57.677	29706
50.420	29707
25.839	29708
-204.077	29714
-95.093	29720
58.172	29721
8.519	29725
-76.642	29728
-147.976	29729
-4.919	29730
-194.982	29733
7.012	29795
95.640	29802
3.174	29834
-10.490	29837
-138.476	29843
-126.232	29844
-184.498	29845
-1.277	29848
-4.462	29849
-11.723	29850
-60.733	29861
17.590	29868
22.103	30210
-7.960	30211
-69.886	30212
68.009	30226
-89.543	30244
118.302	30252
193.357	30253
13.016	30272
-48.025	30278
47.453	30322
55.232	30332
58.754	30333
235.505	30335
65.941	30357
-2.896	30358
71.898	30362
159.815	30367
154.956	30368
64.935	30377
-7.953	30393
-6.474	30395
25.806	30449
-150.289	30477
-183.941	30484
13.757	30502
8.169	30503
12.072	30540
27.498	30541
6.471	30545
60.704	30565
68.750	30579
63.621	30598
68.972	30600
130.514	30625
6.950	30644
100.785	30653
-151.424	30656
85.595	30660
117.522	30661
26.311	30667
55.203	30668
-34.707	30684
0.496	30689
52.981	30690
51.321	30694
115.866	30712
39.467	30713
-79.869	30717
-15.886	30730
-72.408	30734
-112.106	30735
-65.535	30739
6.347	30752
-206.191	30753
-176.649	30754
-38.348	30755
-55.576	30756
-74.276	30757
-19.323	30766
-16.745	30767
-31.018	30768
25.901	30769
1.558	30782
53.583	30933
38.213	31046
22.142	31079
-58.925	31082
-18.874	31084
-27.949	31088
6.478	31099
38.064	31100
-16.714	31101
44.954	31110
18.585	31112
101.004	31114
282.414	31120
13.504	31144
273.541	31154
210.152	31217
215.894	31229
215.194	31255
55.890	31283
131.282	31287
116.252	31288
56.437	31297
63.139	31304
14.490	31306
-4.092	31307
85.893	31337
240.543	31355
84.112	31358
81.456	31373
41.960	31375
-37.444	31389
60.097	31390
-158.000	31400
-135.328	31412
0.544	31438
-24.740	31439
-122.787	31442
-23.491	31473
-29.369	31474
-29.963	31475
-73.970	31488
-116.481	31495
-110.117	31496
-24.918	31497
-28.750	31498
-38.460	31567
-35.887	31589
27.831	31649
239.781	31652
236.049	31653
229.573	31654
232.776	31660
-38.769	31661
31.040	31662
71.514	31669
36.873	31674
-5.443	31679
-11.678	31680
17.602	31681
-1.726	31690
-17.255	31704
-32.335	31743
-9.365	31744
96.408	31745
135.171	31755
-40.791	31760
58.056	31761
38.826	31762
45.580	31764
107.423	31765
19.651	31768
-29.678	31783
132.139	31819
61.305	31827
-19.012	31828
-45.635	31853
-33.333	31856
-237.735	31858
38.793	31862
71.450	31863
84.426	31898
28.721	31927
80.527	31952
80.437	31953
94.861	31954
22.282	32049
12.672	32051
35.032	32052
-121.525	32086
-13.367	32105
-10.570	32107
33.979	32132
18.539	32133
41.120	32135
-56.659	32137
39.077	32141
-47.333	32155
-26.946	32156
-23.231	32157
134.529	32158
68.618	32160
37.312	32194
59.263	32239
74.930	32240
38.386	32241
24.876	32243
-24.958	32264
-7.292	32268
41.546	32270
-2.488	32283
-137.821	32287
-8.150	32292
31.839	32327
18.883	32411
139.357	32417
67.713	32421
-70.879	32431
-138.183	32474
-105.448	32518
-128.969	32519
22.470	32520
16.593	32748
95.253	32764
-56.604	32802
9.996	32812
44.702	32833
43.847	32846
-30.849	32855
-204.288	32877
-231.396	32881
-195.796	32882
68.398	32883
-62.189	32885
10.354	32893
1.811	32894
27.113	32895
47.303	32901
11.934	32957
133.784	32963
26.311	33034
37.571	33035
32.348	33051
39.048	33054
146.540	33060
50.217	33088
-45.432	33168
40.592	33213
-185.431	33236
-232.574	33277
-203.035	33278
-179.366	33295
-248.119	33308
-94.343	33630
65.785	33716
-148.648	34064
-71.997	34106
-17.472	34109
13.929	34111
45.537	34112
24.159	34115
135.692	34117
210.511	34130
51.019	34192
42.653	34307
45.850	34311
38.603	34312
184.691	34324
12.120	34326
-30.330	34331
62.534	34340
-3.550	34371
17.309	34390
-4.598	34391
-6.570	34392
35.483	34411
-19.018	34424
-27.434	34524
-24.373	34528
-5.703	34530
-81.251	34532
56.901	34556
73.207	34595
74.165	34621
71.174	34623
44.733	34626
87.696	34639
47.967	34659
-11.364	34660
101.490	34720
89.891	34723
-61.728	34744
-62.478	34777
-167.981	34781
-88.064	34788
-11.997	34792
17.602	34805
40.379	34810
-63.418	34838
-120.372	34875
-85.949	34879
36.793	34888
-17.080	34889
-31.739	34935
-9.025	34994
47.903	35003
-60.148	35050
-8.316	35092
-7.133	35151
0.590	35152
-7.388	35166
-22.395	35179
-4.788	35183
70.994	35223
76.110	35227
71.722	35235
59.443	35239
-64.314	35242
5.162	35334
-92.017	35357
-139.152	35401
-169.755	35407
-160.105	35409
40.763	35423
38.404	35424
-41.122	35431
-53.211	35432
-21.161	35450
67.580	35576
4.674	35583
41.350	35584
48.508	35601
-0.465	35663
-13.541	35664
-78.471	35665
-95.796	35666
57.534	35681
7.653	35696
-65.854	35743
-127.489	35744
52.913	35746
-4.621	35801
-181.896	35808
61.552	35811
137.039	35812
11.228	35886
-3.692	35887
9.999	35888
13.067	35891
12.315	36464
183.699	36477
18.025	36495
68.654	36496
-41.737	36497
-41.061	36498
130.184	36499
231.257	36501
124.888	36507
88.077	36510
56.529	36511
235.045	36512
260.893	36514
241.703	36515
147.694	36517
25.348	36524
39.829	36525
82.856	36528
70.301	36529
246.929	36531
51.139	36562
-123.092	36587
-128.047	36588
-4.072	36676
-2.791	36677
38.084	36678
64.958	36726
-63.879	36730
-22.640	36769
-10.861	36770
79.214	36799
51.787	36838
66.521	36842
18.196	36843
18.014	36844
-50.575	36854
29.873	36864
147.771	36876
153.059	36877
54.619	36879
62.831	36880
-33.818	36901
146.482	36902
66.733	36903
55.206	36923
135.857	36925
-83.852	36938
63.468	36947
-19.984	36955
-30.736	36956
122.202	36957
109.861	36958
97.766	36959
55.736	36969
-49.585	36970
-16.138	37035
66.237	37040
-44.984	37047
-47.421	37070
42.153	37073
-85.084	37074
-146.364	37103
-72.241	37114
-94.461	37129
43.293	37148
1.533	37149
55.070	37192
53.898	37193
28.786	37219
82.563	37220
18.611	37252
-16.664	37255
-3.585	37265
65.621	37302
46.218	37303
5.687	37304
87.729	37306
-84.088	37307
40.069	37312
-12.430	37348
-58.452	37356
6.375	37359
27.000	37364
-117.147	37392
4.686	37546
-46.040	37547
-77.685	37552
113.158	37554
-48.747	37555
40.687	37557
40.565	37558
23.550	37559
48.477	37561
-135.681	37562
13.350	37563
-43.789	37564
-16.345	37565
-27.073	37567
-129.784	37568
35.184	37569
46.431	37570
46.380	37577
57.052	37578
41.122	37579
-25.088	37584
-7.747	37676
-64.463	37677
37.684	37678
-28.146	37838
52.494	37847
43.043	37848
-1.633	37849
-9.461	37850
25.102	37851
63.007	37852
-13.234	37970
-37.054	38027
-10.235	38167
-47.108	38211
-0.775	38258
29.182	38289
-41.829	38474
-16.103	38475
-20.499	38476
173.831	38626
-30.699	38627
25.159	38910
85.241	39128
-36.221	39132
0.641	39142
142.587	39143
-60.042	39161
-14.630	39162
-43.597	39163
-54.660	39177
2.421	39179
1.790	39180
-121.289	39195
37.226	39196
-194.268	39292
-251.444	39293
-262.181	39296
-204.099	39297
-200.882	39298
54.291	39302
42.534	39304
45.699	39305
-12.146	39312
66.153	39314
-48.205	39323
-17.259	39329
91.140	39330
94.925	39331
77.876	39332
74.666	39333
-11.213	39336
-5.145	39337
18.306	39341
-19.553	39343
13.250	39344
63.953	39350
18.163	39353
-116.602	39370
-118.937	39386
68.807	39392
236.806	39393
-75.014	39412
-56.367	39421
-84.770	39443
206.903	39445
-113.456	39457
-13.456	39466
6.548	39467
236.386	39468
222.481	39469
57.930	39473
-7.055	39479
214.593	39481
255.959	39482
248.868	39484
-11.693	39492
10.988	39797
162.476	39808
94.719	39821
54.534	39822
-0.084	39878
44.411	39885
33.376	39896
57.696	39899
37.175	39901
48.488	39946
45.129	39947
58.497	39948
28.439	40001
22.985	40046
61.160	40048
23.233	40049
82.919	40116
56.642	40117
50.050	40165
31.336	40166
25.186	40200
37.158	40203
21.177	40233
38.347	40234
19.216	40235
54.633	40283
53.103	40284
34.680	40285
-65.710	40464
26.397	40468
22.605	40469
40.059	40474
59.291	40478
37.474	40482
24.603	40488
64.289	40489
54.014	40490
-69.911	40494
31.717	40516
14.314	40517
-72.266	40536
-85.279	40537
-76.854	40538
-29.271	40539
-90.527	40540
-37.100	40541
-54.149	40542
0.444	40543
6.573	40544
77.560	40556
0.602	40595
-72.955	40596
37.183	40598
40.997	40599
72.115	40600
-31.508	40601
14.550	40602
-64.659	40656
-76.626	40657
90.760	40686
-75.194	40753
-7.272	40762
55.851	40769
105.510	40779
1.303	40823
6.441	41069
-5.043	41070
-22.607	41073
18.490	41074
37.632	41075
40.416	41119
44.739	41126
4.245	41127
23.069	41150
59.786	41183
8.439	41233
183.491	41420
234.946	41421
192.069	41423
168.002	41424
191.787	41425
224.811	41426
19.916	41427
57.948	41428
-11.753	41429
32.687	42014
46.081	42030
52.964	42049
80.355	42060
75.020	42081
80.863	42082
-2.646	42084
18.686	42085
34.767	42086
-152.735	42098
-24.345	42125
25.399	42151
-66.292	42157
-12.931	42159
0.823	42160
-161.240	42170
-53.988	42203
-6.517	42204
-43.934	42205
-185.527	42210
5.856	42234
-9.861	42255
-150.368	42296
-150.461	42316
-176.095	42348
51.435	42560
157.063	42561
-39.691	42564
129.675	42568
52.431	42572
135.851	42573
-10.968	42588
-64.305	42590
-61.457	42591
-22.849	42592
168.153	42593
49.175	42594
-18.082	42604
160.761	42624
75.550	42625
80.416	42701
76.675	42716
-1.345	42717
-6.247	42718
48.587	42722
-51.962	42744
-103.712	42779
-101.003	42788
-153.361	42846
-165.663	42847
12.561	42848
51.007	42849
10.214	42850
-5.835	42851
55.896	42859
-94.494	42866
-135.101	42867
32.887	42898
52.172	42926
6.249	42929
79.898	42944
71.573	42945
-19.366	43008
31.848	43031
-3.361	43061
33.566	43075
15.055	43076
182.989	43217
154.897	43223
-6.880	43227
-2.317	43228
-4.440	43233
-50.146	43279
16.338	43298
-62.732	43715
64.826	43720
114.409	43733
75.718	43735
44.220	43736
112.941	43737
82.997	43857
70.696	43864
-10.134	43865
26.576	43866
27.438	43899
17.261	43919
79.029	43920
0.222	43946
39.953	43958
116.355	44003
86.385	44020
98.824	44048
137.364	44049
16.153	44053
-21.546	44056
234.243	44062
156.893	44065
167.863	44073
140.959	44074
272.182	44076
162.722	44102
187.183	44103
134.611	44104
161.458	44105
61.778	44134
63.680	44135
87.360	44139
8.293	44140
-9.636	44144
117.854	44154
147.962	44246
71.442	44250
76.037	44256
164.974	44267
-5.987	44271
-36.202	44272
67.803	44273
129.755	44274
38.409	44286
-51.058	44287
161.529	44366
59.841	44395
133.422	44396
172.426	44457
217.666	44490
215.753	44491
120.470	44494
215.860	44552
58.761	44625
57.799	44632
58.689	44640
10.636	44641
9.667	44642
80.045	44650
34.777	44651
-1.637	44661
-4.348	44669
5.810	44670
-9.580	44673
22.029	44674
27.779	44677
84.102	44678
65.104	44679
59.467	44680
67.138	44681
96.657	44682
88.772	44760
58.163	44796
36.103	44797
77.634	44799
119.744	44800
67.944	44846
150.744	44852
218.609	44865
81.836	44868
249.645	44985
81.656	45033
76.301	45034
67.986	45035
-26.765	45036
146.059	45047
164.685	45049
111.337	45051
196.977	45052
148.036	45053
47.911	45091
29.234	45105
192.242	45120
183.014	45133
99.292	45140
135.685	45141
134.602	45143
-25.816	45152
160.551	45155
53.233	45190
-26.762	45192
-4.477	45195
37.466	45244
-13.703	45252
-13.418	45253
-53.900	45254
42.584	45277
-2.705	45488
109.456	45498
71.303	45500
135.164	45505
-13.390	45531
-26.669	45567
78.424	45569
82.794	45570
-144.203	45583
98.861	45594
83.946	45595
39.988	45596
36.411	45597
20.442	45619
47.982	45620
-177.283	45626
27.770	45645
21.885	45680
58.372	45692
-43.070	45731
-67.701	45739
-4.329	45782
33.185	45883
4.118	45965
-41.999	45978
-34.535	46078
28.219	46118
-11.434	46149
3.511	46150
61.981	46169
18.517	46184
71.295	46283
-17.701	46286
96.914	46351
-88.407	46357
66.468	46369
35.691	46448
90.493	46538
14.394	46618
1.990	46622
86.763	46626
29.675	46627
4.842	46628
50.152	46635
75.813	46647
88.152	46648
-5.486	46652
97.215	46664
103.127	46666
109.152	46687
130.428	46688
-46.081	46716
46.734	46731
-99.207	46937
27.743	46938
-28.148	46941
43.415	47006
25.548	47007
20.775	47030
52.577	47083
81.998	47084
51.576	47094
19.048	47169
-93.810	47194
-78.874	47195
-92.885	47211
-90.396	47218
5.985	47223
-97.518	47225
-137.100	47245
-88.854	47285
67.187	47288
48.952	47289
31.365	47295
154.538	47302
-18.616	47314
126.975	47317
12.906	47322
0.899	47323
128.145	47336
23.115	47339
20.669	47419
23.108	47457
30.210	47460
28.780	47464
91.228	47465
-41.446	47466
5.198	47473
-44.625	47702
6.571	47703
-91.894	47707
-97.919	47708
14.438	47710
-76.521	47716
-52.455	47731
-137.927	47732
-164.485	47748
-109.836	47751
11.341	47788
6.899	47809
-66.448	47848
-176.352	47928
-194.170	47940
23.824	47941
66.466	47943
-2.003	47958
82.956	48008
23.630	48009
-25.065	48014
-70.219	48015
-2.136	48016
-124.408	48018
29.676	48032
19.194	48033
-22.091	48147
-11.969	48193
-119.008	48203
-52.181	48243
-115.980	48297
-114.616	48298
-45.102	48299
-55.332	48300
-5.730	48301
-126.642	48329
26.257	48435
57.211	48438
28.170	48465
4.286	48474
7.607	48534
6.958	48535
34.786	48541
19.697	48542
12.906	48583
53.957	48584
29.290	48616
30.647	48650
50.772	48675
5.115	48696
-26.789	49041
3.687	49050
-40.365	49052
6.287	49054
-47.020	49059
-136.325	49063
-185.334	49064
-118.456	49067
-173.750	49073
68.798	49350
76.948	49352
83.920	49353
170.456	49357
193.002	49358
184.082	49359
187.176	49360
148.220	49361
226.746	49364
88.676	49369
69.034	49373
98.745	49374
82.828	49375
108.023	49376
65.688	49419
135.532	49435
249.809	49490
223.637	49494
56.555	49516
69.254	49529
194.636	49536
132.942	49559
114.067	49560
81.724	49561
-29.194	49562
-114.590	49581
210.287	49582
200.504	49616
85.735	49621
59.316	49624
3.926	49630
230.507	49631
225.619	49633
213.036	49634
92.031	49639
23.588	49640
-89.177	49654
-8.201	49658
-36.613	49659
-92.249	49744
-69.559	49762
-83.671	49763
-55.429	49771
28.302	49772
-4.688	49777
-65.207	49778
50.233	49779
-49.313	49780
50.736	49789
-39.801	49803
49.603	49807
61.413	49808
34.367	49815
-62.755	49816
-67.143	49820
94.172	49821
-78.225	49853
28.035	49860
-27.532	49862
7.933	49863
-70.114	49866
10.390	49867
-3.247	49868
-63.134	49880
128.220	49901
112.028	49905
-56.076	49927
-102.294	49959
-25.354	49961
33.569	49963
10.331	50003
-163.960	50007
59.445	50028
9.900	50085
32.931	50113
65.297	50114
-34.208	50115
102.385	50190
1.115	50199
111.436	50202
36.368	50223
-147.815	50244
-49.596	50245
-113.440	50246
94.919	50249
108.478	50258
55.540	50259
-33.092	50268
59.518	50281
-10.338	50282
-6.300	50283
-12.584	50377
-78.749	50464
23.337	50811
83.192	50821
80.236	50822
59.263	50833
103.304	50843
67.297	50844
72.162	50848
91.934	50877
-2.137	50878
37.727	50904
72.608	50911
-117.001	50912
-123.298	50917
-187.706	50931
-9.270	51056
-3.542	51163
-131.387	51258
-169.642	51259
-157.115	51301
-111.899	51318
-93.560	51365
-26.662	51366
-48.538	51367
-42.610	51368
21.957	51390
58.125	51409
-4.455	51431
7.477	51437
247.372	51452
140.312	51466
179.479	51467
51.093	51514
235.019	51517
-97.858	51528
57.736	51550
8.020	51551
47.370	51552
83.687	51578
11.833	51594
18.286	51595
-70.673	51637
44.933	51640
91.615	51641
32.264	51642
86.925	51654
87.945	51655
58.231	51656
37.221	51674
21.822	51675
-124.794	51688
-189.557	51703
-181.285	51711
-121.745	51719
-168.738	51735
-118.641	51736
-74.632	51771
-6.065	51772
-6.514	51773
5.564	51774
26.344	51781
-59.910	51786
16.328	51853
262.090	51906
176.473	51928
188.725	51929
-8.841	52483
-127.878	52488
-25.433	52491
20.185	52512
-80.015	52516
-27.514	52520
-57.418	52735
41.295	53016
74.985	53070
124.143	53208
36.605	53231
108.252	53301
58.214	53319
7.014	53355
106.799	53358
3.592	53443
38.057	53449
19.278	53458
17.127	53459
-12.263	53469
28.927	53470
51.503	53471
-19.274	53472
30.502	53479
-14.664	53480
13.064	53481
44.085	53482
-71.058	53488
57.468	53489
137.064	53493
75.093	53497
64.736	53498
58.012	53516
159.810	53524
84.428	53527
12.697	53531
87.526	53647
92.299	53664
108.822	53681
74.910	53682
-46.689	53710
-147.982	53711
-144.317	53712
62.005	53715
-146.415	53802
-151.751	53803
3.140	53830
-89.747	53831
-11.059	53856
26.386	53866
-133.135	53869
99.731	53870
-70.682	53878
136.895	53879
19.027	53896
32.431	53897
28.336	53938
39.552	53947
-17.188	53950
30.443	53952
41.904	53962
88.924	53964
69.601	53981
-25.168	53982
-4.336	53986
106.352	54034
47.267	54060
-7.032	54090
35.659	54091
16.765	54092
-20.703	54104
-50.955	54123
5.143	54124
-57.033	54125
30.314	54126
67.775	54162
-3.604	54163
25.617	54164
46.780	54279
92.012	54296
70.083	54326
-35.385	54378
-42.433	54381
143.785	54536
-166.999	54567
-64.614	54653
18.118	54661
-45.195	54678
-110.492	54679
42.850	54681
77.486	54682
7.905	54721
-19.104	54725
24.276	54726
25.113	54877
80.467	54879
-41.582	54909
13.551	54917
68.716	54918
-5.786	54931
57.245	54951
0.708	54952
27.787	55049
18.300	55052
20.093	55053
54.771	55054
51.997	55057
67.227	55635
83.847	56244
90.350	56245
112.049	56287
73.494	56289
43.373	56325
1.461	56431
-3.404	56432
59.343	56444
4.988	56445
54.657	56456
66.181	56463
-12.174	56464
32.727	56466
-21.053	56467
-1.240	56468
-0.749	56476
-20.542	56477
-42.228	56478
17.079	56484
-53.491	56485
42.846	56488
40.679	56518
112.065	56522
20.953	56532
-26.109	56592
14.519	56593
29.615	56621
19.118	56622
70.018	56659
58.679	56680
-31.695	56681
38.908	56692
68.359	56693
-93.401	56732
-147.362	56756
6.985	56771
-225.083	56796
-218.084	56797
40.240	56838
-3.626	56839
-26.170	56840
-0.245	56870
47.373	56937
125.056	56987
34.209	56996
18.785	57010
132.060	57096
24.231	57138
-0.205	57139
89.876	57140
105.293	57149
66.086	57150
-63.374	57187
37.323	57189
-11.851	57644
10.022	57756
43.796	57766
13.254	57773
-34.820	57782
24.237	57783
23.565	57784
53.459	57801
37.532	57808
43.919	57809
12.620	57810
-21.703	57824
61.750	57830
-37.095	57859
36.032	57860
20.902	57865
-37.865	57866
68.013	57867
28.067	57868
42.302	57869
-1.475	57870
24.093	57872
53.343	57873
-18.097	57874
81.123	58021
60.781	58025
-11.900	58339
-29.856	58340
-3.145	58379
-27.952	58405
28.916	58453
16.415	58783
34.196	58798
208.669	59340
-31.915	59384
66.269	59392
55.959	59393
72.476	59397
31.391	59398
-22.516	59399
30.983	59401
29.713	59409
7.230	59416
67.458	59418
41.394	59422
74.560	59423
6.895	59424
30.022	59425
-61.095	59427
32.498	59429
5.658	59436
-2.940	59437
44.236	59448
8.331	59449
-17.049	59526
-43.836	59529
-28.666	59530
-74.424	59534
-70.797	59536
-175.825	59541
-60.904	59542
27.201	59543
218.959	59611
109.181	59623
26.555	59657
-37.561	59665
-111.818	59715
-114.824	59717
-65.677	59719
-103.901	59721
-95.878	59730
-109.697	59750
-28.549	59850
52.135	60527
124.527	60530
216.990	60572
181.179	60591
127.062	60720
125.770	60885
95.908	60893
68.659	60894
148.617	60895
148.921	60896
10.764	60920
60.581	60924
116.995	60960
90.760	60970
118.405	60986
12.305	61100
-37.584	61175
4.523	61176
104.112	61177
4.899	61219
42.904	61220
32.282	61337
-10.656	61338
42.113	61450
-44.548	61454
38.840	61455
43.131	61456
38.163	61589
20.931	61635
-7.756	61770
-14.921	61771
13.042	61772
36.340	61805
-25.420	61842
45.257	61843
42.762	61905
24.763	61936
44.516	61940
-20.907	61946
8.099	61951
-55.365	61965
-52.269	61977
-20.448	61991
-15.890	61992
-50.282	62006
-202.756	62007
-195.933	62011
36.288	62014
-11.017	62033
-27.994	62034
-27.743	62036
-8.142	62492
-8.452	62495
-73.575	62498
-102.319	62502
-93.881	62503
-35.315	62506
-61.330	62526
-17.280	62660
-70.206	62686
-12.870	62730
38.536	63697
-23.623	63947
-26.978	63952
-202.273	63995
-184.591	63998
-212.338	63999
-224.104	64047
-204.344	64069
-187.037	64078
-201.458	64085
-206.430	64090
230.310	64096
22.703	64103
101.587	64108
41.441	64117
69.727	64139
27.750	64161
30.372	64216
55.786	64329
66.846	64330
189.517	64390
64.477	64391
80.108	64407
94.051	64429
79.104	64434
109.270	64435
-83.071	64519
-68.420	64605
65.696	64629
34.075	64635
-62.133	64645
-135.846	64662
46.243	64824
31.532	64825
-47.549	64841
-68.952	64894
-86.933	64895
-59.044	64896
-38.990	64897
-94.426	64898
-118.573	64909
-93.894	64928
-37.538	64947
-35.465	64959
28.179	64962
1.722	64963
-15.187	64964
79.388	64969
55.468	64971
-88.071	64997
21.407	65014
11.874	65015
-76.302	65057
10.873	65105
85.090	65131
30.728	65136
97.184	65137
69.691	65145
50.410	65155
65.971	65183
-44.567	65196
39.936	65197
58.231	65203
8.707	65214
75.070	65339
-123.771	65513
-67.416	65519
-80.844	65520
-131.432	65534
-122.645	65537
-154.459	65538
-72.720	65572
-68.718	65573
-125.604	65574
85.660	65582
-12.344	65591
-42.988	65700
96.162	65904
63.039	65913
65.273	65914
4.043	65929
8.642	65930
6.562	65931
-137.637	65939
33.394	65950
-116.728	65961
-145.667	65970
54.984	65971
-120.118	65975
-2.307	65982
-59.313	65984
-119.662	65986
-22.364	66047
-72.367	66049
0.810	66060
-20.494	66106
-48.238	66129
53.422	66319
88.891	66320
86.467	66322
49.327	66323
36.567	66324
-104.736	66449
28.222	66794
-53.508	67210
68.700	67354
171.763	67364
26.845	67373
70.432	67536
93.790	67561
105.691	67573
210.502	67654
226.718	67655
241.946	67657
0.826	67708
58.183	67944
-65.290	68040
-28.141	68105
12.941	68107
-73.426	68120
40.074	68266
-27.031	68300
40.444	68323
36.512	68378
-19.536	68538
71.646	68561
14.556	68562
57.197	68770
231.369	68960
5.457	69309
-5.162	69310
156.676	69319
50.254	69339
33.525	69422
37.213	69423
-36.969	69425
-29.536	69552
-48.579	69556
14.881	69588
-36.897	69831
-0.987	69832
27.705	69877
-184.905	69886
-118.131	69887
-144.234	69948
28.001	69966
-124.756	69972
-205.705	69974
-85.235	69997
206.891	70001
-119.762	70002
-179.058	70071
-212.752	70079
20.846	70086
7.618	70088
11.733	70091
52.308	70093
-45.659	70102
49.222	70114
-65.311	70137
-29.073	70168
46.128	70223
-179.606	70257
-188.259	70258
-203.297	70298
-187.016	70304
39.401	70364
200.789	70374
167.191	70462
165.697	70463
3.595	70487
-44.740	70516
-52.814	70518
112.395	70526
219.424	70532
240.845	70538
175.320	70539
47.700	70560
124.897	70570
74.418	70578
44.268	70580
126.998	70589
16.970	70595
43.486	70596
10.907	70613
41.936	70655
69.055	70656
28.913	70670
-0.293	70675
-50.236	70682
0.750	70882
26.227	70918
-61.950	70970
81.202	70983
-89.234	70985
-52.217	71025
-63.085	71071
7.408	71148
75.700	71482
40.542	71490
50.853	71491
113.650	71493
34.038	71499
-120.362	71502
-202.995	71506
-202.708	71507
-137.866	71508
-172.849	71514
-201.497	71515
12.831	71519
-10.540	71561
57.094	71586
-120.645	71742
-148.481	71814
-87.604	71849
21.307	71887
43.826	71904
34.759	71905
274.124	71916
154.238	71954
84.354	71955
153.505	71969
81.412	71972
37.761	72023
109.967	72024
32.450	72046
34.376	72437
-7.135	72455
85.519	72464
52.994	72465
-7.653	72478
62.375	72479
-9.999	72485
17.534	72490
97.524	72501
-184.387	72503
37.743	72512
44.581	72514
6.303	73116
2.061	73235
1.121	73311
-28.460	73312
1.277	73470
-7.398	73471
-29.777	74034
-9.884	74114
-19.548	74231
-16.964	74256
47.471	74257
-71.504	74309
-54.482	74327
24.404	74338
157.010	74339
-43.038	74344
-155.812	74349
12.209	74353
9.378	74358
-87.076	74360
-108.926	74361
-169.376	74362
-63.499	74363
192.919	74373
-35.222	74471
38.703	74603
152.668	74608
18.223	74620
99.635	74835
-7.696	74836
17.596	74837
26.748	74838
156.576	74840
37.311	74861
162.477	74865
131.067	74866
124.116	74867
20.855	74874
24.060	74875
25.990	74876
66.801	74893
69.402	74895
31.814	74901
31.266	74902
31.609	74907
113.151	74908
163.777	74911
-37.783	74920
51.108	74921
48.153	74924
58.290	74937
63.272	74943
19.266	74952
-68.568	74954
-49.127	74955
18.177	74961
70.667	74962
-107.976	75003
-117.833	75098
-129.217	75099
-17.323	75248
43.366	75249
14.255	75250
53.826	75291
38.826	75292
-1.756	75294
23.464	75295
13.315	75333
19.536	75552
-86.400	75563
14.087	75564
58.440	75565
30.843	75567
-121.828	75568
-133.403	75569
-132.147	75570
-135.665	75573
-137.158	75574
-112.816	75608
-207.123	75615
-202.204	75616
49.591	75691
49.912	75713
-16.669	75740
-74.079	75742
62.020	75750
176.108	75751
96.155	75758
40.436	75760
146.345	75761
57.687	75792
159.187	75793
106.306	75794
-71.546	75815
-40.771	75816
-171.192	75818
-94.959	75821
-118.137	75823
-67.479	75824
-92.940	75825
-67.064	75834
-33.257	75835
29.918	75845
97.376	75846
-172.491	76183
-156.129	76254
101.416	76290
47.537	76298
140.652	76314
54.032	76319
-81.789	76420
-88.059	76427
2.468	76448
-58.833	76487
-106.421	77096
25.655	77102
39.882	77124
-27.874	77128
59.349	77155
65.346	77156
16.333	77159
98.254	77669
51.392	77699
-12.088	78127
-9.318	78131
-23.913	78134
-30.053	78135
-36.640	78137
72.030	78139
107.173	78157
24.463	78170
75.093	78181
20.634	78184
-27.099	78191
60.823	78223
-26.716	78232
119.339	78234
122.190	78244
143.036	78245
-72.842	78249
86.789	78311
157.667	78312
145.101	78313
156.160	78318
148.333	78319
54.423	78321
107.003	78322
24.360	78327
155.631	78333
176.502	78334
90.576	78335
67.230	78359
4.166	78408
59.343	78409
35.548	78411
-77.744	78416
-87.396	78423
-64.417	78426
-81.968	78431
-58.234	78432
-73.346	78438
-68.116	78439
-55.282	78453
88.960	78456
-53.321	78464
53.086	78547
72.689	78703
43.775	78704
15.221	78705
-24.439	78734
91.982	78845
11.537	78873
50.608	78877
6.436	78887
59.299	78888
-20.590	78893
-48.075	78919
48.654	78944
-48.959	78945
-37.607	79014
80.082	79558
103.426	79643
98.267	79644
-69.775	79789
-113.418	79953
20.923	79954
-127.180	79957
-120.884	79960
32.080	79963
8.587	80236
-3.462	80238
-14.924	80258
-32.207	80259
-82.109	80261
3.084	80262
-10.835	80263
-3.357	80264
1.463	80269
85.990	80280
-20.044	80281
33.608	80341
71.394	80364
157.078	80379
58.051	80478
28.986	80479
32.801	80480
33.932	80515
33.724	80529
10.243	80554
160.054	80589
131.053	80590
15.302	80591
44.948	80665
124.985	80667
-33.328	80715
-33.899	80719
-63.041	80735
39.643	80743
-37.687	80750
70.748	80776
56.508	80792
10.196	80951
-20.915	81009
-30.183	81010
17.244	81012
-91.294	81111
12.686	81179
-111.759	81195
75.713	81213
72.798	81214
10.325	81215
-72.308	81223
-113.936	81230
-42.620	81231
-68.705	81232
-104.951	81239
-207.383	81241
17.678	81242
-139.692	81244
-105.125	81245
40.990	81246
-136.140	81247
-166.733	81249
-152.615	81272
-156.641	81292
-123.003	81299
-162.106	81300
-65.266	81324
45.789	81337
-209.624	81345
-8.538	81373
94.904	81413
59.064	81654
-40.664	81795
9.159	81797
-36.853	81835
2.574	81836
-10.059	81837
-11.283	81862
-0.211	81867
-7.832	81969
-54.874	82140
19.724	82548
-7.749	82553
-43.759	82662
182.262	82668
130.797	82672
156.984	82682
21.627	82752
-62.363	82753
-73.747	82773
-57.435	82782
-106.016	82784
-58.934	82791
-43.551	82808
-93.201	82817
-51.818	82933
-54.472	82934
65.684	82936
60.766	82944
128.045	82945
75.407	82949
74.646	82951
246.070	82954
127.830	82955
-81.733	82956
52.844	82963
76.150	82975
-5.682	83036
-12.083	83068
-42.752	83074
9.337	83304
-18.536	83525
-110.522	83663
56.670	83712
153.535	83766
-14.991	83768
-149.731	83804
-140.273	83843
-96.079	83863
-165.271	83867
60.827	84039
76.626	84050
144.154	84067
-86.211	84097
-157.553	84194
-6.891	84436
23.212	84440
81.486	84443
51.290	84444
55.491	84445
34.526	84446
32.156	84447
-81.766	84474
-71.869	84475
-77.963	84524
-102.334	84533
118.584	84552
45.531	84606
-32.643	84608
36.307	84665
13.465	84780
43.841	84838
8.423	84844
-15.049	84951
-59.358	84963
-19.715	85002
64.236	85003
36.360	85040
92.025	85054
-27.490	85659
-43.767	85663
-49.089	85708
-55.845	85709
-58.021	85710
-35.289	85711
-118.772	85712
-34.059	85748
168.765	85755
-42.931	85772
-23.391	85779
15.589	85794
18.448	85841
44.368	85846
2.775	85872
100.627	85878
-9.158	85896
218.633	85905
45.263	85907
51.480	85938
7.090	85993
-16.278	85995
-43.362	86002
-103.814	86014
-105.981	86020
-24.924	86232
-51.446	86265
-87.998	86356
-44.820	86421
38.842	86423
-55.047	86551
-57.750	86565
-65.355	86601
-105.510	86700
-48.099	86701
-42.990	86702
-38.694	86712
-77.260	86719
-144.072	86720
-50.812	86729
19.107	86758
29.011	86773
23.067	86775
-42.924	86933
-10.002	87089
2.353	88808
-129.870	88863
-84.023	88870
-104.173	88871
-10.856	88888
-15.950	88975
-4.870	89007
34.234	89110
17.948	89117
1.617	89120
41.351	89121
-41.733	89166
-4.069	89169
-56.251	89175
-5.856	89185
97.246	89197
111.806	89204
120.709	89207
206.657	89269
172.296	89329
20.891	89339
-28.536	89343
-43.922	89502
18.443	89519
56.267	89521
62.162	89522
-91.115	89523
-80.074	89524
17.814	89543
-67.961	89637
-36.042	89638
69.251	89810
-44.707	89838
-23.005	89852
-7.902	89893
53.084	89896
-38.348	89897
-11.353	89898
-15.207	89903
54.812	89904
79.742	89917
96.861	89918
11.888	90019
-8.363	90134
59.754	90589
-19.447	91003
-32.465	91124
-124.083	91190
9.557	91193
30.019	91378
9.967	91569
196.082	91682
74.578	91705
-56.945	91706
26.642	91707
115.374	91708
152.255	91743
7.365	91773
-29.988	91789
9.632	91823
34.828	91852
-79.622	91864
-192.381	91866
-137.264	91876
-119.103	91878
-113.230	91879
111.866	91889
-187.412	91890
119.624	91896
29.838	91897
60.988	91898
-31.092	91900
143.435	91984
158.823	91985
-75.528	92010
-55.047	92011
-75.584	92012
-21.341	92015
30.392	92082
-75.176	92090
58.530	92185
18.543	92215
130.588	92771
-150.723	92774
131.150	92782
86.417	92798
61.235	92828
-82.319	92841
11.849	92843
50.120	92844
136.593	92913
0.102	92923
28.567	92970
28.283	92971
-6.073	92982
-21.341	92986
74.810	92995
136.611	93057
83.241	93058
16.370	93327
105.791	93328
102.900	93329
155.679	93337
-32.538	93342
167.126	93348
57.766	93359
48.786	93360
5.665	93369
15.761	93471
77.041	93474
42.205	93475
44.897	93478
56.570	93495
-36.592	93524
-21.525	93525
57.782	93629
50.261	93630
-55.982	93684
-163.744	93716
-146.535	93763
-179.817	93791
-193.410	93959
75.326	94466
-91.425	94782
30.402	94810
184.712	94823
134.751	94853
55.834	95165
44.848	95242
48.712	95243
1.336	95244
-10.008	95245
22.170	95246
-50.654	95270
24.875	95271
18.106	95308
21.109	95464
3.776	95465
-75.950	95466
-22.202	95467
38.721	95496
40.934	95522
-23.828	95838
62.720	96128
47.675	96142
25.185	96144
12.448	96169
21.463	96170
-18.456	96171
19.856	96176
1.744	96254
55.791	96482
-34.149	96502
-16.206	96633
-125.824	97312
-68.952	97313
26.250	97314
10.883	97327
-51.899	97336
9.840	97358
-35.122	97368
70.140	97424
11.856	98600
-15.866	98601
33.526	98602
81.354	98603
18.443	98611
30.856	98660
-57.488	98809
-22.950	98871
164.429	98949
267.628	98950
279.168	98951
243.371	98952
248.502	98953
-21.670	99378
-67.061	101758
59.512	101762
-79.413	101763
-62.025	101765
-76.387	101766
-27.629	101767
51.768	101770
-179.171	101781
-183.436	101924
22.648	102040
-38.220	102041
22.187	102048
41.133	102049
11.810	102050
26.960	102058
-67.577	102063
75.009	102293
-1.930	102306
0.458	102309
-13.903	102316
-0.959	102352
-3.649	102519
21.913	102613
11.509	102614
-225.775	103876
1.410	104083
-148.987	105128
-166.460	105700
-151.416	105701
-159.014	106649
-167.636	107185
-153.710	109235
-237.200	109263
-226.539	109920
-197.413	109954
-214.556	109979
-133.039	109982
-44.727	109989
-160.827	110183
-25.106	111004
-8.087	111005
-241.775	111131
-9.292	111171
17.559	111615
-14.800	111616
41.812	111646
-28.568	111685
-70.190	111774
-105.793	111781
18.609	112608
21.737	112706
21.440	112707
-160.748	113707
-110.677	113910
-85.517	114061
-180.989	114149
-157.105	114211
-178.849	114212
-161.141	114225
78.114	114360
113.626	114361
86.255	114426
54.442	114486
45.190	114593
75.530	114594
74.078	114595
-169.765	114931
-108.569	114932
-103.749	114937
-67.212	115483
3.061	116135
22.911	116136
21.311	116182
30.203	116183
-61.066	116418
-7.059	116421
-56.080	116493
47.897	117175
-216.284	117245
-158.198	117246
52.012	117376
-1.126	117453
-24.839	117455
104.156	117503
48.038	117504
-1.784	117537
-66.010	117539
44.892	117566
54.933	117569
21.521	117570
-115.366	118945
-74.590	118970
78.108	118977
112.766	118978
89.050	119011
120.880	119015
-11.657	119016
3.449	119017
108.227	119036
78.826	119040
14.349	119094
56.699	119177
39.748	119265
45.502	119266
36.698	119267
35.498	119270
1.939	119315
140.156	119316
0.293	119320
-51.669	119375
45.577	119377
-37.085	119386
-71.936	119390
-12.338	119391
53.753	119402
-29.158	119413
55.815	119431
29.605	119444
57.742	119445
45.724	119454
36.919	119558
103.312	119586
80.197	119587
-13.419	119613
106.805	119614
68.814	119615
-15.648	119630
135.383	119637
-133.210	119824
-244.624	119997
-184.696	120545
-142.939	120694
-106.646	120972
-85.722	123433
-99.088	123434
-152.920	123708
-159.332	124392
-92.977	125252
-172.770	126308
-38.933	127300
-9.935	127334
-58.930	127634
-177.837	127755
-146.124	127776
-186.306	128150
-173.800	128198
-34.325	129406
-80.585	129772
-197.264	130753
-190.666	130761
-42.955	130843
-53.209	130845
-31.191	131664
-7.688	131670
-35.995	131671
-206.135	131721
-224.190	131744
-175.142	131745
