       -0.066790764527483        0.088145367691122       -1.460605654020569
        0.828030167110900       -0.372672146104326       -1.553130505234601
       -1.235322244796593       -0.574893872373238       -2.054611826566957
       -1.650745941037318        0.102295337576235       -2.804529840512965
       -0.749290698063736       -1.830946402327663       -2.793779046637880
       -0.321329027585129       -2.549164883197738       -2.093506295072402
       -1.590223742980736       -2.300231890042387       -3.307083015892340
        0.002690571053392       -1.559823806602189       -3.536725502136292
       -2.401087232951550       -0.899750223601106       -1.080555670435834
       -3.556516037684020       -0.711306560634499       -1.465648026401276
       -2.209472212034718       -1.373229628478482        0.161844396461288
       -3.056799419410438       -1.513308326146913        0.694138493399398
       -0.958198797374030       -1.725101923391271        0.852518436083965
       -1.138594351072092       -2.585291414221957        1.498537608146250
       -0.181856274176197       -1.995001659087632        0.137777780620449
       -0.450747944405544       -0.597059681160628        1.758157196054523
       -1.235442428719807        0.058534512680008        2.447436233998870
        0.868847392300926       -0.375094963404894        1.752824990595991
        1.447285154620002       -0.991205078703948        1.197382214226136
        1.552382189544283        0.660454789402202        2.544294407129462
        1.311263682922314        0.507124669243647        3.597087905596444
        2.629075413592552        0.545146167633612        2.416673837745019
        1.202169509026670        2.123188450527439        2.204001227217894
        1.043600676438990        2.917865858288082        3.130608401838551
        1.062314746012808        2.557151791756622        0.941729152071574
        0.806208958157893        3.530745258412620        0.854050197350699
        1.233117300824849        1.822420943221428       -0.322580659919119
        1.632953289274079        2.500713635732682       -1.077539073303324
        1.937170047066351        0.999313320850983       -0.197999469681677
       -0.095906345576101        1.288613601198157       -0.872109788074686
       -1.129101080078298        1.953533340659791       -0.771638157362734
