           1          27
           2          14
           3           4
           4           8
           5          24
           6           6
           7           4
           8           6
           9          22
          10          11
          11          10
          12          18
          13           8
          14           6
          15           8
          16          14
          17           8
          18           6
          19           6
          20           8
          21           6
          22           8
          23           7
          24          12
          25           6
          26          16
          27          12
          28           8
          29          14
          30          12
          31          10
          32          12
          33           8
          34           4
          35          13
          36           9
          37           9
          38           9
          39          10
          40           6
          41          24
          42           8
          43           3
          44          15
          45           8
          46           4
          47          14
          48          10
          49          21
          50           5
          51           7
          52           8
          54          15
          55          13
          56          14
          57          12
          58           7
          59           6
          60          13
          61          10
          62           6
          63           4
          64           8
          65           6
          66           7
          67          14
          68           7
          69           8
          70           6
          71          15
          72           6
          73          15
          74          13
          75           5
          76          11
          77          11
          79           8
          80           4
          81           4
          82           4
          83           8
          84           2
          85           6
          86           6
          87           6
          88           4
          89           4
          90           8
          91           6
          92           2
          93           2
          97           2
          98           2
          99           8
         100           2
         101           4
         103           6
         104           6
         107           5
         108           6
         113           4
         115           2
         116           2
         118           2
         119          10
         120           5
         121           4
         122           4
         125           6
         126           4
         128           6
         129           8
         130           4
         132           1
         133           5
         134           6
         136           6
         137           2
         138           6
         139           4
         140           2
         141           4
         143           2
         148           4
         149           6
         150           6
         151           6
         152           2
         153           8
         154           2
         155           4
         156           5
         157           6
         158           6
         159           7
         160          12
         161           6
         162          11
         164           6
         165           5
         166           5
         167           4
         168           6
         169           2
         170           7
         173           2
         174           5
         175           6
         176           2
         177           2
         178           4
         179           6
         180           2
         181           6
         182           4
         183          11
         184           6
         186           4
         187           4
         188           2
         189           4
         191           6
         192           6
         193           2
         195           2
         196           4
         197           4
         198           5
         199           8
         200           2
         201           2
         202           2
         203           6
         204           2
         208           1
         209           1
         210           1
         211           3
         213           6
         214           6
         215           4
         216           4
         219           4
         221           4
         222           3
         223           4
         224           4
         225           4
         226           4
         228           6
         229           2
         230          10
         231           6
         235           6
         237           4
         238           6
         239           8
         240          10
         241           6
         243          16
         244           6
         245           8
         246           4
         247           5
         251          10
         252           6
         253           6
         254           2
         255          10
         256           2
         257           4
         259           4
         260           2
         261           8
         265           4
         282           4
         285           1
         286           1
         288           2
         290           2
         291           1
         295           2
         297           2
         299           2
         300           4
         301           5
         303           4
         304           4
         305           4
         307           4
         308           4
         313           4
         314           3
         316           1
         318           1
         319           6
         322           2
         323           4
         330           4
         332           2
         334           3
         338           6
         340           7
         342           4
         390           6
         396           3
         397           2
         403           3
