     3
     4
     5
     6
     7
     9
    12
    13
    15
    16
    17
    21
    22
    23
    27
    28
    29
    31
    36
    37
    39
    41
    42
    44
    47
    48
    49
    51
    52
    55
    56
    57
    58
    60
    67
    68
    69
    70
    71
    72
    73
    74
    79
    81
    82
    85
    86
    87
    88
    91
    92
    93
    94
    95
    97
   102
   103
   104
   106
   109
   111
   115
   119
   120
   121
   126
   127
   128
   129
   133
   134
   136
   137
   139
   143
   188
   189
   192
   196
   197
   198
   199
   200
   202
   205
   211
   213
   214
   219
   221
   236
   243
   263
   276
   279
   281
   282
   283
   293
   294
   295
   308
   312
   315
   318
   319
   320
   321
   324
   328
   331
   334
   336
   337
   338
   339
   347
   349
   351
   352
   353
   354
   355
   357
   359
   362
   363
   364
   365
   368
   376
   377
   380
   384
   386
   388
   390
   396
   404
   410
   411
   413
   420
   423
   424
   425
   430
   437
   438
   443
   444
   450
   452
   461
   463
   465
   473
   474
   475
   476
   477
   478
   479
   480
   483
   489
   502
   503
   508
   509
   514
   519
   526
   529
   530
   536
   537
   541
   556
   581
   582
   583
   603
   606
   607
   608
   619
   620
   626
   628
   632
   636
   637
   638
   639
   640
   644
   645
   677
   678
   679
   682
   698
   700
   710
   722
   723
   724
   725
   726
   747
   749
   752
   753
   754
   755
   756
   757
   758
   765
   767
   782
   783
   790
   791
   793
   795
   808
   810
   814
   820
   840
   843
   848
   859
   864
   867
   877
   878
   882
   888
   889
   890
   892
   896
   899
   903
   914
   915
   918
   922
   926
   933
   934
   935
   957
   965
   976
   981
   985
  1005
  1006
  1028
  1031
  1033
  1034
  1038
  1047
  1051
  1053
  1054
  1058
  1062
  1063
  1064
  1065
  1066
  1068
  1073
  1078
  1082
  1083
  1086
  1088
  1089
  1090
  1091
  1092
  1095
  1096
  1097
  1120
  1137
  1161
  1164
  1165
  1167
  1168
  1174
  1176
  1184
  1185
  1191
  1192
  1198
  1201
  1209
  1230
  1231
  1289
  1290
  1294
  1308
  1339
  1340
  1341
  1370
  1374
  1383
  1385
  1402
  1405
  1425
  1428
  1429
  1434
  1436
  1437
  1438
  1439
  1440
  1441
  1443
  1453
  1520
  1521
  1522
  1523
  1524
  1525
  1526
  1528
  1541
  1542
  1545
  1550
  1551
  1574
  1583
  1596
  1597
  1628
  1629
  1630
  1633
  1635
  1636
  1637
  1671
  1673
  1674
  1675
  1677
  1758
  1765
  1766
  1770
  1780
  1785
  1850
  1862
  1864
  1865
  1868
  1870
  1885
  1898
  1899
  1904
  1906
  1910
  1911
  1912
  1913
  1919
  1955
  1956
  1991
  2000
  2001
  2006
  2007
  2023
  2036
  2037
  2038
  2039
  2040
  2049
  2060
  2062
  2065
  2090
  2093
  2094
  2095
  2096
  2097
  2100
  2101
  2102
  2103
  2104
  2105
  2128
  2129
  2135
  2174
  2183
  2190
  2191
  2192
  2195
  2197
  2198
  2199
  2200
  2201
  2202
  2205
  2212
  2217
  2218
  2221
  2222
  2223
  2243
  2248
  2252
  2265
  2270
  2272
  2273
  2275
  2287
  2288
  2289
  2290
  2291
  2293
  2298
  2299
  2300
  2301
  2325
  2326
  2333
  2335
  2336
  2338
  2340
  2342
  2343
  2355
  2356
  2358
  2364
  2384
  2385
  2391
  2395
  2396
  2397
  2398
  2399
  2435
  2436
  2437
  2439
  2446
  2449
  2451
  2452
  2455
  2461
  2462
  2465
  2467
  2468
  2469
  2470
  2471
  2474
  2475
  2480
  2554
  2568
  2572
  2578
  2592
  2619
  2620
  2621
  2643
  2647
  2650
  2651
  2658
  2685
  2686
  2688
  2690
  2706
  2730
  2748
  2769
  2841
  2843
  2844
  2865
  2869
  2877
  2919
  2946
  2951
  2959
  3236
  3242
  3298
  3300
  3305
  3317
  3318
  3320
  3338
  3340
  3341
  3352
  3355
  3356
  3365
  3366
  3367
  3368
  3394
  3399
  3400
  3401
  3405
  3434
  3448
  3453
  3454
  3481
  3493
  3495
  3504
  3516
  3526
  3527
  3528
  3532
  3540
  3547
  3549
  3550
  3569
  3580
  3590
  3594
  3595
  3596
  3599
  3601
  3603
  3604
  3611
  3612
  3621
  3622
  3647
  3649
  3651
  3652
  3662
  3700
  3720
  3723
  3751
  3757
  3772
  3774
  3775
  3777
  3780
  3787
  3788
  3791
  3795
  3798
  3799
  3801
  3809
  3810
  3823
  3828
  3853
  3889
  3890
  3893
  3894
  3897
  3898
  3899
  3903
  3904
  3930
  3934
  3945
  3977
  3988
  3990
  3993
  4024
  4039
  4046
  4048
  4050
  4076
  4078
  4094
  4170
  4178
  4220
  4251
  4252
  4254
  4255
  4259
  4281
  4299
  4302
  4311
  4318
  4319
  4320
  4347
  4351
  4360
  4377
  4386
  4388
  4398
  4414
  4426
  4443
  4445
  4446
  4467
  4474
  4497
  4499
  4509
  4510
  4527
  4545
  4546
  4552
  4554
  4555
  4561
  4564
  4567
  4570
  4571
  4592
  4597
  4634
  4653
  4685
  4693
  4697
  4698
  4705
  4736
  4761
  4772
  4775
  4799
  4800
  4833
  4834
  4838
  4850
  4879
  4880
  4938
  5001
  5022
  5071
  5077
  5138
  5139
  5164
  5165
  5166
  5182
  5183
  5184
  5187
  5188
  5189
  5192
  5193
  5194
  5195
  5196
  5197
  5203
  5205
  5212
  5213
  5214
  5222
  5223
  5228
  5230
  5232
  5233
  5234
  5235
  5237
  5238
  5239
  5242
  5244
  5245
  5246
  5248
  5252
  5254
  5256
  5264
  5269
  5274
  5277
  5292
  5293
  5299
  5300
  5305
  5315
  5316
  5319
  5320
  5321
  5322
  5323
  5324
  5325
  5326
  5329
  5331
  5335
  5338
  5339
  5342
  5343
  5349
  5364
  5365
  5374
  5375
  5376
  5377
  5378
  5379
  5382
  5390
  5398
  5400
  5401
  5402
  5403
  5404
  5405
  5407
  5408
  5409
  5410
  5411
  5412
  5413
  5416
  5417
  5418
  5422
  5424
  5425
  5427
  5428
  5432
  5436
  5443
  5444
  5454
  5455
  5458
  5461
  5462
  5465
  5468
  5471
  5478
  5480
  5481
  5485
  5486
  5487
  5488
  5489
  5495
  5511
  5513
  5515
  5516
  5517
  5521
  5526
  5527
  5528
  5536
  5537
  5543
  5547
  5551
  5564
  5565
  5573
  5574
  5579
  5583
  5584
  5586
  5588
  5589
  5590
  5591
  5592
  5593
  5594
  5595
  5599
  5603
  5604
  5605
  5606
  5607
  5608
  5613
  5617
  5618
  5619
  5625
  5642
  5643
  5649
  5655
  5656
  5657
  5658
  5669
  5670
  5677
  5682
  5683
  5684
  5686
  5687
  5694
  5695
  5705
  5706
  5711
  5716
  5717
  5718
  5719
  5720
  5722
  5724
  5726
  5727
  5728
  5734
  5738
  5739
  5742
  5749
  5750
  5751
  5756
  5761
  5768
  5769
  5771
  5773
  5788
  5792
  5793
  5794
  5806
  5807
  5809
  5810
  5811
  5812
  5813
  5814
  5821
  5823
  5825
  5829
  5831
  5832
  5833
  5834
  5835
  5847
  5849
  5851
  5854
  5858
  5859
  5862
  5873
  5875
  5876
  5880
  5903
  5910
  5912
  5913
  5924
  5925
  5926
  5927
  5928
  5929
  5930
  5931
  5933
  5934
  5937
  5939
  5940
  5941
  5943
  5951
  5952
  5953
  5954
  5956
  5957
  5958
  5959
  5960
  5962
  5963
  5964
  5965
  5966
  5968
  5969
  5970
  5971
  5975
  6005
  6006
  6007
  6009
  6010
  6011
  6012
  6017
  6019
  6020
  6022
  6032
  6034
  6038
  6055
  6058
  6061
  6062
  6063
  6066
  6095
  6115
  6116
  6117
  6118
  6119
  6120
  6121
  6127
  6128
  6130
  6140
  6141
  6142
  6143
  6144
  6147
  6148
  6163
  6164
  6166
  6168
  6170
  6171
  6174
  6177
  6184
  6196
  6200
  6204
  6205
  6206
  6207
  6209
  6211
  6215
  6223
  6237
  6239
  6240
  6245
  6247
  6248
  6253
  6254
  6261
  6264
  6267
  6269
  6290
  6303
  6317
  6320
  6323
  6332
  6333
  6343
  6346
  6348
  6349
  6350
  6359
  6360
  6361
  6362
  6367
  6377
  6383
  6388
  6389
  6392
  6395
  6396
  6397
  6398
  6399
  6406
  6407
  6408
  6412
  6413
  6434
  6435
  6459
  6460
  6463
  6464
  6469
  6478
  6481
  6485
  6489
  6490
  6491
  6497
  6507
  6510
  6513
  6516
  6517
  6518
  6521
  6522
  6523
  6524
  6525
  6531
  6536
  6539
  6540
  6548
  6549
  6550
  6551
  6553
  6575
  6583
  6584
  6585
  6586
  6594
  6595
  6596
  6597
  6609
  6610
  6611
  6612
  6615
  6617
  6624
  6627
  6628
  6649
  6693
  6698
  6706
  6718
  6719
  6722
  6727
  6755
  6759
  6760
  6764
  6765
  6768
  6769
  6770
  6773
  6776
  6780
  6781
  6794
  6795
  6796
  6797
  6798
  6799
  6800
  6801
  6802
  6809
  6818
  6837
  6838
  6839
  6846
  6847
  6848
  6854
  6865
  6869
  6870
  6871
  6873
  6876
  6885
  6895
  6896
  6897
  6900
  6901
  6902
  6903
  6906
  6916
  6917
  6918
  6919
  6938
  6941
  6942
  6943
  6944
  6947
  6948
  6949
  6950
  6951
  6952
  6953
  6957
  6958
  6959
  6970
  6971
  6972
  6974
  6975
  6976
  6977
  6987
  6990
  6991
  6992
  6994
  7014
  7015
  7016
  7018
  7019
  7023
  7026
  7042
  7051
  7053
  7066
  7067
  7073
  7083
  7089
  7092
  7094
  7100
  7103
  7106
  7109
  7110
  7111
  7112
  7113
  7116
  7119
  7120
  7121
  7122
  7126
  7140
  7143
  7152
  7157
  7165
  7166
  7171
  7175
  7176
  7177
  7178
  7182
  7187
  7192
  7206
  7207
  7215
  7217
  7218
  7221
  7227
  7230
  7236
  7239
  7240
  7242
  7245
  7246
  7247
  7252
  7255
  7260
  7261
  7268
  7269
  7304
  7326
  7327
  7330
  7331
  7332
  7335
  7336
  7338
  7342
  7346
  7348
  7355
  7361
  7366
  7372
  7386
  7387
  7395
  7396
  7404
  7422
  7423
  7424
  7425
  7427
  7436
  7437
  7438
  7439
  7442
  7445
  7446
  7447
  7448
  7449
  7452
  7453
  7456
  7459
  7463
  7464
  7467
  7480
  7481
  7484
  7492
  7493
  7494
  7495
  7518
  7520
  7527
  7533
  7539
  7540
  7542
  7545
  7546
  7555
  7556
  7559
  7560
  7561
  7564
  7575
  7583
  7585
  7586
  7594
  7595
  7599
  7600
  7603
  7604
  7605
  7606
  7613
  7614
  7615
  7616
  7617
  7619
  7621
  7622
  7624
  7625
  7626
  7628
  7629
  7634
  7637
  7638
  7640
  7656
  7657
  7658
  7659
  7662
  7665
  7666
  7667
  7668
  7669
  7670
  7671
  7672
  7680
  7681
  7682
  7683
  7684
  7688
  7691
  7695
  7696
  7704
  7719
  7722
  7723
  7744
  7768
  7795
  7796
  7799
  7847
  7852
  7854
  7857
  7858
  7859
  7860
  7861
  7862
  7863
  7864
  7865
  7866
  7867
  7868
  7871
  7875
  7876
  7895
  7913
  7916
  7917
  7933
  7945
  7952
  7967
  7969
  7971
  7988
  7992
  7994
  7998
  8000
  8002
  8004
  8005
  8006
  8009
  8014
  8015
  8016
  8017
  8035
  8036
  8049
  8050
  8056
  8058
  8069
  8080
  8098
  8103
  8107
  8120
  8122
  8125
  8127
  8136
  8147
  8148
  8149
  8154
  8182
  8184
  8188
  8197
  8203
  8208
  8216
  8223
  8226
  8232
  8239
  8240
  8241
  8254
  8256
  8260
  8261
  8262
  8266
  8267
  8268
  8269
  8270
  8271
  8273
  8274
  8277
  8280
  8284
  8292
  8303
  8304
  8305
  8308
  8314
  8324
  8332
  8333
  8334
  8338
  8342
  8363
  8365
  8370
  8398
  8399
  8402
  8410
  8452
  8459
  8460
  8465
  8468
  8469
  8470
  8507
  8508
  8523
  8552
  8571
  8572
  8574
  8577
  8586
  8592
  8593
  8594
  8596
  8597
  8598
  8599
  8604
  8605
  8606
  8607
  8612
  8613
  8614
  8615
  8617
  8620
  8621
  8624
  8625
  8626
  8633
  8636
  8663
  8664
  8665
  8667
  8669
  8670
  8671
  8672
  8673
  8674
  8675
  8677
  8695
  8714
  8715
  8718
  8719
  8720
  8759
  8760
  8768
  8782
  8789
  8790
  8791
  8809
  8811
  8812
  8821
  8822
  8827
  8838
  8841
  8847
  8848
  8849
  8852
  8856
  8860
  8872
  8875
  8881
  8884
  8886
  8887
  8889
  8906
  8907
  8910
  8911
  8912
  8913
  8927
  8931
  8934
  8935
  8945
  8947
  8954
  8961
  8966
  8968
  8969
  8972
  8997
  9001
  9009
  9010
  9011
  9029
  9032
  9037
  9044
  9046
  9048
  9052
  9053
  9057
  9058
  9059
  9068
  9070
  9098
  9108
  9109
  9110
  9115
  9126
  9127
  9139
  9140
  9141
  9146
  9147
  9148
  9149
  9158
  9163
  9164
  9168
  9180
  9181
  9183
  9187
  9188
  9189
  9190
  9195
  9200
  9202
  9205
  9206
  9213
  9215
  9217
  9231
  9232
  9240
  9252
  9253
  9259
  9263
  9268
  9269
  9271
  9276
  9285
  9293
  9305
  9311
  9312
  9317
  9322
  9323
  9327
  9328
  9329
  9330
  9331
  9356
  9376
  9377
  9384
  9385
  9394
  9408
  9410
  9412
  9414
  9424
  9428
  9429
  9435
  9446
  9454
  9458
  9459
  9463
  9470
  9472
  9496
  9497
  9498
  9509
  9513
  9516
  9524
  9536
  9543
  9583
  9589
  9593
  9603
  9614
  9615
  9617
  9629
  9631
  9632
  9634
  9635
  9636
  9638
  9643
  9653
  9654
  9658
  9661
  9668
  9674
  9718
  9728
  9729
  9734
  9735
  9740
  9745
  9788
  9791
  9792
  9793
  9795
  9796
  9804
  9809
  9810
  9811
  9823
  9827
  9828
  9848
  9858
  9876
  9884
  9886
  9890
  9893
  9905
  9907
  9918
  9919
  9922
  9932
  9941
  9948
  9951
  9968
  9969
  9975
  9981
  9991
 10010
 10011
 10012
 10013
 10017
 10018
 10021
 10022
 10023
 10031
 10032
 10033
 10034
 10035
 10036
 10039
 10040
 10042
 10043
 10044
 10045
 10047
 10049
 10055
 10060
 10065
 10066
 10077
 10080
 10081
 10107
 10110
 10115
 10117
 10118
 10128
 10129
 10130
 10131
 10132
 10133
 10136
 10149
 10150
 10162
 10188
 10192
 10194
 10197
 10200
 10201
 10202
 10207
 10221
 10225
 10226
 10232
 10233
 10234
 10258
 10263
 10264
 10268
 10269
 10274
 10281
 10285
 10286
 10292
 10299
 10302
 10324
 10345
 10346
 10347
 10355
 10356
 10358
 10362
 10366
 10367
 10368
 10370
 10376
 10384
 10392
 10402
 10404
 10405
 10406
 10409
 10416
 10419
 10420
 10424
 10427
 10434
 10455
 10467
 10470
 10471
 10478
 10479
 10480
 10482
 10483
 10484
 10485
 10487
 10510
 10516
 10517
 10518
 10519
 10520
 10521
 10524
 10541
 10542
 10574
 10578
 10579
 10601
 10602
 10607
 10630
 10636
 10637
 10638
 10643
 10645
 10649
 10655
 10657
 10664
 10677
 10678
 10690
 10697
 10717
 10718
 10719
 10721
 10722
 10723
 10732
 10735
 10736
 10754
 10762
 10776
 10818
 10823
 10829
 10837
 10844
 10845
 10846
 10847
 10848
 10850
 10851
 10852
 10853
 10905
 10906
 10919
 10921
 10922
 10923
 10924
 10926
 10927
 10933
 10947
 10964
 10966
 10967
 10972
 10978
 10983
 11002
 11008
 11015
 11016
 11017
 11018
 11019
 11020
 11030
 11032
 11034
 11035
 11036
 11039
 11052
 11056
 11060
 11061
 11062
 11063
 11064
 11065
 11066
 11067
 11068
 11069
 11075
 11076
 11090
 11098
 11099
 11100
 11105
 11109
 11110
 11119
 11122
 11123
 11124
 11125
 11126
 11130
 11136
 11139
 11149
 11152
 11153
 11188
 11193
 11194
 11221
 11230
 11233
 11235
 11236
 11239
 11243
 11245
 11249
 11251
 11259
 11260
 11263
 11264
 11267
 11270
 11272
 11282
 11287
 11292
 11318
 11321
 11322
 11326
 11327
 11333
 11335
 11337
 11340
 11343
 11344
 11345
 11347
 11348
 11355
 11390
 11418
 11436
 11444
 11448
 11450
 11464
 11471
 11472
 11473
 11489
 11492
 11499
 11500
 11505
 11513
 11514
 11518
 11519
 11526
 11527
 11528
 11532
 11538
 11564
 11568
 11587
 11589
 11591
 11592
 11599
 11605
 11607
 11610
 11617
 11621
 11624
 11630
 11631
 11632
 11656
 11657
 11662
 11721
 11724
 11725
 11748
 11749
 11756
 11776
 11777
 11783
 11785
 11786
 11809
 11812
 11829
 11831
 11834
 11855
 11857
 11859
 11863
 11885
 11888
 11900
 11914
 12009
 12020
 12059
 12061
 12063
 12070
 12098
 12099
 12111
 12112
 12114
 12115
 12154
 12155
 12156
 12159
 12174
 12176
 12181
 12185
 12186
 12227
 12229
 12230
 12231
 12234
 12236
 12237
 12250
 12252
 12253
 12301
 12312
 12315
 12344
 12362
 12364
 12376
 12377
 12380
 12381
 12382
 12438
 12454
 12455
 12462
 12478
 12479
 12485
 12496
 12497
 12498
 12499
 12500
 12501
 12502
 12505
 12513
 12514
 12515
 12516
 12545
 12547
 12550
 12551
 12552
 12553
 12554
 12555
 12556
 12560
 12581
 12597
 12599
 12600
 12603
 12604
 12607
 12608
 12611
 12612
 12619
 12622
 12711
 12714
 12716
 12723
 12753
 12754
 12755
 12772
 12782
 12785
 12788
 12792
 12802
 12805
 12806
 12814
 12815
 12841
 12853
 12868
 12877
 12893
 12898
 12905
 12919
 12926
 12940
 12944
 12948
 12949
 12986
 13012
 13013
 13026
 13053
 13059
 13062
 13083
 13096
 13099
 13100
 13120
 13160
 13192
 13198
 13201
 13239
 13246
 13248
 13249
 13251
 13253
 13262
 13263
 13271
 13272
 13273
 13277
 13280
 13305
 13306
 13342
 13343
 13345
 13347
 13351
 13355
 13357
 13364
 13426
 13427
 13428
 13435
 13436
 13440
 13446
 13455
 13523
 13524
 13527
 13528
 13532
 13534
 13536
 13545
 13550
 13553
 13566
 13567
 13640
 13651
 13653
 13657
 13663
 13664
 13665
 13666
 13675
 13676
 13677
 13678
 13681
 13688
 13697
 13704
 13705
 13706
 13708
 13725
 13728
 13731
 13732
 13737
 13760
 13762
 13920
 13921
 13923
 13927
 13928
 13929
 13930
 13995
 14002
 14003
 14016
 14021
 14029
 14034
 14064
 14067
 14068
 14108
 14110
 14111
 14155
 14203
 14204
 14205
 14208
 14283
 14286
 14287
 14288
 14302
 14319
 14322
 14340
 14345
 14356
 14358
 14388
 14389
 14391
 14395
 14412
 14413
 14488
 14491
 14499
 14501
 14570
 14625
 14632
 14635
 14637
 14641
 14685
 14694
 14695
 14699
 14700
 14705
 14730
 14738
 14749
 14750
 14760
 14766
 14767
 14771
 14790
 14791
 14792
 14795
 14796
 14797
 14801
 14802
 14803
 14811
 14832
 14846
 14888
 14891
 14893
 14895
 14896
 14899
 14900
 14927
 14933
 14934
 14959
 14980
 14982
 15099
 15100
 15101
 15109
 15110
 15111
 15112
 15129
 15138
 15147
 15168
 15169
 15170
 15181
 15182
 15183
 15186
 15243
 15244
 15245
 15254
 15266
 15268
 15269
 15299
 15322
 15327
 15371
 15430
 15431
 15437
 15463
 15496
 15499
 15502
 15514
 15521
 15530
 15566
 15573
 15580
 15583
 15586
 15601
 15621
 15623
 15658
 15662
 15767
 15768
 15772
 15780
 15785
 15792
 15869
 15925
 15942
 15943
 15946
 15969
 16034
 16045
 16061
 16062
 16082
 16123
 16218
 16233
 16281
 16293
 16300
 16304
 16350
 16360
 16361
 16367
 16408
 16410
 16418
 16432
 16433
 16438
 16443
 16446
 16453
 16454
 16463
 16466
 16467
 16472
 16475
 16477
 16480
 16482
 16493
 16550
 16555
 16556
 16585
 16601
 16605
 16606
 16635
 16638
 16651
 16652
 16654
 16655
 16673
 16676
 16677
 16678
 16710
 16750
 16768
 16781
 16788
 16792
 16793
 16808
 16829
 16831
 16848
 16854
 16862
 16863
 16864
 16937
 16958
 16959
 16960
 17003
 17067
 17071
 17111
 17112
 17114
 17134
 17135
 17142
 17150
 17153
 17156
 17165
 17167
 17180
 17182
 17193
 17199
 17255
 17273
 17278
 17379
 17382
 17417
 17420
 17431
 17451
 17452
 17458
 17459
 17460
 17464
 17466
 17472
 17485
 17550
 17577
 17585
 17586
 17587
 17604
 17609
 17610
 17613
 17619
 17620
 17640
 17641
 17647
 17667
 17670
 17677
 17690
 17691
 17696
 17700
 17713
 17727
 17762
 17764
 17767
 17772
 17775
 17835
 17953
 17972
 17976
 17978
 18410
 19522
 19562
 19647
 19801
 19802
 20272
 20301
 20970
 21458
 21459
 21482
 21885
 21973
 21976
 21977
 22084
 22676
 23475
 23754
 23764
 23801
 23828
 23829
 24144
 24167
 24372
 24858
 24918
 24944
 25003
 25010
 25022
 25140
 25946
 26001
 26232
 26240
 26463
 26466
 26468
 26471
 26484
 26648
 26716
 26717
 26720
 27764
 28170
 28179
 28186
 28192
 28424
 28845
 28861
 28862
 29214
 29215
 29216
 29227
 29613
 29630
 29730
 29861
 30367
 30368
 30565
 30656
 30684
 30730
 31144
 31154
 31229
 31255
 31287
 31288
 31355
 31660
 31704
 31745
 31856
 31927
 32137
 32421
 32520
 32893
 32894
 34109
 34307
 34312
 34340
 34530
 34556
 34626
 34723
 34777
 34788
 34792
 34935
 35050
 35179
 35183
 35227
 35334
 35450
 35681
 35746
 35811
 36477
 36496
 36497
 36499
 36501
 36511
 36512
 36515
 36588
 36799
 36843
 36844
 36854
 36879
 36880
 36901
 36938
 36955
 36956
 36959
 36970
 37255
 37265
 37554
 38910
 39336
 39337
 39344
 39353
 39445
 39468
 39469
 39481
 39482
 39484
 40538
 40539
 40540
 40541
 40542
 40543
 40544
 40596
 40598
 40599
 40601
 40602
 40656
 40657
 41127
 41420
 41421
 41423
 41424
 41425
 41426
 42157
 42159
 42203
 42204
 42205
 42234
 42604
 42851
 43008
 43061
 43075
 43076
 43279
 44020
 44062
 44144
 44457
 44852
 44865
 44985
 45195
 45739
 45978
 46078
 46118
 46538
 46618
 47030
 47285
 47302
 47317
 47336
 47457
 47460
 47702
 47703
 47958
 48008
 48009
 48016
 48018
 48147
 48203
 48243
 48297
 48298
 48299
 48329
 48465
 48474
 48675
 48696
 49357
 49359
 49360
 49364
 49516
 49536
 49581
 49621
 49630
 49631
 49633
 49634
 49762
 49901
 49905
 49927
 49959
 49961
 50003
 50085
 50115
 50199
 50249
 50259
 50268
 50848
 50878
 50904
 51163
 51365
 51367
 51368
 51437
 51452
 52512
 53231
 53469
 53470
 53471
 53472
 53480
 53481
 53482
 53488
 53531
 53866
 53878
 53896
 53897
 53950
 53986
 54092
 54104
 54381
 54678
 54679
 55057
 56325
 56431
 56432
 56444
 56466
 56478
 56592
 56593
 56621
 56622
 57187
 57644
 57756
 57766
 57773
 58021
 58783
 59437
 59529
 59530
 59534
 59536
 59542
 59657
 59715
 59730
 59850
 61770
 61771
 61905
 62033
 62034
 62036
 64096
 64824
 64825
 64841
 64894
 64895
 64896
 64897
 64898
 64909
 64947
 64997
 65057
 65214
 65339
 65513
 65519
 65520
 65534
 65537
 65538
 65572
 65573
 65574
 65591
 65929
 65931
 65950
 65970
 65984
 65986
 66047
 66449
 68378
 68960
 69425
 69552
 69556
 69588
 69972
 69997
 70102
 70137
 70168
 70298
 70304
 70487
 70532
 70539
 70682
 71499
 71561
 71887
 72501
 74358
 74471
 74836
 74840
 74866
 74867
 75003
 75099
 75567
 75608
 75615
 75616
 75742
 75816
 75823
 75824
 75835
 78157
 78181
 78184
 78191
 78232
 78234
 78244
 78453
 78464
 78547
 78734
 80269
 80379
 80478
 80479
 80480
 80591
 80667
 80715
 80719
 80750
 81213
 81215
 81230
 81231
 81232
 81246
 81337
 82662
 82954
 82963
 82975
 83036
 83663
 83768
 84436
 84524
 84780
 84838
 84844
 85002
 85003
 85659
 85663
 85708
 85710
 85711
 86265
 86423
 86758
 86933
 87089
 89110
 89543
 89893
 89898
 89903
 91003
 91124
 91705
 91706
 91707
 91708
 91864
 91896
 91897
 92010
 92012
 92015
 92185
 92771
 92798
 93328
 93329
 93359
 94782
 94823
 94853
 95242
 95243
 96142
 96144
 96482
 97312
 97313
 97336
 97368
 98611
 98809
 98871
 99378
127634
130843
130845