# 1342 minima projected onto PC107
Min	PC
3	-0.005831
4	0.005676
5	-0.016520
6	-0.012642
7	-0.055471
9	0.062078
16	0.009662
17	-0.001424
21	0.004233
23	-0.000228
31	0.038060
44	-0.016669
47	0.003824
48	0.021904
51	0.012516
52	0.024705
55	0.037311
56	0.000840
57	0.017273
58	-0.038052
60	0.021504
67	-0.004947
68	0.003392
71	0.005712
72	-0.004999
74	0.016924
79	-0.004567
82	0.013029
85	0.022650
86	0.005051
87	-0.005209
88	0.023677
91	-0.007558
92	0.037781
94	0.009001
95	0.006205
97	-0.006210
104	-0.038757
106	0.053346
109	0.050079
111	-0.000740
115	-0.020262
120	-0.016253
126	-0.001114
129	-0.010328
136	0.003628
137	0.009783
188	-0.016155
189	0.000812
196	0.026319
199	0.010555
200	0.000324
202	-0.037133
211	-0.031109
213	-0.008595
214	-0.020025
219	0.001107
221	0.013461
276	-0.010814
279	0.009348
283	-0.014777
295	0.010765
308	-0.035767
312	-0.003016
315	0.009254
318	0.045905
319	-0.003895
321	0.021149
324	-0.009391
328	-0.019950
334	-0.006638
336	0.073705
338	0.023206
347	-0.012044
351	-0.030569
352	0.002758
354	0.005186
357	-0.035397
359	-0.000942
362	-0.011205
364	0.002252
365	-0.007339
368	-0.001751
376	-0.019648
377	0.006246
380	-0.009147
386	0.018647
388	-0.001661
390	-0.033025
396	0.000951
404	-0.002370
410	-0.009674
413	0.024638
420	-0.014728
423	-0.010885
424	0.008021
437	0.014876
438	0.004814
444	-0.119207
452	-0.012866
473	-0.013739
474	-0.017658
475	0.001525
476	-0.019212
478	-0.005015
479	-0.019242
480	-0.001119
483	-0.036350
503	0.017774
508	-0.017801
509	0.003512
530	-0.030292
536	-0.007396
556	0.009691
581	-0.010128
583	0.009488
603	-0.014337
606	-0.003929
607	-0.003392
620	-0.037957
628	0.007804
636	-0.033850
637	-0.145847
639	0.005175
640	-0.049415
644	0.010433
645	0.011572
677	-0.032565
678	-0.011411
679	0.004927
682	-0.000235
698	0.007592
700	-0.003459
710	-0.018807
722	0.000122
723	-0.004822
724	0.011681
725	-0.021190
726	0.008853
747	-0.001719
753	-0.003075
755	0.056577
757	-0.009457
765	0.024412
782	0.002074
783	-0.021492
793	-0.031057
808	0.010945
814	-0.084679
840	-0.000012
848	-0.019267
859	0.005995
864	0.019795
867	0.024450
878	-0.003732
888	0.011514
890	-0.008953
892	0.009268
899	0.010001
918	0.006318
926	0.021494
933	-0.007849
934	0.008962
981	0.000161
1028	-0.021185
1034	0.007592
1051	-0.007671
1054	0.001933
1058	0.001397
1062	-0.009273
1063	-0.004987
1064	0.008152
1066	-0.029491
1068	0.005515
1073	0.019459
1082	-0.030442
1083	-0.015217
1086	-0.006446
1089	-0.022361
1090	-0.026623
1091	-0.021309
1092	0.007382
1164	-0.010366
1165	0.002489
1174	-0.034139
1176	0.000230
1184	-0.023143
1191	-0.005723
1192	0.039870
1201	0.027095
1230	-0.011858
1339	-0.003675
1341	0.018006
1370	-0.026496
1385	0.004714
1405	0.003119
1437	-0.025973
1441	0.011215
1443	0.002929
1521	-0.010163
1522	-0.005507
1523	0.000868
1524	0.007650
1525	0.013324
1541	-0.002594
1542	0.008251
1550	-0.010678
1551	-0.029017
1596	-0.013428
1597	0.021043
1628	0.015132
1629	0.018885
1633	0.002379
1636	-0.024804
1637	-0.004145
1765	0.033028
1766	0.007733
1780	0.005244
1862	0.014981
1865	-0.012403
1870	0.012917
1885	-0.015293
1910	-0.017196
1911	-0.014973
2007	-0.061178
2060	-0.001246
2062	0.020927
2090	0.022107
2093	-0.011844
2094	0.009356
2095	-0.023844
2096	-0.007965
2100	0.024667
2101	-0.001337
2102	-0.021861
2103	-0.010822
2104	-0.032318
2105	0.035428
2128	0.008132
2129	-0.017831
2135	-0.000454
2190	-0.025487
2195	-0.038199
2197	-0.020428
2198	-0.007346
2199	-0.000518
2200	0.015387
2201	0.038917
2202	-0.007814
2205	0.015295
2217	-0.018474
2218	0.065022
2221	0.018033
2272	-0.012306
2273	0.012955
2275	0.000796
2288	0.018730
2293	0.003561
2298	-0.025810
2299	0.008480
2300	-0.028637
2301	-0.041165
2338	0.011379
2342	-0.017283
2343	-0.025753
2358	-0.024754
2384	-0.001705
2385	0.016704
2399	0.011615
2435	0.006171
2436	-0.006289
2465	0.013982
2467	0.021471
2468	-0.023397
2469	-0.008573
2470	-0.015308
2471	0.040217
2474	0.025808
2620	0.005813
2650	-0.010148
2651	-0.007115
2685	-0.026772
2688	0.002774
2730	0.042231
2843	0.019088
2951	-0.005140
2959	0.004448
3236	0.003841
3305	0.006108
3318	0.027172
3340	0.021172
3352	-0.019536
3355	-0.004719
3356	-0.006417
3365	-0.013721
3366	-0.008202
3367	0.016476
3368	0.017323
3401	0.012505
3405	-0.037726
3434	0.016652
3448	-0.013125
3454	0.019898
3481	-0.009996
3495	0.013797
3504	-0.001044
3532	0.017165
3540	-0.007725
3549	0.008326
3550	0.036778
3569	0.005630
3595	-0.014959
3596	0.002176
3603	0.026646
3621	-0.004648
3622	-0.009959
3647	0.003426
3649	0.023135
3651	0.016863
3652	0.005458
3723	0.010596
3757	0.018761
3772	0.040099
3787	-0.021133
3798	0.012669
3799	-0.020241
3889	-0.004422
3897	0.006519
3898	0.015016
3904	0.006334
3945	-0.020781
3990	0.023435
4024	0.000648
4039	0.036291
4048	-0.002179
4050	-0.044478
4076	0.022595
4094	-0.003211
4170	0.010570
4251	-0.011624
4252	-0.013747
4299	-0.008847
4302	-0.016578
4318	0.011240
4319	0.006858
4320	0.009077
4360	-0.001512
4388	-0.001766
4414	0.009464
4426	-0.028519
4446	0.017584
4527	0.005698
4545	0.023162
4546	0.002266
4554	-0.020789
4564	0.016868
4567	-0.015522
4634	-0.034086
4693	0.005197
4736	0.009321
4761	-0.031429
4879	0.014489
5071	0.004667
5138	-0.014536
5164	-0.015049
5182	-0.016750
5183	0.018893
5184	-0.005570
5187	-0.021260
5188	0.002370
5189	0.000823
5193	0.018924
5194	0.022897
5195	0.007263
5197	-0.000329
5203	0.041416
5205	-0.000360
5212	0.011926
5213	0.018917
5222	-0.000599
5223	0.044459
5228	0.011143
5232	-0.004003
5244	-0.039521
5245	0.020113
5246	0.012529
5248	-0.009202
5292	-0.001431
5293	0.004943
5299	0.019380
5300	0.010402
5315	-0.005424
5316	0.002874
5319	-0.014952
5320	-0.002101
5321	-0.033167
5322	0.015108
5323	-0.000342
5324	0.017333
5325	0.004268
5329	-0.084433
5342	-0.013312
5343	-0.007385
5374	-0.024451
5376	-0.019755
5378	0.013344
5379	-0.007186
5382	-0.056505
5390	0.002175
5398	-0.000262
5402	0.015356
5404	0.021816
5407	0.011259
5408	-0.023246
5409	0.010741
5411	0.011264
5412	-0.016107
5413	0.025758
5416	-0.047262
5418	-0.025112
5422	0.008563
5425	0.001841
5427	0.020979
5428	0.018576
5432	-0.048584
5436	-0.018610
5443	-0.009113
5444	-0.057530
5458	0.037044
5462	0.014157
5465	0.012054
5468	0.013416
5471	0.003670
5480	-0.013195
5481	-0.006710
5485	-0.026290
5486	-0.023292
5488	-0.028081
5489	-0.032493
5495	-0.034208
5513	0.001602
5515	-0.014101
5516	-0.022814
5521	-0.013026
5527	0.007597
5528	-0.004637
5536	0.016225
5537	0.016696
5547	0.010747
5565	0.021099
5573	0.027930
5579	-0.009981
5583	-0.039670
5586	0.028064
5589	0.031260
5590	0.016902
5593	0.018911
5599	-0.000101
5604	0.029913
5605	0.020858
5606	-0.011430
5625	0.063944
5649	0.024650
5656	-0.006342
5657	0.051642
5658	0.033037
5686	-0.029723
5695	0.007126
5705	0.046840
5706	-0.019549
5716	-0.001328
5717	-0.016826
5718	0.024884
5719	-0.029541
5720	0.023776
5724	0.017775
5738	-0.042943
5742	-0.004242
5750	0.019703
5751	-0.007475
5756	-0.003713
5761	0.013807
5768	0.011535
5773	-0.005724
5792	-0.038688
5793	-0.017292
5794	-0.029017
5806	-0.036038
5811	-0.006445
5812	0.010610
5813	0.008301
5814	-0.003277
5821	-0.043391
5823	-0.032365
5825	0.041716
5831	0.016281
5832	-0.000570
5833	0.011029
5847	-0.000455
5849	-0.012665
5851	0.027068
5854	-0.027875
5858	0.000790
5862	0.001498
5875	0.027542
5876	0.007973
5903	0.018838
5910	0.005187
5912	0.017062
5913	-0.022300
5925	0.007923
5926	0.011257
5927	0.009074
5928	-0.014609
5930	-0.009127
5931	-0.021934
5933	0.041086
5934	-0.002298
5937	-0.002037
5939	0.072893
5940	0.039568
5941	0.000486
5943	-0.005819
5963	0.005395
5964	0.035946
5965	-0.041403
5966	-0.008108
5968	-0.010573
5969	0.017953
5970	0.000513
5971	0.026390
5975	0.005766
6006	-0.039377
6011	-0.007840
6017	-0.038663
6019	0.019847
6022	-0.037982
6032	0.004983
6095	0.017302
6115	0.020380
6116	0.007144
6119	-0.032222
6127	0.027038
6128	-0.027164
6130	-0.016120
6140	0.007129
6141	-0.016894
6147	0.058355
6148	0.046354
6163	0.009520
6164	-0.030369
6170	-0.004421
6171	0.004976
6177	-0.007638
6184	0.007079
6200	-0.011063
6204	0.061717
6206	0.016408
6223	0.036698
6240	0.023993
6245	0.004253
6253	-0.011747
6267	-0.057206
6269	-0.002580
6290	-0.035180
6303	0.023244
6317	-0.023697
6343	-0.014502
6350	-0.012426
6360	0.010878
6367	-0.021101
6383	0.005669
6389	-0.039611
6397	0.012035
6398	-0.001045
6406	-0.015176
6407	-0.029947
6412	0.004116
6413	0.005500
6434	0.005019
6435	0.001257
6460	0.009157
6463	0.018810
6464	0.006524
6489	0.010044
6507	-0.024821
6510	0.023473
6516	-0.023697
6518	0.045397
6522	-0.030175
6523	-0.002514
6524	-0.005937
6525	-0.006479
6531	0.020193
6536	-0.007517
6575	-0.007829
6584	0.000283
6585	-0.034423
6586	0.020208
6594	0.007409
6595	-0.003798
6610	0.004083
6612	-0.028877
6615	0.015186
6624	-0.020079
6628	-0.033538
6649	-0.006575
6698	0.074789
6706	0.014455
6718	-0.021029
6719	-0.010274
6722	-0.000415
6770	0.006043
6780	-0.040119
6781	0.024294
6794	0.010124
6795	-0.016778
6796	-0.023836
6799	0.044981
6809	0.021346
6837	-0.057418
6838	0.004669
6839	-0.043547
6846	-0.030353
6865	-0.010607
6869	-0.032069
6870	0.015062
6871	-0.032713
6873	-0.028794
6876	-0.020547
6885	0.001261
6895	-0.014560
6896	0.040867
6897	-0.005483
6900	0.017148
6903	0.029851
6906	-0.040239
6916	-0.015787
6917	-0.028986
6918	0.024441
6919	-0.038681
6938	0.008160
6941	-0.009229
6942	0.028849
6943	-0.014051
6944	-0.006085
6948	-0.000198
6953	0.004744
6957	-0.035733
6958	0.038351
6970	0.007875
6971	-0.040953
6976	-0.051747
6977	0.022373
6990	-0.001068
7014	-0.011252
7015	0.001574
7016	-0.020723
7018	0.024534
7019	0.023138
7042	0.007902
7053	0.006049
7066	-0.008002
7067	-0.018245
7083	-0.017020
7092	0.022345
7100	-0.044434
7103	0.005399
7110	0.033397
7111	0.005569
7112	-0.017051
7113	-0.011708
7116	0.010362
7119	0.022467
7120	0.021010
7121	0.041663
7122	-0.014100
7140	0.037393
7143	-0.256977
7157	0.016155
7165	0.008256
7175	0.008330
7178	-0.005132
7206	-0.009052
7207	-0.029489
7217	0.030504
7218	-0.030163
7221	0.003809
7227	0.025651
7230	0.005359
7236	0.010164
7239	0.018799
7242	0.023872
7260	-0.019571
7268	-0.006439
7269	0.001309
7304	0.022259
7326	-0.011874
7327	-0.041985
7336	-0.008982
7342	0.020895
7346	0.011578
7348	-0.046000
7355	0.004884
7361	0.006803
7372	0.025303
7387	-0.001878
7422	0.020302
7423	0.032073
7425	-0.027535
7436	-0.020576
7442	-0.022804
7446	-0.018555
7448	0.023362
7453	0.008623
7463	0.004782
7492	-0.116551
7493	-0.023969
7494	0.019588
7495	0.022788
7518	-0.007129
7520	0.088826
7540	-0.016996
7546	0.004314
7556	-0.024519
7559	-0.009861
7560	-0.005671
7561	-0.010189
7564	0.030483
7575	0.001429
7583	0.082993
7585	0.011508
7586	0.046931
7599	-0.025239
7600	-0.130639
7606	-0.059006
7614	-0.024353
7617	-0.027808
7622	-0.003013
7629	-0.007265
7637	-0.026712
7640	0.023253
7657	0.006745
7665	-0.005111
7666	-0.019693
7667	-0.007694
7668	0.031577
7669	0.008591
7670	0.057916
7671	-0.006620
7681	0.115999
7683	-0.012398
7684	0.049924
7696	-0.015258
7722	-0.022282
7723	-0.006464
7799	-0.011344
7852	0.029810
7859	-0.003904
7860	-0.001257
7861	0.030340
7865	0.007067
7875	0.007816
7876	0.001683
7895	0.024440
7913	-0.006586
7917	-0.032555
7952	-0.021071
7969	0.083071
7971	-0.012581
8000	0.017879
8002	-0.008301
8006	-0.043890
8036	-0.013536
8056	-0.006914
8069	-0.053727
8103	0.012896
8107	-0.006252
8120	0.014604
8122	0.023245
8125	0.019226
8127	0.002880
8136	0.002967
8149	0.001382
8154	0.005233
8197	-0.014213
8208	0.037953
8223	0.013662
8232	0.000668
8241	0.016987
8256	-0.020279
8262	-0.008524
8266	0.007219
8267	0.015903
8268	0.016733
8269	0.013816
8271	0.003389
8273	-0.019533
8280	-0.006350
8284	-0.003660
8303	-0.011069
8304	0.008891
8305	0.015152
8308	-0.005964
8332	-0.068965
8333	0.021554
8334	-0.027152
8338	-0.057632
8363	-0.006468
8370	-0.001928
8398	0.011420
8465	0.022602
8468	0.004104
8469	-0.039493
8470	0.023837
8507	-0.031795
8552	-0.011089
8572	-0.001966
8574	0.013552
8577	0.006144
8586	0.021758
8592	-0.003445
8593	-0.006118
8594	-0.025358
8597	0.018499
8599	-0.011226
8606	0.018006
8607	0.011323
8615	-0.038943
8617	-0.052165
8626	-0.008808
8636	0.012959
8669	0.005273
8671	0.019322
8673	-0.022231
8675	0.041637
8790	-0.002452
8791	-0.002451
8811	0.088607
8822	-0.021160
8841	0.017191
8849	-0.008235
8856	0.054835
8875	0.045648
8884	0.109702
8906	-0.014924
8907	0.014861
8910	0.037342
8911	0.076959
8912	0.025986
8913	0.020916
8934	0.016713
8935	0.020864
8954	-0.012351
8968	-0.006655
8972	0.001241
9001	0.019741
9029	-0.023072
9032	-0.010336
9058	-0.001343
9059	-0.028441
9068	-0.037842
9070	-0.038347
9108	-0.010403
9139	0.028360
9140	0.020433
9158	-0.053369
9187	-0.008021
9188	0.006995
9189	0.036008
9190	-0.005505
9253	-0.002974
9259	0.023327
9268	-0.000966
9269	0.023666
9271	-0.026125
9312	0.028043
9323	-0.001897
9329	-0.011473
9330	-0.010284
9331	0.001704
9356	-0.025219
9376	0.023511
9394	0.038657
9424	0.001633
9428	0.023033
9429	0.021120
9496	0.012642
9536	-0.001604
9543	-0.028534
9589	0.012154
9614	0.009735
9615	-0.037726
9617	-0.036702
9631	0.011163
9661	0.006531
9668	-0.065407
9718	-0.036214
9728	-0.003354
9734	-0.013854
9788	-0.012842
9791	-0.015049
9793	0.027089
9804	0.000031
9809	0.008771
9810	0.019332
9823	0.009580
9828	0.012929
9907	-0.034702
9951	-0.006099
9968	0.015304
9969	-0.011187
10010	-0.007583
10011	0.010869
10012	0.001170
10018	-0.023884
10021	-0.004358
10022	-0.032574
10031	0.010192
10032	0.007080
10033	0.011570
10034	0.008544
10035	0.004257
10039	0.009035
10044	-0.014587
10045	-0.040298
10060	0.124835
10065	-0.003357
10077	-0.012596
10080	0.015281
10130	-0.034416
10131	0.024698
10149	-0.018129
10194	0.045324
10197	0.082983
10221	0.055350
10226	0.034164
10232	0.055364
10233	-0.058932
10263	0.018923
10264	0.020912
10274	-0.000764
10286	0.061855
10292	0.015744
10299	-0.006202
10302	-0.047278
10324	-0.009806
10355	-0.002820
10358	0.002510
10362	-0.022402
10366	-0.006266
10368	0.006925
10370	0.019270
10392	-0.007079
10405	-0.038330
10406	-0.015627
10409	-0.006110
10419	0.007573
10420	-0.009964
10424	0.008146
10434	-0.021364
10455	-0.016554
10478	-0.017172
10480	-0.048425
10484	-0.007687
10510	0.039487
10519	-0.031173
10520	-0.020929
10524	0.028702
10578	0.065184
10630	0.010105
10643	-0.002547
10645	-0.013833
10677	0.006356
10678	-0.004438
10690	-0.004136
10717	-0.016714
10718	-0.004224
10719	-0.030119
10721	-0.002851
10723	-0.007025
10735	-0.011241
10736	0.016392
10829	0.016708
10837	-0.032364
10846	-0.013470
10921	-0.020413
10922	-0.023653
10923	-0.022019
10924	-0.020552
10964	-0.007607
10978	0.035168
11017	0.038031
11018	0.014196
11019	0.038191
11032	0.045576
11034	-0.007296
11035	-0.020679
11036	0.049924
11052	-0.008744
11056	-0.010353
11060	0.004089
11063	0.025157
11064	0.007170
11068	0.034205
11069	0.034921
11090	0.004324
11098	0.035415
11099	-0.017450
11100	-0.001658
11105	-0.006912
11109	0.024758
11122	-0.037493
11123	0.030183
11125	-0.012838
11126	-0.010530
11149	-0.029351
11153	-0.046492
11188	-0.083238
11193	-0.004222
11230	-0.000162
11233	0.014509
11236	-0.038275
11243	0.015275
11251	0.011867
11259	0.062191
11263	0.028836
11272	0.016345
11321	-0.043315
11322	0.001397
11326	0.004995
11327	0.009618
11335	0.036190
11337	-0.032714
11343	-0.046226
11390	-0.035020
11444	0.039574
11464	-0.022263
11471	-0.001546
11472	-0.002274
11473	-0.002043
11492	0.003921
11499	-0.012341
11500	0.006185
11505	-0.005642
11527	0.005510
11528	-0.023976
11532	-0.019651
11564	0.013526
11589	0.006539
11591	0.010620
11592	0.016982
11599	0.030582
11605	-0.035545
11617	0.044623
11630	0.014374
11631	0.009585
11632	-0.046757
11656	-0.023243
11657	-0.015762
11777	0.017857
11786	0.003756
11812	0.002278
12020	0.018341
12061	0.010453
12115	0.058680
12154	-0.007960
12155	0.076696
12156	0.055404
12159	0.055805
12174	-0.026936
12176	-0.011591
12230	0.029322
12234	0.008618
12236	0.017141
12237	0.025622
12250	0.056592
12252	-0.011331
12253	-0.009513
12315	-0.010638
12381	-0.038540
12382	-0.001248
12438	-0.026049
12455	0.012043
12462	-0.016114
12478	-0.007757
12603	-0.030797
12711	-0.002615
12714	0.000755
12716	0.007234
12754	0.004256
12785	0.018916
12788	0.002090
12792	-0.054689
12898	-0.006918
12944	0.042791
12949	0.073987
13062	-0.058132
13099	0.029076
13160	-0.019379
13198	0.008801
13239	0.011713
13249	-0.002216
13262	-0.010497
13263	0.012901
13272	-0.011365
13273	0.006596
13277	0.021594
13305	-0.061815
13342	-0.011884
13343	0.012858
13345	-0.062114
13351	0.006756
13357	0.038548
13427	0.020673
13436	0.061550
13455	0.002813
13528	0.008231
13532	0.063764
13553	0.011657
13566	-0.023866
13651	-0.023793
13653	0.011030
13675	0.008931
13676	-0.032722
13677	-0.005900
13678	-0.002018
13681	0.000163
13688	0.028492
13697	0.035033
13705	0.000651
13708	0.009045
13737	0.029382
13760	0.009670
13923	0.001539
13927	-0.001880
13995	-0.034942
14002	-0.017251
14003	0.017154
14021	-0.001545
14034	0.022267
14064	0.041201
14110	0.024450
14155	0.009348
14203	0.018256
14208	0.017617
14340	-0.023488
14356	-0.014253
14389	-0.013292
14499	0.031747
14625	0.015341
14632	0.017932
14637	-0.017311
14641	-0.018592
14685	0.008589
14694	0.034101
14695	0.042730
14699	-0.023604
14700	-0.011485
14749	-0.030002
14760	0.028836
14790	-0.045567
14791	0.011709
14796	0.024613
14797	0.000660
14891	0.000631
14927	0.013347
15099	0.007065
15182	0.037289
15243	0.017860
15245	0.024068
15254	0.004036
15322	-0.002028
15327	-0.014467
15463	0.012416
15496	-0.005927
15499	-0.028807
15502	-0.001554
15514	-0.034741
15566	-0.018801
15580	-0.002639
15583	0.045140
15586	-0.038041
15601	-0.015278
15621	0.078373
15780	-0.053142
15869	-0.016781
16082	0.019360
16281	-0.046794
16293	0.021457
16300	-0.053593
16304	0.049895
16360	0.014193
16361	-0.002382
16367	0.029790
16432	-0.039696
16433	-0.033634
16438	-0.001063
16446	-0.032408
16453	-0.024949
16463	-0.008412
16466	0.012413
16477	0.065991
16482	0.021481
16605	0.010206
16606	0.088248
16635	-0.004492
16638	-0.030016
16655	-0.050376
16673	-0.026029
16676	0.001616
16677	-0.008081
16678	0.022172
16808	0.037173
16829	-0.039718
17150	-0.014562
17182	-0.009330
17199	0.054054
17273	0.032563
17431	0.012712
17466	-0.035057
17472	0.021229
17485	-0.019865
17585	-0.014893
17620	-0.052336
17647	0.028334
17690	0.007916
17772	-0.009474
18410	-0.036324
19647	-0.098718
21458	0.023631
21885	0.016206
21973	0.011633
21976	0.008343
21977	0.000343
22084	-0.003137
23475	0.019998
23754	0.014001
23764	0.008577
24372	0.015723
24918	0.053814
24944	0.006894
25022	0.052854
25140	-0.035210
26484	-0.033443
27764	0.016973
28424	-0.000763
28845	-0.056103
29861	-0.026278
30684	-0.036486
31288	-0.017055
31704	0.005392
32421	-0.030816
32520	0.019372
32893	0.002690
34340	-0.004499
35227	0.003941
35334	-0.036277
36499	0.037905
36843	-0.013498
36844	-0.000068
36955	0.026378
36970	0.027654
39336	0.000313
39353	-0.049022
40538	-0.021775
40541	0.027421
40542	0.030285
40599	0.054030
40601	0.041268
40602	-0.019108
40656	0.003098
40657	-0.011291
42157	-0.008332
42203	-0.013420
42204	-0.008797
42851	-0.026733
43061	-0.001576
44144	-0.010210
45195	0.028578
47030	-0.007049
47285	-0.032549
47317	-0.021337
47457	-0.082069
47460	0.005422
48147	-0.009752
48297	-0.025529
48474	0.005232
48696	-0.005824
49516	-0.015548
49630	-0.007561
49927	0.020302
50199	-0.035962
50249	0.043916
50259	-0.036528
50904	0.014461
53231	-0.003109
53471	-0.042601
53531	-0.026896
53986	-0.008107
55057	-0.025016
56431	0.018657
56432	0.006033
56466	-0.019758
56478	-0.052083
56621	-0.017949
57644	-0.027047
57756	-0.038653
58783	0.030904
59657	0.001233
59715	-0.060397
64825	-0.002245
64947	-0.022438
65950	0.097052
70102	0.021839
75003	0.066627
75099	0.084359
75742	0.024511
75823	0.054299
75824	-0.012952
78157	-0.031612
78181	-0.018381
78191	-0.007628
80479	-0.008173
80480	-0.015909
80715	0.015403
80719	0.029091
80750	0.031492
81231	-0.057699
84436	0.031444
84780	0.026193
84844	-0.018672
85002	-0.010884
85003	-0.050199
85659	0.049700
85663	0.017236
85710	0.019753
92185	-0.057696
96142	-0.015864
96144	-0.001424
96482	0.075198
98871	0.017623
