# 1342 minima projected onto PC6
# Min	PC
3	-0.469920
4	-0.702553
5	0.611716
6	0.199647
7	0.590442
9	0.353244
16	-1.658127
17	-0.170895
21	-1.977215
23	2.137508
31	-0.205827
44	-6.464805
47	-3.527860
48	-5.670147
51	-1.064020
52	-2.041977
55	-6.502922
56	-4.991579
57	-5.431174
58	3.099097
60	3.054998
67	-2.748354
68	-2.300988
71	1.336744
72	1.121408
74	-2.176501
79	2.247649
82	1.886213
85	-2.764235
86	-3.396399
87	-1.695312
88	0.145764
91	1.356496
92	-0.158782
94	-0.256126
95	-1.111236
97	2.457622
104	-1.915559
106	0.561608
109	0.641792
111	-1.770822
115	-0.538857
120	-6.284273
126	2.035586
129	2.139026
136	-1.849276
137	-2.545219
188	-6.565552
189	-3.480038
196	-0.713970
199	-1.425248
200	-0.835171
202	2.463894
211	1.787071
213	2.872643
214	1.285681
219	1.521393
221	0.319656
276	1.910095
279	-0.446731
283	-5.502284
295	0.533071
308	1.216560
312	2.348289
315	-0.383299
318	-2.487765
319	0.041126
321	-2.490814
324	-0.635214
328	-1.336090
334	-1.045909
336	4.648179
338	-0.531058
347	1.177914
351	2.208153
352	-0.141741
354	-7.273028
357	-1.903594
359	1.572828
362	1.704062
364	-0.160235
365	0.091082
368	1.922090
376	0.204467
377	0.136756
380	-3.590598
386	-1.477704
388	-3.344471
390	1.559983
396	0.830982
404	0.994676
410	-5.210674
413	-5.594800
420	-3.360726
423	-5.652152
424	1.462566
437	1.105696
438	-5.114390
444	-4.590083
452	-1.117486
473	-1.047276
474	-3.477326
475	-2.363436
476	-6.408031
478	-3.302933
479	-5.352175
480	-1.452300
483	2.419027
503	-1.970729
508	0.105806
509	1.863210
530	-2.385155
536	0.163503
556	-1.748401
581	-1.232337
583	-0.394299
603	-1.328043
606	0.173245
607	0.551226
620	0.469902
628	2.552929
636	0.307702
637	4.034879
639	1.328029
640	1.380404
644	-5.291898
645	-5.213432
677	-0.068390
678	-6.248427
679	-4.810340
682	-6.089670
698	-3.612982
700	-0.552377
710	1.337535
722	-0.104714
723	1.489183
724	0.792876
725	1.576725
726	-0.521444
747	-0.812184
753	-1.392445
755	0.211851
757	-2.756195
765	-0.732055
782	1.392385
783	1.801350
793	-4.701957
808	0.811568
814	-4.198097
840	-0.447050
848	4.812437
859	-1.125262
864	-0.043202
867	0.018410
878	1.801219
888	-0.313889
890	2.371316
892	-5.634208
899	-1.886549
918	0.499161
926	0.490722
933	-0.062620
934	-7.118842
981	1.931036
1028	-3.169199
1034	-1.361227
1051	-5.073641
1054	0.695538
1058	-4.530533
1062	-1.111189
1063	-5.461627
1064	1.270012
1066	1.447291
1068	1.651664
1073	-5.289334
1082	-1.382673
1083	-0.818076
1086	-1.248268
1089	0.341185
1090	-0.705742
1091	-1.782348
1092	-0.550682
1164	0.882890
1165	0.949124
1174	-2.901155
1176	-3.235586
1184	-0.615527
1191	-0.156534
1192	-0.931065
1201	9.236998
1230	1.204246
1339	0.017972
1341	0.338339
1370	1.525543
1385	0.919565
1405	0.690082
1437	2.967818
1441	-0.485918
1443	1.066115
1521	1.053520
1522	-3.976172
1523	-0.830367
1524	0.887138
1525	0.007899
1541	1.733575
1542	-1.881526
1550	-1.810959
1551	-1.384296
1596	4.328810
1597	2.706878
1628	2.074617
1629	2.624589
1633	0.836034
1636	2.245561
1637	5.960065
1765	1.049027
1766	-0.146305
1780	-2.549779
1862	-4.386959
1865	0.444125
1870	-4.238764
1885	-0.845793
1910	-0.182586
1911	-0.010012
2007	0.255106
2060	-2.723656
2062	-6.860702
2090	-5.282534
2093	3.074876
2094	2.581156
2095	3.198343
2096	1.100428
2100	-0.978313
2101	0.889058
2102	0.639130
2103	0.891824
2104	0.640350
2105	1.103743
2128	0.123992
2129	0.111667
2135	-0.696870
2190	3.119352
2195	1.311244
2197	2.076126
2198	1.341074
2199	0.213205
2200	1.015780
2201	-0.138653
2202	1.355250
2205	0.416787
2217	-1.378863
2218	-6.194642
2221	-6.431350
2272	-5.511844
2273	-2.170246
2275	0.705809
2288	2.557220
2293	-4.356588
2298	2.274442
2299	0.716147
2300	1.734975
2301	0.673951
2338	-0.821815
2342	2.661070
2343	0.816862
2358	2.540618
2384	0.211290
2385	-0.267388
2399	1.324031
2435	-0.640133
2436	0.853440
2465	-1.949577
2467	1.975175
2468	2.078833
2469	1.570881
2470	2.144356
2471	-5.798069
2474	1.408817
2620	-7.596886
2650	-5.295013
2651	-3.145243
2685	-1.212623
2688	-1.224228
2730	1.826729
2843	0.809781
2951	-6.865851
2959	-4.424663
3236	-2.889223
3305	0.852224
3318	-0.278041
3340	-0.299951
3352	-5.961561
3355	-6.749510
3356	-8.207323
3365	-1.268497
3366	-1.259271
3367	-0.729394
3368	-0.703477
3401	-3.914228
3405	-0.561367
3434	1.872606
3448	-5.378259
3454	2.549421
3481	-0.143038
3495	-1.850821
3504	-2.349736
3532	1.711916
3540	-3.798591
3549	-0.685716
3550	-0.521278
3569	2.506127
3595	-1.662708
3596	-4.390023
3603	-0.856655
3621	4.377188
3622	4.297429
3647	-3.413429
3649	1.473539
3651	-0.499295
3652	-3.724722
3723	0.355661
3757	-0.055572
3772	5.316481
3787	-0.111329
3798	-2.867486
3799	-2.363722
3889	0.282154
3897	-1.689437
3898	-2.241777
3904	4.373752
3945	4.376617
3990	-5.504174
4024	-5.495900
4039	-3.614870
4048	0.782578
4050	0.798227
4076	0.469157
4094	-1.117771
4170	1.640964
4251	4.795976
4252	4.356887
4299	2.432430
4302	2.936166
4318	-0.275981
4319	-2.076557
4320	-1.007391
4360	0.691597
4388	0.360649
4414	-0.353092
4426	0.755562
4446	-0.676975
4527	-1.780685
4545	-0.614934
4546	-0.867344
4554	1.726069
4564	1.292275
4567	2.885621
4634	1.473478
4693	3.039341
4736	0.223988
4761	1.295410
4879	2.529288
5071	1.753207
5138	-1.453658
5164	-1.858261
5182	-0.117154
5183	-0.266073
5184	4.276516
5187	2.524832
5188	0.843414
5189	1.346966
5193	0.235804
5194	0.722260
5195	0.477018
5197	0.451340
5203	2.826731
5205	0.987554
5212	0.509586
5213	0.528736
5222	-0.397036
5223	4.644422
5228	4.056225
5232	-0.226478
5244	1.000758
5245	2.006219
5246	0.125932
5248	0.243932
5292	-0.236165
5293	0.284655
5299	1.134963
5300	0.802420
5315	2.437480
5316	1.899395
5319	-0.482781
5320	-0.451227
5321	-0.620443
5322	0.221098
5323	0.093311
5324	0.151560
5325	1.564535
5329	-0.878864
5342	1.423425
5343	2.481154
5374	0.579420
5376	-1.580788
5378	0.592680
5379	1.633811
5382	-0.084660
5390	0.201351
5398	1.335679
5402	2.358382
5404	2.087903
5407	0.918297
5408	2.090220
5409	1.110724
5411	-1.007473
5412	1.506911
5413	2.634512
5416	4.025006
5418	1.028721
5422	0.779991
5425	0.818748
5427	0.675248
5428	1.918392
5432	1.510468
5436	1.447820
5443	-0.345134
5444	10.313522
5458	-9.790103
5462	1.361865
5465	0.044070
5468	-1.606859
5471	-0.208029
5480	2.535368
5481	-1.723841
5485	3.710120
5486	3.441737
5488	4.245222
5489	3.861984
5495	3.917028
5513	-0.901251
5515	-2.136197
5516	-0.102359
5521	1.370727
5527	0.378565
5528	-1.320298
5536	2.858665
5537	1.455751
5547	1.556480
5565	0.773107
5573	-0.320074
5579	-2.345960
5583	-1.156941
5586	-0.455804
5589	-6.637108
5590	-1.809448
5593	-5.087125
5599	1.944251
5604	0.372469
5605	-1.983225
5606	7.576128
5625	-5.523576
5649	-0.364298
5656	2.135669
5657	-5.275912
5658	1.112734
5686	0.415530
5695	0.316425
5705	-0.944334
5706	1.440569
5716	-1.372817
5717	0.523379
5718	-0.245225
5719	-0.820798
5720	-1.983934
5724	-7.836470
5738	-5.169817
5742	2.772424
5750	0.990669
5751	0.878320
5756	-1.524279
5761	-0.505266
5768	1.379500
5773	1.174838
5792	0.183334
5793	1.063534
5794	0.180259
5806	-2.854073
5811	-1.457942
5812	0.326611
5813	0.246834
5814	-1.402755
5821	-2.866792
5823	1.289272
5825	-0.185016
5831	0.512328
5832	0.382497
5833	-0.537238
5847	1.830164
5849	0.762308
5851	-2.108096
5854	-0.546367
5858	-3.849421
5862	-1.319143
5875	-0.436308
5876	1.321720
5903	-1.248395
5910	-3.945357
5912	-3.623427
5913	-2.683999
5925	-0.850274
5926	-0.386043
5927	0.275861
5928	-0.454323
5930	-4.285444
5931	-1.109208
5933	0.475193
5934	-1.517708
5937	1.033123
5939	9.658484
5940	8.166964
5941	-0.536758
5943	-0.481309
5963	-3.699356
5964	-0.198026
5965	-2.256433
5966	-4.767644
5968	1.537220
5969	-0.983604
5970	-0.991206
5971	-0.578987
5975	1.256688
6006	-0.852924
6011	1.577095
6017	-2.971217
6019	-4.442753
6022	-3.093411
6032	1.113502
6095	3.175075
6115	-0.027456
6116	-4.657672
6119	-2.642190
6127	-0.482021
6128	-2.372899
6130	0.085718
6140	0.155689
6141	-0.032467
6147	-2.868156
6148	-2.662482
6163	-8.441476
6164	-6.106166
6170	-1.029465
6171	1.171283
6177	0.885329
6184	1.403628
6200	1.976439
6204	0.243549
6206	2.947059
6223	6.393055
6240	-0.164310
6245	-0.636517
6253	0.070339
6267	2.876038
6269	-5.096599
6290	2.415386
6303	-0.399286
6317	3.252135
6343	1.754960
6350	1.762422
6360	-1.771963
6367	1.386071
6383	-0.427845
6389	3.510951
6397	-1.345012
6398	1.489208
6406	-0.685284
6407	1.945503
6412	-1.547405
6413	-1.260074
6434	-2.240763
6435	-1.521278
6460	1.738314
6463	-0.432791
6464	-1.102562
6489	-0.679840
6507	2.769849
6510	1.586036
6516	1.207447
6518	4.372796
6522	-1.803962
6523	-0.269282
6524	1.381811
6525	0.463135
6531	1.350628
6536	2.078321
6575	2.019673
6584	2.461818
6585	-3.348821
6586	0.112856
6594	-0.099729
6595	1.508658
6610	1.783236
6612	3.855106
6615	2.124432
6624	1.875025
6628	0.892638
6649	0.800115
6698	-0.379217
6706	-3.581612
6718	-0.070419
6719	0.608152
6722	-0.043421
6770	-0.644055
6780	0.900843
6781	0.738627
6794	-6.462851
6795	-7.982273
6796	-6.821228
6799	1.410435
6809	0.522413
6837	4.322652
6838	1.402626
6839	2.970619
6846	1.268232
6865	-7.116253
6869	2.542755
6870	2.648922
6871	2.721160
6873	-1.608296
6876	1.603032
6885	-1.876255
6895	-1.397542
6896	-2.468213
6897	-5.532534
6900	-1.312194
6903	1.876654
6906	0.651887
6916	-0.765414
6917	-3.423819
6918	-0.559508
6919	-2.449134
6938	-1.273609
6941	-1.262160
6942	-1.425962
6943	-0.580743
6944	-0.875060
6948	-0.881320
6953	1.454473
6957	-1.419487
6958	2.790032
6970	-1.389634
6971	-2.361643
6976	-0.635244
6977	0.791035
6990	-0.055521
7014	-1.651778
7015	-0.742649
7016	-0.523930
7018	-2.086289
7019	-1.507821
7042	2.079713
7053	-0.467112
7066	-0.843200
7067	1.512980
7083	0.241646
7092	6.449765
7100	0.160839
7103	-0.030724
7110	-1.357251
7111	-0.553652
7112	-0.445333
7113	-0.213831
7116	-0.936178
7119	-6.551433
7120	-0.397593
7121	-7.018508
7122	-4.950909
7140	-1.345816
7143	-0.127680
7157	0.100257
7165	0.680472
7175	-0.167584
7178	-2.528098
7206	-5.853925
7207	-2.605121
7217	1.537121
7218	-1.155807
7221	-0.553711
7227	1.541668
7230	0.875798
7236	0.904173
7239	3.492227
7242	-1.288476
7260	1.965847
7268	2.682075
7269	1.994116
7304	2.771599
7326	-3.375773
7327	1.476493
7336	-0.020018
7342	4.784439
7346	-1.784483
7348	-1.035682
7355	1.529905
7361	1.936941
7372	1.862324
7387	1.876582
7422	4.606134
7423	-3.577267
7425	3.113278
7436	2.870626
7442	4.442288
7446	3.424539
7448	3.826820
7453	-1.733016
7463	1.890635
7492	0.194739
7493	-1.589152
7494	0.686657
7495	0.404519
7518	1.990062
7520	2.141210
7540	3.418845
7546	3.462754
7556	3.786395
7559	1.473278
7560	1.660530
7561	1.987925
7564	1.742825
7575	2.429940
7583	2.253220
7585	-0.811909
7586	6.717055
7599	-0.162121
7600	0.123558
7606	0.143223
7614	3.973331
7617	-0.618135
7622	1.157617
7629	2.756695
7637	-2.946550
7640	-0.639612
7657	3.428391
7665	3.964464
7666	3.526370
7667	2.004114
7668	-0.185104
7669	2.175367
7670	3.169338
7671	2.245988
7681	4.486154
7683	3.072935
7684	3.840940
7696	4.934432
7722	1.395524
7723	-0.456837
7799	1.027653
7852	0.755628
7859	2.168331
7860	-4.307325
7861	1.619085
7865	4.831810
7875	1.746382
7876	0.039575
7895	-0.070133
7913	3.996426
7917	0.255457
7952	2.152852
7969	4.689765
7971	0.928795
8000	-2.922634
8002	-0.667428
8006	-2.699611
8036	0.658976
8056	-4.244076
8069	1.662277
8103	1.954019
8107	-1.771560
8120	-0.310761
8122	-1.890591
8125	-6.141977
8127	-5.451592
8136	0.826043
8149	0.826065
8154	0.475678
8197	-0.512306
8208	-0.301457
8223	1.317461
8232	-1.595874
8241	-1.278635
8256	0.823837
8262	1.031443
8266	0.179664
8267	1.374999
8268	1.980012
8269	1.981457
8271	1.366916
8273	-0.156057
8280	-0.515393
8284	-1.070356
8303	-1.171348
8304	2.025386
8305	1.880144
8308	-4.909813
8332	3.456070
8333	1.035750
8334	4.336481
8338	3.003260
8363	-1.328882
8370	-0.535544
8398	1.650634
8465	-0.552030
8468	1.140326
8469	1.407016
8470	1.158165
8507	-2.524650
8552	1.372371
8572	-0.704611
8574	-1.108545
8577	2.034532
8586	3.026791
8592	3.031136
8593	2.471199
8594	1.413372
8597	0.315353
8599	1.868440
8606	2.054032
8607	-2.790848
8615	-2.415709
8617	-2.431874
8626	-0.980157
8636	-2.477791
8669	1.865711
8671	-0.169959
8673	-0.072932
8675	-2.611608
8790	-0.872832
8791	1.118601
8811	-2.856660
8822	-3.029080
8841	-1.994580
8849	-0.681356
8856	-0.833448
8875	-1.609295
8884	4.721840
8906	4.165176
8907	-1.255094
8910	0.378857
8911	-0.633664
8912	0.874435
8913	0.370881
8934	0.410290
8935	0.449900
8954	-1.228067
8968	-1.587464
8972	-2.010987
9001	-5.858977
9029	-5.170231
9032	0.656865
9058	-0.173043
9059	-0.538625
9068	-5.096072
9070	-3.262858
9108	4.775421
9139	2.304776
9140	3.018372
9158	-0.740035
9187	2.390610
9188	-0.227226
9189	1.507323
9190	-0.192963
9253	-1.973484
9259	-1.217316
9268	0.862805
9269	-1.316366
9271	-2.325207
9312	4.561444
9323	-2.097942
9329	-1.201869
9330	-1.077818
9331	-1.703730
9356	-2.438917
9376	-0.563587
9394	-0.626119
9424	1.284528
9428	1.427594
9429	1.337779
9496	0.059462
9536	-3.364168
9543	-4.644442
9589	-0.866394
9614	-6.058432
9615	-3.182511
9617	-3.017174
9631	-0.108345
9661	0.007333
9668	0.940366
9718	-1.787675
9728	-0.521157
9734	1.170181
9788	4.346504
9791	4.607424
9793	4.571147
9804	-5.349375
9809	-6.110183
9810	-6.142807
9823	-1.190147
9828	0.925751
9907	1.564414
9951	-0.902852
9968	-1.293545
9969	-1.009150
10010	-0.721973
10011	-1.199848
10012	-0.284183
10018	-2.758043
10021	-1.326244
10022	-1.214876
10031	-1.223965
10032	-0.743450
10033	-0.409556
10034	-0.164657
10035	-0.834455
10039	0.953626
10044	-3.277989
10045	-4.619695
10060	-1.207811
10065	-1.477384
10077	-1.961728
10080	-1.382608
10130	-5.162031
10131	0.287455
10149	-1.384900
10194	2.600802
10197	-0.705706
10221	0.296677
10226	1.043165
10232	0.303257
10233	-0.285557
10263	2.041242
10264	2.295660
10274	1.992811
10286	5.018143
10292	-0.985344
10299	0.958176
10302	0.791212
10324	-2.843682
10355	-1.146528
10358	2.648359
10362	-0.258899
10366	-0.693883
10368	-1.405063
10370	0.721525
10392	-0.899428
10405	0.406516
10406	1.090396
10409	-4.231236
10419	1.537578
10420	1.530073
10424	1.698251
10434	0.437006
10455	-1.207840
10478	1.237803
10480	2.422996
10484	1.612031
10510	-2.810544
10519	-4.168005
10520	-2.928350
10524	-2.781729
10578	2.765769
10630	0.329102
10643	-1.682872
10645	-7.372047
10677	0.470890
10678	-0.142964
10690	0.711231
10717	-0.229013
10718	0.460611
10719	1.139422
10721	-2.026260
10723	0.888592
10735	-3.443622
10736	1.786522
10829	0.785472
10837	2.507018
10846	-1.506344
10921	-2.772569
10922	0.819136
10923	1.472022
10924	2.016950
10964	-3.827403
10978	-4.556391
11017	-1.474509
11018	-1.078195
11019	-0.173778
11032	1.296697
11034	2.038393
11035	1.591193
11036	1.715491
11052	2.016780
11056	0.820467
11060	0.342411
11063	1.776680
11064	2.486338
11068	1.924980
11069	1.558116
11090	0.764414
11098	1.540811
11099	0.152251
11100	0.199421
11105	-0.421722
11109	1.718507
11122	0.949447
11123	0.789859
11125	0.899962
11126	0.858868
11149	1.843352
11153	0.493300
11188	8.061410
11193	-0.177623
11230	0.511453
11233	-2.197026
11236	0.154974
11243	1.666831
11251	1.493401
11259	0.163490
11263	-8.269544
11272	2.789467
11321	0.152863
11322	0.965574
11326	0.519545
11327	0.954558
11335	1.509270
11337	0.430059
11343	-0.523049
11390	0.700529
11444	-1.401904
11464	1.932639
11471	2.145182
11472	2.067774
11473	0.867578
11492	2.213465
11499	0.352951
11500	1.720875
11505	0.087694
11527	1.311644
11528	1.117154
11532	3.444810
11564	-0.821818
11589	-1.163211
11591	-1.029208
11592	-0.368757
11599	-2.662480
11605	4.138503
11617	-6.309106
11630	0.993730
11631	-2.285693
11632	1.273207
11656	2.098568
11657	1.908461
11777	1.939242
11786	-2.127779
11812	-4.820665
12020	-1.258501
12061	1.142852
12115	3.976203
12154	-0.696611
12155	3.876224
12156	3.687184
12159	4.291296
12174	0.591490
12176	1.888152
12230	0.413988
12234	-0.115052
12236	-1.316895
12237	-1.279282
12250	0.920563
12252	0.477668
12253	-0.066558
12315	-0.290804
12381	3.463785
12382	3.179497
12438	2.297300
12455	1.728550
12462	3.873094
12478	-2.912643
12603	9.238609
12711	0.539057
12714	0.592676
12716	-0.436088
12754	0.552380
12785	2.767987
12788	9.426090
12792	9.037278
12898	1.329401
12944	0.187995
12949	0.969055
13062	-1.566386
13099	4.977199
13160	1.207259
13198	-1.067021
13239	2.044650
13249	-0.030691
13262	-4.900316
13263	-5.016409
13272	-1.927327
13273	-4.614098
13277	1.639466
13305	2.129070
13342	1.354291
13343	1.187853
13345	0.969419
13351	1.830271
13357	1.428462
13427	1.578939
13436	-0.374549
13455	-1.088785
13528	0.422941
13532	4.872812
13553	2.805058
13566	-0.315104
13651	4.373089
13653	4.517545
13675	2.436507
13676	4.804182
13677	4.770549
13678	2.546583
13681	4.483427
13688	2.064303
13697	0.670139
13705	0.434683
13708	4.152606
13737	5.470098
13760	2.390725
13923	-0.094467
13927	-0.183347
13995	2.728924
14002	1.119179
14003	1.152702
14021	0.266512
14034	1.432669
14064	1.225262
14110	2.912797
14155	1.563252
14203	1.033743
14208	5.001349
14340	-0.440660
14356	8.127189
14389	1.640516
14499	0.115978
14625	3.360981
14632	-0.335096
14637	3.121539
14641	2.115973
14685	-1.472869
14694	-0.024397
14695	0.380475
14699	2.534999
14700	2.148382
14749	0.862159
14760	-2.696384
14790	1.199915
14791	0.887768
14796	2.223782
14797	1.278786
14891	1.417569
14927	-0.128302
15099	2.411438
15182	-3.149876
15243	2.568398
15245	-0.042182
15254	0.317006
15322	2.123629
15327	3.471455
15463	-4.415336
15496	-3.928856
15499	-2.560476
15502	-1.538365
15514	2.920002
15566	1.601744
15580	-2.959819
15583	-0.256398
15586	3.194484
15601	-0.224693
15621	-0.248175
15780	2.922990
15869	-2.567385
16082	-2.053095
16281	-2.004405
16293	-0.152067
16300	0.015594
16304	0.120847
16360	1.405470
16361	2.288113
16367	0.170258
16432	0.666442
16433	4.850957
16438	-2.117895
16446	-0.977380
16453	-1.342693
16463	9.265710
16466	1.397468
16477	9.040863
16482	-0.775166
16605	0.164770
16606	0.656967
16635	-1.624863
16638	-0.842201
16655	0.039484
16673	-1.124354
16676	0.157225
16677	-0.470591
16678	-1.531598
16808	-1.415447
16829	-0.709659
17150	-4.443992
17182	-2.802987
17199	0.019884
17273	1.555990
17431	0.904911
17466	1.683533
17472	-1.353746
17485	2.234770
17585	-2.948088
17620	-1.645695
17647	-2.554508
17690	0.375368
17772	-3.453755
18410	-1.340288
19647	0.899298
21458	1.270074
21885	-1.972134
21973	1.568468
21976	0.888851
21977	-0.030092
22084	-4.167949
23475	-2.341098
23754	-7.038732
23764	-1.898512
24372	-7.983104
24918	-2.043738
24944	2.883618
25022	-1.461179
25140	5.256816
26484	-1.188455
27764	-0.510957
28424	-6.799274
28845	-1.067985
29861	0.940808
30684	-3.073103
31288	-2.189629
31704	1.068540
32421	-2.246260
32520	-0.816160
32893	0.615625
34340	-2.624865
35227	6.144462
35334	-0.960278
36499	-8.147543
36843	1.633312
36844	1.468416
36955	0.673624
36970	1.150505
39336	-2.681333
39353	-1.195383
40538	-0.518793
40541	3.651374
40542	3.961645
40599	4.392481
40601	3.628041
40602	3.043825
40656	-0.394728
40657	0.091244
42157	-6.225567
42203	-3.764327
42204	-0.190706
42851	2.621275
43061	1.707246
44144	0.852788
45195	-1.916924
47030	0.186927
47285	0.625418
47317	-3.143612
47457	0.989859
47460	-4.141233
48147	4.279971
48297	4.115680
48474	1.555205
48696	1.850216
49516	1.847221
49630	-3.662534
49927	0.060903
50199	2.416443
50249	-5.370961
50259	-3.523324
50904	-1.630319
53231	-0.269870
53471	3.103566
53531	-2.094425
53986	-0.722428
55057	-1.474978
56431	1.089701
56432	1.005771
56466	-2.274264
56478	-0.535140
56621	-0.671459
57644	0.470473
57756	0.620239
58783	-0.880773
59657	-5.726934
59715	-3.787299
64825	5.808101
64947	4.741426
65950	-1.223091
70102	0.750218
75003	1.291473
75099	0.980380
75742	1.044106
75823	3.124551
75824	3.601129
78157	-1.211227
78181	-3.165602
78191	0.006101
80479	1.500481
80480	-0.007287
80715	3.349306
80719	2.173348
80750	-2.748861
81231	3.199511
84436	2.507089
84780	0.372810
84844	-0.797938
85002	0.837458
85003	-2.365699
85659	-1.190123
85663	-1.113303
85710	-1.254663
92185	-0.811291
96142	2.590893
96144	1.766574
96482	2.477098
98871	3.955848
