# 1342 minima projected onto PC29
# Min	PC
3	-0.353800
4	0.129988
5	-0.535667
6	-0.809547
7	0.607652
9	0.735272
16	-0.140683
17	-0.559794
21	-0.692361
23	-1.003590
31	0.295494
44	-0.219881
47	0.478140
48	0.867402
51	0.641308
52	0.448169
55	0.266198
56	-0.137509
57	-0.080869
58	-0.290267
60	-1.130175
67	-0.031878
68	-0.532100
71	-0.309264
72	0.230988
74	-0.371635
79	-0.234207
82	-0.718436
85	-0.113660
86	0.638612
87	0.294716
88	0.947675
91	0.350914
92	1.353266
94	0.332126
95	-0.387484
97	0.443897
104	0.743554
106	0.839603
109	0.318432
111	-1.846497
115	-2.790375
120	-0.444881
126	0.120418
129	-1.240570
136	0.082043
137	-0.405431
188	-0.147438
189	0.452270
196	-0.020153
199	-0.482251
200	0.138396
202	-0.655866
211	-0.204757
213	-0.643991
214	0.011189
219	0.438113
221	0.075908
276	0.210819
279	-0.245269
283	0.166483
295	-0.324256
308	0.374661
312	-0.013067
315	0.342053
318	0.425146
319	-0.024490
321	0.320946
324	0.486704
328	-0.039347
334	-0.267305
336	-1.440480
338	-0.278318
347	0.221315
351	0.393443
352	0.041028
354	0.024077
357	-0.264604
359	-0.148861
362	-0.148728
364	-0.219682
365	-0.674478
368	-0.672601
376	0.143203
377	0.073500
380	-0.577384
386	-0.280315
388	0.061703
390	0.191758
396	0.259966
404	0.092061
410	-0.343220
413	-0.118649
420	0.222056
423	0.393528
424	0.761362
437	0.471641
438	-0.209036
444	-1.213314
452	-0.873942
473	-0.541328
474	-1.019433
475	0.142029
476	-0.273599
478	0.104135
479	-0.016445
480	-0.647986
483	0.072493
503	-1.424551
508	-0.366505
509	-0.934680
530	0.050599
536	-0.171996
556	0.723193
581	0.175780
583	0.036102
603	0.686153
606	-0.475141
607	-0.254998
620	0.890773
628	-0.471257
636	-0.171907
637	-1.430253
639	-0.829260
640	-1.061669
644	0.324278
645	0.140022
677	-0.405920
678	0.471571
679	0.164358
682	0.999347
698	0.800397
700	-0.376802
710	0.446427
722	0.312576
723	-0.076488
724	0.311280
725	-0.517278
726	-0.612496
747	-0.791993
753	-0.475692
755	0.685631
757	-0.225201
765	0.917056
782	-0.346449
783	0.255188
793	-0.786345
808	-0.583796
814	-1.288880
840	-0.155616
848	-0.540685
859	-0.061306
864	0.028046
867	-0.091375
878	0.004332
888	-1.083138
890	-1.052182
892	0.857187
899	0.539920
918	-0.381258
926	-0.177998
933	-0.157361
934	-0.090483
981	0.398587
1028	-0.158980
1034	-0.957136
1051	-0.706700
1054	-0.387180
1058	0.244937
1062	-0.537406
1063	0.340460
1064	-0.299705
1066	0.011751
1068	0.040880
1073	-0.419314
1082	0.264510
1083	0.637461
1086	-0.342436
1089	0.252250
1090	-0.104743
1091	1.364757
1092	1.021129
1164	-0.132434
1165	0.390687
1174	0.629042
1176	0.310914
1184	0.706607
1191	0.233641
1192	0.808083
1201	-1.422618
1230	1.110278
1339	-0.439864
1341	0.262856
1370	0.721511
1385	-1.153602
1405	-0.794336
1437	-0.085414
1441	0.539268
1443	-0.651488
1521	0.116640
1522	0.334978
1523	-0.783969
1524	0.167395
1525	0.118403
1541	0.258664
1542	0.858482
1550	-0.225152
1551	-0.197699
1596	0.155128
1597	0.129376
1628	0.011685
1629	-0.257851
1633	0.116253
1636	-0.443404
1637	-1.367778
1765	0.400588
1766	0.233867
1780	0.272116
1862	0.178506
1865	-0.613710
1870	0.109036
1885	-0.051755
1910	0.228339
1911	0.073143
2007	1.065655
2060	-0.215952
2062	0.465224
2090	0.293919
2093	0.034916
2094	0.726274
2095	-0.401268
2096	-0.327454
2100	1.229177
2101	0.561106
2102	1.148279
2103	0.166959
2104	0.751134
2105	0.063255
2128	0.037592
2129	-0.246773
2135	-0.532463
2190	-0.756418
2195	-0.203638
2197	-0.444979
2198	-0.455146
2199	-0.049762
2200	-0.324289
2201	-0.108943
2202	-0.082192
2205	0.300201
2217	0.749878
2218	-0.387675
2221	0.160609
2272	-0.018310
2273	0.718124
2275	0.872854
2288	-1.527143
2293	-0.390678
2298	-0.666381
2299	0.005318
2300	0.131406
2301	0.445742
2338	-0.326509
2342	0.311239
2343	-0.087798
2358	-0.093553
2384	-0.165557
2385	-0.477300
2399	-0.389270
2435	-0.449210
2436	0.534507
2465	0.079879
2467	-0.702863
2468	-0.210762
2469	0.506969
2470	-0.405161
2471	0.572743
2474	0.041627
2620	-0.581642
2650	0.064549
2651	-0.259404
2685	-0.645764
2688	-1.045827
2730	-0.451610
2843	-0.339805
2951	0.027083
2959	0.855854
3236	-0.071271
3305	0.096953
3318	-0.022378
3340	0.704813
3352	1.045585
3355	0.461503
3356	0.471689
3365	-0.071028
3366	-0.129523
3367	0.401899
3368	0.431378
3401	1.486152
3405	-0.381634
3434	-0.507318
3448	0.265467
3454	0.569416
3481	0.100602
3495	-0.095761
3504	0.073001
3532	0.293386
3540	-0.218524
3549	0.347251
3550	0.434220
3569	-0.202782
3595	-1.001086
3596	-0.157390
3603	-0.464502
3621	-0.512741
3622	0.500444
3647	0.460202
3649	-0.261508
3651	-0.475587
3652	1.020308
3723	-0.571976
3757	1.749388
3772	-0.076277
3787	-0.002635
3798	0.126391
3799	0.737304
3889	0.502257
3897	0.752360
3898	1.529113
3904	-0.267398
3945	0.131748
3990	-0.382200
4024	0.161989
4039	-0.168566
4048	1.161255
4050	1.121672
4076	0.554855
4094	-1.214190
4170	0.179667
4251	-0.235152
4252	0.449491
4299	-0.098748
4302	-0.704131
4318	-0.713144
4319	-0.029395
4320	0.234136
4360	1.388145
4388	0.585475
4414	0.524547
4426	0.738528
4446	-0.563308
4527	-0.139596
4545	0.925994
4546	0.977118
4554	0.853253
4564	-0.218317
4567	-0.672544
4634	0.940273
4693	-0.457755
4736	1.286608
4761	0.915402
4879	0.197935
5071	0.445747
5138	-0.259012
5164	0.190116
5182	0.409254
5183	0.017381
5184	0.808205
5187	-0.086184
5188	0.535349
5189	-0.114589
5193	-0.604410
5194	-0.033416
5195	-0.225496
5197	-0.110236
5203	0.706531
5205	0.737520
5212	0.591642
5213	0.468122
5222	0.480992
5223	-0.254184
5228	0.376461
5232	0.108921
5244	-0.519809
5245	0.516255
5246	0.644288
5248	-0.418941
5292	0.276667
5293	0.318941
5299	-0.504519
5300	-0.439385
5315	-0.123181
5316	0.217848
5319	0.667075
5320	0.693212
5321	0.709874
5322	0.798308
5323	-0.024657
5324	-0.070020
5325	0.277792
5329	0.131090
5342	0.894686
5343	0.536907
5374	0.573942
5376	-0.603878
5378	0.176451
5379	0.340185
5382	0.718830
5390	0.329121
5398	0.242395
5402	0.133152
5404	0.240579
5407	0.328603
5408	0.263708
5409	-0.421500
5411	-0.137394
5412	-0.145784
5413	-0.331032
5416	-0.296276
5418	-0.571266
5422	0.747216
5425	0.407531
5427	0.199582
5428	0.063206
5432	0.087329
5436	0.263511
5443	-1.435177
5444	-0.069928
5458	-0.471945
5462	-0.773258
5465	-0.250018
5468	-0.324495
5471	0.214876
5480	0.292322
5481	-0.008240
5485	0.556589
5486	-0.007593
5488	0.230969
5489	0.365938
5495	-0.186700
5513	-0.026727
5515	-0.201429
5516	-0.051611
5521	-0.100327
5527	0.199603
5528	-0.462504
5536	-0.552813
5537	-0.039204
5547	-0.225270
5565	-0.406513
5573	-0.974442
5579	-1.528945
5583	0.116632
5586	-1.010227
5589	-0.573016
5590	-0.374727
5593	0.039650
5599	-1.994466
5604	-0.022387
5605	-0.032938
5606	1.027410
5625	-0.690190
5649	-0.093349
5656	-0.326612
5657	-1.132966
5658	0.085019
5686	-0.096789
5695	0.709070
5705	-1.496165
5706	-0.012134
5716	-0.500611
5717	-0.484388
5718	1.114815
5719	-0.287606
5720	0.585652
5724	0.083122
5738	-0.173179
5742	-1.637091
5750	0.526837
5751	0.754503
5756	-0.326099
5761	0.325987
5768	0.380236
5773	0.380228
5792	0.421118
5793	0.590463
5794	-0.050986
5806	-0.116132
5811	0.948555
5812	0.863634
5813	0.772934
5814	0.893059
5821	0.292552
5823	-0.243473
5825	0.792283
5831	0.806301
5832	0.404220
5833	-0.681321
5847	-0.070005
5849	-0.203358
5851	0.728254
5854	-0.794668
5858	0.042759
5862	0.403739
5875	0.782991
5876	-0.856329
5903	0.231077
5910	0.827121
5912	0.174561
5913	0.695399
5925	-0.792855
5926	-0.661033
5927	-0.782307
5928	-0.730205
5930	1.046034
5931	-0.859671
5933	0.715722
5934	0.126014
5937	1.414555
5939	0.313024
5940	1.428057
5941	-1.072418
5943	-0.568667
5963	-0.454326
5964	-0.462025
5965	-0.767541
5966	-0.160592
5968	-0.015244
5969	0.119139
5970	0.372513
5971	0.244370
5975	0.747321
6006	0.656679
6011	0.218081
6017	-0.065997
6019	-0.176848
6022	0.398819
6032	-0.725355
6095	-0.148275
6115	0.741471
6116	0.040036
6119	-0.068105
6127	-0.071048
6128	-0.094861
6130	0.030906
6140	-0.192923
6141	0.246885
6147	-0.055256
6148	-0.531983
6163	0.572491
6164	0.484324
6170	0.416388
6171	-0.568095
6177	-0.094990
6184	-0.295987
6200	0.724380
6204	0.698725
6206	0.422238
6223	-0.352775
6240	-0.271025
6245	-0.013965
6253	0.034950
6267	-0.736192
6269	0.434066
6290	-0.956006
6303	-0.416552
6317	-1.468478
6343	0.195933
6350	0.678630
6360	-1.351360
6367	-0.336081
6383	-0.395300
6389	-0.980341
6397	0.091469
6398	0.031914
6406	-0.145226
6407	-0.715041
6412	0.267119
6413	-0.259491
6434	-0.456712
6435	-0.737542
6460	-0.020352
6463	-0.595836
6464	-0.321960
6489	-0.616957
6507	0.204274
6510	-0.784874
6516	0.398784
6518	0.541030
6522	1.012032
6523	1.021531
6524	0.235738
6525	0.262735
6531	-1.596196
6536	-0.272091
6575	-0.435788
6584	0.235832
6585	0.394845
6586	0.742895
6594	0.326928
6595	-0.590878
6610	0.567000
6612	0.299419
6615	-0.517753
6624	-0.505044
6628	-1.199631
6649	-0.784529
6698	-1.112409
6706	-0.525188
6718	-0.042106
6719	0.032212
6722	0.681634
6770	-0.038400
6780	-0.110302
6781	0.259311
6794	1.260011
6795	0.241592
6796	0.747934
6799	-0.372106
6809	1.053988
6837	0.680058
6838	0.991560
6839	-0.361354
6846	0.331353
6865	-0.796695
6869	0.357841
6870	-0.549124
6871	0.212283
6873	0.398222
6876	0.625476
6885	-0.169009
6895	0.106546
6896	0.519835
6897	0.118578
6900	-0.329747
6903	-0.179346
6906	-0.374959
6916	-0.062512
6917	-0.082460
6918	0.555779
6919	-0.421136
6938	-0.613482
6941	0.126789
6942	0.339384
6943	0.132045
6944	0.505630
6948	-0.469976
6953	-0.061131
6957	-0.039608
6958	-0.193878
6970	-0.342576
6971	-0.578316
6976	-0.270834
6977	-0.508936
6990	0.147744
7014	0.301108
7015	0.700643
7016	-0.238911
7018	-0.361004
7019	-0.765684
7042	-0.142260
7053	-0.746494
7066	0.297101
7067	-0.156159
7083	0.079167
7092	0.160803
7100	0.194838
7103	0.046332
7110	0.030871
7111	-0.862302
7112	-0.100954
7113	-0.060045
7116	-0.470710
7119	-0.541925
7120	-0.759790
7121	-0.378269
7122	-0.016565
7140	-0.124105
7143	0.126690
7157	0.031180
7165	0.854680
7175	-0.280932
7178	-0.148280
7206	0.321655
7207	-0.183679
7217	-0.328862
7218	-0.420025
7221	-0.016569
7227	0.262472
7230	-1.281934
7236	0.122341
7239	-0.072390
7242	0.418175
7260	0.037124
7268	-0.278958
7269	-0.665872
7304	0.012455
7326	-0.100297
7327	-0.392165
7336	-0.138647
7342	-0.643003
7346	-0.287885
7348	0.096831
7355	0.098940
7361	-0.250035
7372	0.427909
7387	0.289982
7422	0.167620
7423	-0.570184
7425	0.641984
7436	1.114888
7442	0.636941
7446	0.651620
7448	-0.173947
7453	-0.237285
7463	0.271376
7492	0.593249
7493	-0.260154
7494	0.358978
7495	0.245220
7518	0.824307
7520	0.234687
7540	0.510954
7546	0.507496
7556	-0.059198
7559	-0.884320
7560	-0.180793
7561	0.153958
7564	0.085306
7575	0.219143
7583	0.026241
7585	0.503345
7586	-0.415929
7599	0.656778
7600	-0.579683
7606	0.105367
7614	-0.175222
7617	0.221011
7622	-0.003646
7629	0.128459
7637	0.609795
7640	-0.104685
7657	0.046462
7665	-0.558095
7666	0.462944
7667	0.848023
7668	0.181310
7669	0.517137
7670	-0.827045
7671	0.718217
7681	-0.467553
7683	1.062206
7684	0.219173
7696	0.168267
7722	-0.758759
7723	-0.533085
7799	0.202044
7852	0.666084
7859	-0.611678
7860	-0.291115
7861	-0.564676
7865	0.438890
7875	0.259133
7876	0.201310
7895	-0.381811
7913	-0.150717
7917	1.475587
7952	0.272589
7969	-0.791468
7971	0.443993
8000	0.212832
8002	0.911360
8006	-0.235356
8036	-0.017838
8056	0.591720
8069	-0.080545
8103	0.112442
8107	-0.583288
8120	-0.501192
8122	-0.655437
8125	-0.744365
8127	-0.729091
8136	-0.814237
8149	-0.378073
8154	0.240930
8197	-0.306207
8208	-1.018353
8223	-0.844080
8232	-0.542630
8241	-1.109776
8256	-0.254271
8262	-1.087445
8266	-0.346726
8267	0.189676
8268	-0.273873
8269	-0.085697
8271	-0.773126
8273	0.104446
8280	0.388902
8284	-0.028905
8303	-0.975560
8304	-1.150473
8305	-0.560361
8308	-0.558248
8332	-0.948692
8333	0.095815
8334	-0.033246
8338	-1.494360
8363	-0.360436
8370	-0.343805
8398	0.733129
8465	0.756200
8468	0.773840
8469	0.755690
8470	-0.145399
8507	-0.324687
8552	0.346477
8572	-0.459816
8574	-0.146162
8577	0.335648
8586	-0.160327
8592	-0.402979
8593	0.309613
8594	0.802480
8597	-0.616670
8599	0.107207
8606	-1.024590
8607	0.200747
8615	-0.206804
8617	0.115956
8626	-0.326606
8636	-0.121356
8669	0.283193
8671	0.284479
8673	0.397846
8675	-0.117509
8790	-0.061628
8791	0.093217
8811	-0.418806
8822	0.254712
8841	-0.380212
8849	0.290003
8856	-0.626200
8875	0.580853
8884	-0.061166
8906	0.399586
8907	0.323456
8910	-0.016443
8911	-0.478321
8912	-0.699011
8913	0.368413
8934	0.464475
8935	0.395211
8954	-0.192716
8968	-0.650618
8972	-0.138150
9001	0.337699
9029	-0.006239
9032	-0.977270
9058	1.702797
9059	1.094300
9068	0.394792
9070	-0.199003
9108	0.029530
9139	-0.533023
9140	-0.564988
9158	1.420255
9187	0.484421
9188	-0.531096
9189	0.091769
9190	-0.753396
9253	0.398868
9259	0.741240
9268	0.687405
9269	0.140611
9271	0.140834
9312	0.470712
9323	0.550509
9329	0.720877
9330	0.349756
9331	0.415523
9356	0.160857
9376	-0.879419
9394	1.016346
9424	-1.032677
9428	0.155086
9429	0.427883
9496	-0.398765
9536	0.336709
9543	-0.893733
9589	-0.979652
9614	0.483481
9615	0.801013
9617	0.247652
9631	1.257622
9661	0.124795
9668	-0.451452
9718	0.495165
9728	-1.015183
9734	0.746490
9788	0.696266
9791	0.530038
9793	0.721840
9804	-0.978405
9809	-1.492477
9810	-1.151528
9823	-0.444202
9828	0.016655
9907	0.884894
9951	-0.558140
9968	-0.245160
9969	-0.133237
10010	-0.971379
10011	-0.291561
10012	-1.518553
10018	-0.104284
10021	-0.456828
10022	-0.793175
10031	-0.339034
10032	-0.201687
10033	-1.020649
10034	-0.389102
10035	-0.495198
10039	0.295578
10044	0.002774
10045	-0.895893
10060	-0.777646
10065	0.265477
10077	-0.369538
10080	0.284126
10130	-0.245403
10131	-0.330513
10149	-0.597310
10194	0.003741
10197	0.896744
10221	0.391191
10226	0.678673
10232	1.010699
10233	1.446047
10263	0.289484
10264	-0.080322
10274	0.545919
10286	-1.560115
10292	-0.400382
10299	-0.176632
10302	-0.690688
10324	-0.433221
10355	-0.114734
10358	-0.238879
10362	0.249682
10366	0.643797
10368	0.586134
10370	0.689363
10392	-0.856405
10405	-0.086684
10406	0.883968
10409	-0.788663
10419	0.003332
10420	-0.422598
10424	-0.697380
10434	0.324854
10455	-0.852270
10478	0.367419
10480	1.062295
10484	0.791626
10510	0.261930
10519	-0.797823
10520	0.266209
10524	-0.187632
10578	0.173608
10630	-0.770142
10643	-0.246746
10645	-0.035764
10677	-0.038590
10678	0.506224
10690	-0.386854
10717	0.210971
10718	-0.140921
10719	0.889634
10721	-0.661664
10723	0.407429
10735	0.397113
10736	-0.278827
10829	1.029265
10837	0.791334
10846	0.417023
10921	-0.517064
10922	0.107335
10923	0.750350
10924	0.014717
10964	0.427124
10978	0.112900
11017	-0.440071
11018	-0.548531
11019	-0.365496
11032	-0.014051
11034	-0.707038
11035	0.061519
11036	-0.751497
11052	-0.178545
11056	-0.358014
11060	0.305755
11063	-0.076952
11064	0.451842
11068	-0.488126
11069	0.256581
11090	-0.698192
11098	-0.342685
11099	0.119029
11100	-0.318957
11105	-0.445340
11109	-0.189644
11122	-0.006431
11123	0.309408
11125	1.185689
11126	0.727162
11149	-0.281922
11153	-0.316300
11188	-0.889080
11193	0.448868
11230	-0.362492
11233	0.394196
11236	-0.632491
11243	0.562071
11251	-1.137301
11259	0.779090
11263	0.126183
11272	0.364538
11321	1.341183
11322	0.701803
11326	0.483333
11327	0.723217
11335	0.415101
11337	-0.153231
11343	0.895870
11390	-0.508966
11444	-0.444060
11464	0.283186
11471	1.033907
11472	1.030227
11473	-0.010594
11492	0.223085
11499	0.553791
11500	0.773252
11505	-0.125742
11527	-0.620106
11528	-0.847466
11532	0.873037
11564	0.327278
11589	-0.448745
11591	-0.223867
11592	-0.040063
11599	0.690904
11605	0.265804
11617	-0.251486
11630	0.574862
11631	-1.058564
11632	0.424628
11656	0.914959
11657	0.742300
11777	-2.179583
11786	-0.175207
11812	0.251719
12020	0.013368
12061	0.554858
12115	0.530831
12154	-0.856953
12155	0.250829
12156	0.074063
12159	0.056421
12174	-0.355307
12176	0.060771
12230	0.583296
12234	0.639885
12236	0.392932
12237	-1.346337
12250	-0.426223
12252	-0.606176
12253	-0.169743
12315	-0.018197
12381	0.903448
12382	0.288449
12438	-0.518384
12455	0.551925
12462	-0.219532
12478	-0.344369
12603	0.391054
12711	1.248230
12714	1.195743
12716	-0.257405
12754	1.487769
12785	-0.723009
12788	-0.427724
12792	0.414319
12898	0.656281
12944	0.834408
12949	0.016625
13062	-1.560924
13099	-0.305677
13160	1.231431
13198	-0.165663
13239	0.364147
13249	0.999849
13262	0.113611
13263	-0.414683
13272	0.304940
13273	0.588996
13277	-0.144757
13305	0.744105
13342	0.485928
13343	-0.395425
13345	0.071039
13351	-1.032716
13357	-0.815398
13427	0.077351
13436	0.066258
13455	0.050975
13528	0.129096
13532	0.853668
13553	-0.700954
13566	0.025635
13651	0.309908
13653	0.494930
13675	0.006776
13676	-0.338821
13677	-0.192730
13678	-0.373288
13681	0.468802
13688	-1.525886
13697	-1.325051
13705	-0.528334
13708	1.106502
13737	-0.643106
13760	-0.944724
13923	-0.019875
13927	0.148299
13995	0.003068
14002	-0.215233
14003	-0.720036
14021	-0.543672
14034	0.861306
14064	0.482164
14110	0.320195
14155	0.053184
14203	0.047739
14208	-0.789122
14340	0.341245
14356	0.877825
14389	0.378188
14499	0.127683
14625	-1.456367
14632	-0.466177
14637	-0.569495
14641	-0.234703
14685	0.551913
14694	0.159860
14695	-0.439006
14699	0.122963
14700	-0.341538
14749	0.768165
14760	-0.080842
14790	-0.103888
14791	-0.212048
14796	-0.842208
14797	0.007137
14891	-0.011335
14927	-0.719230
15099	0.308727
15182	1.180780
15243	-0.400323
15245	1.010137
15254	-0.026660
15322	-0.134803
15327	0.211281
15463	0.057023
15496	1.394484
15499	0.268397
15502	0.225789
15514	0.331538
15566	-0.116515
15580	0.314712
15583	-0.515481
15586	-0.288154
15601	0.562951
15621	-0.314041
15780	-0.397258
15869	-0.038253
16082	0.216740
16281	-0.542419
16293	-0.345836
16300	-1.235933
16304	-0.873620
16360	1.045187
16361	1.451045
16367	0.241428
16432	0.414920
16433	0.991743
16438	0.158862
16446	0.311726
16453	0.055231
16463	0.649673
16466	0.469152
16477	-1.232874
16482	0.460911
16605	-0.256416
16606	-0.450590
16635	0.109773
16638	-0.499597
16655	-0.892943
16673	-0.324283
16676	0.262101
16677	0.695842
16678	0.450398
16808	0.028894
16829	0.033809
17150	-0.164931
17182	-0.299632
17199	-0.115179
17273	-0.325690
17431	0.822266
17466	0.562125
17472	0.019702
17485	0.194411
17585	0.282594
17620	-0.684850
17647	0.772502
17690	0.867291
17772	0.216764
18410	-0.557028
19647	-0.302165
21458	-0.599569
21885	0.022635
21973	0.106629
21976	0.531653
21977	0.479153
22084	0.613518
23475	-0.310509
23754	0.717052
23764	-0.339788
24372	-0.094772
24918	-0.094770
24944	-0.250060
25022	-0.639044
25140	-0.636280
26484	1.487776
27764	0.446902
28424	0.536774
28845	-0.152941
29861	-1.342786
30684	0.297481
31288	-1.009455
31704	-0.109325
32421	-0.418918
32520	-0.760787
32893	0.276911
34340	-0.574257
35227	-1.070812
35334	0.109245
36499	0.351071
36843	-0.123419
36844	0.255590
36955	0.137151
36970	-0.233998
39336	-1.773781
39353	0.216410
40538	-0.221374
40541	0.089873
40542	-0.553378
40599	0.639474
40601	-0.150985
40602	1.207816
40656	-0.296031
40657	-0.213567
42157	0.614856
42203	1.004404
42204	0.476238
42851	0.100743
43061	-0.387797
44144	-0.175532
45195	0.565654
47030	-0.067908
47285	-1.053525
47317	-0.685477
47457	0.618128
47460	0.504268
48147	0.014986
48297	-0.957174
48474	0.507334
48696	0.397518
49516	-0.273627
49630	-0.050910
49927	0.423489
50199	-0.021948
50249	-0.273581
50259	0.959847
50904	-0.632670
53231	0.288045
53471	1.620463
53531	0.060726
53986	-0.724521
55057	-0.104771
56431	0.565715
56432	0.641677
56466	-0.465596
56478	0.480861
56621	-0.416030
57644	0.146076
57756	-0.424830
58783	-0.033634
59657	0.355999
59715	-2.215015
64825	0.015961
64947	-0.509447
65950	-0.602763
70102	-0.289290
75003	0.612641
75099	0.307238
75742	0.093540
75823	0.630532
75824	1.179380
78157	0.033104
78181	0.282261
78191	0.118307
80479	0.246676
80480	-0.194620
80715	0.818475
80719	0.357819
80750	-0.418115
81231	-0.973889
84436	0.818934
84780	0.634422
84844	-0.691673
85002	-0.023279
85003	-0.922092
85659	0.344909
85663	0.315207
85710	0.938501
92185	-0.519094
96142	-0.891861
96144	-0.876028
96482	0.993131
98871	0.173442
