# 1342 minima projected onto PC67
# Min	PC
3	0.028480
4	0.005921
5	-0.091322
6	-0.015197
7	-0.095038
9	0.105614
16	0.005580
17	-0.012403
21	0.072036
23	-0.085507
31	0.092955
44	0.043309
47	0.029348
48	-0.024504
51	0.047262
52	0.031171
55	-0.119349
56	-0.099931
57	0.108927
58	-0.117460
60	-0.029596
67	-0.030934
68	-0.130991
71	-0.038568
72	-0.068986
74	0.030710
79	-0.031689
82	-0.123506
85	-0.041002
86	0.002538
87	-0.053184
88	0.123630
91	-0.082103
92	0.086864
94	-0.042302
95	-0.018568
97	0.017347
104	-0.172242
106	0.028069
109	0.144000
111	-0.421744
115	0.790140
120	0.059009
126	-0.101250
129	-0.090285
136	-0.026578
137	-0.008525
188	0.119520
189	0.039915
196	-0.089224
199	0.100739
200	0.065386
202	-0.200273
211	0.137797
213	0.001042
214	-0.006806
219	0.023356
221	0.104746
276	0.063287
279	0.091652
283	0.270106
295	0.036974
308	0.002610
312	0.036528
315	-0.222401
318	-0.032923
319	-0.008063
321	0.182800
324	-0.018430
328	-0.018772
334	0.017471
336	0.701542
338	-0.171253
347	-0.044824
351	0.114270
352	-0.017644
354	-0.009678
357	0.110757
359	-0.045496
362	-0.091149
364	-0.066607
365	-0.040727
368	-0.056593
376	-0.127582
377	-0.053160
380	0.052464
386	0.281698
388	0.045585
390	-0.143012
396	-0.027169
404	0.151346
410	0.085891
413	0.051744
420	0.015301
423	0.110388
424	-0.030200
437	-0.033139
438	-0.176829
444	0.000119
452	0.176506
473	0.137034
474	0.107047
475	-0.028589
476	0.122847
478	0.044300
479	0.264025
480	0.030201
483	0.172190
503	-0.439464
508	0.094867
509	-0.137299
530	0.132540
536	-0.035564
556	-0.089332
581	0.032630
583	-0.009162
603	0.001252
606	-0.038971
607	-0.096492
620	-0.090839
628	-0.038692
636	-0.125090
637	0.098187
639	-0.036619
640	-0.012168
644	0.034858
645	0.066354
677	0.009746
678	-0.118882
679	-0.155536
682	-0.104813
698	-0.016594
700	0.047059
710	-0.183521
722	-0.029681
723	0.094376
724	-0.021418
725	-0.012044
726	0.095742
747	0.396694
753	-0.077142
755	-0.013531
757	-0.046888
765	0.096883
782	-0.012912
783	0.067781
793	0.065363
808	0.068647
814	-0.510178
840	0.070483
848	-0.103699
859	-0.003246
864	-0.031704
867	0.138358
878	-0.122174
888	-0.124450
890	-0.094629
892	0.025494
899	-0.044070
918	0.015105
926	0.005761
933	-0.044707
934	0.013328
981	0.060526
1028	0.039068
1034	0.303463
1051	0.122254
1054	-0.007144
1058	-0.030758
1062	0.008956
1063	-0.067947
1064	0.002515
1066	0.014237
1068	-0.014733
1073	0.142141
1082	0.080650
1083	0.076322
1086	0.049424
1089	-0.018925
1090	0.085442
1091	0.105334
1092	0.095957
1164	0.185671
1165	0.124924
1174	0.336348
1176	0.028579
1184	-0.095774
1191	-0.099414
1192	0.029999
1201	0.292870
1230	0.029118
1339	-0.015123
1341	0.064525
1370	-0.148532
1385	0.294416
1405	-0.021814
1437	-0.036990
1441	0.143415
1443	-0.051445
1521	0.019737
1522	-0.159360
1523	-0.065803
1524	-0.057494
1525	-0.062424
1541	0.060532
1542	-0.092519
1550	-0.003946
1551	0.003379
1596	0.010285
1597	-0.172978
1628	0.043137
1629	-0.129340
1633	0.000114
1636	-0.246322
1637	0.173680
1765	-0.142487
1766	0.113908
1780	-0.071187
1862	-0.008393
1865	0.076417
1870	0.035456
1885	-0.226280
1910	-0.093838
1911	-0.012508
2007	-0.102636
2060	0.391331
2062	-0.227598
2090	-0.046394
2093	0.067771
2094	0.164448
2095	-0.015803
2096	0.001596
2100	0.012464
2101	-0.081188
2102	-0.097691
2103	-0.079757
2104	-0.093639
2105	-0.078880
2128	0.182954
2129	-0.042754
2135	0.149137
2190	0.023353
2195	-0.069666
2197	-0.052103
2198	-0.126398
2199	0.031555
2200	-0.149848
2201	-0.026177
2202	-0.102734
2205	-0.023205
2217	-0.090576
2218	-0.035899
2221	-0.104333
2272	0.015179
2273	-0.069625
2275	-0.017366
2288	-0.244856
2293	0.003980
2298	-0.111013
2299	-0.112022
2300	0.053801
2301	0.049061
2338	0.032913
2342	0.055258
2343	0.019451
2358	-0.059102
2384	0.051177
2385	-0.006963
2399	-0.046564
2435	-0.028886
2436	0.017054
2465	0.122731
2467	-0.161800
2468	-0.011047
2469	0.165940
2470	-0.012879
2471	-0.142838
2474	0.014126
2620	-0.128870
2650	0.048803
2651	0.055307
2685	-0.266630
2688	0.004444
2730	-0.209586
2843	-0.080648
2951	0.087794
2959	0.022676
3236	-0.065888
3305	-0.140895
3318	0.104885
3340	-0.066737
3352	-0.070226
3355	-0.214622
3356	-0.032596
3365	0.118722
3366	0.208996
3367	0.010976
3368	-0.071810
3401	0.029631
3405	-0.195547
3434	0.018393
3448	-0.013719
3454	0.117119
3481	0.075306
3495	0.050707
3504	-0.041844
3532	0.064932
3540	-0.226289
3549	0.048877
3550	0.078636
3569	0.055874
3595	0.212688
3596	-0.028112
3603	0.040736
3621	-0.136568
3622	0.013038
3647	-0.011670
3649	0.012100
3651	-0.065408
3652	0.040763
3723	-0.057676
3757	-0.014391
3772	0.077361
3787	0.112747
3798	-0.115233
3799	-0.395229
3889	-0.032103
3897	-0.052571
3898	-0.020623
3904	-0.141805
3945	-0.084906
3990	0.070660
4024	0.158304
4039	0.116565
4048	-0.015685
4050	-0.136273
4076	0.017543
4094	0.043301
4170	-0.017447
4251	-0.103907
4252	-0.080181
4299	0.038653
4302	-0.047259
4318	-0.001710
4319	-0.015573
4320	0.126519
4360	-0.101179
4388	-0.082548
4414	0.114100
4426	0.095002
4446	-0.086337
4527	-0.007535
4545	0.086295
4546	-0.039491
4554	0.194730
4564	-0.031769
4567	-0.058248
4634	0.072859
4693	0.035029
4736	0.022343
4761	-0.002214
4879	0.126163
5071	-0.072940
5138	0.025025
5164	-0.004815
5182	0.113195
5183	0.031321
5184	-0.012630
5187	0.104054
5188	0.025558
5189	-0.019953
5193	0.144933
5194	0.050627
5195	0.031687
5197	-0.010471
5203	0.011828
5205	-0.040379
5212	0.023095
5213	0.019301
5222	0.099385
5223	0.179867
5228	0.244556
5232	-0.049600
5244	0.011558
5245	0.159929
5246	-0.031003
5248	0.072362
5292	-0.051591
5293	-0.021927
5299	-0.007342
5300	0.063524
5315	0.035259
5316	0.012800
5319	-0.098214
5320	-0.100429
5321	-0.074824
5322	0.021234
5323	0.064553
5324	0.005040
5325	-0.043326
5329	0.231827
5342	-0.000864
5343	0.052402
5374	0.071228
5376	0.174830
5378	0.045610
5379	0.162710
5382	-0.089174
5390	0.219489
5398	0.007080
5402	0.034849
5404	-0.143705
5407	-0.093607
5408	0.088098
5409	-0.014691
5411	-0.057549
5412	-0.052679
5413	0.147742
5416	0.033590
5418	-0.058309
5422	-0.087151
5425	-0.133649
5427	-0.101191
5428	-0.183309
5432	-0.107886
5436	0.000910
5443	-0.387573
5444	0.212201
5458	-0.009352
5462	0.129809
5465	-0.047200
5468	0.142057
5471	-0.075994
5480	0.032933
5481	0.108622
5485	0.162136
5486	0.145726
5488	0.093532
5489	-0.013900
5495	0.132911
5513	0.042251
5515	0.015235
5516	-0.009995
5521	-0.110200
5527	-0.045193
5528	0.002246
5536	0.006061
5537	-0.118554
5547	0.032242
5565	0.045586
5573	0.192471
5579	-0.390295
5583	0.137530
5586	0.094742
5589	0.041558
5590	0.029106
5593	-0.044390
5599	-0.552817
5604	0.201933
5605	-0.056939
5606	0.120806
5625	-0.041774
5649	-0.024428
5656	-0.124609
5657	-0.006974
5658	-0.037699
5686	-0.016420
5695	0.021851
5705	0.182073
5706	0.006848
5716	0.012531
5717	0.014375
5718	-0.077773
5719	-0.092663
5720	-0.133485
5724	0.085256
5738	0.099271
5742	0.023954
5750	0.040005
5751	0.140427
5756	-0.027531
5761	-0.025771
5768	0.028537
5773	0.096003
5792	-0.038928
5793	0.001478
5794	-0.004977
5806	-0.088935
5811	-0.117313
5812	-0.091133
5813	-0.039281
5814	-0.023181
5821	-0.050024
5823	0.069898
5825	-0.054346
5831	-0.076510
5832	-0.084288
5833	0.051018
5847	-0.027131
5849	0.033317
5851	-0.174675
5854	0.026244
5858	-0.230055
5862	0.015035
5875	0.120544
5876	0.116260
5903	0.074382
5910	0.084224
5912	0.147676
5913	-0.019276
5925	0.037172
5926	-0.014692
5927	-0.046696
5928	0.075041
5930	0.087485
5931	0.089713
5933	-0.017820
5934	0.144123
5937	-0.127162
5939	0.254678
5940	0.230770
5941	0.062813
5943	0.035123
5963	0.078774
5964	0.009766
5965	-0.022191
5966	0.042360
5968	-0.012060
5969	0.056063
5970	0.113979
5971	0.038409
5975	0.321686
6006	-0.104764
6011	0.123208
6017	0.213664
6019	-0.072253
6022	0.199403
6032	0.018952
6095	-0.152594
6115	-0.089609
6116	-0.021132
6119	-0.042242
6127	-0.043347
6128	-0.077886
6130	0.092441
6140	-0.007260
6141	0.053441
6147	0.222798
6148	0.248430
6163	0.059257
6164	-0.090221
6170	-0.019039
6171	-0.036062
6177	-0.023587
6184	0.064557
6200	0.011296
6204	0.127946
6206	-0.095526
6223	-0.024966
6240	-0.033148
6245	0.019289
6253	-0.006522
6267	0.018026
6269	0.005646
6290	0.018862
6303	0.134246
6317	0.008487
6343	0.025160
6350	0.092232
6360	0.125725
6367	0.193314
6383	0.137694
6389	-0.004895
6397	0.030723
6398	0.037298
6406	0.004999
6407	0.213997
6412	-0.144359
6413	-0.072011
6434	0.056855
6435	0.145838
6460	0.004097
6463	-0.011000
6464	0.005760
6489	0.080562
6507	0.048171
6510	-0.176968
6516	-0.007888
6518	0.194770
6522	0.101646
6523	0.074650
6524	-0.003772
6525	0.044863
6531	0.062364
6536	-0.122281
6575	-0.141218
6584	0.019116
6585	0.073271
6586	0.027150
6594	0.115941
6595	-0.106954
6610	-0.188291
6612	0.069240
6615	-0.121935
6624	-0.134227
6628	-0.163661
6649	-0.000047
6698	0.189160
6706	0.122780
6718	-0.125322
6719	-0.100133
6722	0.160982
6770	-0.225130
6780	0.049493
6781	0.001774
6794	-0.153674
6795	-0.033459
6796	-0.193200
6799	-0.107840
6809	-0.003979
6837	0.168539
6838	0.149855
6839	-0.057243
6846	-0.017981
6865	-0.086656
6869	-0.057737
6870	-0.051321
6871	-0.003097
6873	0.047019
6876	0.022116
6885	-0.081268
6895	0.030364
6896	0.114465
6897	-0.072941
6900	-0.018900
6903	0.277236
6906	-0.258608
6916	0.063170
6917	0.097543
6918	0.009918
6919	0.111402
6938	-0.005949
6941	0.101264
6942	0.192402
6943	-0.224625
6944	-0.274622
6948	0.060009
6953	-0.076044
6957	-0.098616
6958	0.006772
6970	0.110672
6971	-0.072889
6976	0.090323
6977	-0.020882
6990	-0.038252
7014	-0.003588
7015	0.047317
7016	0.072463
7018	-0.078216
7019	0.029004
7042	-0.015326
7053	0.160129
7066	0.004280
7067	0.094402
7083	-0.052327
7092	-0.033636
7100	0.156881
7103	0.059487
7110	-0.048886
7111	-0.084204
7112	-0.064665
7113	0.051957
7116	-0.032742
7119	0.016858
7120	0.016346
7121	0.050106
7122	-0.086360
7140	0.001288
7143	0.450012
7157	-0.027828
7165	-0.002033
7175	-0.049635
7178	-0.106257
7206	-0.018163
7207	-0.251260
7217	0.000763
7218	0.041733
7221	-0.097925
7227	0.242652
7230	0.015285
7236	0.077080
7239	-0.011633
7242	0.027222
7260	0.082744
7268	0.025672
7269	-0.009761
7304	0.012554
7326	-0.120470
7327	-0.236376
7336	-0.018906
7342	-0.152041
7346	0.068015
7348	-0.160506
7355	0.136959
7361	0.168897
7372	0.002651
7387	-0.109636
7422	0.075239
7423	0.088304
7425	0.060224
7436	0.044799
7442	-0.098170
7446	0.018801
7448	0.035825
7453	-0.013104
7463	0.038028
7492	-0.148396
7493	0.051702
7494	0.062116
7495	-0.021326
7518	0.003834
7520	0.089390
7540	-0.035303
7546	-0.053141
7556	0.017058
7559	0.260354
7560	0.059129
7561	0.104994
7564	0.018172
7575	0.027120
7583	0.098528
7585	0.018490
7586	-0.022707
7599	0.312189
7600	0.195531
7606	0.328060
7614	-0.086484
7617	-0.013212
7622	-0.173283
7629	0.027139
7637	0.115837
7640	0.073296
7657	-0.052280
7665	-0.109912
7666	0.000743
7667	-0.016308
7668	0.188560
7669	0.270525
7670	-0.042908
7671	0.022579
7681	0.012372
7683	0.035626
7684	-0.027850
7696	0.080025
7722	-0.070064
7723	0.066034
7799	0.141593
7852	-0.015926
7859	0.054740
7860	0.010641
7861	0.021747
7865	-0.049625
7875	-0.037040
7876	0.062008
7895	0.130218
7913	-0.112687
7917	-0.053111
7952	0.137536
7969	0.671845
7971	0.162240
8000	-0.083687
8002	0.104325
8006	-0.229682
8036	0.051119
8056	-0.001101
8069	0.222861
8103	0.215193
8107	0.048685
8120	0.081200
8122	0.000558
8125	-0.001081
8127	-0.383440
8136	-0.086941
8149	-0.079316
8154	0.039613
8197	-0.002375
8208	0.038367
8223	-0.479784
8232	0.051754
8241	0.091127
8256	-0.117094
8262	-0.018382
8266	-0.009608
8267	0.016847
8268	-0.001334
8269	-0.037042
8271	-0.097730
8273	0.100272
8280	-0.012703
8284	-0.039445
8303	-0.049819
8304	-0.116936
8305	-0.166339
8308	0.019477
8332	-0.245399
8333	-0.059592
8334	0.000798
8338	-0.163453
8363	-0.276995
8370	-0.008546
8398	-0.174985
8465	-0.329182
8468	-0.011786
8469	-0.028026
8470	-0.010517
8507	0.006361
8552	-0.190232
8572	0.069541
8574	0.060119
8577	0.231708
8586	0.015230
8592	-0.102641
8593	0.010231
8594	-0.046858
8597	-0.000036
8599	-0.036115
8606	-0.243032
8607	-0.057605
8615	-0.075812
8617	-0.050502
8626	-0.017176
8636	0.034981
8669	-0.052191
8671	0.038707
8673	-0.089506
8675	-0.112042
8790	0.028695
8791	-0.055959
8811	-0.142216
8822	0.082318
8841	-0.140965
8849	-0.247332
8856	0.079362
8875	0.181161
8884	0.696967
8906	0.141635
8907	0.029234
8910	0.074518
8911	-0.176829
8912	-0.032557
8913	0.019867
8934	-0.034729
8935	0.060042
8954	-0.215967
8968	0.025502
8972	0.056464
9001	-0.067392
9029	0.003310
9032	-0.093285
9058	0.139136
9059	-0.067727
9068	0.002599
9070	-0.010532
9108	-0.129834
9139	0.156221
9140	0.068016
9158	-0.292338
9187	0.155616
9188	-0.129732
9189	0.020126
9190	-0.096619
9253	0.136596
9259	-0.163917
9268	0.086267
9269	-0.023632
9271	0.113587
9312	0.083426
9323	0.100869
9329	0.101978
9330	0.126785
9331	0.232430
9356	0.078052
9376	-0.003449
9394	0.051433
9424	-0.015039
9428	0.017272
9429	-0.002311
9496	-0.116468
9536	-0.033005
9543	0.052077
9589	0.043347
9614	0.218037
9615	-0.055912
9617	-0.315129
9631	-0.095551
9661	-0.007870
9668	0.081072
9718	-0.156230
9728	0.135612
9734	0.010540
9788	-0.110048
9791	0.069011
9793	0.058494
9804	-0.329630
9809	0.128053
9810	0.073865
9823	-0.022923
9828	-0.125090
9907	-0.212050
9951	0.144326
9968	0.234931
9969	0.019346
10010	0.115112
10011	0.108240
10012	0.094380
10018	0.005096
10021	0.126758
10022	0.029296
10031	0.129343
10032	0.020566
10033	0.045053
10034	0.025567
10035	0.075820
10039	-0.017443
10044	0.020066
10045	0.016901
10060	0.067077
10065	0.019822
10077	0.022117
10080	0.050905
10130	0.102094
10131	0.128967
10149	0.067545
10194	0.143332
10197	-0.214717
10221	0.059710
10226	-0.080151
10232	0.056586
10233	-0.097761
10263	-0.148031
10264	-0.121357
10274	0.088674
10286	0.102179
10292	-0.789853
10299	-0.074386
10302	0.049678
10324	-0.072004
10355	0.081402
10358	0.033208
10362	-0.234384
10366	-0.276158
10368	0.032852
10370	0.001706
10392	0.090734
10405	0.125470
10406	-0.066613
10409	0.050881
10419	-0.171684
10420	-0.087914
10424	-0.110484
10434	-0.018947
10455	0.229281
10478	-0.047708
10480	-0.181760
10484	0.016449
10510	-0.032289
10519	0.133969
10520	0.002468
10524	-0.002281
10578	0.127397
10630	0.024013
10643	0.139836
10645	0.013899
10677	0.019891
10678	0.071630
10690	0.053738
10717	0.122296
10718	0.024655
10719	-0.057375
10721	0.059936
10723	-0.031828
10735	0.017618
10736	-0.011964
10829	0.024170
10837	-0.156193
10846	-0.025961
10921	0.020925
10922	0.054453
10923	0.063743
10924	-0.100953
10964	-0.082581
10978	-0.059398
11017	-0.115813
11018	-0.189519
11019	0.143661
11032	-0.043301
11034	-0.181908
11035	0.001217
11036	-0.231087
11052	-0.117529
11056	-0.072272
11060	-0.024415
11063	0.083513
11064	0.205048
11068	-0.117841
11069	0.072518
11090	0.028853
11098	-0.040292
11099	-0.090071
11100	-0.102686
11105	-0.057968
11109	0.029302
11122	-0.004834
11123	-0.054672
11125	-0.034755
11126	0.077887
11149	0.002186
11153	0.095539
11188	0.258850
11193	-0.105564
11230	-0.009436
11233	0.024572
11236	-0.114965
11243	0.000598
11251	0.056700
11259	-0.014094
11263	0.063099
11272	-0.120239
11321	-0.100648
11322	0.013882
11326	-0.008635
11327	0.007200
11335	0.064799
11337	0.076722
11343	-0.054603
11390	0.037811
11444	0.150024
11464	-0.075804
11471	-0.063354
11472	-0.008995
11473	0.080652
11492	0.055437
11499	0.062867
11500	0.021220
11505	-0.153541
11527	0.200554
11528	0.081248
11532	0.010450
11564	0.171324
11589	-0.137937
11591	-0.081761
11592	-0.034965
11599	0.141697
11605	0.115773
11617	0.034937
11630	0.010573
11631	-0.705649
11632	-0.751282
11656	-0.022979
11657	0.033976
11777	-0.079720
11786	0.052284
11812	-0.065472
12020	-0.140086
12061	-0.107909
12115	0.036268
12154	0.162440
12155	0.072830
12156	-0.006036
12159	0.054345
12174	0.154024
12176	-0.096814
12230	0.034001
12234	-0.057167
12236	0.052659
12237	-0.137739
12250	0.009364
12252	-0.072839
12253	-0.033030
12315	-0.094504
12381	0.039746
12382	-0.040283
12438	0.005252
12455	0.070847
12462	0.101465
12478	0.059236
12603	0.002397
12711	0.047890
12714	0.128492
12716	-0.099896
12754	0.095996
12785	0.033717
12788	0.098008
12792	-0.204366
12898	-0.000748
12944	0.075971
12949	0.437176
13062	-0.015935
13099	-0.073087
13160	-0.132556
13198	0.093490
13239	-0.023301
13249	-0.212058
13262	-0.004174
13263	0.169272
13272	-0.205386
13273	-0.038881
13277	0.030227
13305	0.240150
13342	-0.054008
13343	-0.091189
13345	0.115933
13351	-0.114409
13357	-0.029873
13427	0.085506
13436	-0.186342
13455	-0.009128
13528	-0.101257
13532	0.116206
13553	0.009718
13566	-0.305792
13651	-0.054772
13653	-0.002883
13675	0.154022
13676	-0.076253
13677	-0.019086
13678	0.158079
13681	-0.015586
13688	-0.064695
13697	-0.152186
13705	-0.194666
13708	-0.000231
13737	0.080451
13760	-0.021144
13923	0.101814
13927	0.114114
13995	-0.072283
14002	-0.217243
14003	-0.032092
14021	-0.096446
14034	0.083131
14064	0.106301
14110	-0.061632
14155	0.044395
14203	0.025191
14208	-0.077867
14340	0.012520
14356	0.101152
14389	-0.053778
14499	0.098409
14625	-0.065122
14632	0.088202
14637	-0.097730
14641	-0.089073
14685	-0.005747
14694	0.057409
14695	-0.011595
14699	-0.035433
14700	-0.036205
14749	0.128408
14760	0.071057
14790	0.009921
14791	-0.077723
14796	-0.088686
14797	-0.060453
14891	0.032064
14927	0.135183
15099	0.196463
15182	-0.213252
15243	0.099915
15245	0.203271
15254	-0.014179
15322	0.074866
15327	0.083865
15463	-0.065125
15496	0.086322
15499	0.050994
15502	-0.064466
15514	0.046790
15566	-0.019523
15580	-0.026674
15583	-0.075104
15586	-0.041093
15601	0.240353
15621	-0.027224
15780	0.090516
15869	0.401854
16082	-0.082293
16281	-0.045807
16293	0.084728
16300	0.063981
16304	0.265141
16360	-0.065759
16361	-0.039700
16367	-0.136767
16432	-0.067034
16433	-0.138657
16438	-0.098043
16446	0.144977
16453	0.253638
16463	-0.385617
16466	-0.155231
16477	0.373418
16482	0.049930
16605	0.026974
16606	-0.620403
16635	0.138581
16638	0.060892
16655	0.168190
16673	0.034923
16676	0.003325
16677	0.106796
16678	0.047682
16808	-0.008433
16829	0.128359
17150	0.258287
17182	-0.155881
17199	0.199189
17273	-0.117879
17431	-0.076425
17466	-0.054537
17472	-0.058673
17485	0.005668
17585	0.044195
17620	-0.112550
17647	-0.149823
17690	0.170222
17772	-0.144252
18410	-0.214772
19647	-0.060059
21458	-0.142330
21885	-0.283468
21973	0.001435
21976	0.057926
21977	0.039084
22084	0.057490
23475	-0.152649
23754	0.160717
23764	0.036304
24372	0.026197
24918	0.209568
24944	-0.137260
25022	-0.059895
25140	0.099066
26484	0.066404
27764	-0.021576
28424	0.152423
28845	0.211330
29861	0.003261
30684	-0.088446
31288	0.021080
31704	0.130570
32421	0.434899
32520	-0.130564
32893	0.008957
34340	-0.789030
35227	0.167286
35334	-0.119340
36499	0.125514
36843	0.046957
36844	-0.021201
36955	0.374981
36970	0.339301
39336	-0.361167
39353	-0.224922
40538	0.273211
40541	-0.143940
40542	-0.253268
40599	-0.155323
40601	-0.184111
40602	-0.031812
40656	0.117892
40657	0.025939
42157	0.258032
42203	0.087963
42204	0.160964
42851	-0.276134
43061	0.060479
44144	-0.089900
45195	0.149145
47030	0.113128
47285	-0.137760
47317	0.007671
47457	-0.047738
47460	-0.089218
48147	-0.070240
48297	-0.131428
48474	-0.070875
48696	-0.085550
49516	-0.201776
49630	-0.046631
49927	0.118142
50199	-0.196968
50249	0.070117
50259	0.266880
50904	-0.141393
53231	0.155490
53471	0.021454
53531	0.043842
53986	0.028799
55057	-0.111211
56431	-0.098445
56432	-0.132212
56466	-0.267886
56478	-0.170442
56621	0.162681
57644	-0.105266
57756	0.044691
58783	-0.023006
59657	-0.013825
59715	0.712123
64825	0.103511
64947	-0.094144
65950	-0.011608
70102	-0.249787
75003	-1.203060
75099	-1.320204
75742	0.324682
75823	-0.108935
75824	-0.097967
78157	0.638117
78181	0.272003
78191	-0.002929
80479	0.111406
80480	0.095215
80715	0.074081
80719	0.014682
80750	-0.020243
81231	0.008241
84436	-0.314529
84780	-0.063773
84844	0.003486
85002	-0.073985
85003	0.221572
85659	-0.185780
85663	0.164688
85710	0.072941
92185	-0.143891
96142	-0.610199
96144	-0.762285
96482	0.153579
98871	-0.243818
