# 1342 minima projected onto PC17
# Min	PC
3	-0.059354
4	0.050063
5	-0.282251
6	-0.196416
7	0.047611
9	0.035821
16	0.329535
17	0.147784
21	-0.165667
23	0.380455
31	-0.041986
44	-0.562108
47	-0.800033
48	0.542001
51	0.316241
52	0.637334
55	0.342880
56	-0.310753
57	-0.693520
58	-1.902218
60	-0.633461
67	-0.214276
68	-0.499884
71	-0.476625
72	-0.450529
74	-0.164258
79	0.449615
82	0.176838
85	-0.194052
86	-0.903011
87	-0.150532
88	0.278438
91	-0.574113
92	0.344165
94	-0.510376
95	0.090882
97	-0.821889
104	-2.369081
106	-3.459553
109	-0.043341
111	-2.027848
115	3.514477
120	-0.014372
126	0.298089
129	-0.148368
136	0.196739
137	-0.140367
188	-0.663958
189	-1.099760
196	-0.891750
199	0.715536
200	0.138363
202	0.379576
211	0.788372
213	1.328011
214	1.126562
219	0.745315
221	0.502717
276	-0.806542
279	-0.369346
283	0.345932
295	-0.004453
308	0.021456
312	-0.065182
315	-0.579248
318	-0.213122
319	-0.370052
321	-0.360991
324	-0.276574
328	-0.063191
334	-1.273834
336	1.112893
338	0.345963
347	-0.116880
351	0.096272
352	-1.141785
354	-0.829941
357	-0.154104
359	-0.507374
362	-0.331750
364	-0.136623
365	-0.130598
368	-0.310149
376	0.084075
377	0.542361
380	0.516721
386	-2.314392
388	-0.394433
390	1.116018
396	0.977651
404	-0.934129
410	-0.647995
413	-0.899036
420	-0.514009
423	-1.234389
424	-1.430593
437	-1.029215
438	-0.606262
444	0.819981
452	-0.576370
473	0.897695
474	0.076007
475	0.131433
476	-0.191508
478	-0.750371
479	0.671478
480	0.030824
483	0.307728
503	-1.824751
508	0.647503
509	-0.404089
530	3.202853
536	0.079043
556	0.189093
581	-1.578361
583	-0.642525
603	-1.315037
606	0.301030
607	0.246858
620	0.552226
628	1.118001
636	-0.477393
637	0.200367
639	0.666613
640	0.002197
644	-1.336698
645	-0.781426
677	-0.362136
678	0.300580
679	-0.847310
682	0.737658
698	-1.125157
700	-1.604927
710	0.950995
722	-0.112169
723	0.539913
724	0.484779
725	0.427593
726	0.493440
747	-2.197482
753	0.151504
755	-1.013952
757	-0.612382
765	0.278917
782	-0.166346
783	0.893044
793	-0.146599
808	-0.387803
814	0.032517
840	-0.560630
848	-1.026981
859	-1.157304
864	0.814413
867	-0.106063
878	-0.044933
888	-0.340733
890	0.816336
892	1.220423
899	0.692839
918	-0.244867
926	0.101475
933	-0.518113
934	-0.151041
981	-0.537639
1028	-0.117344
1034	-3.112650
1051	-0.156283
1054	0.901480
1058	0.104092
1062	-0.364327
1063	-0.093993
1064	-0.295348
1066	-0.161778
1068	0.450582
1073	-0.193001
1082	-1.030908
1083	-0.828963
1086	-0.919872
1089	0.561713
1090	0.185950
1091	-1.230127
1092	-1.433985
1164	-0.879135
1165	-0.749252
1174	1.193879
1176	-0.385241
1184	-0.863271
1191	-1.041555
1192	-1.067120
1201	2.089745
1230	1.066084
1339	-0.694297
1341	0.160680
1370	0.116384
1385	-2.166728
1405	0.785211
1437	-0.500912
1441	0.200875
1443	0.983068
1521	0.708047
1522	1.163345
1523	1.334248
1524	-0.243728
1525	-0.037991
1541	-0.645217
1542	0.149880
1550	-0.135721
1551	-0.368561
1596	-0.411062
1597	-1.309088
1628	-0.828280
1629	-1.377806
1633	0.099153
1636	0.070024
1637	-1.283363
1765	0.421093
1766	-1.022963
1780	0.446989
1862	0.254596
1865	0.643616
1870	0.723943
1885	-0.263182
1910	-1.197862
1911	-1.447022
2007	0.282323
2060	-0.222225
2062	0.585185
2090	1.862976
2093	0.902274
2094	1.530315
2095	-1.805104
2096	0.604862
2100	-0.798131
2101	1.344540
2102	1.672218
2103	0.940250
2104	1.271243
2105	-0.915972
2128	-0.324760
2129	-0.645960
2135	0.128809
2190	-1.544532
2195	-2.295127
2197	-0.823377
2198	-0.405234
2199	-2.514231
2200	-2.320009
2201	-2.671325
2202	-0.058721
2205	-1.747607
2217	-1.101701
2218	1.106135
2221	0.826005
2272	0.289068
2273	0.207065
2275	1.253316
2288	-1.201359
2293	0.383196
2298	-2.521411
2299	-0.255590
2300	-2.127064
2301	-1.899102
2338	0.502727
2342	-1.383788
2343	0.674684
2358	-1.965205
2384	0.601213
2385	-0.463705
2399	1.132609
2435	1.974308
2436	1.242119
2465	-0.624150
2467	-2.920749
2468	-0.658919
2469	-0.019396
2470	0.045564
2471	0.683954
2474	-2.451450
2620	-0.771880
2650	0.906745
2651	1.164454
2685	0.950563
2688	0.100927
2730	-1.367495
2843	0.882012
2951	0.700669
2959	2.133680
3236	-0.690111
3305	0.287860
3318	-0.688592
3340	-1.041577
3352	1.327843
3355	1.025078
3356	0.555076
3365	-0.872940
3366	-1.011698
3367	-0.494614
3368	-0.354322
3401	-1.114355
3405	-0.194692
3434	0.444113
3448	0.622805
3454	2.653347
3481	0.667592
3495	0.255731
3504	0.822092
3532	-1.584223
3540	0.759285
3549	-0.465574
3550	-0.658349
3569	-1.021442
3595	0.531426
3596	0.271501
3603	-1.122228
3621	-1.256548
3622	0.074244
3647	-0.751562
3649	-0.418570
3651	-0.850492
3652	-0.774616
3723	-1.974800
3757	0.082345
3772	-0.382114
3787	0.534566
3798	-1.134453
3799	-0.163570
3889	-0.380390
3897	0.704688
3898	0.432167
3904	-0.927197
3945	-0.842216
3990	-0.503574
4024	-0.520369
4039	0.802520
4048	-0.357815
4050	-0.109681
4076	-2.589899
4094	-0.036405
4170	-0.945701
4251	-0.603042
4252	-0.413420
4299	0.489655
4302	-0.108563
4318	0.261627
4319	-0.581803
4320	-0.411876
4360	-0.631632
4388	-0.269363
4414	-0.216774
4426	-2.629697
4446	-0.134403
4527	1.145369
4545	-0.188937
4546	-0.131146
4554	0.823193
4564	-0.675605
4567	-0.825237
4634	1.222610
4693	1.312558
4736	-0.123989
4761	0.932371
4879	1.903149
5071	0.107404
5138	0.883245
5164	0.697356
5182	-0.897155
5183	-1.165619
5184	0.964787
5187	-1.032115
5188	0.521500
5189	1.086492
5193	-1.499421
5194	-0.969892
5195	0.387930
5197	-0.644255
5203	-0.690202
5205	-1.399741
5212	1.685571
5213	1.741354
5222	-1.059126
5223	0.223885
5228	2.445965
5232	-0.378858
5244	-1.125804
5245	-0.586687
5246	-1.626828
5248	0.304944
5292	-1.010773
5293	-1.147087
5299	0.843618
5300	2.245532
5315	-0.321628
5316	-0.032907
5319	-1.343858
5320	-1.128161
5321	-1.011385
5322	-0.277797
5323	-0.131094
5324	-0.564202
5325	0.314933
5329	2.165880
5342	-0.326500
5343	0.110290
5374	-0.433120
5376	-1.305051
5378	-1.154960
5379	0.639306
5382	0.280950
5390	-0.706618
5398	1.477710
5402	0.190488
5404	0.980727
5407	0.249721
5408	-0.527815
5409	-0.267971
5411	0.141320
5412	0.344764
5413	0.726356
5416	0.361063
5418	-0.946751
5422	-1.646587
5425	-0.309971
5427	0.015631
5428	1.216458
5432	-0.944532
5436	-0.765156
5443	-4.062155
5444	0.826209
5458	0.956280
5462	-3.145695
5465	-0.026606
5468	-0.034698
5471	0.589093
5480	-0.529863
5481	-0.633622
5485	1.036331
5486	1.385889
5488	-1.783585
5489	-1.084928
5495	-1.504746
5513	-0.622059
5515	0.154836
5516	0.162973
5521	0.698374
5527	0.816586
5528	2.306389
5536	-0.934788
5537	-0.651382
5547	0.385813
5565	-0.246438
5573	0.730685
5579	-3.425944
5583	0.235043
5586	-0.723773
5589	-0.840503
5590	0.415523
5593	-0.869746
5599	-0.441964
5604	0.269029
5605	0.709218
5606	-1.269316
5625	2.416598
5649	-0.314269
5656	-1.014794
5657	1.867901
5658	0.361765
5686	1.152994
5695	0.668947
5705	-1.260202
5706	-0.070191
5716	-0.180765
5717	1.168252
5718	0.097501
5719	-1.123882
5720	-0.238090
5724	0.238782
5738	1.651364
5742	0.241809
5750	-0.995540
5751	-0.938757
5756	0.233975
5761	0.721902
5768	0.033996
5773	-0.654232
5792	1.757185
5793	1.386976
5794	1.719074
5806	-0.867459
5811	-1.026865
5812	0.201006
5813	0.091009
5814	-1.228873
5821	-1.448873
5823	-0.089708
5825	-0.102268
5831	-1.540127
5832	-0.576129
5833	-1.226444
5847	-1.356645
5849	-1.238322
5851	0.094034
5854	1.211528
5858	0.772500
5862	-1.420760
5875	-0.959535
5876	1.366695
5903	-1.611849
5910	-0.254234
5912	1.612329
5913	1.079157
5925	-0.265795
5926	0.744121
5927	1.098299
5928	0.476198
5930	2.738985
5931	-0.988631
5933	-2.064743
5934	0.844438
5937	-0.869169
5939	0.515750
5940	-1.963964
5941	-0.537530
5943	-0.381505
5963	-0.072516
5964	0.593210
5965	0.078029
5966	-1.103283
5968	0.956628
5969	-0.705360
5970	-0.683932
5971	-0.229974
5975	0.459734
6006	-0.288221
6011	-0.268342
6017	0.340573
6019	-0.880032
6022	-0.244037
6032	-0.114247
6095	-0.232442
6115	1.220126
6116	-1.265706
6119	0.588972
6127	1.214061
6128	1.656747
6130	0.890759
6140	-0.854926
6141	-0.824945
6147	0.185309
6148	-0.004143
6163	0.287279
6164	0.880237
6170	-1.525676
6171	-1.197636
6177	-0.598908
6184	-0.756482
6200	-0.111677
6204	0.378330
6206	-0.370903
6223	-1.447809
6240	-1.121052
6245	-1.388069
6253	0.162133
6267	1.908631
6269	2.443939
6290	0.884870
6303	1.163091
6317	1.260585
6343	-0.349199
6350	-0.070691
6360	1.410489
6367	1.043702
6383	0.971945
6389	0.724437
6397	0.949424
6398	-0.283071
6406	0.317408
6407	1.481353
6412	0.333981
6413	-0.146158
6434	0.607638
6435	0.569201
6460	-0.377779
6463	1.222352
6464	1.021856
6489	-0.788174
6507	-0.399178
6510	-0.778538
6516	0.144330
6518	0.871576
6522	0.471700
6523	0.586900
6524	2.207289
6525	1.597874
6531	-0.852798
6536	1.588635
6575	0.570247
6584	-0.645676
6585	0.343197
6586	-0.192423
6594	0.134462
6595	-0.916748
6610	1.582562
6612	-0.380832
6615	1.088352
6624	0.546766
6628	1.058885
6649	0.040852
6698	0.188705
6706	0.654071
6718	-0.213348
6719	0.660681
6722	-0.146919
6770	2.822415
6780	-0.153659
6781	0.638501
6794	1.646082
6795	0.970180
6796	1.302964
6799	0.113990
6809	-1.984663
6837	-1.058683
6838	0.595661
6839	0.257227
6846	-1.300129
6865	-0.715822
6869	-1.521174
6870	-0.657720
6871	-1.704370
6873	-0.935585
6876	-0.823246
6885	-1.102521
6895	-0.510932
6896	-0.332869
6897	0.191280
6900	-0.063834
6903	0.188280
6906	1.743792
6916	0.858230
6917	0.084867
6918	0.537986
6919	0.712317
6938	-0.396830
6941	-0.094370
6942	0.254735
6943	-0.815416
6944	-0.666316
6948	0.415966
6953	0.763332
6957	2.189056
6958	-0.374364
6970	-0.382281
6971	0.451954
6976	0.901942
6977	0.398252
6990	-1.297261
7014	-0.370228
7015	-0.824977
7016	-0.702687
7018	0.630755
7019	1.352710
7042	0.549387
7053	0.170613
7066	-0.515097
7067	-1.372656
7083	1.102429
7092	-1.552212
7100	-1.770036
7103	-1.160012
7110	-0.494192
7111	-0.241872
7112	-0.423490
7113	-1.002564
7116	-0.291591
7119	0.247119
7120	-0.833613
7121	0.425589
7122	0.173538
7140	0.108274
7143	1.487968
7157	-0.654973
7165	-0.346277
7175	0.573175
7178	-0.533518
7206	0.471158
7207	0.304691
7217	0.077013
7218	0.500783
7221	0.569282
7227	0.799040
7230	1.065305
7236	-1.745020
7239	-0.051805
7242	-0.890824
7260	-0.472998
7268	-0.970326
7269	-0.888042
7304	0.086668
7326	-0.957241
7327	-0.665138
7336	-0.775136
7342	-0.549330
7346	0.184555
7348	-1.246878
7355	-1.498676
7361	-0.480448
7372	0.376291
7387	-0.538094
7422	0.566738
7423	1.174835
7425	-1.215386
7436	-0.573102
7442	0.208169
7446	-0.191382
7448	-1.193731
7453	0.631508
7463	0.061445
7492	2.514362
7493	0.289181
7494	0.622406
7495	0.175088
7518	-0.444019
7520	0.943287
7540	1.465816
7546	0.885149
7556	-1.626219
7559	-3.398820
7560	-0.996567
7561	1.275038
7564	-1.875324
7575	-0.704763
7583	0.555099
7585	-0.161419
7586	-0.348421
7599	0.942076
7600	-1.064989
7606	0.052728
7614	0.863122
7617	0.209773
7622	0.157068
7629	-1.890053
7637	-0.758016
7640	-0.463105
7657	0.482966
7665	-0.062106
7666	-1.044406
7667	-0.387449
7668	-0.578721
7669	-0.862644
7670	0.806074
7671	-0.720039
7681	0.752189
7683	0.834793
7684	-0.093965
7696	2.601045
7722	0.021041
7723	-0.332398
7799	-0.540824
7852	1.033852
7859	0.092395
7860	0.676919
7861	0.189723
7865	0.136967
7875	0.279361
7876	-0.801538
7895	-0.390709
7913	0.262073
7917	2.703221
7952	-2.310664
7969	1.568847
7971	-1.171032
8000	-0.418611
8002	-1.285523
8006	0.458907
8036	-1.253281
8056	-0.088156
8069	2.121440
8103	0.224372
8107	0.041034
8120	-1.324964
8122	0.325869
8125	-0.969446
8127	-0.731170
8136	-0.204579
8149	0.295658
8154	0.919794
8197	1.300836
8208	0.475908
8223	1.050094
8232	0.877591
8241	0.950196
8256	0.552925
8262	0.035577
8266	0.278116
8267	0.754310
8268	0.333644
8269	0.168187
8271	-0.257694
8273	-1.487485
8280	0.196528
8284	-0.163680
8303	-0.061722
8304	-0.776433
8305	-0.748482
8308	-0.567635
8332	0.373095
8333	0.139831
8334	-0.599615
8338	0.899958
8363	-1.148951
8370	-0.467107
8398	-0.293101
8465	4.033793
8468	0.817442
8469	0.722606
8470	0.152856
8507	0.151141
8552	1.224738
8572	0.009466
8574	-0.319538
8577	2.968295
8586	1.952241
8592	-0.263941
8593	1.289949
8594	0.875664
8597	-0.014880
8599	0.229040
8606	-1.132190
8607	0.018936
8615	0.235600
8617	-0.308100
8626	0.577315
8636	0.557397
8669	0.438362
8671	-0.586827
8673	-1.522846
8675	-1.064263
8790	0.557827
8791	1.699111
8811	-0.220058
8822	-0.429476
8841	-0.523586
8849	-1.473593
8856	-1.058322
8875	0.034439
8884	1.943508
8906	0.900814
8907	0.296621
8910	0.223749
8911	0.099294
8912	-0.130352
8913	-0.832068
8934	-0.369799
8935	-0.539773
8954	-1.683786
8968	0.750411
8972	0.926159
9001	0.469960
9029	0.015857
9032	0.365640
9058	0.117669
9059	-1.595014
9068	-1.212298
9070	0.654266
9108	0.299013
9139	0.921771
9140	0.288805
9158	-1.142121
9187	0.828327
9188	1.010717
9189	0.431362
9190	0.497306
9253	-0.542197
9259	0.660224
9268	-0.452829
9269	0.063518
9271	-0.382661
9312	1.026665
9323	-0.193979
9329	1.192580
9330	0.767710
9331	0.165875
9356	-0.113318
9376	-0.713880
9394	0.391605
9424	0.854400
9428	-0.260228
9429	-0.372991
9496	0.955567
9536	-0.030339
9543	-0.150765
9589	-0.038180
9614	0.216202
9615	-1.170590
9617	-1.330011
9631	1.504978
9661	-0.303574
9668	-0.938301
9718	-1.680886
9728	-0.669147
9734	-0.257902
9788	0.465585
9791	1.692144
9793	1.938270
9804	0.332541
9809	-0.284752
9810	0.000012
9823	1.249572
9828	-0.984804
9907	-0.179977
9951	-0.533484
9968	0.760652
9969	-0.425205
10010	0.407214
10011	0.872609
10012	0.205412
10018	0.272368
10021	-0.025031
10022	1.413162
10031	-0.243635
10032	0.825395
10033	-0.054142
10034	1.074859
10035	0.164992
10039	1.098936
10044	-0.018338
10045	0.560115
10060	0.423859
10065	0.497133
10077	-0.621335
10080	0.061089
10130	0.145722
10131	-1.628797
10149	-0.936603
10194	1.138146
10197	4.081839
10221	0.813055
10226	0.484680
10232	1.709494
10233	3.137795
10263	1.474663
10264	1.100945
10274	0.001094
10286	2.718437
10292	0.963576
10299	1.152035
10302	0.291633
10324	0.016063
10355	0.008502
10358	-1.815606
10362	-0.848532
10366	-0.619782
10368	-0.366142
10370	-0.223148
10392	0.775949
10405	0.879676
10406	-0.656731
10409	0.071889
10419	0.067195
10420	0.770898
10424	-0.108907
10434	-0.645931
10455	0.661622
10478	-0.316422
10480	-0.237127
10484	-0.550175
10510	-0.706145
10519	2.013856
10520	-0.141006
10524	-1.080558
10578	-0.449961
10630	0.095787
10643	0.266997
10645	-0.249559
10677	0.083885
10678	0.897895
10690	0.305319
10717	0.867643
10718	0.286003
10719	-0.305788
10721	0.579428
10723	1.529786
10735	-0.384208
10736	0.295243
10829	-0.373725
10837	-0.166458
10846	1.197381
10921	0.099876
10922	0.430153
10923	-1.625529
10924	-2.039613
10964	1.815880
10978	-1.014635
11017	1.925195
11018	2.340112
11019	-0.116589
11032	-1.749214
11034	-2.103187
11035	-1.599210
11036	-2.315081
11052	0.842841
11056	0.977566
11060	2.437009
11063	1.563382
11064	1.719050
11068	0.706444
11069	1.333156
11090	0.414680
11098	-1.490974
11099	-0.280956
11100	-0.477333
11105	0.910252
11109	0.701402
11122	-0.010105
11123	0.765014
11125	0.795721
11126	0.320170
11149	-1.294822
11153	0.704040
11188	1.049463
11193	-0.535396
11230	0.395304
11233	1.394787
11236	0.301212
11243	-0.272423
11251	1.335257
11259	-2.299423
11263	-0.915088
11272	0.437849
11321	0.782273
11322	2.225599
11326	-0.607725
11327	1.528446
11335	0.681789
11337	1.272665
11343	-0.059231
11390	0.892351
11444	0.520178
11464	0.026978
11471	-0.237087
11472	-0.380720
11473	-0.953497
11492	0.445937
11499	0.046460
11500	-0.395060
11505	0.141108
11527	-3.824206
11528	-4.531940
11532	0.599249
11564	0.023951
11589	-0.155468
11591	0.611645
11592	0.899313
11599	-0.211547
11605	0.316393
11617	1.320276
11630	-0.449432
11631	-0.013147
11632	1.961050
11656	-0.096673
11657	1.125175
11777	-1.310517
11786	0.943473
11812	1.293553
12020	0.497233
12061	-0.716115
12115	-0.222664
12154	0.459675
12155	-0.007243
12156	0.019493
12159	1.061104
12174	0.345542
12176	0.738304
12230	-0.417906
12234	0.326649
12236	0.086907
12237	-0.204389
12250	0.409430
12252	-0.811785
12253	0.010107
12315	0.400140
12381	0.587538
12382	0.784055
12438	0.597294
12455	-0.036025
12462	-1.282672
12478	1.194729
12603	0.835822
12711	-0.666344
12714	-0.845434
12716	1.374789
12754	-0.709545
12785	2.857524
12788	1.533739
12792	1.004374
12898	-0.637813
12944	-0.134146
12949	-2.108901
13062	0.477672
13099	-0.593601
13160	-0.382388
13198	-0.672589
13239	0.693108
13249	0.474274
13262	-1.107453
13263	0.732966
13272	0.363548
13273	1.974790
13277	0.371414
13305	1.565832
13342	0.397836
13343	0.662498
13345	2.863053
13351	-0.040780
13357	0.636448
13427	0.616362
13436	2.060771
13455	-0.320971
13528	2.476852
13532	1.227185
13553	1.586373
13566	2.733861
13651	2.647710
13653	0.285642
13675	0.232177
13676	2.110700
13677	-0.084309
13678	0.100786
13681	0.446394
13688	-0.101079
13697	-0.590305
13705	-0.458739
13708	0.824643
13737	0.094875
13760	-0.216037
13923	0.762683
13927	0.891999
13995	0.276332
14002	0.257588
14003	-0.372399
14021	0.761599
14034	0.502149
14064	0.467720
14110	-0.342078
14155	-0.895116
14203	1.299007
14208	0.380821
14340	-0.605837
14356	-1.008170
14389	-0.299631
14499	-0.200467
14625	0.867341
14632	-1.265559
14637	1.136228
14641	-0.145776
14685	0.949762
14694	0.256191
14695	-0.091134
14699	1.807039
14700	-0.234840
14749	-2.592663
14760	-0.094584
14790	-1.596915
14791	-1.414493
14796	0.965623
14797	1.601364
14891	-0.491260
14927	-0.296772
15099	0.980678
15182	-0.925816
15243	0.596517
15245	-0.437145
15254	0.932237
15322	0.885225
15327	0.653079
15463	0.289259
15496	-1.374698
15499	-0.254461
15502	-0.119653
15514	0.186821
15566	0.211539
15580	-1.567769
15583	-1.388877
15586	-0.386970
15601	0.685433
15621	-1.069528
15780	0.006125
15869	-0.318630
16082	-0.023550
16281	-0.918216
16293	0.042413
16300	-5.211321
16304	-3.519769
16360	-0.659204
16361	-0.211205
16367	-0.004642
16432	0.097817
16433	-0.094065
16438	1.277052
16446	1.281878
16453	1.273535
16463	0.851019
16466	0.794652
16477	1.640929
16482	-0.184878
16605	-0.446751
16606	0.380135
16635	-0.645897
16638	-1.209372
16655	-0.272038
16673	-1.235109
16676	0.127115
16677	0.931656
16678	-1.589143
16808	-1.343296
16829	0.144569
17150	1.756331
17182	1.004748
17199	-2.714899
17273	2.398252
17431	-0.718379
17466	-1.254732
17472	-1.357211
17485	-0.755104
17585	-0.830063
17620	1.654520
17647	-0.496572
17690	-0.678171
17772	-1.508191
18410	1.772329
19647	-2.360052
21458	-1.324516
21885	1.213136
21973	-1.042175
21976	-0.395722
21977	-0.364787
22084	0.479802
23475	-0.279953
23754	1.089021
23764	1.027058
24372	-0.579627
24918	0.006390
24944	0.321295
25022	0.670566
25140	-0.475814
26484	-1.117785
27764	-0.464983
28424	1.366742
28845	-1.469436
29861	0.230259
30684	-0.928064
31288	2.064608
31704	-0.525423
32421	-0.254965
32520	0.386979
32893	1.713406
34340	0.209508
35227	-0.343913
35334	-0.499660
36499	-0.041225
36843	0.919972
36844	0.722974
36955	-0.774637
36970	-1.043935
39336	-2.259075
39353	-0.901870
40538	0.446244
40541	1.636084
40542	1.076073
40599	0.306609
40601	1.604468
40602	0.555349
40656	0.581588
40657	0.591707
42157	-0.095869
42203	-1.084344
42204	0.849320
42851	-2.502737
43061	-0.933155
44144	0.277655
45195	0.946468
47030	-0.394799
47285	0.519174
47317	2.898709
47457	-3.049589
47460	1.246187
48147	1.737789
48297	1.793182
48474	0.159131
48696	0.509437
49516	0.445746
49630	1.116768
49927	0.697206
50199	0.358549
50249	0.210350
50259	-0.304491
50904	0.619420
53231	-0.011125
53471	-1.357268
53531	0.784386
53986	0.100072
55057	-0.467609
56431	-0.405792
56432	-0.466032
56466	1.843226
56478	2.384867
56621	0.779082
57644	1.678903
57756	-2.374018
58783	-0.744920
59657	0.978068
59715	1.120690
64825	-1.456968
64947	1.263376
65950	-1.099778
70102	-0.628006
75003	0.285913
75099	0.326103
75742	-1.313925
75823	2.107087
75824	-0.133616
78157	-1.158618
78181	-0.440388
78191	-0.567779
80479	-1.318421
80480	0.364431
80715	-0.381770
80719	-0.491581
80750	-0.995406
81231	-0.544297
84436	-0.145844
84780	-0.269140
84844	-0.726212
85002	0.416053
85003	0.679094
85659	-0.361919
85663	-0.526885
85710	-0.100147
92185	-1.344512
96142	0.852156
96144	1.081612
96482	0.154564
98871	-0.225927
