# 1342 minima projected onto PC127
# Min	PC
3	-0.001277
4	0.006248
5	0.001962
6	-0.000261
7	-0.006685
9	0.007990
16	-0.000722
17	-0.003646
21	0.000357
23	0.002705
31	0.002081
44	-0.013234
47	0.006529
48	-0.007600
51	-0.000817
52	-0.007731
55	-0.015896
56	-0.002465
57	-0.000819
58	-0.016027
60	0.017540
67	-0.008463
68	-0.008473
71	-0.001322
72	0.000728
74	0.003789
79	-0.022209
82	0.006222
85	-0.001668
86	-0.000595
87	0.011158
88	0.002756
91	-0.002956
92	0.007612
94	0.005021
95	-0.009473
97	-0.014462
104	-0.006497
106	0.006518
109	0.003787
111	0.000849
115	0.004176
120	-0.017405
126	-0.025660
129	0.029829
136	0.002655
137	-0.004607
188	-0.005563
189	0.006620
196	0.011860
199	0.007020
200	-0.008059
202	-0.011870
211	0.001783
213	0.009782
214	0.006054
219	-0.007283
221	0.007586
276	0.005530
279	0.003611
283	-0.014707
295	-0.008177
308	-0.004349
312	-0.017327
315	-0.028445
318	-0.003191
319	-0.001337
321	0.000811
324	-0.003579
328	0.005732
334	-0.001607
336	0.007844
338	-0.001155
347	-0.000842
351	-0.010257
352	0.006149
354	-0.015385
357	0.033031
359	-0.004690
362	-0.013041
364	0.004611
365	-0.003962
368	-0.015107
376	0.000120
377	-0.003643
380	0.000989
386	-0.016456
388	0.000855
390	0.009730
396	0.004604
404	-0.006701
410	-0.000165
413	-0.002233
420	-0.004230
423	0.000139
424	-0.001261
437	-0.004720
438	-0.006780
444	-0.007650
452	0.000247
473	0.012146
474	0.000117
475	0.005142
476	-0.007136
478	0.004026
479	-0.020571
480	-0.004254
483	-0.007358
503	0.006918
508	-0.002023
509	0.032415
530	0.003821
536	-0.001524
556	-0.005311
581	-0.005601
583	0.004172
603	-0.005733
606	-0.002279
607	0.000886
620	-0.005318
628	0.005539
636	0.000692
637	-0.028315
639	0.002099
640	0.001354
644	0.008147
645	0.006355
677	-0.001324
678	0.002076
679	0.005740
682	-0.003212
698	0.005958
700	0.009285
710	0.010052
722	-0.003938
723	-0.001944
724	-0.004581
725	-0.003565
726	0.003259
747	-0.005357
753	0.002871
755	-0.000390
757	-0.000919
765	0.001179
782	-0.006037
783	-0.004195
793	0.014837
808	-0.005158
814	0.000261
840	-0.014375
848	-0.001549
859	0.002388
864	-0.004516
867	0.001075
878	0.005572
888	-0.003825
890	0.036281
892	-0.002442
899	-0.002000
918	-0.006597
926	-0.003652
933	0.012391
934	-0.017637
981	0.007771
1028	-0.009766
1034	-0.011683
1051	-0.008444
1054	-0.005310
1058	0.006217
1062	0.000840
1063	-0.006535
1064	-0.001894
1066	-0.004965
1068	0.008643
1073	-0.007539
1082	0.012968
1083	0.005929
1086	-0.003259
1089	0.008266
1090	0.013015
1091	0.011491
1092	0.002922
1164	-0.001135
1165	-0.003857
1174	0.010658
1176	-0.005669
1184	-0.001998
1191	0.003392
1192	0.010372
1201	-0.009186
1230	-0.005910
1339	0.008601
1341	0.000436
1370	0.016673
1385	-0.003765
1405	0.003606
1437	-0.004204
1441	0.000381
1443	-0.002974
1521	-0.003564
1522	-0.008904
1523	-0.008406
1524	0.000040
1525	-0.006099
1541	-0.007654
1542	-0.003681
1550	-0.004963
1551	0.004869
1596	0.003272
1597	-0.014773
1628	0.009348
1629	-0.009900
1633	-0.003084
1636	-0.009922
1637	0.038839
1765	0.000750
1766	0.010260
1780	-0.008232
1862	-0.003371
1865	0.002447
1870	-0.002069
1885	0.007821
1910	-0.000337
1911	0.008519
2007	-0.009422
2060	0.001895
2062	-0.009741
2090	-0.014461
2093	0.003220
2094	0.000410
2095	0.002427
2096	0.012059
2100	0.005370
2101	0.004956
2102	-0.003223
2103	0.003668
2104	-0.004102
2105	0.011807
2128	0.000115
2129	0.010820
2135	0.002238
2190	-0.010370
2195	0.011245
2197	-0.018508
2198	-0.002251
2199	0.026543
2200	-0.000431
2201	0.007242
2202	0.006724
2205	-0.006577
2217	-0.003937
2218	-0.002362
2221	-0.013244
2272	-0.007974
2273	-0.003090
2275	0.001138
2288	-0.014995
2293	-0.005702
2298	-0.016051
2299	0.003720
2300	0.000882
2301	0.008303
2338	-0.009380
2342	-0.004597
2343	0.003307
2358	-0.016477
2384	0.011770
2385	0.005375
2399	0.001330
2435	-0.001749
2436	0.002121
2465	0.008335
2467	-0.008671
2468	-0.006332
2469	0.015708
2470	-0.009651
2471	-0.002046
2474	0.003305
2620	-0.013738
2650	-0.005336
2651	-0.002905
2685	-0.019965
2688	0.005215
2730	-0.002326
2843	-0.001368
2951	-0.005666
2959	-0.009645
3236	-0.010681
3305	0.005377
3318	0.004365
3340	0.008700
3352	0.005353
3355	-0.004252
3356	0.010045
3365	0.004904
3366	0.001825
3367	-0.002594
3368	-0.000961
3401	0.014263
3405	0.008901
3434	0.004842
3448	-0.004111
3454	-0.013978
3481	0.007774
3495	-0.011484
3504	-0.007108
3532	-0.003842
3540	0.003734
3549	-0.005499
3550	0.012425
3569	-0.004995
3595	-0.014132
3596	-0.000970
3603	-0.016138
3621	-0.004516
3622	0.006881
3647	0.003574
3649	0.008743
3651	0.001882
3652	0.007888
3723	0.000853
3757	0.010175
3772	0.000728
3787	-0.011072
3798	0.005718
3799	0.017709
3889	-0.001480
3897	-0.001755
3898	-0.002800
3904	0.000993
3945	0.001817
3990	-0.005097
4024	-0.006112
4039	-0.004836
4048	0.002728
4050	0.005204
4076	0.000653
4094	0.004969
4170	-0.002114
4251	0.002124
4252	0.006821
4299	-0.010966
4302	-0.010142
4318	-0.008787
4319	0.006853
4320	0.002865
4360	0.002440
4388	-0.000578
4414	-0.009027
4426	0.015969
4446	-0.011737
4527	-0.004480
4545	-0.003777
4546	0.002996
4554	0.002751
4564	-0.007306
4567	-0.016800
4634	-0.002457
4693	-0.007260
4736	0.007856
4761	0.006351
4879	-0.006738
5071	0.007800
5138	0.010995
5164	0.011218
5182	-0.011149
5183	-0.009955
5184	0.008219
5187	-0.015948
5188	0.008656
5189	0.012907
5193	0.001654
5194	0.000229
5195	-0.000609
5197	0.010297
5203	0.017644
5205	-0.009025
5212	0.004956
5213	0.012951
5222	0.004296
5223	-0.006150
5228	0.004616
5232	0.014747
5244	0.009969
5245	0.040266
5246	-0.017781
5248	0.005102
5292	0.009084
5293	0.006264
5299	0.006722
5300	-0.014931
5315	-0.002631
5316	-0.000373
5319	-0.002922
5320	0.000496
5321	-0.005691
5322	0.005178
5323	0.001373
5324	0.009353
5325	0.010077
5329	-0.032140
5342	-0.000981
5343	-0.007582
5374	0.027581
5376	-0.001498
5378	-0.027802
5379	0.011810
5382	-0.004390
5390	-0.009189
5398	0.025319
5402	-0.001340
5404	-0.012766
5407	-0.002442
5408	-0.004976
5409	-0.001247
5411	0.002867
5412	0.005106
5413	0.001599
5416	-0.000380
5418	-0.006390
5422	-0.002488
5425	0.004914
5427	0.004135
5428	-0.002031
5432	0.008057
5436	0.014968
5443	-0.006651
5444	-0.004864
5458	-0.014862
5462	0.007995
5465	-0.007493
5468	-0.005782
5471	-0.006547
5480	-0.002336
5481	0.002776
5485	-0.001167
5486	-0.003564
5488	-0.016908
5489	-0.008229
5495	-0.021011
5513	0.002140
5515	0.002548
5516	-0.003092
5521	0.001014
5527	-0.001881
5528	-0.005957
5536	-0.002837
5537	-0.002427
5547	-0.013083
5565	-0.000194
5573	0.006830
5579	0.000594
5583	0.008229
5586	-0.004465
5589	-0.001033
5590	0.011012
5593	-0.008988
5599	0.009630
5604	-0.027346
5605	0.010837
5606	0.007446
5625	-0.008421
5649	0.008759
5656	-0.005339
5657	-0.000681
5658	-0.001783
5686	-0.001652
5695	-0.015074
5705	-0.007420
5706	0.001893
5716	-0.012691
5717	0.002048
5718	0.001265
5719	-0.000119
5720	-0.010183
5724	0.000468
5738	0.015292
5742	0.002726
5750	-0.013265
5751	-0.009602
5756	-0.007386
5761	-0.001810
5768	-0.012710
5773	-0.018019
5792	-0.003413
5793	0.001295
5794	0.000590
5806	-0.010334
5811	-0.000333
5812	-0.001256
5813	-0.001774
5814	-0.001532
5821	0.000155
5823	0.015923
5825	0.005879
5831	0.006850
5832	0.021102
5833	0.003321
5847	-0.009752
5849	0.000104
5851	-0.007265
5854	-0.022094
5858	-0.007319
5862	-0.001615
5875	-0.019462
5876	0.009804
5903	0.003649
5910	0.009479
5912	-0.008708
5913	-0.004668
5925	0.001171
5926	-0.008091
5927	0.006676
5928	0.008412
5930	0.000856
5931	-0.000733
5933	-0.002358
5934	-0.016167
5937	0.004120
5939	-0.012793
5940	0.010613
5941	-0.003915
5943	-0.001928
5963	-0.010276
5964	-0.014004
5965	-0.006839
5966	-0.003702
5968	-0.002772
5969	0.002496
5970	0.004497
5971	0.003707
5975	-0.006735
6006	0.005368
6011	0.000947
6017	0.005852
6019	-0.014333
6022	0.015563
6032	-0.002949
6095	-0.016630
6115	-0.000273
6116	-0.009036
6119	-0.005678
6127	-0.011122
6128	-0.010288
6130	-0.004337
6140	-0.003572
6141	-0.006136
6147	-0.013976
6148	-0.018963
6163	0.013631
6164	0.009146
6170	-0.020401
6171	-0.001335
6177	-0.012991
6184	0.005554
6200	0.001469
6204	-0.020224
6206	-0.004750
6223	0.003569
6240	-0.011223
6245	0.011134
6253	0.001112
6267	0.019374
6269	-0.005328
6290	0.008082
6303	0.007449
6317	0.016476
6343	-0.003726
6350	0.001073
6360	-0.013794
6367	-0.003916
6383	0.001315
6389	-0.015337
6397	-0.005923
6398	-0.010321
6406	-0.000555
6407	0.000971
6412	0.012007
6413	0.011397
6434	-0.010766
6435	-0.004972
6460	0.010873
6463	-0.006077
6464	-0.008910
6489	-0.000304
6507	-0.024574
6510	-0.004997
6516	0.001945
6518	-0.006514
6522	0.017876
6523	0.006062
6524	0.018371
6525	0.003914
6531	-0.008980
6536	-0.003617
6575	-0.010915
6584	0.017289
6585	0.003206
6586	0.010702
6594	0.012421
6595	0.000211
6610	0.001727
6612	-0.016764
6615	-0.001129
6624	0.001910
6628	-0.003877
6649	-0.000029
6698	0.023883
6706	0.010679
6718	0.021146
6719	0.004125
6722	0.004577
6770	0.013865
6780	-0.002126
6781	0.000862
6794	0.024896
6795	0.023644
6796	0.022684
6799	-0.007022
6809	0.002123
6837	-0.010479
6838	-0.002904
6839	-0.007415
6846	0.012811
6865	-0.014710
6869	-0.011250
6870	0.013750
6871	0.003673
6873	0.018002
6876	0.003078
6885	0.008668
6895	0.004324
6896	0.011323
6897	0.020902
6900	0.003436
6903	-0.010190
6906	0.000425
6916	0.004506
6917	0.013077
6918	-0.000998
6919	0.014225
6938	-0.004551
6941	0.007398
6942	-0.016951
6943	-0.001216
6944	-0.010020
6948	0.018940
6953	0.005570
6957	0.005058
6958	-0.001384
6970	0.005143
6971	-0.005148
6976	-0.004548
6977	-0.006769
6990	0.003635
7014	0.008504
7015	-0.001636
7016	0.012660
7018	0.010004
7019	0.004960
7042	-0.014305
7053	-0.002139
7066	-0.003996
7067	0.014763
7083	-0.002864
7092	0.002789
7100	0.004101
7103	-0.010650
7110	0.006424
7111	0.011086
7112	0.008206
7113	-0.006361
7116	-0.002485
7119	0.018422
7120	0.006841
7121	0.013713
7122	0.014240
7140	0.010677
7143	-0.007086
7157	0.001412
7165	-0.020152
7175	-0.006903
7178	0.010873
7206	0.023832
7207	0.006666
7217	0.000006
7218	0.003952
7221	-0.000313
7227	0.004412
7230	0.010755
7236	-0.013706
7239	-0.003353
7242	0.011662
7260	-0.008115
7268	-0.011978
7269	-0.010967
7304	0.004084
7326	-0.000917
7327	-0.007332
7336	-0.006521
7342	-0.012283
7346	-0.001064
7348	-0.001638
7355	0.005835
7361	-0.031530
7372	-0.000302
7387	0.001904
7422	0.015679
7423	-0.001225
7425	0.003126
7436	0.006085
7442	0.022500
7446	-0.010215
7448	0.005880
7453	0.005085
7463	-0.005644
7492	-0.010666
7493	0.000140
7494	0.005071
7495	0.005903
7518	0.009071
7520	-0.024789
7540	0.003571
7546	0.009189
7556	0.009523
7559	0.005056
7560	0.007441
7561	-0.004121
7564	-0.010651
7575	0.011828
7583	-0.025224
7585	-0.014756
7586	0.000732
7599	-0.017914
7600	0.028342
7606	-0.017882
7614	0.003907
7617	-0.006015
7622	-0.003253
7629	0.022812
7637	-0.012240
7640	-0.008339
7657	-0.001088
7665	-0.000379
7666	0.011417
7667	0.014482
7668	-0.023353
7669	-0.011652
7670	-0.001415
7671	0.013779
7681	0.040046
7683	0.002578
7684	-0.005926
7696	0.004326
7722	-0.002933
7723	0.000695
7799	0.000882
7852	0.000706
7859	-0.016253
7860	-0.000747
7861	0.001687
7865	0.011721
7875	0.006884
7876	-0.011623
7895	-0.013391
7913	0.008548
7917	-0.007483
7952	-0.008739
7969	0.001301
7971	-0.012257
8000	-0.008829
8002	0.007144
8006	0.004676
8036	0.003464
8056	0.001032
8069	0.003220
8103	-0.024159
8107	-0.013234
8120	0.006602
8122	0.006101
8125	0.002662
8127	0.004457
8136	0.009269
8149	0.022384
8154	0.013403
8197	-0.007122
8208	0.007284
8223	0.021385
8232	-0.003858
8241	-0.000374
8256	0.004967
8262	-0.004075
8266	0.010031
8267	0.001187
8268	0.002843
8269	0.002957
8271	-0.007018
8273	-0.002543
8280	0.005530
8284	0.008220
8303	-0.002187
8304	-0.009928
8305	-0.009526
8308	-0.000550
8332	0.016014
8333	0.010760
8334	0.015044
8338	-0.022011
8363	-0.012078
8370	0.016029
8398	-0.003062
8465	-0.008559
8468	0.004288
8469	-0.005970
8470	-0.005269
8507	-0.006489
8552	0.002482
8572	0.004692
8574	-0.007759
8577	-0.015599
8586	-0.009506
8592	-0.022057
8593	-0.020007
8594	-0.000312
8597	0.008580
8599	0.002092
8606	-0.010847
8607	-0.007252
8615	-0.008038
8617	0.001978
8626	0.002204
8636	-0.004799
8669	-0.015500
8671	-0.006142
8673	0.007450
8675	0.019030
8790	0.013003
8791	0.012660
8811	-0.010808
8822	-0.009447
8841	0.007936
8849	-0.011151
8856	0.004700
8875	-0.026128
8884	0.000425
8906	0.000763
8907	-0.000460
8910	0.001740
8911	-0.005416
8912	0.006006
8913	-0.019221
8934	-0.003580
8935	-0.006639
8954	-0.012033
8968	-0.007151
8972	-0.013987
9001	0.003095
9029	0.021144
9032	0.001624
9058	-0.001009
9059	0.002641
9068	0.007211
9070	0.010059
9108	0.002537
9139	0.030286
9140	0.024677
9158	0.010429
9187	-0.016403
9188	-0.007378
9189	-0.004650
9190	-0.005117
9253	-0.005413
9259	-0.008833
9268	0.011101
9269	0.007368
9271	-0.022829
9312	0.021187
9323	-0.001301
9329	-0.001320
9330	-0.000396
9331	-0.004611
9356	-0.016698
9376	0.004470
9394	-0.006267
9424	0.008368
9428	0.007714
9429	0.007224
9496	0.005223
9536	0.005321
9543	0.009594
9589	-0.002646
9614	-0.002310
9615	-0.009936
9617	-0.010146
9631	-0.012027
9661	0.009166
9668	0.015087
9718	-0.006874
9728	0.004539
9734	0.023739
9788	0.007011
9791	-0.002875
9793	0.023764
9804	0.007339
9809	-0.005143
9810	0.003597
9823	0.001783
9828	0.011388
9907	0.021025
9951	0.001201
9968	-0.004064
9969	0.007845
10010	-0.008349
10011	-0.007072
10012	-0.003580
10018	0.001642
10021	-0.004195
10022	-0.003116
10031	-0.005386
10032	-0.010155
10033	-0.004834
10034	0.003812
10035	-0.009607
10039	-0.002567
10044	0.006822
10045	0.013022
10060	-0.013555
10065	0.003170
10077	0.016480
10080	-0.004760
10130	0.012330
10131	-0.004993
10149	-0.000217
10194	0.002948
10197	0.004528
10221	0.004885
10226	0.005726
10232	0.004417
10233	-0.017852
10263	0.001737
10264	0.005444
10274	-0.003282
10286	-0.012421
10292	-0.009434
10299	-0.002621
10302	-0.006255
10324	0.007351
10355	0.001565
10358	0.015786
10362	0.004862
10366	-0.005297
10368	-0.004960
10370	-0.016493
10392	0.010226
10405	-0.000079
10406	0.001067
10409	-0.006758
10419	0.002104
10420	-0.001424
10424	-0.002826
10434	0.016248
10455	0.001250
10478	0.001266
10480	-0.004109
10484	0.004976
10510	0.006683
10519	-0.005455
10520	0.006434
10524	0.008231
10578	-0.030544
10630	0.011712
10643	0.010368
10645	-0.002955
10677	0.010665
10678	0.005288
10690	0.002412
10717	-0.008574
10718	-0.001576
10719	-0.000612
10721	-0.002819
10723	0.008079
10735	0.012116
10736	0.005662
10829	-0.008310
10837	0.006028
10846	0.010051
10921	-0.001415
10922	-0.001671
10923	0.009182
10924	-0.007929
10964	-0.000105
10978	-0.021813
11017	-0.000559
11018	-0.002078
11019	0.014242
11032	-0.002410
11034	0.000311
11035	0.003990
11036	-0.001994
11052	0.000090
11056	0.012832
11060	-0.002447
11063	0.006310
11064	-0.002150
11068	0.001295
11069	0.004893
11090	0.006139
11098	-0.001951
11099	-0.004141
11100	0.002963
11105	-0.010568
11109	-0.004221
11122	-0.001569
11123	0.000466
11125	0.004406
11126	0.005962
11149	0.002386
11153	-0.008240
11188	0.010992
11193	-0.003434
11230	0.005230
11233	-0.011077
11236	0.017134
11243	-0.007831
11251	0.004932
11259	0.005968
11263	-0.005298
11272	-0.020636
11321	-0.008497
11322	0.002097
11326	-0.011214
11327	0.009566
11335	0.009440
11337	-0.008924
11343	-0.003840
11390	-0.006214
11444	0.021875
11464	0.001116
11471	-0.003873
11472	-0.003853
11473	0.004555
11492	-0.006098
11499	0.005061
11500	-0.007116
11505	0.016333
11527	0.009364
11528	0.010514
11532	0.010870
11564	0.002424
11589	0.002846
11591	0.006663
11592	-0.000157
11599	0.004441
11605	-0.009183
11617	0.012340
11630	-0.002787
11631	0.004895
11632	0.012069
11656	0.007495
11657	0.005741
11777	-0.005293
11786	-0.005087
11812	0.013541
12020	0.003119
12061	0.003543
12115	-0.004235
12154	-0.010342
12155	-0.004245
12156	-0.004532
12159	0.006269
12174	-0.001129
12176	-0.010698
12230	-0.000962
12234	-0.005178
12236	-0.010901
12237	-0.005758
12250	0.024998
12252	0.002754
12253	-0.005160
12315	0.010355
12381	-0.002174
12382	0.008500
12438	-0.006193
12455	0.010597
12462	0.018299
12478	-0.003866
12603	0.006918
12711	-0.006348
12714	-0.009443
12716	-0.013578
12754	-0.005564
12785	-0.004500
12788	-0.004520
12792	-0.001857
12898	-0.006870
12944	-0.007195
12949	0.011779
13062	0.008865
13099	-0.008751
13160	-0.002868
13198	-0.003837
13239	-0.011396
13249	0.001052
13262	-0.005353
13263	-0.010350
13272	-0.009919
13273	0.008775
13277	0.005479
13305	-0.003704
13342	-0.015518
13343	-0.008946
13345	0.018935
13351	-0.015921
13357	0.005131
13427	0.026070
13436	0.011631
13455	0.011019
13528	-0.004143
13532	-0.012794
13553	0.012751
13566	0.001512
13651	0.020780
13653	0.012272
13675	0.013519
13676	0.005124
13677	0.007884
13678	0.012740
13681	0.008132
13688	-0.001830
13697	0.001976
13705	-0.016005
13708	0.015143
13737	-0.007225
13760	0.003953
13923	0.003087
13927	-0.003530
13995	0.004190
14002	0.004557
14003	0.009086
14021	0.016633
14034	-0.013084
14064	-0.017710
14110	-0.008360
14155	0.008877
14203	-0.000170
14208	-0.013892
14340	0.017595
14356	0.003982
14389	0.005891
14499	0.000389
14625	0.005074
14632	-0.007195
14637	-0.018731
14641	-0.017298
14685	-0.009846
14694	0.003482
14695	0.001818
14699	-0.012803
14700	0.003043
14749	-0.026847
14760	-0.021308
14790	0.011091
14791	-0.003336
14796	0.000634
14797	0.003196
14891	0.008547
14927	-0.007296
15099	-0.002610
15182	0.006861
15243	0.007950
15245	-0.005477
15254	-0.016852
15322	0.009348
15327	0.019517
15463	-0.007130
15496	0.012644
15499	0.001613
15502	-0.007046
15514	-0.022893
15566	-0.000138
15580	0.002111
15583	0.016439
15586	-0.030691
15601	-0.009220
15621	0.010318
15780	-0.016573
15869	0.010085
16082	0.000979
16281	-0.004826
16293	0.010744
16300	0.003602
16304	0.010844
16360	-0.007161
16361	-0.059252
16367	0.004980
16432	-0.000657
16433	-0.016247
16438	-0.006492
16446	0.014753
16453	0.006292
16463	-0.015096
16466	-0.018993
16477	-0.007932
16482	0.006203
16605	0.011572
16606	0.000900
16635	0.017232
16638	0.001789
16655	-0.007963
16673	-0.000326
16676	0.008177
16677	0.001452
16678	0.002603
16808	0.008753
16829	0.018059
17150	-0.008387
17182	0.001048
17199	0.000927
17273	0.005102
17431	0.000162
17466	0.003892
17472	0.017612
17485	0.001928
17585	0.008140
17620	-0.011221
17647	0.005779
17690	-0.004029
17772	0.003144
18410	-0.011075
19647	-0.034004
21458	-0.001839
21885	0.011273
21973	-0.009626
21976	-0.006707
21977	-0.000993
22084	0.004163
23475	-0.005857
23754	0.013886
23764	-0.017657
24372	-0.008913
24918	-0.002206
24944	-0.003437
25022	0.016972
25140	0.049006
26484	-0.000606
27764	0.007322
28424	0.010121
28845	0.011007
29861	-0.001064
30684	-0.007481
31288	-0.004110
31704	-0.009170
32421	0.003106
32520	0.018477
32893	0.002007
34340	0.005368
35227	0.016387
35334	0.000964
36499	0.002070
36843	0.005522
36844	-0.000240
36955	0.001433
36970	0.005979
39336	-0.005302
39353	-0.001439
40538	0.007847
40541	-0.001544
40542	0.000152
40599	0.011726
40601	0.005141
40602	0.003464
40656	0.002373
40657	-0.004392
42157	0.001788
42203	0.009379
42204	0.003715
42851	-0.014301
43061	-0.006868
44144	-0.014037
45195	-0.007198
47030	0.000358
47285	0.011692
47317	-0.004608
47457	-0.004998
47460	0.003957
48147	0.014181
48297	-0.013070
48474	0.008126
48696	0.002772
49516	-0.014254
49630	0.000995
49927	0.000132
50199	0.007572
50249	0.006271
50259	-0.013605
50904	0.016160
53231	-0.011699
53471	-0.008373
53531	0.000477
53986	-0.000876
55057	0.006011
56431	-0.005815
56432	-0.002847
56466	-0.005367
56478	0.014340
56621	0.003129
57644	0.007869
57756	0.013430
58783	-0.004311
59657	-0.002928
59715	0.006016
64825	-0.009066
64947	-0.001739
65950	0.000524
70102	-0.011291
75003	-0.004185
75099	-0.000687
75742	0.013617
75823	-0.012550
75824	0.013146
78157	-0.002692
78181	0.011586
78191	0.003342
80479	0.011111
80480	-0.004474
80715	0.011078
80719	-0.003065
80750	0.012288
81231	-0.023259
84436	-0.002899
84780	0.001683
84844	-0.006461
85002	-0.002639
85003	-0.003806
85659	0.004610
85663	0.005595
85710	0.005445
92185	0.010868
96142	-0.001452
96144	-0.015099
96482	-0.034431
98871	0.003310
