# 1342 minima projected onto PC68
# Min	PC
3	-0.014377
4	0.017787
5	-0.037444
6	-0.058472
7	-0.060415
9	0.018853
16	0.051246
17	-0.194628
21	0.100769
23	-0.027810
31	0.085829
44	0.076197
47	-0.035638
48	0.026955
51	-0.044217
52	-0.064931
55	-0.069680
56	-0.132677
57	0.008350
58	-0.079917
60	0.022446
67	0.100085
68	0.087922
71	-0.029541
72	-0.009945
74	0.130581
79	0.199733
82	0.002314
85	0.201283
86	-0.064316
87	0.087526
88	0.043306
91	-0.013579
92	0.082160
94	0.109271
95	-0.168394
97	-0.001043
104	-0.089988
106	0.071023
109	-0.023054
111	-0.241201
115	0.506115
120	0.075045
126	0.241970
129	0.055401
136	0.370083
137	0.177470
188	-0.069235
189	-0.140636
196	-0.005857
199	0.179402
200	-0.079303
202	-0.062298
211	0.175641
213	0.053813
214	-0.018721
219	0.122964
221	-0.065216
276	-0.009173
279	-0.206139
283	-0.235169
295	-0.101532
308	-0.181862
312	-0.045840
315	0.105078
318	0.188345
319	0.083756
321	0.090097
324	0.109292
328	0.056621
334	0.001809
336	0.249768
338	-0.047819
347	-0.108047
351	0.077412
352	-0.038153
354	0.100999
357	-0.212121
359	-0.034484
362	0.024630
364	0.040472
365	0.012265
368	0.001938
376	0.006536
377	-0.140418
380	0.141883
386	0.129649
388	-0.002541
390	-0.019429
396	0.026123
404	-0.127031
410	0.023714
413	-0.122586
420	-0.021332
423	-0.031435
424	-0.001971
437	-0.033159
438	-0.231878
444	0.097871
452	-0.222818
473	0.128287
474	0.085290
475	0.224777
476	-0.071832
478	-0.104587
479	-0.221699
480	0.003848
483	0.043148
503	-0.215744
508	-0.055068
509	0.087142
530	0.048862
536	-0.161080
556	0.218595
581	0.011768
583	0.040240
603	0.068202
606	-0.040377
607	-0.025432
620	-0.038261
628	0.098765
636	-0.001269
637	0.236406
639	0.090285
640	-0.154977
644	-0.068877
645	-0.067481
677	-0.081099
678	-0.128118
679	-0.149992
682	-0.002038
698	-0.090258
700	-0.161726
710	0.013284
722	-0.003987
723	0.213461
724	0.139223
725	0.107146
726	0.107449
747	0.096325
753	0.118524
755	0.010324
757	-0.043865
765	0.128597
782	-0.127309
783	0.076373
793	-0.133907
808	-0.079332
814	-0.099029
840	-0.063734
848	-0.024323
859	-0.003719
864	0.065472
867	0.043874
878	-0.267777
888	-0.074561
890	0.106145
892	0.040756
899	0.076461
918	-0.087318
926	-0.093139
933	-0.050257
934	0.096965
981	-0.016633
1028	0.001519
1034	0.112717
1051	0.029990
1054	-0.031437
1058	-0.008261
1062	-0.027271
1063	-0.106720
1064	-0.050553
1066	-0.159955
1068	-0.028089
1073	0.024262
1082	0.021284
1083	0.016073
1086	-0.060741
1089	0.115850
1090	0.025289
1091	0.129373
1092	0.037065
1164	0.055330
1165	-0.148124
1174	0.160199
1176	-0.040337
1184	-0.055931
1191	-0.016073
1192	0.035262
1201	-0.112348
1230	0.163997
1339	-0.013159
1341	0.149590
1370	-0.276446
1385	0.148200
1405	0.071437
1437	0.020399
1441	0.079800
1443	0.042513
1521	0.100615
1522	-0.050856
1523	-0.027967
1524	-0.003064
1525	0.059345
1541	0.117708
1542	0.041854
1550	0.066334
1551	-0.046102
1596	-0.054407
1597	-0.014452
1628	0.150339
1629	0.107478
1633	0.017891
1636	-0.036184
1637	-0.182972
1765	0.178707
1766	-0.016776
1780	0.085002
1862	0.054231
1865	-0.064380
1870	0.039560
1885	0.063174
1910	0.004261
1911	-0.134034
2007	-0.016894
2060	-0.113459
2062	-0.019349
2090	-0.032969
2093	0.051047
2094	0.035802
2095	-0.025418
2096	-0.073645
2100	0.009734
2101	0.001197
2102	0.005522
2103	0.022181
2104	0.027142
2105	0.148799
2128	0.003198
2129	-0.011917
2135	-0.106778
2190	-0.092984
2195	0.158478
2197	-0.033880
2198	0.058766
2199	0.027340
2200	0.187301
2201	0.082925
2202	-0.005219
2205	0.145099
2217	0.004234
2218	-0.101915
2221	-0.093802
2272	0.165652
2273	0.074340
2275	-0.041250
2288	0.010545
2293	0.210461
2298	-0.004358
2299	0.151940
2300	-0.011915
2301	0.127248
2338	-0.208273
2342	-0.016514
2343	-0.115903
2358	-0.145779
2384	-0.046592
2385	0.078013
2399	0.053025
2435	-0.126693
2436	0.010678
2465	-0.098979
2467	0.069010
2468	-0.071074
2469	-0.095677
2470	-0.014630
2471	-0.023003
2474	0.054487
2620	0.138879
2650	0.126334
2651	0.023837
2685	-0.041969
2688	-0.143784
2730	0.230149
2843	0.075393
2951	0.001085
2959	0.003814
3236	0.112358
3305	0.002815
3318	-0.034030
3340	0.187916
3352	0.003904
3355	-0.046351
3356	-0.008062
3365	-0.172471
3366	-0.148537
3367	0.074334
3368	0.050629
3401	-0.040428
3405	0.021676
3434	-0.039283
3448	-0.077028
3454	-0.034478
3481	-0.032181
3495	-0.117383
3504	0.085078
3532	0.152521
3540	-0.058143
3549	-0.031347
3550	-0.003766
3569	-0.104351
3595	-0.196556
3596	0.054541
3603	0.113012
3621	-0.077992
3622	-0.094505
3647	-0.053088
3649	-0.027949
3651	-0.032657
3652	-0.004114
3723	0.045183
3757	0.078185
3772	-0.102863
3787	-0.180957
3798	-0.035375
3799	0.035812
3889	-0.017503
3897	0.031329
3898	0.040632
3904	-0.086093
3945	0.030936
3990	-0.107221
4024	-0.031029
4039	0.125950
4048	-0.083685
4050	-0.033341
4076	0.132858
4094	-0.138230
4170	0.025493
4251	-0.051926
4252	0.006567
4299	-0.047640
4302	-0.034543
4318	-0.257224
4319	0.036561
4320	-0.197468
4360	0.001461
4388	-0.052036
4414	0.153499
4426	0.129119
4446	-0.115637
4527	0.155426
4545	0.186003
4546	0.145567
4554	0.176638
4564	-0.002007
4567	-0.048205
4634	0.119805
4693	-0.034852
4736	0.028471
4761	0.040067
4879	-0.051107
5071	-0.036706
5138	0.196873
5164	0.045122
5182	0.071585
5183	0.000983
5184	-0.086477
5187	-0.085720
5188	-0.053244
5189	-0.003256
5193	-0.159060
5194	-0.037523
5195	-0.084288
5197	-0.137269
5203	-0.132499
5205	-0.011696
5212	-0.165894
5213	-0.112023
5222	0.060724
5223	-0.212082
5228	0.040770
5232	0.238028
5244	-0.141900
5245	-0.135555
5246	0.044320
5248	-0.102375
5292	-0.078671
5293	-0.156179
5299	-0.177888
5300	-0.226331
5315	-0.023847
5316	-0.068989
5319	0.062939
5320	0.035206
5321	-0.029601
5322	0.070905
5323	-0.110186
5324	-0.037062
5325	-0.055669
5329	0.136659
5342	-0.101589
5343	0.016653
5374	0.143938
5376	-0.219392
5378	-0.071462
5379	-0.035203
5382	-0.103049
5390	-0.059940
5398	-0.066600
5402	-0.037941
5404	0.273006
5407	0.105424
5408	-0.067092
5409	-0.006321
5411	-0.003076
5412	-0.039803
5413	-0.231565
5416	0.114694
5418	0.047496
5422	0.208363
5425	0.120273
5427	0.103557
5428	0.124867
5432	0.043388
5436	0.120976
5443	-0.240656
5444	0.203161
5458	-0.034893
5462	0.131319
5465	0.014838
5468	-0.113129
5471	-0.003152
5480	-0.133962
5481	-0.096187
5485	-0.085176
5486	-0.113324
5488	-0.064951
5489	-0.078145
5495	-0.096294
5513	0.042362
5515	0.175903
5516	-0.061253
5521	0.054286
5527	0.009739
5528	0.006267
5536	0.109042
5537	0.134648
5547	-0.058163
5565	-0.075526
5573	0.149548
5579	-0.189139
5583	-0.090432
5586	0.040276
5589	-0.025242
5590	0.033225
5593	0.035266
5599	-0.277233
5604	-0.314009
5605	0.135658
5606	0.012688
5625	-0.047589
5649	0.044703
5656	0.171897
5657	-0.125147
5658	-0.025741
5686	0.073106
5695	0.063402
5705	-0.035539
5706	-0.124264
5716	0.037874
5717	-0.004199
5718	0.035396
5719	0.090603
5720	0.169872
5724	-0.013996
5738	0.129251
5742	0.023051
5750	0.021849
5751	-0.171702
5756	0.067761
5761	0.240091
5768	-0.077422
5773	0.152830
5792	0.026095
5793	-0.074550
5794	-0.031054
5806	-0.014618
5811	-0.000783
5812	-0.040315
5813	-0.006581
5814	0.061308
5821	-0.026144
5823	-0.185592
5825	0.046627
5831	0.224116
5832	0.288399
5833	-0.144296
5847	-0.028422
5849	0.026482
5851	0.205012
5854	-0.052178
5858	-0.083149
5862	0.000834
5875	0.076016
5876	-0.030281
5903	-0.063735
5910	0.035874
5912	-0.031563
5913	0.137180
5925	-0.157917
5926	-0.069770
5927	-0.127381
5928	-0.205230
5930	-0.023241
5931	-0.131249
5933	0.000042
5934	0.036191
5937	-0.159017
5939	0.006709
5940	-0.069258
5941	0.039585
5943	0.032544
5963	-0.093855
5964	0.073962
5965	0.101223
5966	-0.060076
5968	0.061451
5969	-0.058458
5970	-0.088915
5971	-0.158978
5975	0.202878
6006	0.070298
6011	-0.049439
6017	-0.044010
6019	0.021592
6022	-0.083982
6032	-0.125870
6095	0.135987
6115	0.155805
6116	-0.049526
6119	0.143428
6127	0.072555
6128	0.246650
6130	-0.140297
6140	-0.059066
6141	0.169175
6147	-0.230637
6148	-0.273276
6163	-0.118962
6164	-0.118255
6170	0.017138
6171	0.184448
6177	0.151350
6184	0.203874
6200	0.028362
6204	0.134549
6206	-0.002735
6223	-0.018351
6240	0.097387
6245	-0.173337
6253	0.003772
6267	-0.040639
6269	-0.065192
6290	-0.060179
6303	0.188496
6317	0.070039
6343	-0.107570
6350	-0.056022
6360	-0.312806
6367	-0.044829
6383	-0.037507
6389	0.231527
6397	-0.042158
6398	-0.113749
6406	0.023364
6407	0.091092
6412	0.237331
6413	0.208690
6434	0.105422
6435	0.012519
6460	-0.043924
6463	-0.003371
6464	0.013238
6489	0.021548
6507	-0.065703
6510	0.134394
6516	-0.163921
6518	-0.207837
6522	0.024707
6523	0.186806
6524	0.001517
6525	-0.100307
6531	0.019494
6536	0.112228
6575	0.086175
6584	0.005826
6585	0.058997
6586	0.191149
6594	0.013325
6595	0.015129
6610	0.260624
6612	-0.070517
6615	0.049434
6624	0.014964
6628	-0.043400
6649	-0.082382
6698	0.189484
6706	0.136177
6718	0.037619
6719	0.054195
6722	-0.061646
6770	-0.258478
6780	-0.194391
6781	0.019790
6794	-0.052546
6795	-0.191837
6796	-0.063270
6799	0.034254
6809	0.176406
6837	-0.132161
6838	0.223055
6839	0.011217
6846	0.012776
6865	0.186313
6869	-0.025346
6870	0.006402
6871	-0.022210
6873	-0.056793
6876	-0.001657
6885	-0.117498
6895	0.021919
6896	0.062941
6897	0.051770
6900	0.200796
6903	0.123177
6906	0.108125
6916	0.008123
6917	-0.036111
6918	0.014690
6919	-0.083347
6938	-0.027961
6941	-0.032883
6942	-0.147154
6943	0.251132
6944	0.364493
6948	-0.040007
6953	-0.015709
6957	0.013386
6958	0.077974
6970	-0.174327
6971	0.141569
6976	0.033926
6977	0.018195
6990	-0.129640
7014	-0.053702
7015	0.032177
7016	-0.080571
7018	0.194696
7019	0.028613
7042	-0.128186
7053	0.210044
7066	0.060728
7067	0.015060
7083	0.144644
7092	0.001539
7100	-0.013946
7103	0.012925
7110	0.134138
7111	0.178730
7112	0.062755
7113	0.069641
7116	0.111034
7119	-0.046959
7120	0.145311
7121	-0.043379
7122	0.039117
7140	0.106975
7143	-0.035247
7157	-0.062069
7165	0.023153
7175	-0.161971
7178	0.205173
7206	0.213044
7207	0.442039
7217	0.060212
7218	-0.006876
7221	0.121269
7227	0.088343
7230	-0.207528
7236	0.105337
7239	-0.093306
7242	0.062168
7260	-0.241337
7268	-0.077384
7269	-0.009770
7304	0.191284
7326	-0.098354
7327	-0.087225
7336	-0.020147
7342	-0.036820
7346	-0.044495
7348	-0.149205
7355	0.087092
7361	-0.118964
7372	-0.082181
7387	0.154939
7422	-0.164054
7423	0.119770
7425	0.094548
7436	0.124305
7442	0.129977
7446	0.105345
7448	-0.107201
7453	0.242796
7463	-0.071712
7492	0.339068
7493	0.010633
7494	-0.013039
7495	0.160587
7518	0.054131
7520	0.302750
7540	0.046378
7546	0.000067
7556	0.097055
7559	0.209485
7560	0.050889
7561	-0.243169
7564	-0.076880
7575	0.050721
7583	0.272996
7585	-0.042559
7586	-0.114886
7599	-0.070691
7600	-0.209154
7606	-0.034624
7614	0.053483
7617	0.015879
7622	0.099653
7629	0.046651
7637	0.010633
7640	-0.073166
7657	0.065818
7665	0.074088
7666	0.126991
7667	0.000872
7668	-0.218430
7669	-0.019804
7670	0.052587
7671	0.067062
7681	-0.099233
7683	0.175505
7684	-0.068200
7696	0.121346
7722	0.137983
7723	-0.014256
7799	-0.377129
7852	-0.008340
7859	-0.031574
7860	0.035772
7861	0.112489
7865	-0.114110
7875	-0.021821
7876	-0.057392
7895	-0.114853
7913	0.012689
7917	0.000233
7952	-0.033744
7969	0.159991
7971	-0.150902
8000	0.086079
8002	-0.002530
8006	0.467755
8036	-0.040295
8056	-0.014850
8069	0.008065
8103	-0.210740
8107	-0.120263
8120	0.091737
8122	0.075701
8125	-0.035734
8127	-0.119680
8136	-0.057408
8149	-0.125893
8154	-0.152572
8197	0.117385
8208	0.295725
8223	-0.002896
8232	-0.036113
8241	-0.107593
8256	0.085425
8262	-0.050296
8266	0.053330
8267	-0.068160
8268	-0.033880
8269	-0.047256
8271	-0.010354
8273	0.045579
8280	0.058726
8284	0.023223
8303	0.075976
8304	0.075456
8305	0.136595
8308	-0.071878
8332	0.234779
8333	0.036387
8334	0.128643
8338	0.218532
8363	0.187249
8370	0.095514
8398	0.151567
8465	0.012830
8468	-0.060172
8469	-0.140725
8470	-0.024728
8507	0.115349
8552	0.268321
8572	-0.109571
8574	-0.028772
8577	-0.153307
8586	0.027841
8592	0.006748
8593	-0.029365
8594	-0.121968
8597	0.003556
8599	-0.066158
8606	0.058153
8607	0.080522
8615	-0.002625
8617	0.013405
8626	-0.029314
8636	0.119274
8669	-0.096197
8671	0.088706
8673	-0.053625
8675	-0.080919
8790	-0.115990
8791	0.008630
8811	0.294215
8822	0.018901
8841	-0.073702
8849	0.217896
8856	0.050948
8875	-0.156300
8884	0.063923
8906	-0.101312
8907	-0.054757
8910	-0.122311
8911	0.006452
8912	-0.159080
8913	0.049604
8934	0.042461
8935	0.057938
8954	0.142550
8968	0.111894
8972	-0.029208
9001	0.301576
9029	-0.028680
9032	0.042450
9058	0.008455
9059	-0.002277
9068	-0.040913
9070	0.147581
9108	-0.058314
9139	-0.111464
9140	-0.057051
9158	0.012774
9187	-0.126302
9188	0.024029
9189	0.030835
9190	-0.025698
9253	0.027087
9259	0.105907
9268	-0.097044
9269	-0.075259
9271	-0.068392
9312	-0.190630
9323	0.055891
9329	0.064852
9330	0.090886
9331	-0.035447
9356	-0.009870
9376	-0.123348
9394	0.007944
9424	0.027085
9428	0.072203
9429	0.018859
9496	-0.031257
9536	0.045983
9543	0.027374
9589	-0.249484
9614	-0.209010
9615	0.019729
9617	-0.138203
9631	-0.017253
9661	0.007523
9668	-0.024952
9718	-0.049438
9728	-0.068394
9734	0.113058
9788	0.004998
9791	-0.029524
9793	-0.186308
9804	-0.027084
9809	-0.089319
9810	0.023704
9823	-0.201948
9828	-0.006042
9907	-0.239546
9951	-0.064121
9968	-0.162503
9969	0.038165
10010	0.037550
10011	-0.120455
10012	0.015458
10018	0.009815
10021	-0.267764
10022	-0.193810
10031	-0.170227
10032	-0.071828
10033	-0.096238
10034	-0.154938
10035	-0.081942
10039	-0.019481
10044	-0.016428
10045	-0.049473
10060	-0.323923
10065	-0.097771
10077	-0.032752
10080	-0.026262
10130	-0.190095
10131	-0.191855
10149	-0.179713
10194	-0.275472
10197	-0.312611
10221	-0.139211
10226	-0.018315
10232	-0.033252
10233	0.024648
10263	0.066748
10264	0.119368
10274	-0.080934
10286	0.132655
10292	-0.537131
10299	-0.013778
10302	-0.127019
10324	0.053510
10355	-0.232423
10358	-0.088308
10362	0.206891
10366	0.324878
10368	-0.004700
10370	0.144829
10392	0.032156
10405	-0.188622
10406	0.246828
10409	0.155118
10419	0.167705
10420	0.146654
10424	0.095112
10434	-0.014969
10455	-0.028080
10478	-0.078187
10480	0.026197
10484	-0.003814
10510	-0.101978
10519	-0.160214
10520	-0.041522
10524	-0.068367
10578	-0.152349
10630	0.037898
10643	-0.054858
10645	0.003769
10677	0.069027
10678	-0.123155
10690	0.058118
10717	-0.129752
10718	0.065559
10719	0.198474
10721	0.102641
10723	-0.050640
10735	-0.066683
10736	-0.064691
10829	0.179533
10837	0.085969
10846	0.012941
10921	0.035764
10922	-0.162958
10923	-0.001991
10924	0.000275
10964	-0.052075
10978	-0.012496
11017	-0.099559
11018	-0.043955
11019	0.015925
11032	0.135488
11034	0.110627
11035	0.076445
11036	0.170909
11052	0.048262
11056	-0.081556
11060	-0.043126
11063	0.158425
11064	-0.082519
11068	0.082171
11069	0.046484
11090	-0.015044
11098	0.233952
11099	0.066978
11100	0.093756
11105	-0.183960
11109	0.138723
11122	-0.217017
11123	-0.009970
11125	0.085960
11126	-0.042897
11149	0.166437
11153	-0.253750
11188	0.231126
11193	-0.044250
11230	-0.002112
11233	0.019777
11236	0.094786
11243	0.010807
11251	0.019019
11259	0.109751
11263	-0.074248
11272	0.242400
11321	0.004495
11322	-0.019078
11326	0.110178
11327	-0.089135
11335	-0.019119
11337	-0.201331
11343	-0.044735
11390	-0.079768
11444	0.222464
11464	-0.016452
11471	0.024301
11472	0.069662
11473	-0.054152
11492	0.010072
11499	0.031277
11500	-0.082927
11505	-0.013312
11527	0.054842
11528	-0.072812
11532	0.086242
11564	-0.214997
11589	0.117727
11591	-0.068772
11592	-0.064697
11599	0.129981
11605	0.045810
11617	0.016099
11630	-0.100218
11631	1.159008
11632	-0.560528
11656	-0.179078
11657	-0.057040
11777	0.023579
11786	0.039969
11812	0.131542
12020	0.114721
12061	0.301554
12115	0.052543
12154	-0.041167
12155	0.074782
12156	-0.039298
12159	-0.102405
12174	-0.106486
12176	0.100631
12230	0.055404
12234	0.014567
12236	0.303369
12237	-0.005869
12250	0.214694
12252	0.021621
12253	-0.017760
12315	0.029992
12381	0.098159
12382	0.218980
12438	0.038263
12455	-0.014551
12462	-0.051193
12478	-0.115532
12603	-0.273026
12711	-0.064208
12714	-0.020928
12716	-0.126314
12754	-0.044465
12785	0.028218
12788	-0.190456
12792	-0.642922
12898	0.097040
12944	-0.367410
12949	0.194421
13062	-0.000270
13099	0.061197
13160	0.006091
13198	0.021727
13239	-0.017659
13249	-0.090465
13262	0.062809
13263	-0.184331
13272	-0.023044
13273	-0.238604
13277	-0.089232
13305	0.108948
13342	0.016367
13343	0.125191
13345	-0.026202
13351	0.154016
13357	-0.029403
13427	0.071053
13436	-0.021242
13455	0.037375
13528	-0.032641
13532	-0.024535
13553	0.057020
13566	-0.047989
13651	0.068592
13653	0.052096
13675	-0.124926
13676	0.031862
13677	0.016250
13678	-0.078433
13681	0.020745
13688	0.006867
13697	0.059708
13705	0.131204
13708	0.060614
13737	-0.034624
13760	-0.064960
13923	-0.136659
13927	-0.165285
13995	0.072939
14002	0.043056
14003	-0.045056
14021	-0.041697
14034	0.157739
14064	0.183491
14110	0.036974
14155	0.042071
14203	-0.079303
14208	-0.047665
14340	-0.006683
14356	-0.178291
14389	0.092684
14499	-0.024306
14625	0.019415
14632	0.038955
14637	0.071909
14641	0.034790
14685	0.078017
14694	0.009243
14695	-0.024211
14699	0.121392
14700	-0.092831
14749	-0.150233
14760	0.088313
14790	0.135349
14791	0.163575
14796	0.176947
14797	0.030894
14891	-0.127281
14927	-0.014602
15099	-0.098279
15182	-0.435359
15243	0.002698
15245	0.092762
15254	-0.016863
15322	-0.134340
15327	-0.080460
15463	0.200831
15496	-0.149978
15499	0.105068
15502	0.166697
15514	-0.072416
15566	-0.083920
15580	0.098691
15583	0.140274
15586	-0.029186
15601	0.178526
15621	0.087734
15780	-0.139079
15869	-0.250378
16082	0.414349
16281	-0.109108
16293	0.298328
16300	0.000561
16304	0.175498
16360	0.041180
16361	-0.001723
16367	-0.038729
16432	-0.078468
16433	0.095128
16438	0.031974
16446	-0.172052
16453	-0.273898
16463	0.111759
16466	0.166529
16477	0.041331
16482	-0.267480
16605	-0.001465
16606	-0.836098
16635	-0.099707
16638	-0.056900
16655	-0.184282
16673	-0.119466
16676	0.078769
16677	-0.107123
16678	-0.124356
16808	-0.133772
16829	-0.064135
17150	-0.133479
17182	0.286776
17199	0.248299
17273	0.050136
17431	-0.019077
17466	0.057201
17472	-0.210775
17485	-0.009600
17585	-0.318665
17620	-0.066942
17647	-0.331409
17690	-0.081943
17772	-0.126388
18410	-0.038228
19647	0.018961
21458	-0.077685
21885	0.221738
21973	0.109507
21976	0.019700
21977	-0.054165
22084	-0.050214
23475	0.072896
23754	-0.139510
23764	0.085943
24372	-0.018538
24918	0.155727
24944	0.054568
25022	-0.175681
25140	-0.070934
26484	0.096613
27764	0.000725
28424	-0.045968
28845	-0.163247
29861	-0.116386
30684	-0.145899
31288	0.116503
31704	-0.076473
32421	-0.281365
32520	0.186677
32893	-0.074933
34340	1.243395
35227	-0.089352
35334	0.083511
36499	-0.074632
36843	-0.148403
36844	-0.086302
36955	-0.275555
36970	-0.392810
39336	-0.267232
39353	-0.083847
40538	-0.096611
40541	0.072452
40542	0.150320
40599	0.191376
40601	0.163562
40602	0.173449
40656	0.039267
40657	0.059497
42157	-0.207337
42203	-0.113579
42204	0.025086
42851	0.109881
43061	0.050659
44144	-0.069907
45195	-0.011936
47030	-0.145388
47285	-0.008177
47317	0.042480
47457	0.006172
47460	0.088537
48147	0.053038
48297	0.393013
48474	0.117477
48696	0.013317
49516	0.033225
49630	0.080399
49927	-0.132519
50199	0.010135
50249	0.205843
50259	-0.065047
50904	0.017232
53231	0.011470
53471	0.068787
53531	-0.056064
53986	0.039202
55057	0.021028
56431	0.117681
56432	0.085046
56466	0.243860
56478	0.394143
56621	-0.129561
57644	-0.084185
57756	0.010283
58783	-0.101625
59657	0.116774
59715	0.671812
64825	-0.100495
64947	0.013163
65950	0.067189
70102	0.421066
75003	-0.922511
75099	-0.986199
75742	-0.055180
75823	0.024190
75824	-0.139791
78157	-0.180317
78181	0.165273
78191	-0.047511
80479	-0.019529
80480	-0.149488
80715	0.064419
80719	0.149500
80750	-0.103632
81231	-0.098777
84436	0.386024
84780	0.042142
84844	-0.200932
85002	-0.073322
85003	-0.111184
85659	0.009080
85663	-0.155068
85710	0.003212
92185	0.133189
96142	-0.351197
96144	-0.476648
96482	-0.197545
98871	0.081986
