# 1342 minima projected onto PC125
# Min	PC
3	0.006371
4	0.006202
5	0.002918
6	-0.000103
7	-0.001543
9	0.003472
16	0.001204
17	-0.000688
21	0.002119
23	-0.002891
31	0.000170
44	0.006589
47	0.005586
48	0.013090
51	0.004041
52	-0.001126
55	0.009748
56	0.002335
57	-0.005264
58	-0.021483
60	-0.005094
67	0.003500
68	0.009439
71	-0.010927
72	-0.016785
74	0.007017
79	0.008857
82	0.005370
85	0.004166
86	0.009194
87	0.004972
88	0.004517
91	-0.017039
92	0.008402
94	0.005067
95	-0.013034
97	-0.009554
104	0.021215
106	-0.005380
109	-0.000117
111	0.006093
115	0.010245
120	0.000277
126	0.008647
129	0.010733
136	0.004154
137	-0.002377
188	0.009923
189	0.007470
196	0.011770
199	0.010788
200	0.004820
202	-0.016407
211	-0.013127
213	-0.013465
214	-0.007098
219	0.000047
221	0.004175
276	0.008749
279	-0.004687
283	0.006124
295	-0.004035
308	-0.000300
312	-0.003415
315	-0.048339
318	0.000971
319	-0.000101
321	0.006336
324	0.007126
328	-0.002041
334	0.014359
336	0.005480
338	0.007880
347	-0.023858
351	0.000066
352	0.003243
354	0.003308
357	0.002275
359	-0.012125
362	-0.026589
364	-0.001369
365	-0.002700
368	-0.021170
376	-0.004533
377	-0.001790
380	0.005357
386	-0.011689
388	0.003533
390	-0.014144
396	0.004944
404	-0.003762
410	-0.002255
413	-0.006570
420	0.000445
423	0.005398
424	0.009352
437	0.001163
438	0.001860
444	0.008584
452	0.005748
473	-0.004200
474	0.000731
475	0.002441
476	0.004928
478	0.005849
479	0.004186
480	0.000641
483	-0.001383
503	0.008463
508	0.007269
509	0.016042
530	0.015603
536	0.003485
556	0.003045
581	0.013651
583	-0.004231
603	0.007462
606	-0.005063
607	-0.001895
620	-0.007971
628	0.000523
636	-0.000002
637	0.055086
639	-0.010326
640	-0.000008
644	0.008955
645	0.002824
677	0.000394
678	0.018021
679	0.014054
682	0.014047
698	0.009297
700	0.004338
710	-0.005361
722	-0.003975
723	0.000976
724	0.000286
725	0.001551
726	0.000269
747	0.015341
753	-0.006278
755	-0.009341
757	-0.004102
765	0.006985
782	-0.014865
783	-0.011670
793	0.001553
808	0.000938
814	-0.012591
840	-0.008458
848	-0.003604
859	0.014777
864	0.000798
867	-0.006047
878	-0.000309
888	0.007956
890	0.011223
892	0.006331
899	0.008234
918	-0.004864
926	0.009638
933	0.002697
934	-0.005278
981	0.013316
1028	-0.002174
1034	-0.002017
1051	-0.006362
1054	0.002812
1058	-0.063528
1062	-0.004558
1063	0.005607
1064	-0.003390
1066	-0.000712
1068	-0.018826
1073	-0.010745
1082	0.001493
1083	-0.006468
1086	0.009014
1089	0.004390
1090	0.009432
1091	-0.009059
1092	-0.000561
1164	-0.011968
1165	0.011436
1174	-0.023218
1176	0.005999
1184	-0.000063
1191	0.003045
1192	-0.007046
1201	0.006885
1230	0.004700
1339	0.005997
1341	0.002161
1370	-0.013562
1385	0.001419
1405	0.001835
1437	0.004221
1441	0.000287
1443	-0.008483
1521	-0.011987
1522	-0.007591
1523	-0.004291
1524	0.001426
1525	0.000009
1541	0.004780
1542	0.011801
1550	-0.004130
1551	-0.007930
1596	0.001721
1597	-0.001202
1628	0.010286
1629	0.008268
1633	0.003352
1636	-0.007614
1637	-0.035521
1765	-0.001962
1766	-0.012652
1780	-0.005837
1862	-0.004814
1865	0.006630
1870	-0.010160
1885	-0.002498
1910	0.008418
1911	-0.005200
2007	0.003088
2060	-0.007604
2062	0.009324
2090	0.007193
2093	-0.003595
2094	-0.003146
2095	-0.004541
2096	-0.004229
2100	-0.005478
2101	-0.005986
2102	-0.008493
2103	0.003589
2104	0.000202
2105	0.004371
2128	0.001529
2129	-0.009340
2135	0.000384
2190	0.001357
2195	0.003525
2197	0.005804
2198	0.006287
2199	-0.013055
2200	0.004146
2201	-0.010316
2202	-0.001616
2205	0.002797
2217	0.012666
2218	-0.029966
2221	-0.008458
2272	0.014239
2273	0.010791
2275	0.003942
2288	-0.025493
2293	0.001687
2298	0.000292
2299	-0.001345
2300	0.004582
2301	0.004777
2338	-0.012247
2342	-0.003959
2343	-0.001941
2358	-0.025025
2384	0.007056
2385	-0.004253
2399	-0.015312
2435	0.002670
2436	0.005547
2465	0.010811
2467	-0.004404
2468	-0.005457
2469	-0.003311
2470	-0.003894
2471	-0.021446
2474	0.000636
2620	0.006842
2650	0.007843
2651	0.002062
2685	0.000713
2688	0.000927
2730	-0.002327
2843	0.000883
2951	0.028548
2959	0.011043
3236	0.005333
3305	0.003397
3318	-0.001913
3340	-0.005124
3352	0.004032
3355	-0.006974
3356	0.000943
3365	0.006709
3366	0.003094
3367	-0.006141
3368	-0.004025
3401	0.005043
3405	-0.012224
3434	-0.011843
3448	-0.000331
3454	-0.001358
3481	0.005766
3495	0.000115
3504	-0.011738
3532	0.008875
3540	-0.005519
3549	-0.009599
3550	-0.001236
3569	0.018299
3595	0.006203
3596	-0.011006
3603	0.014926
3621	0.000264
3622	0.004723
3647	0.007695
3649	-0.021469
3651	0.010137
3652	0.003760
3723	-0.001985
3757	0.005830
3772	0.004441
3787	-0.001171
3798	0.004113
3799	0.010632
3889	0.000398
3897	0.007693
3898	0.010635
3904	0.004482
3945	0.004715
3990	-0.011808
4024	-0.000038
4039	-0.011829
4048	-0.019160
4050	-0.001000
4076	0.001795
4094	-0.001294
4170	0.014785
4251	0.000442
4252	0.007601
4299	0.010726
4302	0.010556
4318	-0.008600
4319	-0.002146
4320	-0.006165
4360	-0.012930
4388	0.001397
4414	0.001734
4426	0.001715
4446	0.003782
4527	-0.002808
4545	0.005724
4546	0.007176
4554	-0.009836
4564	0.009256
4567	-0.002642
4634	-0.007572
4693	0.005498
4736	0.003141
4761	-0.005321
4879	0.003261
5071	-0.018356
5138	-0.013073
5164	0.003945
5182	-0.000294
5183	-0.002699
5184	0.021545
5187	0.004851
5188	-0.005771
5189	0.011869
5193	0.004309
5194	0.009583
5195	-0.005199
5197	0.010763
5203	-0.004476
5205	-0.003464
5212	0.000658
5213	0.004885
5222	0.003150
5223	-0.002508
5228	-0.005816
5232	0.000528
5244	-0.002165
5245	0.013372
5246	-0.002774
5248	0.007188
5292	0.000476
5293	0.009136
5299	0.006479
5300	-0.005203
5315	0.007693
5316	0.013154
5319	0.004274
5320	-0.000922
5321	0.003639
5322	-0.015960
5323	0.005986
5324	-0.009753
5325	-0.019700
5329	0.026159
5342	0.005991
5343	0.006669
5374	0.015304
5376	0.000903
5378	-0.002373
5379	0.000876
5382	0.004774
5390	-0.004705
5398	0.000879
5402	-0.000095
5404	0.008665
5407	-0.003311
5408	0.003609
5409	0.000813
5411	-0.008328
5412	0.001794
5413	0.005513
5416	-0.008196
5418	0.013833
5422	-0.008386
5425	-0.002949
5427	-0.007960
5428	-0.000720
5432	0.006900
5436	0.006565
5443	0.004101
5444	-0.018733
5458	-0.012420
5462	0.003721
5465	0.005541
5468	0.003221
5471	-0.005151
5480	0.006890
5481	0.022376
5485	0.006234
5486	0.011554
5488	-0.003145
5489	-0.000725
5495	0.005741
5513	-0.001912
5515	-0.005453
5516	-0.004715
5521	0.007504
5527	0.008062
5528	0.010910
5536	-0.003733
5537	0.003194
5547	0.011260
5565	0.013639
5573	-0.000347
5579	-0.012781
5583	-0.015756
5586	-0.009727
5589	0.002057
5590	-0.004468
5593	0.002738
5599	-0.004463
5604	0.028532
5605	-0.000842
5606	0.011228
5625	-0.002110
5649	-0.004976
5656	0.004259
5657	0.006591
5658	0.009627
5686	-0.003789
5695	-0.006829
5705	-0.003802
5706	0.003653
5716	0.013512
5717	-0.002337
5718	-0.005126
5719	0.014763
5720	0.010028
5724	-0.001609
5738	-0.003997
5742	0.012478
5750	0.010239
5751	0.017036
5756	-0.006337
5761	-0.006967
5768	0.004486
5773	0.002652
5792	-0.012031
5793	-0.007337
5794	-0.008830
5806	-0.008881
5811	0.012622
5812	-0.004143
5813	-0.005105
5814	0.006987
5821	-0.005494
5823	0.000935
5825	-0.007715
5831	-0.002116
5832	0.003278
5833	0.011270
5847	-0.007180
5849	0.004920
5851	-0.009633
5854	0.005621
5858	-0.002276
5862	0.013983
5875	-0.002710
5876	0.017098
5903	-0.016550
5910	0.012578
5912	0.024550
5913	0.007685
5925	-0.006889
5926	0.005305
5927	-0.008181
5928	-0.001419
5930	-0.000488
5931	0.001765
5933	-0.010903
5934	0.015366
5937	-0.000190
5939	-0.016516
5940	0.004870
5941	0.010282
5943	0.004873
5963	-0.003850
5964	0.015399
5965	0.007823
5966	-0.013303
5968	-0.004174
5969	-0.012361
5970	-0.012054
5971	-0.006000
5975	-0.005980
6006	0.002577
6011	0.008459
6017	0.000813
6019	0.011457
6022	0.002262
6032	0.007321
6095	-0.003685
6115	0.004949
6116	-0.009756
6119	-0.002887
6127	0.001286
6128	-0.015918
6130	0.005368
6140	0.000103
6141	-0.006320
6147	-0.001324
6148	-0.003780
6163	-0.003337
6164	0.008237
6170	-0.008188
6171	0.004247
6177	-0.005351
6184	0.001509
6200	-0.019904
6204	-0.016217
6206	-0.010718
6223	0.015986
6240	-0.004080
6245	0.005547
6253	-0.005389
6267	-0.009363
6269	-0.003952
6290	-0.010713
6303	-0.001957
6317	0.014736
6343	0.004242
6350	0.005501
6360	-0.014538
6367	-0.010116
6383	0.004622
6389	0.018780
6397	-0.006732
6398	-0.000565
6406	-0.002827
6407	0.008449
6412	0.002728
6413	0.001540
6434	-0.000533
6435	0.005267
6460	-0.014267
6463	0.000553
6464	-0.004152
6489	0.008744
6507	0.007482
6510	-0.002163
6516	0.004250
6518	0.001877
6522	0.002621
6523	0.002212
6524	0.012290
6525	-0.001361
6531	-0.000967
6536	0.002573
6575	0.006575
6584	0.004470
6585	-0.017288
6586	0.017489
6594	-0.003260
6595	0.003147
6610	0.009900
6612	0.009598
6615	-0.001910
6624	0.007564
6628	0.022412
6649	0.017137
6698	-0.015120
6706	0.001898
6718	-0.008038
6719	0.001143
6722	-0.010243
6770	0.005063
6780	0.000987
6781	-0.018216
6794	-0.029624
6795	0.011931
6796	-0.012524
6799	0.009641
6809	-0.010091
6837	-0.005172
6838	0.003593
6839	0.001048
6846	0.003867
6865	0.011685
6869	-0.007354
6870	-0.000813
6871	0.002642
6873	0.001854
6876	0.006516
6885	0.006861
6895	0.003720
6896	-0.002074
6897	-0.009767
6900	0.003005
6903	-0.003569
6906	0.002656
6916	0.014138
6917	0.009282
6918	0.013648
6919	0.013844
6938	0.005769
6941	0.000794
6942	-0.002250
6943	0.006981
6944	0.002162
6948	-0.006149
6953	-0.007276
6957	0.004813
6958	-0.009861
6970	0.002663
6971	-0.009439
6976	-0.000878
6977	0.001233
6990	-0.010501
7014	0.004727
7015	0.004267
7016	0.008087
7018	0.016197
7019	0.018121
7042	-0.010854
7053	-0.017600
7066	-0.000862
7067	-0.001024
7083	0.012214
7092	0.005862
7100	-0.000330
7103	-0.008882
7110	0.005540
7111	0.004317
7112	0.008252
7113	0.000480
7116	-0.001147
7119	-0.000303
7120	0.011437
7121	-0.008954
7122	0.000518
7140	-0.010218
7143	0.001857
7157	0.012641
7165	-0.005151
7175	-0.005289
7178	0.028543
7206	0.005460
7207	0.006538
7217	-0.000679
7218	-0.014295
7221	0.001490
7227	-0.010183
7230	0.009558
7236	-0.001179
7239	0.011195
7242	0.005410
7260	0.000960
7268	-0.001718
7269	-0.002347
7304	-0.000384
7326	-0.001968
7327	-0.002973
7336	-0.003175
7342	-0.000453
7346	-0.012159
7348	0.003175
7355	0.010123
7361	-0.006653
7372	0.004257
7387	-0.007169
7422	0.012284
7423	0.019040
7425	-0.002996
7436	-0.014525
7442	-0.014562
7446	0.007573
7448	0.006375
7453	0.001956
7463	0.014046
7492	-0.026412
7493	-0.005158
7494	-0.000503
7495	-0.017049
7518	0.008585
7520	0.004447
7540	0.013222
7546	0.008118
7556	-0.007558
7559	0.006328
7560	0.007554
7561	-0.003442
7564	0.001352
7575	0.009631
7583	0.007301
7585	0.001688
7586	0.023099
7599	0.018613
7600	-0.069223
7606	0.016999
7614	0.010445
7617	-0.008626
7622	-0.014101
7629	-0.023157
7637	-0.008085
7640	-0.002058
7657	0.012860
7665	0.010939
7666	-0.017798
7667	0.004263
7668	0.002035
7669	-0.006714
7670	0.003282
7671	0.000381
7681	0.027664
7683	0.004959
7684	-0.002543
7696	-0.010700
7722	0.017061
7723	-0.007295
7799	0.011774
7852	-0.024602
7859	-0.004175
7860	-0.019457
7861	0.000331
7865	-0.005267
7875	-0.018153
7876	-0.006783
7895	0.005285
7913	0.007419
7917	0.008404
7952	-0.007449
7969	0.000710
7971	0.001582
8000	0.006281
8002	0.000461
8006	-0.014628
8036	-0.011491
8056	0.000949
8069	-0.009490
8103	-0.020572
8107	0.019126
8120	0.015350
8122	0.016272
8125	0.011280
8127	0.002181
8136	0.000003
8149	-0.011887
8154	-0.017140
8197	-0.007580
8208	-0.016125
8223	-0.011834
8232	0.001428
8241	0.022158
8256	-0.004244
8262	0.012765
8266	-0.004723
8267	-0.012045
8268	-0.011404
8269	-0.010681
8271	-0.007935
8273	0.002594
8280	-0.000826
8284	0.008666
8303	-0.007690
8304	-0.008600
8305	-0.007807
8308	-0.009840
8332	0.050448
8333	0.005321
8334	-0.013434
8338	-0.005352
8363	-0.006999
8370	0.003982
8398	-0.002782
8465	-0.011964
8468	-0.019055
8469	0.000992
8470	-0.003961
8507	0.013042
8552	0.000091
8572	0.014523
8574	0.003316
8577	-0.011665
8586	-0.001107
8592	-0.005006
8593	0.010583
8594	0.006767
8597	-0.004293
8599	0.004939
8606	-0.015397
8607	0.005560
8615	-0.006883
8617	-0.005984
8626	0.010960
8636	0.002108
8669	-0.012325
8671	-0.011037
8673	-0.003243
8675	-0.017277
8790	0.004756
8791	0.000960
8811	-0.012643
8822	-0.014884
8841	0.004574
8849	0.002421
8856	-0.002559
8875	-0.008189
8884	-0.015807
8906	-0.001550
8907	-0.005175
8910	0.007444
8911	0.003298
8912	0.003691
8913	-0.004384
8934	-0.002702
8935	-0.004161
8954	-0.001390
8968	-0.001215
8972	-0.002507
9001	-0.003171
9029	-0.018550
9032	0.005179
9058	-0.012300
9059	0.005201
9068	0.000788
9070	-0.025421
9108	0.015901
9139	-0.008536
9140	-0.006308
9158	0.008754
9187	0.003006
9188	0.001949
9189	0.007464
9190	0.007781
9253	0.017361
9259	-0.024556
9268	-0.006827
9269	-0.007662
9271	0.015957
9312	0.016223
9323	-0.003239
9329	0.000867
9330	0.014842
9331	0.020304
9356	-0.006808
9376	0.004167
9394	-0.000109
9424	0.016697
9428	-0.009632
9429	-0.011003
9496	-0.003315
9536	0.006234
9543	-0.029631
9589	0.006587
9614	-0.006941
9615	-0.017592
9617	-0.024479
9631	0.016320
9661	-0.009370
9668	0.001691
9718	0.020057
9728	0.001632
9734	-0.007174
9788	0.023435
9791	0.005257
9793	0.028882
9804	0.001351
9809	0.011706
9810	0.009605
9823	0.009832
9828	-0.002930
9907	-0.007578
9951	0.001735
9968	0.003588
9969	0.002475
10010	0.007644
10011	-0.000868
10012	0.007016
10018	0.000239
10021	0.003814
10022	0.020180
10031	-0.007292
10032	0.005092
10033	0.008169
10034	-0.008974
10035	0.008850
10039	0.002177
10044	0.002891
10045	-0.006445
10060	0.000634
10065	-0.005306
10077	-0.005334
10080	-0.004464
10130	0.002167
10131	-0.002647
10149	-0.004921
10194	-0.004467
10197	0.008846
10221	-0.000539
10226	0.006041
10232	0.003250
10233	-0.018024
10263	-0.007284
10264	-0.009005
10274	-0.003349
10286	0.007610
10292	0.048540
10299	-0.010409
10302	0.000104
10324	-0.020413
10355	0.001199
10358	0.001395
10362	0.014786
10366	0.007639
10368	-0.001202
10370	-0.001273
10392	0.010121
10405	-0.015902
10406	-0.007632
10409	-0.005589
10419	-0.000137
10420	0.010394
10424	0.007169
10434	-0.012906
10455	0.010347
10478	0.006987
10480	0.020707
10484	0.011594
10510	-0.001688
10519	-0.024548
10520	0.002017
10524	-0.005016
10578	-0.004039
10630	-0.000697
10643	0.007761
10645	-0.005265
10677	0.007182
10678	0.005169
10690	0.003618
10717	0.005795
10718	0.005150
10719	0.013392
10721	0.000137
10723	-0.011721
10735	0.003973
10736	-0.011770
10829	0.007690
10837	0.021567
10846	-0.002447
10921	-0.002373
10922	-0.002995
10923	-0.005424
10924	-0.008109
10964	-0.016388
10978	0.001300
11017	0.008025
11018	-0.010839
11019	-0.013221
11032	0.004718
11034	0.003539
11035	0.006060
11036	0.001088
11052	-0.004081
11056	0.003188
11060	-0.010330
11063	-0.003398
11064	-0.016401
11068	-0.002698
11069	0.000028
11090	-0.000477
11098	0.001965
11099	-0.003184
11100	-0.004122
11105	0.007093
11109	0.005392
11122	0.002081
11123	-0.018228
11125	0.006917
11126	0.005687
11149	0.003962
11153	0.000090
11188	-0.018348
11193	0.000199
11230	-0.000439
11233	-0.005518
11236	-0.013978
11243	-0.004910
11251	0.010365
11259	-0.006710
11263	0.011621
11272	0.013884
11321	-0.003329
11322	0.001946
11326	0.001207
11327	-0.006704
11335	-0.003224
11337	-0.005453
11343	-0.001561
11390	-0.005233
11444	-0.030585
11464	0.001718
11471	0.008240
11472	0.007843
11473	-0.005312
11492	-0.011415
11499	-0.001895
11500	0.010217
11505	0.005801
11527	0.011143
11528	0.002922
11532	-0.008368
11564	-0.001786
11589	-0.007005
11591	-0.007549
11592	-0.001482
11599	0.012002
11605	0.020200
11617	-0.015570
11630	-0.009558
11631	-0.006886
11632	0.003626
11656	0.070102
11657	-0.009663
11777	0.001900
11786	-0.000892
11812	-0.010403
12020	-0.010767
12061	-0.008643
12115	-0.010746
12154	0.021719
12155	-0.018543
12156	-0.010578
12159	0.007750
12174	-0.010198
12176	-0.001000
12230	0.007956
12234	-0.009596
12236	-0.001484
12237	-0.000269
12250	0.000654
12252	0.006042
12253	0.017886
12315	0.010528
12381	0.002171
12382	0.003806
12438	-0.012498
12455	-0.011179
12462	0.001540
12478	0.000924
12603	-0.005989
12711	-0.010894
12714	-0.011442
12716	0.001835
12754	0.002905
12785	0.010006
12788	0.010989
12792	-0.009745
12898	0.012075
12944	0.008379
12949	0.010073
13062	-0.014672
13099	-0.007144
13160	0.011537
13198	0.009368
13239	-0.004258
13249	0.004284
13262	-0.017493
13263	-0.019404
13272	-0.002734
13273	0.008050
13277	-0.017606
13305	-0.005321
13342	-0.014551
13343	-0.024220
13345	0.020250
13351	-0.004311
13357	-0.020220
13427	-0.006636
13436	-0.000414
13455	0.003540
13528	-0.009716
13532	0.013799
13553	0.003691
13566	-0.019581
13651	0.002758
13653	0.002491
13675	-0.003334
13676	0.005273
13677	0.008184
13678	-0.001867
13681	-0.001198
13688	-0.002011
13697	0.002015
13705	0.000152
13708	-0.006626
13737	0.005982
13760	-0.000722
13923	-0.009634
13927	-0.008604
13995	-0.001297
14002	-0.024193
14003	-0.018415
14021	-0.005252
14034	0.003563
14064	-0.006186
14110	-0.014347
14155	0.008303
14203	-0.017020
14208	0.003729
14340	0.003184
14356	0.025118
14389	-0.000063
14499	0.000485
14625	0.005501
14632	-0.004268
14637	0.010382
14641	0.002539
14685	0.012307
14694	0.001835
14695	0.005968
14699	0.013189
14700	-0.004482
14749	-0.020169
14760	-0.014037
14790	0.008551
14791	0.005749
14796	-0.007243
14797	0.003474
14891	-0.009259
14927	0.006439
15099	0.001350
15182	0.021481
15243	0.002271
15245	-0.000098
15254	-0.004063
15322	-0.009100
15327	0.003253
15463	0.001568
15496	0.010605
15499	0.015359
15502	0.001223
15514	-0.000097
15566	-0.001254
15580	0.008689
15583	-0.004622
15586	-0.002254
15601	-0.002320
15621	0.037784
15780	-0.011338
15869	-0.000192
16082	0.015096
16281	-0.012392
16293	-0.017599
16300	0.005824
16304	-0.000567
16360	-0.004068
16361	0.020955
16367	-0.001038
16432	0.017110
16433	-0.015146
16438	0.012446
16446	0.019078
16453	0.015608
16463	-0.014404
16466	-0.005402
16477	-0.001277
16482	-0.007026
16605	-0.005682
16606	-0.054890
16635	0.007702
16638	0.004796
16655	0.016099
16673	0.001947
16676	0.007227
16677	0.003787
16678	-0.020931
16808	-0.029938
16829	0.010543
17150	-0.008058
17182	0.000506
17199	-0.026944
17273	0.004765
17431	-0.006206
17466	-0.002547
17472	-0.016222
17485	0.008553
17585	-0.004314
17620	-0.006731
17647	0.018237
17690	0.010925
17772	0.002031
18410	0.001815
19647	-0.010852
21458	-0.024582
21885	0.037812
21973	-0.001209
21976	-0.006935
21977	0.000377
22084	-0.007835
23475	0.009857
23754	-0.004429
23764	-0.013898
24372	0.016585
24918	-0.019646
24944	-0.002532
25022	-0.013515
25140	0.009717
26484	-0.011674
27764	-0.005175
28424	0.006096
28845	0.007939
29861	0.006464
30684	-0.008748
31288	0.000073
31704	-0.006108
32421	-0.004585
32520	0.032005
32893	-0.014710
34340	0.000507
35227	0.012329
35334	0.006598
36499	-0.005211
36843	-0.010716
36844	-0.004477
36955	-0.000857
36970	-0.000385
39336	-0.003016
39353	-0.001081
40538	0.000475
40541	0.017804
40542	0.017657
40599	0.015305
40601	0.015392
40602	-0.002267
40656	0.005305
40657	0.004281
42157	0.010505
42203	0.009338
42204	0.009043
42851	0.008720
43061	-0.004257
44144	-0.003136
45195	0.001773
47030	-0.002524
47285	-0.020537
47317	-0.019860
47457	-0.008436
47460	-0.010840
48147	0.004091
48297	-0.046031
48474	-0.008894
48696	-0.007619
49516	0.002149
49630	-0.010379
49927	-0.002659
50199	0.014769
50249	0.000673
50259	0.015180
50904	0.040722
53231	-0.000887
53471	-0.005970
53531	0.006240
53986	-0.000072
55057	0.001694
56431	0.002043
56432	0.000104
56466	0.028402
56478	0.000398
56621	0.012851
57644	-0.022675
57756	0.001246
58783	0.010043
59657	0.004827
59715	-0.021740
64825	-0.041620
64947	0.007070
65950	0.048455
70102	-0.001514
75003	0.015323
75099	-0.002802
75742	-0.006743
75823	-0.005550
75824	-0.005384
78157	-0.003223
78181	0.011278
78191	-0.011214
80479	0.008501
80480	-0.002351
80715	-0.003690
80719	0.002091
80750	-0.012248
81231	-0.014760
84436	-0.003300
84780	0.010110
84844	0.001234
85002	-0.013167
85003	-0.013560
85659	-0.006994
85663	0.000029
85710	0.001859
92185	-0.027911
96142	-0.009825
96144	0.015940
96482	0.002617
98871	-0.014910
