# 1342 minima projected onto PC41
# Min	PC
3	-0.218676
4	0.003973
5	0.078494
6	0.244942
7	-0.260475
9	-0.441642
16	0.168847
17	0.452405
21	-0.292341
23	-1.141500
31	-0.198482
44	-0.312072
47	-0.063527
48	-0.272677
51	0.275013
52	0.340851
55	0.289290
56	0.569457
57	0.238071
58	-0.228755
60	-0.008674
67	0.109929
68	-0.404694
71	-0.308261
72	-0.028673
74	-0.109730
79	1.012036
82	-0.954211
85	0.239965
86	-0.201296
87	-0.236419
88	-0.357378
91	-0.132004
92	-0.152865
94	-0.117408
95	0.305870
97	-0.156332
104	0.163521
106	0.108760
109	-0.655247
111	-0.376387
115	0.300462
120	-0.422704
126	1.278988
129	-0.343263
136	0.028335
137	0.059743
188	-0.268555
189	-0.089310
196	0.273540
199	-0.026122
200	0.057431
202	-1.287718
211	0.069277
213	-0.737884
214	-0.072723
219	-0.366204
221	-0.474262
276	-0.108024
279	-0.259259
283	-0.451655
295	0.341288
308	0.194278
312	-0.215123
315	-0.343834
318	0.253110
319	-0.332693
321	0.048729
324	-0.236496
328	-0.421742
334	0.081819
336	-0.140631
338	-0.517668
347	-0.209876
351	-0.457386
352	-0.124901
354	0.013941
357	-0.637820
359	-0.404415
362	-0.241534
364	-0.202375
365	-0.419318
368	-0.514826
376	0.220869
377	0.227014
380	0.103403
386	-0.099930
388	-0.264820
390	0.135261
396	0.067629
404	-0.020777
410	0.107048
413	0.288160
420	-0.068731
423	-0.120087
424	-0.029144
437	0.106972
438	0.634253
444	0.033933
452	0.246724
473	-0.115743
474	-0.092480
475	-0.210499
476	-0.325256
478	-0.240662
479	-0.533314
480	-0.050162
483	-0.698686
503	-0.178124
508	0.022083
509	-0.151002
530	-0.041521
536	0.232825
556	0.075243
581	0.094588
583	-0.141111
603	0.018125
606	0.264276
607	0.057631
620	-0.296998
628	-0.611900
636	0.243114
637	0.633701
639	0.068286
640	0.046392
644	-0.092191
645	-0.174136
677	0.326439
678	0.039912
679	0.223403
682	-0.318939
698	-0.024202
700	-0.007806
710	0.286394
722	0.007913
723	0.186137
724	-0.046434
725	0.143245
726	-0.105216
747	0.233116
753	0.044088
755	0.117262
757	-0.085627
765	0.117742
782	-0.519837
783	-0.504609
793	-0.122253
808	0.153399
814	-0.143647
840	-0.056784
848	0.254028
859	0.134705
864	-0.088611
867	-0.390920
878	-0.646995
888	-0.674619
890	-0.074981
892	-0.400573
899	0.005822
918	-0.170661
926	0.371335
933	-0.083185
934	-0.071880
981	-0.066094
1028	-0.271052
1034	-0.329498
1051	-0.069748
1054	0.069865
1058	-0.423707
1062	0.164053
1063	0.208047
1064	0.313035
1066	-0.101308
1068	0.015993
1073	0.067347
1082	-0.465133
1083	0.112077
1086	-0.328533
1089	-0.497958
1090	-0.942183
1091	-0.017216
1092	0.445927
1164	-0.063166
1165	0.049215
1174	-0.364725
1176	-0.379305
1184	0.443555
1191	-0.000747
1192	-0.402185
1201	0.023193
1230	-0.079606
1339	-0.315101
1341	-0.491160
1370	-0.278853
1385	0.292436
1405	0.012591
1437	-0.178263
1441	-0.066206
1443	-0.224516
1521	-0.183966
1522	0.291425
1523	0.872916
1524	0.249692
1525	0.069472
1541	-0.150261
1542	0.049736
1550	0.203674
1551	0.358477
1596	0.071466
1597	-0.271155
1628	-0.104721
1629	-0.401892
1633	0.318340
1636	-1.108407
1637	0.474744
1765	-0.089397
1766	0.260019
1780	0.144912
1862	0.165531
1865	-0.091578
1870	0.088823
1885	0.003247
1910	-0.058840
1911	-0.106341
2007	-0.179599
2060	0.826868
2062	0.226941
2090	0.127759
2093	-0.275195
2094	-0.207124
2095	-0.117994
2096	-0.133616
2100	-0.379771
2101	-0.070049
2102	-0.013090
2103	-0.103219
2104	-0.058899
2105	-0.264205
2128	-0.157437
2129	-0.094064
2135	0.103129
2190	-0.144843
2195	-0.079068
2197	-0.135918
2198	0.203236
2199	-0.160929
2200	-0.325365
2201	-0.389107
2202	0.219200
2205	-0.132797
2217	0.016952
2218	-0.035332
2221	0.179460
2272	-0.356631
2273	0.104243
2275	0.322271
2288	-0.091679
2293	0.536492
2298	-0.400877
2299	-0.013963
2300	-0.273858
2301	0.121758
2338	0.241198
2342	0.025360
2343	-0.177438
2358	-0.510216
2384	0.115978
2385	-0.104139
2399	0.122800
2435	0.001238
2436	0.166971
2465	-0.309083
2467	-0.680180
2468	-0.194052
2469	-0.175135
2470	-0.512252
2471	-0.734611
2474	-0.566068
2620	-0.511244
2650	-0.361653
2651	-0.464457
2685	0.817642
2688	0.056134
2730	-0.423393
2843	-0.068978
2951	-0.898387
2959	-0.344904
3236	-0.027666
3305	0.417430
3318	0.072685
3340	-0.089930
3352	-0.367402
3355	0.191036
3356	-0.534937
3365	0.186718
3366	0.105924
3367	-0.176684
3368	-0.166257
3401	0.165383
3405	-0.172997
3434	-0.260331
3448	0.060435
3454	-0.249382
3481	0.235742
3495	0.119594
3504	0.041110
3532	-0.081397
3540	0.490775
3549	0.186834
3550	0.315808
3569	-0.207246
3595	-0.058817
3596	0.074074
3603	-0.343818
3621	-0.003410
3622	0.090912
3647	-0.178115
3649	-0.022697
3651	0.044511
3652	-0.045529
3723	-0.111633
3757	-0.147089
3772	-0.425760
3787	0.149428
3798	0.177063
3799	0.277393
3889	-0.084845
3897	-0.028606
3898	0.142514
3904	0.007488
3945	0.419360
3990	0.170633
4024	-0.252375
4039	0.571045
4048	-0.020073
4050	0.385690
4076	-0.059647
4094	-0.014669
4170	-0.234072
4251	0.286018
4252	0.437308
4299	-0.143174
4302	-0.178045
4318	-0.203957
4319	0.344160
4320	0.049097
4360	0.068061
4388	-0.071567
4414	-0.355020
4426	0.123269
4446	-0.393738
4527	0.309621
4545	-0.133844
4546	0.003087
4554	-0.017287
4564	-0.131950
4567	-0.268683
4634	-0.205040
4693	-0.220802
4736	-0.370637
4761	0.003807
4879	-0.203078
5071	0.283706
5138	0.199092
5164	-0.051929
5182	-0.459781
5183	0.198618
5184	-0.072521
5187	-0.061606
5188	0.332460
5189	0.117712
5193	0.016780
5194	-0.310347
5195	0.459621
5197	-0.594638
5203	-0.710570
5205	0.447925
5212	-0.127652
5213	-0.191848
5222	0.253712
5223	-0.123323
5228	-0.838706
5232	-0.356876
5244	0.154983
5245	-0.399001
5246	0.494567
5248	-0.293432
5292	0.100403
5293	-0.421315
5299	-0.179604
5300	-0.199469
5315	-0.196053
5316	0.110333
5319	0.137403
5320	0.179047
5321	0.358328
5322	-0.013087
5323	-0.142616
5324	0.234781
5325	0.257835
5329	0.309337
5342	0.319939
5343	-0.091677
5374	0.971689
5376	0.263552
5378	-0.206440
5379	-0.457430
5382	0.078774
5390	-0.359980
5398	0.091380
5402	-0.168817
5404	0.133456
5407	0.039933
5408	-0.089956
5409	-0.125701
5411	0.019181
5412	0.278082
5413	-0.141082
5416	0.477383
5418	-0.075482
5422	0.266155
5425	0.152900
5427	0.116344
5428	0.089259
5432	-0.203005
5436	0.078437
5443	-0.412989
5444	-0.268749
5458	-0.262470
5462	0.241033
5465	-0.800461
5468	0.069472
5471	-0.417748
5480	-0.474523
5481	-0.006450
5485	-0.256925
5486	-0.175644
5488	-0.139393
5489	-0.238179
5495	-0.137335
5513	0.200747
5515	-0.408934
5516	0.332313
5521	0.028145
5527	0.027247
5528	0.598686
5536	-0.197851
5537	-0.151260
5547	-0.112269
5565	0.180383
5573	0.013315
5579	-0.155342
5583	0.234142
5586	-0.338063
5589	-0.071408
5590	0.139403
5593	-0.197808
5599	-0.177939
5604	1.371830
5605	0.329348
5606	-0.298468
5625	-1.413273
5649	0.010618
5656	-0.101131
5657	-1.665043
5658	0.236561
5686	-0.604281
5695	-0.353835
5705	-0.831720
5706	-0.112511
5716	-0.546446
5717	-0.739967
5718	-0.414366
5719	-0.463245
5720	0.041347
5724	-0.519485
5738	-0.464966
5742	0.880163
5750	-0.078812
5751	0.026216
5756	-0.250729
5761	-0.033040
5768	0.090851
5773	0.507648
5792	-0.218009
5793	0.166893
5794	-0.360752
5806	-0.025315
5811	0.060885
5812	-0.073160
5813	-0.092937
5814	0.060607
5821	-0.028369
5823	-0.024821
5825	-0.358990
5831	-0.123310
5832	-0.334752
5833	0.166412
5847	0.225657
5849	-0.077898
5851	0.324102
5854	0.688112
5858	0.590135
5862	0.155543
5875	-0.152420
5876	-0.223739
5903	0.275705
5910	0.117780
5912	0.461269
5913	0.402438
5925	-0.083899
5926	0.168681
5927	0.092311
5928	0.033983
5930	-0.349771
5931	-0.006377
5933	0.271628
5934	-0.117624
5937	0.412216
5939	-0.008848
5940	-0.198216
5941	-0.632806
5943	-0.529484
5963	-0.174256
5964	-0.498871
5965	-0.390813
5966	-0.177300
5968	0.178563
5969	0.368234
5970	0.592128
5971	0.298624
5975	-0.546369
6006	0.005714
6011	-0.112808
6017	-0.114998
6019	0.002121
6022	0.126542
6032	1.318846
6095	-0.305712
6115	-0.270863
6116	-0.162725
6119	0.155310
6127	-0.120461
6128	0.115421
6130	0.046709
6140	0.318031
6141	-0.339258
6147	-0.592259
6148	-0.813143
6163	-0.807751
6164	-0.008310
6170	0.730346
6171	-0.078765
6177	0.249940
6184	0.191754
6200	-0.422918
6204	-0.006346
6206	-0.005381
6223	-0.492809
6240	0.283608
6245	0.106379
6253	-0.111743
6267	1.562707
6269	0.158468
6290	1.238285
6303	0.275451
6317	1.213285
6343	-0.263349
6350	0.064153
6360	0.010145
6367	1.211626
6383	-0.150481
6389	0.001947
6397	-0.052833
6398	-0.184262
6406	-0.149856
6407	1.069990
6412	0.199506
6413	-0.035188
6434	0.371532
6435	0.007968
6460	-0.068638
6463	-0.329516
6464	-0.095188
6489	-0.132863
6507	-0.064878
6510	0.062821
6516	0.224949
6518	-0.013369
6522	0.133880
6523	-0.088881
6524	-0.088032
6525	0.364496
6531	0.921660
6536	-0.223228
6575	0.051974
6584	-0.117323
6585	-0.044789
6586	-0.235595
6594	0.139647
6595	-0.167011
6610	0.457202
6612	-0.198407
6615	-0.038590
6624	-0.111427
6628	-0.552127
6649	-0.088922
6698	0.129873
6706	0.440354
6718	0.214282
6719	0.119660
6722	-0.045091
6770	-1.216587
6780	-0.091287
6781	-0.167020
6794	-0.583159
6795	-1.189821
6796	0.023913
6799	-0.256838
6809	0.232009
6837	1.234337
6838	0.085832
6839	-0.598811
6846	-0.257361
6865	-0.782360
6869	0.009525
6870	0.252837
6871	0.141158
6873	-0.190370
6876	0.021302
6885	0.162152
6895	-0.346824
6896	-0.010958
6897	-0.041158
6900	-0.138254
6903	-0.115016
6906	-0.331281
6916	-0.774035
6917	-0.159655
6918	-0.253051
6919	-0.184765
6938	-0.251379
6941	-0.189667
6942	-0.216797
6943	-0.187470
6944	-0.149571
6948	0.346865
6953	0.276850
6957	-0.111885
6958	-0.143510
6970	0.026736
6971	-0.091497
6976	0.558453
6977	0.861613
6990	0.004278
7014	-0.052975
7015	0.047284
7016	0.065487
7018	0.219550
7019	0.206652
7042	-0.296328
7053	0.133801
7066	0.191397
7067	0.379180
7083	-0.364114
7092	-0.283027
7100	0.163632
7103	-0.003977
7110	0.383566
7111	0.024293
7112	-0.037461
7113	0.487711
7116	0.231755
7119	0.189330
7120	0.710687
7121	0.130124
7122	0.170301
7140	0.309883
7143	-0.604119
7157	0.357281
7165	0.602497
7175	0.482191
7178	0.093287
7206	-0.075025
7207	0.238139
7217	0.138249
7218	0.224274
7221	0.094682
7227	0.229028
7230	0.163684
7236	0.213509
7239	-0.189011
7242	0.316217
7260	0.048325
7268	0.175543
7269	-0.007827
7304	-0.071167
7326	0.238133
7327	0.258673
7336	0.155481
7342	-0.322104
7346	0.326716
7348	0.162177
7355	0.027896
7361	0.133519
7372	0.150527
7387	-0.026381
7422	0.051527
7423	0.001040
7425	-0.054285
7436	0.064933
7442	0.295857
7446	0.132256
7448	0.106032
7453	0.289022
7463	-0.146287
7492	-0.387891
7493	0.157957
7494	-0.249186
7495	-0.396127
7518	0.193820
7520	-0.212744
7540	0.039187
7546	0.242097
7556	-0.292337
7559	0.265865
7560	-0.046843
7561	0.134921
7564	-0.162014
7575	-0.223432
7583	-0.373798
7585	-0.061188
7586	-0.474909
7599	-0.810098
7600	-0.774584
7606	-0.857483
7614	-0.141127
7617	0.140978
7622	-0.126993
7629	-0.254828
7637	-0.228019
7640	-0.070164
7657	0.263110
7665	0.122956
7666	-0.163981
7667	0.333384
7668	-0.282501
7669	-0.070524
7670	-0.089220
7671	0.069820
7681	0.109249
7683	1.244782
7684	-0.105795
7696	-0.851721
7722	-0.065661
7723	0.053289
7799	0.397401
7852	-0.102258
7859	0.128204
7860	-0.012836
7861	-0.066939
7865	-0.138591
7875	0.068302
7876	-0.102413
7895	-0.054546
7913	0.098313
7917	0.815423
7952	-0.021549
7969	0.047120
7971	-0.044250
8000	0.080083
8002	-0.087693
8006	0.236967
8036	-0.231553
8056	-0.139263
8069	1.428270
8103	0.184499
8107	-0.040550
8120	0.616744
8122	0.034394
8125	-0.017787
8127	0.599758
8136	0.437476
8149	0.490594
8154	0.505359
8197	1.150678
8208	0.629481
8223	1.690830
8232	-0.108071
8241	-0.017875
8256	-0.042212
8262	-0.248657
8266	0.041084
8267	-0.017685
8268	-0.207990
8269	0.002764
8271	-0.289630
8273	0.360799
8280	0.050331
8284	-0.348673
8303	-0.171293
8304	-0.442208
8305	-0.333340
8308	0.030117
8332	-0.547401
8333	0.146857
8334	0.266892
8338	-0.309638
8363	0.884424
8370	0.018984
8398	0.248679
8465	-0.693399
8468	0.247365
8469	0.201424
8470	0.189049
8507	-0.165014
8552	0.278259
8572	-0.614299
8574	-0.366083
8577	-0.099319
8586	-0.138953
8592	-0.164444
8593	-0.171905
8594	0.264950
8597	-0.010186
8599	0.067018
8606	0.174075
8607	0.217489
8615	-0.188523
8617	-0.244879
8626	-0.378810
8636	0.542541
8669	-0.052853
8671	-0.000726
8673	-0.014782
8675	-0.158613
8790	-0.301071
8791	-0.027332
8811	-0.320764
8822	-0.185046
8841	0.277724
8849	-0.076447
8856	-0.238205
8875	-0.119238
8884	0.545500
8906	-0.459044
8907	-0.041140
8910	0.093335
8911	1.151428
8912	-0.334711
8913	-0.059647
8934	0.219193
8935	0.114255
8954	0.761884
8968	0.093284
8972	0.300857
9001	-0.011389
9029	0.013547
9032	-0.001709
9058	0.116317
9059	0.151769
9068	0.126439
9070	-0.049466
9108	0.084770
9139	0.199638
9140	0.461804
9158	0.277161
9187	-0.526227
9188	0.365491
9189	0.119437
9190	0.372306
9253	-0.016795
9259	0.025566
9268	0.567458
9269	-0.063396
9271	0.010318
9312	0.041282
9323	0.254281
9329	0.100085
9330	-0.232017
9331	0.167516
9356	0.256728
9376	0.245806
9394	0.155946
9424	-0.131371
9428	0.203723
9429	0.424714
9496	0.170400
9536	-0.060727
9543	-0.089107
9589	-0.055151
9614	0.062225
9615	0.408681
9617	0.156092
9631	0.646338
9661	0.264091
9668	0.248347
9718	0.022351
9728	-0.176167
9734	0.115019
9788	0.221156
9791	-0.090589
9793	-0.127890
9804	0.559667
9809	-0.081257
9810	-0.088115
9823	0.036683
9828	0.247422
9907	-0.193242
9951	0.067329
9968	0.166459
9969	0.437494
10010	0.127128
10011	0.348137
10012	-0.124317
10018	-0.334680
10021	0.389448
10022	-0.231413
10031	0.252058
10032	0.569658
10033	0.148025
10034	0.430100
10035	0.405680
10039	0.404399
10044	-0.111973
10045	0.231369
10060	1.570131
10065	0.514452
10077	0.176085
10080	0.354957
10130	0.200990
10131	-0.019978
10149	0.311729
10194	-0.058055
10197	-1.132999
10221	0.176484
10226	0.148008
10232	-0.201276
10233	-0.387800
10263	0.229640
10264	0.081313
10274	-0.052574
10286	0.240405
10292	-0.108175
10299	-0.389934
10302	0.272187
10324	0.198322
10355	-0.114825
10358	-0.385239
10362	-0.202416
10366	-0.221807
10368	0.086022
10370	-0.320517
10392	0.114031
10405	0.419317
10406	0.504736
10409	0.353448
10419	0.182575
10420	0.116500
10424	0.046706
10434	0.122204
10455	-0.138504
10478	0.193414
10480	-0.385566
10484	0.053827
10510	0.038628
10519	0.327566
10520	-0.165999
10524	-0.127839
10578	-0.484467
10630	-0.205429
10643	-0.359977
10645	0.077732
10677	0.154515
10678	0.250767
10690	-0.047014
10717	0.222256
10718	0.066476
10719	-0.448602
10721	0.291187
10723	0.249260
10735	0.068157
10736	-0.020924
10829	-0.308169
10837	-0.490921
10846	0.196390
10921	-0.266133
10922	-0.149431
10923	-0.200922
10924	-0.310095
10964	0.244015
10978	-0.351200
11017	0.329641
11018	0.418192
11019	0.206135
11032	-0.330757
11034	0.011508
11035	-0.016960
11036	-0.271067
11052	0.001801
11056	0.335917
11060	0.408933
11063	-0.460121
11064	-0.964240
11068	-0.086902
11069	-0.212566
11090	-0.037275
11098	-0.543951
11099	0.245848
11100	-0.086477
11105	0.484493
11109	-0.102446
11122	-0.081955
11123	-0.197127
11125	0.136764
11126	0.406657
11149	-0.221314
11153	0.358434
11188	-1.120734
11193	0.471711
11230	0.091199
11233	0.528706
11236	-0.556824
11243	0.450412
11251	0.032860
11259	-0.051998
11263	-0.703215
11272	0.038082
11321	-0.211630
11322	0.248470
11326	-0.032927
11327	0.426739
11335	0.073483
11337	0.304806
11343	0.497717
11390	0.209111
11444	0.292844
11464	-0.124435
11471	-0.482966
11472	-0.421960
11473	-0.368310
11492	0.110994
11499	-0.481549
11500	0.018062
11505	0.306748
11527	-0.170753
11528	-0.238417
11532	-0.209840
11564	0.154375
11589	0.215790
11591	0.088930
11592	0.495930
11599	0.259804
11605	0.859332
11617	0.101003
11630	-0.352155
11631	0.052853
11632	0.604562
11656	1.152465
11657	0.449919
11777	0.759262
11786	-0.024934
11812	0.139140
12020	0.239541
12061	0.285009
12115	-0.295041
12154	-0.119526
12155	-0.191366
12156	0.059327
12159	-0.365755
12174	0.346774
12176	-0.129356
12230	0.135010
12234	0.040974
12236	-0.320287
12237	-0.473768
12250	0.456828
12252	-0.236673
12253	-0.206652
12315	0.066311
12381	-0.254172
12382	0.020822
12438	-0.482421
12455	0.296988
12462	0.463488
12478	-0.110168
12603	-1.164507
12711	-0.092895
12714	-0.116626
12716	0.486257
12754	-0.056846
12785	0.284459
12788	-0.005008
12792	-1.138914
12898	0.412770
12944	1.526894
12949	-0.129866
13062	-0.271229
13099	-0.515079
13160	0.058267
13198	0.110399
13239	0.057865
13249	0.227156
13262	0.113772
13263	0.360690
13272	0.562846
13273	0.406644
13277	-0.007586
13305	-0.432908
13342	0.349873
13343	0.368438
13345	0.252685
13351	0.350145
13357	0.097613
13427	0.959122
13436	-0.192114
13455	0.491802
13528	0.186049
13532	-0.397831
13553	-0.769201
13566	-0.729397
13651	-0.145630
13653	-0.052567
13675	-0.012314
13676	-0.269761
13677	-0.222683
13678	-0.153633
13681	-0.096232
13688	0.055041
13697	-0.003713
13705	0.320279
13708	0.084005
13737	-0.568601
13760	-0.249216
13923	-0.036976
13927	0.164189
13995	-0.186824
14002	0.753645
14003	0.592247
14021	0.151564
14034	0.841383
14064	0.869900
14110	-0.070562
14155	0.046397
14203	-0.242571
14208	-0.277733
14340	-0.082074
14356	0.089728
14389	-0.032554
14499	-0.183782
14625	-0.753885
14632	-0.427648
14637	-0.360976
14641	0.118287
14685	0.815619
14694	0.053280
14695	-0.475620
14699	-0.358805
14700	-0.285014
14749	0.417226
14760	0.170140
14790	0.223725
14791	-0.017939
14796	-0.359408
14797	0.323941
14891	0.317613
14927	0.146336
15099	0.271441
15182	0.052212
15243	-0.442111
15245	-0.268307
15254	0.108679
15322	-0.126082
15327	0.135761
15463	-0.016618
15496	0.134718
15499	0.045648
15502	-0.164587
15514	0.745524
15566	-0.100988
15580	0.315518
15583	0.497654
15586	0.771489
15601	-0.793832
15621	0.419864
15780	0.597703
15869	0.736910
16082	0.200497
16281	0.411666
16293	0.599197
16300	0.077120
16304	-0.145349
16360	0.203112
16361	0.431097
16367	0.388618
16432	-0.376086
16433	-0.530738
16438	0.038487
16446	0.596919
16453	0.411574
16463	-2.057930
16466	0.324082
16477	-0.356641
16482	0.548342
16605	0.023857
16606	-0.618175
16635	-0.122452
16638	-0.253048
16655	-0.599621
16673	0.059325
16676	0.272016
16677	0.433797
16678	0.588837
16808	-0.099146
16829	-0.713163
17150	-0.527181
17182	-0.399305
17199	0.008393
17273	0.686900
17431	-0.238765
17466	-0.225436
17472	0.022812
17485	-0.451230
17585	-0.017961
17620	0.754532
17647	-0.637275
17690	-0.121146
17772	0.415322
18410	0.640582
19647	0.480972
21458	0.188594
21885	-0.370482
21973	-0.331643
21976	-0.114428
21977	-0.185464
22084	-0.189270
23475	-0.308697
23754	-0.903188
23764	0.179577
24372	-0.540169
24918	0.292115
24944	0.225655
25022	0.552218
25140	0.117929
26484	0.136040
27764	-0.026287
28424	-0.765129
28845	-0.399544
29861	0.458854
30684	0.299008
31288	0.901343
31704	-0.272362
32421	0.536330
32520	0.030887
32893	0.102704
34340	0.323382
35227	0.905240
35334	-0.087097
36499	-0.684432
36843	-0.050400
36844	0.047280
36955	0.480770
36970	0.234810
39336	-0.298898
39353	0.472607
40538	0.168705
40541	0.389287
40542	0.469358
40599	0.158281
40601	0.144111
40602	0.200680
40656	-0.080497
40657	0.036122
42157	0.036614
42203	-0.025859
42204	-0.185650
42851	-0.011632
43061	-0.430313
44144	-0.045213
45195	1.302951
47030	-0.318587
47285	-0.865220
47317	0.603152
47457	0.759202
47460	0.100115
48147	0.213383
48297	-0.165955
48474	-0.032245
48696	-0.125480
49516	0.784402
49630	-0.043782
49927	-0.010302
50199	-0.207505
50249	-0.359381
50259	-0.413804
50904	-0.535395
53231	-0.305094
53471	-0.048890
53531	0.046518
53986	-0.270034
55057	-0.230864
56431	0.149252
56432	0.229770
56466	-0.825171
56478	-0.072490
56621	-0.240275
57644	-0.139435
57756	0.070038
58783	0.315764
59657	-0.012710
59715	-0.376966
64825	1.201579
64947	0.093478
65950	0.565943
70102	-0.506727
75003	-0.174222
75099	-0.072309
75742	-0.317340
75823	-0.083816
75824	0.070901
78157	0.675245
78181	-0.710443
78191	0.134519
80479	-0.083990
80480	-0.060391
80715	0.075120
80719	-0.077827
80750	-0.459917
81231	0.623112
84436	0.311961
84780	0.240935
84844	-0.043566
85002	-0.117599
85003	-0.819609
85659	0.398303
85663	0.174399
85710	0.317522
92185	0.343014
96142	-0.086805
96144	-0.103809
96482	-0.345323
98871	-0.028234
