# 1342 minima projected onto PC2
Min	PC
3	6.758252
4	6.823472
5	2.086173
6	2.442860
7	1.634088
9	5.251727
16	7.786408
17	2.941403
21	1.325286
23	3.966595
31	5.642081
44	-2.522953
47	-0.800752
48	0.434127
51	6.979237
52	7.820299
55	2.368663
56	3.122653
57	3.087499
58	-0.804371
60	-1.441779
67	-1.528750
68	-2.258515
71	3.746230
72	3.652621
74	1.453430
79	1.985327
82	3.969229
85	1.549101
86	-1.513340
87	6.432254
88	5.244255
91	3.066571
92	5.370652
94	5.787575
95	-1.248281
97	-0.075589
104	-3.187225
106	-4.981958
109	5.160369
111	6.318612
115	7.394296
120	-2.448528
126	1.874047
129	4.228455
136	-0.085595
137	1.405388
188	-2.409804
189	-0.957419
196	6.574733
199	0.174950
200	6.897238
202	3.194488
211	4.164542
213	3.446979
214	5.174499
219	3.687366
221	5.263121
276	-1.046268
279	-1.699861
283	-2.531897
295	3.326654
308	-0.282582
312	-0.050608
315	-0.728306
318	2.039718
319	5.702950
321	1.714910
324	6.780340
328	6.340680
334	2.276861
336	1.475966
338	7.602258
347	3.513672
351	1.536093
352	-3.806183
354	-2.812462
357	-2.863022
359	3.169641
362	2.977708
364	6.111582
365	6.066886
368	3.080537
376	2.204001
377	2.611176
380	3.112485
386	6.896183
388	-0.760576
390	4.935921
396	5.333588
404	2.506526
410	2.557567
413	3.270016
420	-1.332372
423	1.807076
424	0.613534
437	1.566158
438	3.241645
444	6.346482
452	2.593435
473	-0.001894
474	2.847726
475	7.089252
476	-2.470116
478	-0.997087
479	-2.669801
480	7.646327
483	1.627630
503	6.485042
508	6.662467
509	4.238670
530	-1.482993
536	2.520292
556	7.704080
581	2.039418
583	0.808637
603	2.127795
606	2.533726
607	2.227176
620	1.915540
628	3.474017
636	2.027833
637	0.906038
639	1.209555
640	1.473455
644	2.124375
645	2.222427
677	2.406219
678	1.779164
679	2.091147
682	0.884823
698	-1.170245
700	1.288941
710	4.919836
722	2.174445
723	4.230298
724	4.580082
725	0.815282
726	-4.080687
747	2.311571
753	7.396983
755	-4.523557
757	-1.778854
765	5.837139
782	3.614298
783	3.616023
793	4.661058
808	2.829283
814	-1.273002
840	6.345089
848	3.517964
859	2.112798
864	-3.961964
867	5.565306
878	8.109396
888	7.230997
890	3.518745
892	0.497233
899	-2.349327
918	7.243078
926	3.206857
933	-4.015790
934	-2.653378
981	-1.082758
1028	-1.267116
1034	6.419438
1051	2.710134
1054	-4.437419
1058	-4.092042
1062	-1.557309
1063	1.166958
1064	-5.143493
1066	-0.769290
1068	3.474178
1073	3.182908
1082	-7.391684
1083	-1.757040
1086	-7.645145
1089	-2.992761
1090	-8.416421
1091	-6.998149
1092	-3.084782
1164	5.661373
1165	2.350289
1174	-1.684608
1176	-1.410808
1184	-0.296027
1191	-1.169023
1192	-0.724154
1201	-7.069500
1230	3.740517
1339	-3.727507
1341	0.213494
1370	8.031460
1385	2.387322
1405	-1.440918
1437	-0.299681
1441	5.729819
1443	4.823815
1521	4.557972
1522	-0.111664
1523	-1.986760
1524	-4.993245
1525	-4.265832
1541	-0.031489
1542	-2.871656
1550	-0.798635
1551	-1.516699
1596	4.063068
1597	-2.522424
1628	-1.384671
1629	-1.341641
1633	0.739771
1636	3.142596
1637	2.189837
1765	3.237988
1766	3.812313
1780	-2.109111
1862	1.647122
1865	6.456600
1870	1.609964
1885	6.339658
1910	-1.132222
1911	-1.787650
2007	1.674108
2060	7.704165
2062	2.621811
2090	0.906699
2093	-0.251046
2094	0.220168
2095	-1.134796
2096	-0.111237
2100	-0.545422
2101	1.706106
2102	1.521905
2103	1.591005
2104	1.436573
2105	-0.760621
2128	-2.851998
2129	-3.383635
2135	-2.186156
2190	-1.067990
2195	-1.185514
2197	-1.183850
2198	0.302247
2199	-1.430600
2200	-0.949173
2201	-1.227624
2202	0.492798
2205	-0.306514
2217	2.545842
2218	4.487438
2221	2.431342
2272	-4.037390
2273	-2.269007
2275	5.392631
2288	-3.044687
2293	3.214061
2298	-2.618700
2299	-2.178918
2300	-1.840356
2301	-0.516859
2338	-1.069209
2342	-0.489398
2343	0.639262
2358	-1.012307
2384	6.478253
2385	0.985078
2399	1.243498
2435	7.170855
2436	0.331308
2465	-3.089101
2467	-2.520896
2468	-0.988015
2469	-0.393041
2470	-1.482809
2471	-4.876732
2474	-1.742305
2620	-7.018208
2650	-4.060621
2651	-5.660883
2685	-0.905415
2688	2.206973
2730	-2.113144
2843	4.858293
2951	1.929662
2959	-0.720503
3236	-2.205549
3305	5.115825
3318	5.964395
3340	-1.869172
3352	0.748941
3355	2.508640
3356	3.644709
3365	2.415996
3366	2.020811
3367	1.189269
3368	1.443669
3401	-0.376029
3405	6.232774
3434	3.562014
3448	1.173068
3454	0.817653
3481	6.702742
3495	7.676082
3504	-2.168503
3532	-0.198820
3540	1.397979
3549	6.400446
3550	6.013753
3569	4.516249
3595	-2.545802
3596	1.442503
3603	-8.167188
3621	3.019900
3622	4.319426
3647	-1.230888
3649	-6.210442
3651	6.557891
3652	-0.371306
3723	0.086891
3757	5.383833
3772	1.631093
3787	2.461562
3798	-1.791483
3799	-0.834894
3889	1.800997
3897	-2.851124
3898	-2.052565
3904	3.260610
3945	3.708971
3990	3.265595
4024	2.124652
4039	5.676584
4048	3.752694
4050	0.175235
4076	-0.727253
4094	2.363778
4170	0.788853
4251	3.773017
4252	3.949552
4299	0.236950
4302	-0.230130
4318	-1.666502
4319	1.739996
4320	-1.606469
4360	3.937097
4388	2.021132
4414	5.989131
4426	-1.030866
4446	7.344353
4527	8.326209
4545	6.079475
4546	6.863614
4554	4.249096
4564	1.703793
4567	-0.563827
4634	3.686986
4693	-0.269427
4736	5.270716
4761	5.246919
4879	0.149183
5071	3.083404
5138	0.061375
5164	6.877806
5182	-0.496715
5183	-0.091530
5184	3.687588
5187	-0.451347
5188	0.925962
5189	0.475981
5193	4.028571
5194	3.717610
5195	1.372588
5197	-4.286682
5203	-2.595390
5205	-2.774432
5212	0.866984
5213	0.265687
5222	-3.020600
5223	-2.007763
5228	-1.026673
5232	-1.808488
5244	-4.853547
5245	-1.273990
5246	-1.312482
5248	-4.380943
5292	-4.088720
5293	-4.389335
5299	3.554114
5300	3.017417
5315	2.522644
5316	3.221839
5319	-1.017973
5320	-1.090326
5321	-0.290253
5322	3.450533
5323	-4.424156
5324	-3.581225
5325	3.562947
5329	8.132766
5342	-0.196051
5343	0.241355
5374	0.149691
5376	1.891771
5378	-6.915735
5379	-0.889951
5382	2.150990
5390	-3.324767
5398	0.698388
5402	2.675003
5404	-4.330167
5407	7.755605
5408	2.597133
5409	7.462043
5411	2.878259
5412	3.221524
5413	2.223738
5416	1.773696
5418	7.465216
5422	7.164316
5425	-1.928335
5427	-2.340260
5428	6.917175
5432	7.347752
5436	-0.972158
5443	0.944845
5444	-6.175348
5458	-0.318192
5462	1.369527
5465	-9.939273
5468	-2.590052
5471	-9.899505
5480	-7.378725
5481	-3.315927
5485	4.433870
5486	4.471151
5488	3.358074
5489	3.944051
5495	3.553341
5513	-1.875021
5515	7.019090
5516	2.517867
5521	-0.110030
5527	-4.346303
5528	-1.677231
5536	1.879015
5537	6.781663
5547	1.112856
5565	2.709641
5573	-4.144889
5579	-2.577976
5583	-1.169939
5586	-1.896203
5589	-1.469047
5590	-2.526814
5593	-5.274583
5599	2.451872
5604	-6.643752
5605	-2.636389
5606	-6.256811
5625	7.933050
5649	0.734616
5656	-2.278971
5657	7.697656
5658	3.132913
5686	-10.343157
5695	0.784003
5705	-7.468276
5706	-0.767714
5716	-8.321398
5717	-10.116818
5718	-1.146849
5719	-9.711200
5720	-7.694405
5724	3.423558
5738	1.322302
5742	-11.829020
5750	1.993360
5751	2.110704
5756	-8.283521
5761	-1.625565
5768	1.001362
5773	-2.891513
5792	-10.382586
5793	5.285336
5794	-10.070999
5806	-7.289002
5811	2.366200
5812	2.126924
5813	1.909600
5814	1.954571
5821	-7.436127
5823	-12.215277
5825	-1.374308
5831	-2.882769
5832	-2.648487
5833	-8.617146
5847	0.399250
5849	7.125961
5851	-7.687487
5854	-7.073987
5858	1.613576
5862	1.882889
5875	-2.765730
5876	-1.989846
5903	2.283847
5910	5.418576
5912	5.424934
5913	4.769972
5925	2.615422
5926	2.218005
5927	1.558720
5928	1.373783
5930	-0.830526
5931	2.400112
5933	-4.947460
5934	-8.034417
5937	-4.610859
5939	-7.369055
5940	-6.764028
5941	-9.847645
5943	-10.053802
5963	-1.838214
5964	-9.169667
5965	-7.569130
5966	-5.494868
5968	0.906035
5969	1.961407
5970	2.067486
5971	1.197112
5975	3.671266
6006	-10.056275
6011	-0.583545
6017	-0.676752
6019	-6.124321
6022	-0.832950
6032	0.566855
6095	-2.261383
6115	-9.292437
6116	-5.688219
6119	-7.584419
6127	-9.028782
6128	-6.953756
6130	6.432089
6140	2.675224
6141	-0.306971
6147	7.693057
6148	7.582909
6163	3.408656
6164	1.620090
6170	-0.021527
6171	0.149361
6177	0.645361
6184	-0.882396
6200	-2.167136
6204	-3.871443
6206	-3.157541
6223	0.655380
6240	0.157417
6245	1.075505
6253	-0.242895
6267	-12.328125
6269	0.832696
6290	-11.747587
6303	-4.444748
6317	-12.388607
6343	-6.463362
6350	-6.603514
6360	-2.314569
6367	-10.880717
6383	-3.741995
6389	0.618726
6397	-2.461671
6398	-6.384593
6406	-10.059707
6407	-11.356647
6412	-3.509112
6413	-3.386671
6434	1.675127
6435	1.467019
6460	-6.306721
6463	-8.659295
6464	-8.172468
6489	1.632420
6507	-0.022727
6510	-2.545231
6516	-0.304015
6518	-1.977263
6522	1.147000
6523	0.840014
6524	0.108255
6525	0.960550
6531	0.518976
6536	-1.083988
6575	-0.793059
6584	-1.288066
6585	-4.476628
6586	0.380497
6594	-2.845187
6595	6.714541
6610	-4.316114
6612	4.397189
6615	6.765523
6624	6.619155
6628	8.194000
6649	7.632155
6698	7.881584
6706	5.212245
6718	-3.400003
6719	7.891471
6722	-3.335459
6770	3.553490
6780	1.415288
6781	1.213219
6794	-4.709853
6795	-0.979742
6796	-3.580229
6799	3.469453
6809	6.813447
6837	2.862346
6838	4.291564
6839	5.219431
6846	7.033903
6865	-6.877092
6869	-0.320527
6870	-1.071863
6871	-0.700776
6873	-7.374519
6876	-0.827448
6885	-7.421739
6895	-7.355947
6896	0.649629
6897	-4.971915
6900	-7.974759
6903	-4.594537
6906	8.509427
6916	-8.400093
6917	5.355196
6918	-2.077526
6919	4.705426
6938	-7.570059
6941	0.274597
6942	-1.313760
6943	-2.824241
6944	-2.629022
6948	-2.186156
6953	3.345289
6957	3.789595
6958	2.007728
6970	-2.774704
6971	-7.594805
6976	-6.875852
6977	-3.719633
6990	-1.953718
7014	-7.325410
7015	-2.528492
7016	-8.455899
7018	-2.698889
7019	-3.144708
7042	2.434600
7053	-7.047191
7066	-1.740336
7067	-1.849844
7083	-2.926242
7092	0.630609
7100	0.146612
7103	0.434992
7110	-1.856710
7111	-1.745345
7112	-1.580758
7113	-3.362378
7116	-1.818176
7119	-1.893314
7120	-3.344099
7121	-1.058135
7122	-5.787594
7140	-2.148003
7143	-3.114177
7157	2.566620
7165	-2.255890
7175	2.991661
7178	1.615163
7206	4.891690
7207	5.686339
7217	1.964269
7218	-1.109953
7221	-1.414224
7227	-4.559221
7230	2.798505
7236	-2.412589
7239	3.504530
7242	-1.936391
7260	5.143307
7268	3.586613
7269	0.613628
7304	-2.467718
7326	-1.021457
7327	1.561664
7336	0.075248
7342	-6.616903
7346	-2.573893
7348	-3.781358
7355	-3.206597
7361	5.204964
7372	3.306321
7387	-2.252454
7422	3.324882
7423	4.673820
7425	-0.662737
7436	-0.583973
7442	5.949838
7446	-0.420840
7448	0.477027
7453	0.169657
7463	0.316723
7492	2.645454
7493	1.468837
7494	1.083818
7495	1.741763
7518	-0.485875
7520	-1.058472
7540	0.164669
7546	0.877498
7556	-1.357701
7559	1.796240
7560	2.206223
7561	4.792817
7564	3.818624
7575	-1.277970
7583	-1.085545
7585	0.124594
7586	0.233571
7599	1.177238
7600	7.477195
7606	0.962401
7614	-0.320784
7617	0.597968
7622	7.362658
7629	-1.622715
7637	-4.834152
7640	0.049724
7657	0.651784
7665	0.180408
7666	-1.256363
7667	-0.481928
7668	-0.896767
7669	-2.711669
7670	-0.373400
7671	-1.163178
7681	-3.816705
7683	0.263889
7684	-5.769144
7696	-1.428236
7722	7.148033
7723	0.519044
7799	5.632026
7852	1.215215
7859	0.188471
7860	1.445129
7861	1.777971
7865	2.572873
7875	3.034646
7876	-6.161352
7895	-0.524847
7913	0.419442
7917	-10.402728
7952	3.482759
7969	1.396525
7971	2.243588
8000	-2.362332
8002	-2.584703
8006	6.058937
8036	-4.371358
8056	0.565319
8069	-11.354480
8103	5.532879
8107	-2.566712
8120	-3.436627
8122	-2.616189
8125	-2.298502
8127	-3.079621
8136	1.227309
8149	1.453981
8154	1.579420
8197	-1.572616
8208	-1.668876
8223	-11.202223
8232	-0.744552
8241	-3.059943
8256	7.588326
8262	7.353235
8266	-3.859811
8267	3.590801
8268	3.122023
8269	3.177908
8271	7.112846
8273	-3.408067
8280	-1.501236
8284	-7.205309
8303	7.276469
8304	6.089132
8305	6.150993
8308	2.242940
8332	2.595448
8333	6.507774
8334	5.472290
8338	2.143578
8363	-3.339827
8370	-1.788536
8398	6.257994
8465	3.294612
8468	3.518644
8469	0.321960
8470	3.239606
8507	-7.548841
8552	7.431136
8572	-7.833601
8574	-7.921678
8577	1.034368
8586	0.525222
8592	0.042986
8593	0.890796
8594	0.273824
8597	-3.438283
8599	-0.445087
8606	-2.632975
8607	-1.680004
8615	-7.918288
8617	-7.989452
8626	-6.827631
8636	1.789348
8669	2.319102
8671	-6.050768
8673	-2.022828
8675	-6.042422
8790	-7.854192
8791	-9.694827
8811	-0.276730
8822	-5.019933
8841	-7.273039
8849	-2.945985
8856	-1.957769
8875	-1.190235
8884	1.235082
8906	-1.381700
8907	-7.991817
8910	-1.398930
8911	-9.167215
8912	-2.241353
8913	-6.845966
8934	3.206615
8935	2.710981
8954	-3.402520
8968	8.145152
8972	8.189817
9001	5.534791
9029	-5.245975
9032	-1.696974
9058	3.112567
9059	-0.845638
9068	4.474659
9070	-4.732451
9108	3.157908
9139	-0.864146
9140	-1.408328
9158	-0.307653
9187	-1.572799
9188	3.519542
9189	0.032921
9190	3.388616
9253	-7.970371
9259	-2.789184
9268	0.697196
9269	-2.859828
9271	-7.724469
9312	3.573748
9323	-7.963302
9329	-9.013327
9330	-8.928752
9331	-7.816264
9356	-7.692015
9376	-8.538643
9394	-3.504357
9424	-2.202182
9428	1.607086
9429	1.781992
9496	1.651353
9536	-0.791442
9543	5.199856
9589	2.872864
9614	-1.166047
9615	-6.855498
9617	-6.175381
9631	-9.942120
9661	-3.978036
9668	-4.904267
9718	-3.080972
9728	1.563910
9734	-0.901254
9788	3.338279
9791	3.786677
9793	2.992558
9804	-3.100364
9809	-2.105440
9810	-2.218035
9823	-2.476060
9828	-0.242408
9907	8.088742
9951	1.682630
9968	-2.506680
9969	2.754125
10010	2.121841
10011	2.540890
10012	2.030157
10018	-0.602485
10021	2.814134
10022	3.420387
10031	2.538256
10032	2.273267
10033	1.944471
10034	1.606904
10035	2.018991
10039	0.870843
10044	-0.474052
10045	5.090808
10060	1.317028
10065	3.059603
10077	1.745358
10080	2.783529
10130	4.820703
10131	3.788087
10149	2.331997
10194	2.263440
10197	3.802709
10221	-1.339906
10226	6.724201
10232	1.366815
10233	2.969712
10263	3.453853
10264	3.171203
10274	2.766458
10286	-4.641607
10292	-2.238694
10299	-1.150592
10302	2.486418
10324	-6.476830
10355	-8.261994
10358	-1.283363
10362	-3.260555
10366	-3.049745
10368	-0.262075
10370	-0.780422
10392	-2.050099
10405	4.122890
10406	6.951305
10409	2.982666
10419	7.037854
10420	7.224581
10424	6.936522
10434	-4.382127
10455	1.236949
10478	-0.845653
10480	-2.217855
10484	-0.876234
10510	-3.250054
10519	5.165563
10520	-0.592972
10524	-3.042381
10578	-2.689225
10630	-3.550677
10643	-1.717968
10645	-2.415177
10677	5.753711
10678	6.456440
10690	5.756327
10717	6.665354
10718	5.958739
10719	-0.988814
10721	1.501702
10723	-9.932985
10735	-0.457493
10736	3.651048
10829	-1.139993
10837	-2.119327
10846	-6.750858
10921	-6.313742
10922	1.599213
10923	-1.809508
10924	-2.580609
10964	-0.304800
10978	-5.906616
11017	4.692502
11018	4.504131
11019	7.981796
11032	-1.086702
11034	-1.584757
11035	-1.169187
11036	-1.456760
11052	-0.559946
11056	0.805197
11060	1.499997
11063	-0.187438
11064	-1.753620
11068	-0.533510
11069	-0.308264
11090	5.846272
11098	-0.977694
11099	-0.468038
11100	-0.879232
11105	3.643909
11109	0.149083
11122	1.635017
11123	1.453309
11125	5.350023
11126	0.083420
11149	-1.042536
11153	2.743196
11188	-4.730192
11193	-0.542329
11230	6.040752
11233	8.387417
11236	0.992503
11243	-3.139521
11251	-1.924250
11259	-4.493399
11263	2.893302
11272	-1.777237
11321	1.916764
11322	0.467503
11326	-0.117445
11327	1.057817
11335	0.197162
11337	2.925799
11343	-0.113144
11390	2.714753
11444	-1.973416
11464	2.415130
11471	2.386909
11472	2.215090
11473	5.804996
11492	-5.083121
11499	-3.437523
11500	0.175914
11505	-1.634545
11527	1.865401
11528	1.703070
11532	-1.581221
11564	-1.178457
11589	-2.391563
11591	3.180423
11592	1.704212
11599	1.888362
11605	2.764219
11617	-1.749572
11630	3.852748
11631	1.574702
11632	-3.211897
11656	-4.002977
11657	-5.146873
11777	-0.000041
11786	-0.131797
11812	-5.480706
12020	-2.303843
12061	6.845062
12115	-5.828039
12154	-2.085976
12155	-5.559107
12156	-5.565902
12159	-6.517569
12174	3.784943
12176	-4.061147
12230	2.584775
12234	2.246622
12236	6.740910
12237	8.103433
12250	3.058156
12252	-3.790113
12253	-2.589145
12315	-2.547148
12381	-0.850043
12382	-0.764075
12438	5.497737
12455	-6.464712
12462	4.765194
12478	-2.982034
12603	-7.230753
12711	3.021993
12714	2.565131
12716	3.740129
12754	2.382325
12785	-3.303538
12788	-7.044549
12792	-7.213365
12898	-2.731445
12944	-6.203595
12949	-1.214269
13062	1.591027
13099	-6.700967
13160	-6.007389
13198	1.758960
13239	6.097282
13249	-3.609440
13262	5.044678
13263	5.282666
13272	-2.491036
13273	-5.712643
13277	-9.299700
13305	3.230195
13342	-9.772317
13343	-9.743175
13345	-0.307907
13351	-10.310848
13357	-9.376133
13427	-9.288575
13436	-2.462279
13455	2.596870
13528	-2.186347
13532	-2.653533
13553	-10.112461
13566	3.025142
13651	-0.390982
13653	-1.606232
13675	0.862437
13676	-1.190907
13677	-2.385813
13678	1.073440
13681	-2.336427
13688	-9.957087
13697	-10.092076
13705	-10.610065
13708	-1.504634
13737	-3.296190
13760	-10.013203
13923	2.248207
13927	2.562814
13995	-0.485226
14002	-8.834563
14003	-9.446198
14021	0.109495
14034	-6.093384
14064	-5.979570
14110	-5.273748
14155	2.056181
14203	-4.434000
14208	-7.173995
14340	-1.582247
14356	-6.473225
14389	2.402344
14499	-2.297794
14625	-10.753572
14632	-1.905164
14637	-11.256176
14641	-10.469912
14685	-8.193138
14694	-1.649310
14695	-2.290446
14699	-10.564132
14700	-6.711211
14749	4.965614
14760	4.079054
14790	-0.793251
14791	-0.502695
14796	-0.489380
14797	0.287596
14891	-9.386281
14927	-0.148724
15099	0.091696
15182	-7.617897
15243	-10.353421
15245	-3.115095
15254	-0.810611
15322	-6.766232
15327	-2.228188
15463	-5.673518
15496	-0.464515
15499	-7.592621
15502	7.526267
15514	10.021065
15566	6.236333
15580	-1.768940
15583	5.791385
15586	9.605481
15601	4.905328
15621	6.073394
15780	10.057110
15869	7.290788
16082	-0.021355
16281	-8.216150
16293	-1.669289
16300	6.774915
16304	7.004954
16360	5.833856
16361	4.978945
16367	-0.100874
16432	-4.819936
16433	-3.602759
16438	-4.222391
16446	-7.495055
16453	-6.595335
16463	-8.663991
16466	-2.437895
16477	-6.995097
16482	0.970088
16605	-3.673912
16606	-4.170790
16635	-2.108194
16638	2.435467
16655	0.498885
16673	2.413982
16676	6.003108
16677	6.710623
16678	2.232800
16808	-0.570564
16829	-8.703173
17150	-7.184082
17182	7.782214
17199	7.580321
17273	-2.727038
17431	4.014276
17466	-2.292023
17472	-0.996244
17485	-0.492156
17585	-0.996521
17620	-7.457011
17647	-8.178548
17690	3.404752
17772	-1.168529
18410	-0.634905
19647	-0.861873
21458	3.736180
21885	7.892261
21973	6.059549
21976	7.083721
21977	7.063634
22084	0.673610
23475	-2.409697
23754	1.805760
23764	2.683497
24372	3.200005
24918	0.698593
24944	2.601993
25022	-0.940981
25140	3.182103
26484	-1.475153
27764	0.539456
28424	2.016055
28845	-3.230745
29861	-3.435876
30684	-7.627513
31288	-0.867017
31704	6.922510
32421	7.208293
32520	7.594929
32893	-4.370145
34340	1.662710
35227	1.500780
35334	-9.762877
36499	3.186923
36843	6.137041
36844	6.184814
36955	4.245025
36970	3.728041
39336	-3.202314
39353	-3.799884
40538	0.369492
40541	0.656208
40542	0.500759
40599	-1.694560
40601	0.687078
40602	-0.519330
40656	-0.153269
40657	-0.490896
42157	-1.629786
42203	-0.500031
42204	-9.416163
42851	-2.473909
43061	6.015870
44144	-0.953020
45195	-2.304878
47030	6.926899
47285	0.630553
47317	0.173330
47457	5.902917
47460	-6.171978
48147	0.047866
48297	7.296496
48474	2.573335
48696	2.598690
49516	2.523042
49630	-5.632441
49927	-10.132108
50199	6.424708
50249	4.746549
50259	2.004349
50904	7.553884
53231	-0.010342
53471	-1.677717
53531	-0.659001
53986	-9.837642
55057	6.178103
56431	6.993093
56432	7.015820
56466	8.265410
56478	9.136831
56621	7.508694
57644	-10.132521
57756	-0.248984
58783	6.701028
59657	-4.243083
59715	-0.870726
64825	3.763732
64947	-0.804995
65950	6.962613
70102	-1.665933
75003	2.700828
75099	2.939987
75742	-3.952285
75823	7.314621
75824	7.331858
78157	0.145411
78181	-3.474363
78191	0.284695
80479	1.949451
80480	2.112048
80715	-1.677714
80719	-0.844015
80750	-5.777169
81231	9.629437
84436	4.795966
84780	3.070980
84844	-3.977625
85002	-0.687640
85003	0.669490
85659	2.986017
85663	2.542124
85710	2.845114
92185	5.325656
96142	4.460655
96144	5.393600
96482	-2.677415
98871	-2.632511
