# 1342 minima projected onto PC114
Min	PC
3	0.004552
4	0.002753
5	0.017896
6	0.002292
7	0.016286
9	-0.009213
16	-0.001583
17	0.002603
21	0.003275
23	0.020218
31	-0.005908
44	0.006829
47	-0.002363
48	0.000949
51	0.006664
52	0.000860
55	-0.009046
56	0.006225
57	0.005586
58	-0.008439
60	-0.041474
67	0.017636
68	0.015107
71	0.018871
72	0.027866
74	-0.002636
79	0.014649
82	0.015569
85	-0.001036
86	-0.012278
87	-0.006251
88	-0.002372
91	0.020022
92	-0.003904
94	-0.002549
95	-0.006314
97	-0.003618
104	-0.005402
106	0.014303
109	-0.008496
111	0.012502
115	0.021187
120	-0.001957
126	0.021800
129	0.028784
136	-0.012809
137	0.004600
188	0.003323
189	-0.002026
196	0.003586
199	-0.024048
200	0.008658
202	0.010381
211	0.000651
213	0.006563
214	-0.004885
219	-0.007242
221	-0.012475
276	-0.002757
279	-0.026241
283	0.022363
295	-0.008204
308	0.006099
312	0.015233
315	-0.046183
318	0.015641
319	0.002346
321	0.016759
324	-0.008037
328	-0.001144
334	0.026558
336	0.027070
338	-0.025129
347	0.037204
351	0.001429
352	-0.009555
354	0.010896
357	-0.010039
359	0.012886
362	0.026187
364	0.005507
365	0.007657
368	0.016792
376	0.009458
377	0.013924
380	-0.009943
386	-0.002617
388	-0.007226
390	-0.001706
396	-0.010293
404	0.012429
410	-0.002126
413	0.006406
420	-0.012944
423	0.003947
424	-0.013807
437	-0.007901
438	0.010600
444	-0.051929
452	-0.003492
473	-0.013959
474	0.002433
475	-0.003523
476	-0.006971
478	-0.007823
479	0.015753
480	0.001240
483	-0.003636
503	0.005122
508	0.004079
509	0.024343
530	0.016166
536	0.017304
556	-0.014360
581	0.030546
583	0.017866
603	0.010796
606	-0.002191
607	0.014071
620	0.015707
628	0.000838
636	0.013737
637	-0.053088
639	-0.000581
640	0.020397
644	0.018255
645	0.015431
677	-0.001682
678	0.021146
679	0.024731
682	0.015290
698	-0.000553
700	0.030479
710	-0.004026
722	-0.004172
723	-0.006580
724	-0.019275
725	-0.003636
726	-0.007652
747	0.002410
753	0.003787
755	0.004650
757	-0.007166
765	-0.001369
782	0.028065
783	-0.002049
793	0.045408
808	0.003306
814	-0.047047
840	-0.012113
848	0.003394
859	0.016307
864	-0.000149
867	-0.002887
878	0.024130
888	-0.012907
890	0.017695
892	-0.009393
899	0.001144
918	0.024713
926	-0.025741
933	-0.008269
934	0.000622
981	-0.013577
1028	-0.020847
1034	0.000999
1051	-0.000687
1054	-0.018032
1058	0.086091
1062	0.019568
1063	-0.014829
1064	-0.022734
1066	0.002536
1068	0.035260
1073	0.008506
1082	0.008080
1083	0.006058
1086	0.009063
1089	-0.003871
1090	0.000776
1091	0.000312
1092	-0.016812
1164	0.023386
1165	-0.006442
1174	-0.102092
1176	-0.019123
1184	0.014665
1191	0.003591
1192	-0.030639
1201	0.016774
1230	-0.004160
1339	-0.000643
1341	-0.009580
1370	0.029340
1385	0.036555
1405	-0.033172
1437	-0.003179
1441	0.002437
1443	-0.002283
1521	-0.011486
1522	-0.001908
1523	-0.026932
1524	-0.018906
1525	0.001951
1541	0.008941
1542	-0.000431
1550	0.014805
1551	0.005865
1596	0.017112
1597	-0.006647
1628	-0.006711
1629	0.002413
1633	-0.001412
1636	0.003873
1637	0.040068
1765	-0.012027
1766	0.004887
1780	-0.000367
1862	0.010970
1865	0.003237
1870	0.009578
1885	-0.074414
1910	0.006470
1911	-0.004863
2007	0.018023
2060	-0.000115
2062	-0.003225
2090	0.017609
2093	-0.016302
2094	-0.019724
2095	-0.014878
2096	-0.003192
2100	-0.036532
2101	0.011815
2102	0.005604
2103	0.013864
2104	0.007613
2105	0.024529
2128	0.024153
2129	-0.004274
2135	0.010145
2190	-0.014235
2195	0.003996
2197	0.009702
2198	0.004928
2199	0.038094
2200	0.017101
2201	0.029724
2202	-0.005273
2205	0.011034
2217	0.007652
2218	-0.041639
2221	-0.025779
2272	0.011701
2273	0.007905
2275	-0.007544
2288	0.016154
2293	-0.003387
2298	-0.011125
2299	-0.006545
2300	-0.004775
2301	-0.004610
2338	-0.001071
2342	-0.015531
2343	-0.020622
2358	0.011306
2384	0.001056
2385	0.019111
2399	-0.003787
2435	0.010021
2436	-0.003870
2465	0.007254
2467	0.018557
2468	0.008963
2469	0.011413
2470	0.013322
2471	-0.035031
2474	0.019415
2620	-0.021858
2650	0.002152
2651	0.007206
2685	-0.011308
2688	-0.005959
2730	0.019529
2843	-0.008008
2951	0.013168
2959	0.023686
3236	0.015172
3305	-0.011308
3318	-0.002271
3340	0.005747
3352	0.002631
3355	-0.015960
3356	-0.007002
3365	-0.009934
3366	-0.005894
3367	0.009970
3368	0.009737
3401	-0.011153
3405	-0.066287
3434	0.027561
3448	-0.027212
3454	-0.015771
3481	0.004238
3495	0.002708
3504	-0.008918
3532	-0.004049
3540	0.019891
3549	-0.012993
3550	-0.004178
3569	-0.033487
3595	-0.019724
3596	0.013961
3603	-0.049995
3621	-0.003137
3622	-0.002092
3647	-0.006561
3649	-0.018026
3651	0.003770
3652	-0.013905
3723	0.001681
3757	-0.020409
3772	0.040054
3787	0.013850
3798	0.013568
3799	-0.015529
3889	0.010381
3897	-0.008863
3898	0.001091
3904	-0.019120
3945	0.009047
3990	0.005893
4024	0.003351
4039	-0.021361
4048	0.033938
4050	-0.001026
4076	0.010393
4094	0.004470
4170	-0.007952
4251	-0.015563
4252	-0.008525
4299	0.018453
4302	0.017096
4318	-0.005135
4319	0.000435
4320	-0.027840
4360	0.024492
4388	0.011425
4414	-0.000780
4426	-0.002322
4446	-0.004240
4527	-0.003568
4545	-0.003692
4546	-0.009409
4554	0.003763
4564	-0.000623
4567	0.014970
4634	0.001116
4693	-0.001129
4736	-0.020278
4761	-0.009815
4879	0.000686
5071	0.019204
5138	-0.021090
5164	-0.009034
5182	-0.000206
5183	0.036971
5184	-0.014250
5187	-0.010855
5188	-0.012997
5189	0.003975
5193	0.019695
5194	-0.009175
5195	-0.022706
5197	-0.005538
5203	-0.004677
5205	-0.010330
5212	-0.032147
5213	-0.013156
5222	-0.008308
5223	-0.019425
5228	-0.003736
5232	0.037615
5244	-0.016646
5245	0.012473
5246	-0.007498
5248	-0.004778
5292	-0.017057
5293	-0.014067
5299	0.051105
5300	-0.020759
5315	0.018645
5316	0.018108
5319	0.002899
5320	-0.002152
5321	0.012581
5322	-0.030814
5323	-0.012681
5324	-0.006348
5325	0.031133
5329	0.000819
5342	-0.021956
5343	-0.006186
5374	0.048844
5376	-0.012137
5378	-0.010491
5379	0.017016
5382	0.005547
5390	0.026562
5398	-0.007664
5402	0.013340
5404	-0.005542
5407	-0.019747
5408	0.017960
5409	-0.017879
5411	-0.036027
5412	0.004518
5413	0.020541
5416	0.004134
5418	0.005994
5422	0.006235
5425	-0.009033
5427	-0.016204
5428	-0.009268
5432	-0.001674
5436	0.009997
5443	0.002017
5444	-0.053277
5458	-0.013965
5462	-0.007199
5465	-0.003242
5468	-0.006463
5471	0.007316
5480	-0.048840
5481	-0.017885
5485	0.004685
5486	0.017573
5488	-0.000793
5489	-0.000715
5495	-0.011506
5513	0.006656
5515	0.002493
5516	-0.006480
5521	0.002889
5527	-0.014898
5528	-0.020538
5536	0.001456
5537	-0.018009
5547	-0.013305
5565	-0.013046
5573	-0.004484
5579	0.021438
5583	0.000956
5586	-0.014246
5589	0.008366
5590	-0.007616
5593	-0.001983
5599	-0.024698
5604	-0.025505
5605	-0.012181
5606	0.002738
5625	0.012222
5649	0.004465
5656	-0.000402
5657	0.010417
5658	-0.021527
5686	-0.019845
5695	-0.004712
5705	0.009955
5706	-0.006016
5716	0.002763
5717	-0.010413
5718	-0.029540
5719	-0.003275
5720	0.015960
5724	-0.005800
5738	0.003808
5742	-0.029694
5750	-0.004195
5751	0.004026
5756	0.008254
5761	0.035828
5768	-0.019113
5773	0.024624
5792	-0.013101
5793	-0.002242
5794	-0.003663
5806	0.024608
5811	-0.002054
5812	0.009038
5813	0.008351
5814	0.001356
5821	0.024207
5823	-0.046692
5825	-0.019455
5831	-0.015839
5832	0.014766
5833	-0.002342
5847	-0.013493
5849	0.011280
5851	0.017763
5854	0.051276
5858	0.010364
5862	0.019866
5875	0.024884
5876	0.030921
5903	0.013138
5910	-0.010708
5912	0.011376
5913	0.040148
5925	-0.021488
5926	-0.019572
5927	-0.003435
5928	0.009794
5930	0.012041
5931	0.022570
5933	0.009701
5934	0.012318
5937	-0.013634
5939	0.007971
5940	-0.028317
5941	-0.000488
5943	-0.008805
5963	-0.016276
5964	-0.000430
5965	0.003664
5966	-0.013954
5968	-0.005984
5969	0.015404
5970	0.025323
5971	-0.001014
5975	0.003359
6006	-0.003124
6011	0.013239
6017	0.000040
6019	-0.022436
6022	0.001972
6032	-0.024090
6095	-0.027448
6115	0.019106
6116	-0.019259
6119	0.008445
6127	0.009142
6128	-0.000740
6130	0.004689
6140	-0.003435
6141	0.002841
6147	-0.025551
6148	-0.019661
6163	-0.003037
6164	0.006343
6170	-0.029122
6171	0.006420
6177	0.005508
6184	0.008887
6200	-0.012902
6204	0.034266
6206	-0.039863
6223	0.005203
6240	0.033262
6245	0.014648
6253	0.006160
6267	-0.007424
6269	0.007708
6290	-0.019790
6303	-0.000874
6317	-0.014628
6343	-0.020304
6350	-0.008350
6360	-0.003993
6367	-0.029303
6383	-0.006369
6389	-0.022206
6397	0.022035
6398	-0.022822
6406	0.000014
6407	-0.033359
6412	-0.002765
6413	-0.004432
6434	0.003041
6435	-0.000776
6460	-0.018093
6463	0.010329
6464	0.008630
6489	-0.026683
6507	-0.030484
6510	0.016401
6516	-0.003188
6518	-0.011123
6522	0.002157
6523	-0.022245
6524	0.002662
6525	-0.022279
6531	-0.020470
6536	-0.005960
6575	-0.007497
6584	0.020815
6585	0.029159
6586	-0.037562
6594	0.012528
6595	-0.010387
6610	0.001027
6612	0.014422
6615	-0.006543
6624	-0.010373
6628	-0.041532
6649	-0.016540
6698	-0.035915
6706	-0.016884
6718	-0.016461
6719	-0.010004
6722	0.017583
6770	-0.020115
6780	0.017591
6781	-0.006976
6794	-0.007569
6795	0.007438
6796	-0.003111
6799	-0.000189
6809	0.010946
6837	0.053042
6838	-0.003115
6839	-0.014457
6846	0.007364
6865	-0.020459
6869	0.000425
6870	-0.043858
6871	-0.011715
6873	0.007968
6876	-0.009349
6885	0.001927
6895	0.000831
6896	0.006520
6897	0.016696
6900	-0.036750
6903	0.026743
6906	-0.032334
6916	-0.005436
6917	0.018986
6918	0.030006
6919	0.072305
6938	0.007137
6941	0.044155
6942	0.039062
6943	0.021274
6944	0.007893
6948	-0.000287
6953	0.000656
6957	-0.044860
6958	-0.004738
6970	0.014540
6971	0.004241
6976	0.051065
6977	-0.003318
6990	-0.016632
7014	0.000467
7015	0.012280
7016	-0.001389
7018	0.005395
7019	0.000624
7042	0.007917
7053	-0.016347
7066	0.000283
7067	0.005112
7083	-0.007002
7092	-0.000173
7100	-0.021789
7103	-0.002074
7110	-0.000981
7111	0.009658
7112	0.006490
7113	0.023781
7116	0.004815
7119	0.013789
7120	0.005012
7121	0.016991
7122	0.002499
7140	-0.015918
7143	-0.057041
7157	-0.020099
7165	-0.017443
7175	-0.001630
7178	-0.011659
7206	0.004315
7207	-0.034241
7217	0.009644
7218	-0.003492
7221	0.004034
7227	0.026693
7230	-0.014418
7236	0.036626
7239	-0.039655
7242	0.002307
7260	-0.016590
7268	-0.035954
7269	-0.009880
7304	-0.019766
7326	-0.008549
7327	-0.005205
7336	0.000432
7342	-0.006570
7346	-0.013377
7348	-0.009998
7355	0.012789
7361	0.020518
7372	0.012430
7387	0.004330
7422	0.001457
7423	0.004356
7425	0.001652
7436	0.000099
7442	0.026064
7446	0.028068
7448	-0.019896
7453	-0.030140
7463	-0.020073
7492	0.010827
7493	0.009624
7494	0.049775
7495	-0.015826
7518	0.014877
7520	-0.050338
7540	0.005008
7546	-0.001379
7556	0.005659
7559	0.031324
7560	0.030269
7561	-0.000384
7564	-0.014221
7575	0.018715
7583	-0.037141
7585	0.006272
7586	-0.019207
7599	0.012857
7600	-0.032887
7606	0.034503
7614	0.003694
7617	-0.004832
7622	-0.021782
7629	0.019524
7637	0.001377
7640	-0.013525
7657	0.004522
7665	0.002312
7666	0.007634
7667	0.018686
7668	0.002810
7669	0.052968
7670	-0.076239
7671	0.011743
7681	-0.039714
7683	0.034410
7684	0.006904
7696	-0.013492
7722	-0.000176
7723	-0.030863
7799	-0.031490
7852	-0.008568
7859	-0.018968
7860	0.010588
7861	0.012951
7865	-0.040005
7875	0.028363
7876	-0.009097
7895	0.001885
7913	-0.002820
7917	-0.043117
7952	-0.002671
7969	0.022600
7971	0.022059
8000	0.007234
8002	0.017297
8006	-0.022117
8036	-0.008406
8056	0.018878
8069	-0.029243
8103	0.000401
8107	-0.016733
8120	0.002313
8122	0.004235
8125	0.000599
8127	-0.037485
8136	-0.020733
8149	-0.035135
8154	-0.037099
8197	0.019689
8208	-0.042390
8223	0.019561
8232	0.026404
8241	0.000132
8256	-0.020383
8262	-0.028519
8266	0.009452
8267	0.031069
8268	0.021943
8269	0.012058
8271	-0.022628
8273	0.023881
8280	0.008709
8284	0.006972
8303	0.007038
8304	-0.008075
8305	-0.012049
8308	0.019163
8332	0.023333
8333	-0.042133
8334	0.047801
8338	0.068724
8363	0.010670
8370	0.010433
8398	-0.007465
8465	-0.000924
8468	0.038962
8469	-0.000673
8470	-0.004314
8507	0.009028
8552	-0.025981
8572	0.003713
8574	0.013478
8577	-0.021584
8586	-0.018046
8592	-0.004860
8593	-0.001002
8594	-0.011337
8597	0.004313
8599	-0.009502
8606	0.015117
8607	0.009759
8615	0.015394
8617	0.019871
8626	-0.002572
8636	0.001276
8669	0.013129
8671	-0.003668
8673	-0.005560
8675	-0.010061
8790	0.000672
8791	0.004501
8811	0.026198
8822	-0.010365
8841	-0.001409
8849	0.016581
8856	-0.012637
8875	0.029922
8884	0.015794
8906	-0.002872
8907	0.010334
8910	0.004720
8911	0.052204
8912	-0.009471
8913	-0.004685
8934	-0.007543
8935	-0.002789
8954	0.008684
8968	-0.002903
8972	0.002257
9001	-0.005473
9029	0.000512
9032	-0.011740
9058	-0.032143
9059	0.002353
9068	0.045327
9070	0.019005
9108	-0.025632
9139	0.006853
9140	-0.023434
9158	-0.009517
9187	-0.002184
9188	-0.000544
9189	0.013100
9190	0.003660
9253	0.003990
9259	0.020201
9268	-0.015939
9269	0.030130
9271	-0.007434
9312	-0.022534
9323	0.007617
9329	0.004603
9330	0.005402
9331	0.007361
9356	-0.000313
9376	-0.001521
9394	0.009727
9424	0.053916
9428	0.004640
9429	0.000837
9496	-0.009894
9536	-0.009886
9543	0.007578
9589	-0.019712
9614	-0.010644
9615	0.011094
9617	0.019882
9631	-0.022871
9661	-0.001316
9668	-0.024227
9718	-0.006763
9728	-0.012372
9734	0.014179
9788	-0.019425
9791	0.008208
9793	-0.023001
9804	-0.030150
9809	-0.002965
9810	0.001049
9823	-0.007462
9828	-0.046895
9907	0.011789
9951	-0.008408
9968	-0.001190
9969	0.011723
10010	-0.009536
10011	-0.004484
10012	-0.016245
10018	-0.017114
10021	-0.008649
10022	-0.040144
10031	-0.007705
10032	-0.012430
10033	-0.021279
10034	0.010996
10035	-0.014341
10039	-0.005138
10044	-0.011892
10045	0.038385
10060	0.028227
10065	-0.018085
10077	0.001972
10080	-0.023457
10130	0.051733
10131	0.017934
10149	0.023721
10194	0.013733
10197	-0.052378
10221	-0.002032
10226	-0.046018
10232	0.030932
10233	0.015304
10263	-0.005596
10264	-0.007498
10274	0.012713
10286	0.082229
10292	0.060572
10299	-0.000988
10302	0.013692
10324	0.001973
10355	-0.011210
10358	0.010471
10362	0.025439
10366	0.020047
10368	0.050246
10370	0.002220
10392	0.010905
10405	-0.007126
10406	0.011797
10409	0.009574
10419	-0.027861
10420	-0.028346
10424	-0.025706
10434	-0.015768
10455	0.001508
10478	-0.007645
10480	0.012947
10484	-0.020177
10510	-0.005699
10519	0.027448
10520	-0.012508
10524	0.008276
10578	-0.016457
10630	0.013381
10643	0.016401
10645	-0.007110
10677	-0.013132
10678	0.002387
10690	-0.008171
10717	0.008274
10718	-0.011404
10719	0.016525
10721	0.000358
10723	0.010118
10735	-0.006631
10736	0.022333
10829	-0.014411
10837	-0.001215
10846	0.002305
10921	0.007719
10922	0.014507
10923	-0.000139
10924	-0.004188
10964	-0.010848
10978	-0.027623
11017	0.048050
11018	0.058887
11019	-0.000597
11032	0.007862
11034	-0.015097
11035	-0.016887
11036	0.009987
11052	-0.015770
11056	-0.018526
11060	-0.022291
11063	0.014706
11064	0.002227
11068	0.014420
11069	0.014314
11090	-0.004322
11098	0.005800
11099	-0.000449
11100	-0.009350
11105	0.006205
11109	0.011998
11122	0.019879
11123	-0.006779
11125	-0.014763
11126	-0.005331
11149	-0.021229
11153	0.019907
11188	0.037856
11193	0.002042
11230	-0.006292
11233	0.002441
11236	0.016246
11243	0.002005
11251	-0.002388
11259	0.014561
11263	-0.002735
11272	-0.000520
11321	0.016724
11322	-0.007155
11326	0.004061
11327	-0.014272
11335	0.013123
11337	0.016158
11343	0.012211
11390	0.010121
11444	0.011465
11464	-0.001018
11471	0.013512
11472	0.013704
11473	0.012398
11492	0.005089
11499	-0.002708
11500	-0.024524
11505	-0.020243
11527	0.005760
11528	-0.001601
11532	0.002340
11564	-0.027766
11589	0.001655
11591	-0.024546
11592	0.002674
11599	0.008382
11605	-0.018901
11617	0.002927
11630	0.024837
11631	0.003920
11632	0.036442
11656	0.016855
11657	0.011801
11777	-0.005481
11786	0.017891
11812	-0.002409
12020	-0.001304
12061	-0.003393
12115	-0.002497
12154	0.016047
12155	-0.000345
12156	0.012555
12159	-0.001148
12174	-0.001331
12176	-0.007451
12230	-0.019551
12234	-0.006918
12236	-0.004688
12237	-0.007246
12250	-0.010358
12252	0.000634
12253	0.018824
12315	0.011356
12381	0.035752
12382	0.017794
12438	-0.025468
12455	-0.009773
12462	0.040798
12478	0.001722
12603	-0.031259
12711	-0.008186
12714	-0.004207
12716	0.002348
12754	-0.023556
12785	0.076533
12788	0.014157
12792	-0.024283
12898	-0.006548
12944	-0.046929
12949	-0.068974
13062	-0.021938
13099	-0.021968
13160	-0.013807
13198	-0.023380
13239	0.006864
13249	-0.005424
13262	0.004769
13263	-0.013056
13272	0.002761
13273	0.048646
13277	-0.013054
13305	-0.001798
13342	-0.005019
13343	0.017660
13345	-0.011434
13351	0.019490
13357	-0.000620
13427	0.013244
13436	-0.045948
13455	0.001481
13528	-0.019081
13532	0.024658
13553	-0.003443
13566	0.017698
13651	0.012641
13653	0.023771
13675	0.007975
13676	-0.002199
13677	0.016531
13678	0.032329
13681	0.020731
13688	-0.000178
13697	-0.000142
13705	0.009789
13708	0.028597
13737	0.030591
13760	-0.003393
13923	-0.006045
13927	-0.000153
13995	-0.000098
14002	0.009724
14003	0.012774
14021	-0.010033
14034	-0.021644
14064	-0.015240
14110	0.016831
14155	0.008020
14203	-0.003845
14208	-0.023910
14340	0.010285
14356	0.007402
14389	-0.004263
14499	0.027018
14625	-0.014715
14632	-0.008951
14637	-0.007941
14641	0.007086
14685	-0.004774
14694	0.031810
14695	0.040165
14699	0.000601
14700	-0.020977
14749	0.040929
14760	0.003304
14790	-0.009467
14791	0.005650
14796	0.013662
14797	-0.004948
14891	0.002893
14927	-0.018002
15099	0.006009
15182	-0.014441
15243	0.000794
15245	0.018750
15254	-0.000531
15322	-0.031632
15327	0.013123
15463	-0.014215
15496	-0.010952
15499	0.009959
15502	-0.011160
15514	0.009641
15566	-0.001361
15580	0.000315
15583	0.045364
15586	0.002150
15601	-0.009913
15621	0.017313
15780	0.021542
15869	-0.005932
16082	-0.020249
16281	0.001008
16293	-0.046732
16300	-0.016597
16304	-0.037682
16360	0.001733
16361	0.045847
16367	-0.021422
16432	-0.005653
16433	-0.012769
16438	0.006567
16446	0.010850
16453	0.002465
16463	0.064811
16466	-0.010685
16477	0.016872
16482	-0.001387
16605	0.002871
16606	-0.072175
16635	0.011912
16638	0.018776
16655	0.024321
16673	0.019079
16676	-0.013366
16677	0.008468
16678	0.012894
16808	0.021684
16829	-0.015365
17150	-0.010062
17182	-0.002179
17199	-0.031138
17273	0.030733
17431	0.014862
17466	0.015380
17472	-0.008604
17485	0.013083
17585	-0.032050
17620	0.057758
17647	-0.016146
17690	-0.006862
17772	-0.002661
18410	-0.021628
19647	-0.082567
21458	-0.009030
21885	0.025660
21973	-0.017792
21976	-0.017616
21977	-0.014599
22084	0.012590
23475	0.008971
23754	0.005229
23764	0.005870
24372	-0.008100
24918	0.019109
24944	-0.005082
25022	-0.020663
25140	0.013793
26484	0.000129
27764	0.002350
28424	0.006971
28845	-0.012925
29861	0.002281
30684	0.026944
31288	0.017311
31704	-0.015456
32421	-0.001315
32520	0.001769
32893	-0.001608
34340	-0.001018
35227	0.014782
35334	0.000303
36499	-0.003389
36843	0.006230
36844	0.008366
36955	-0.012303
36970	-0.017532
39336	0.003960
39353	-0.018748
40538	-0.006599
40541	0.009222
40542	-0.001732
40599	0.037645
40601	-0.004466
40602	-0.017279
40656	-0.005973
40657	-0.012876
42157	-0.014810
42203	-0.015925
42204	0.008205
42851	-0.020907
43061	-0.012933
44144	-0.008501
45195	-0.005211
47030	-0.014292
47285	-0.010103
47317	0.002492
47457	-0.033880
47460	-0.016318
48147	0.005649
48297	0.019737
48474	-0.007153
48696	-0.003330
49516	0.008547
49630	-0.001336
49927	0.032941
50199	-0.008630
50249	0.016450
50259	-0.024450
50904	0.020826
53231	-0.010268
53471	0.020769
53531	0.012493
53986	0.007621
55057	0.002647
56431	-0.018202
56432	-0.015404
56466	0.010427
56478	0.029968
56621	0.002310
57644	0.012801
57756	-0.012038
58783	0.009555
59657	0.004644
59715	-0.063608
64825	0.011078
64947	-0.010115
65950	0.018151
70102	-0.011492
75003	0.013931
75099	0.017732
75742	-0.032480
75823	0.017056
75824	0.007470
78157	0.019237
78181	-0.012961
78191	-0.009443
80479	0.016307
80480	0.006681
80715	-0.010255
80719	-0.015874
80750	0.002763
81231	0.015486
84436	-0.041904
84780	-0.024697
84844	0.004313
85002	-0.015750
85003	0.027389
85659	-0.013444
85663	-0.014871
85710	-0.031166
92185	-0.016670
96142	0.008000
96144	-0.000419
96482	-0.022505
98871	-0.032984
