# 1342 minima projected onto PC4
Min	PC
3	0.106144
4	0.630352
5	1.906335
6	1.703503
7	1.805617
9	-0.186224
16	1.611788
17	2.876265
21	1.031667
23	-2.722468
31	-0.345987
44	1.236553
47	-0.551519
48	-5.713743
51	1.166994
52	2.294671
55	-4.051588
56	-1.508987
57	-0.705770
58	4.370519
60	1.076963
67	2.682264
68	2.164365
71	1.101627
72	1.483011
74	1.528899
79	-3.734663
82	-2.368509
85	1.115054
86	-2.411101
87	-2.182073
88	-0.749172
91	0.152499
92	-0.176352
94	-1.742971
95	8.491557
97	6.814514
104	-2.068179
106	-3.567789
109	-0.741997
111	1.881476
115	3.714472
120	1.129343
126	-3.448030
129	-3.166869
136	-2.178829
137	0.580273
188	1.555169
189	-0.419372
196	0.049365
199	-0.654991
200	0.594571
202	-3.753721
211	-4.273070
213	-3.796541
214	-2.695165
219	-2.874111
221	-0.321847
276	3.584333
279	7.490825
283	2.243120
295	7.051087
308	7.332366
312	8.465960
315	2.994187
318	2.066977
319	-2.245983
321	1.284429
324	0.003112
328	-2.612661
334	-0.842282
336	-3.459166
338	0.838713
347	3.025949
351	-3.081208
352	0.525113
354	-0.197052
357	1.655339
359	-0.186622
362	0.358329
364	-0.207643
365	-0.671614
368	0.012512
376	1.200685
377	2.939010
380	3.778102
386	1.989666
388	-0.701424
390	-2.370525
396	-2.110416
404	4.593760
410	-0.802479
413	-0.502861
420	-1.311999
423	-3.302432
424	-1.777291
437	-0.240060
438	-1.371966
444	1.347411
452	0.333884
473	-1.208028
474	2.978250
475	-1.315042
476	1.363836
478	-0.660675
479	1.905208
480	0.931698
483	-3.330595
503	2.491977
508	-0.297408
509	-2.816529
530	-9.873126
536	3.059008
556	1.295134
581	-1.387814
583	-3.162827
603	-0.652217
606	1.573199
607	1.847004
620	1.713922
628	-3.394852
636	1.236703
637	-3.558204
639	0.239632
640	1.194495
644	-2.246321
645	-2.278820
677	1.269370
678	-4.787193
679	-3.193204
682	-5.175396
698	-0.764254
700	-2.389467
710	-2.026211
722	1.959749
723	-3.870278
724	-3.627025
725	-0.924010
726	2.569037
747	-0.560900
753	1.129950
755	-4.215791
757	-2.477296
765	-0.155199
782	2.693538
783	-3.308515
793	-2.888488
808	6.244223
814	-0.299718
840	-0.101814
848	2.005989
859	-1.049698
864	-4.785827
867	-0.890208
878	1.679455
888	-0.089410
890	-3.978883
892	-5.669563
899	-3.595208
918	1.612985
926	6.850503
933	0.019796
934	-0.164546
981	3.282277
1028	-1.455148
1034	0.915579
1051	-0.864479
1054	-5.678076
1058	-0.069664
1062	-5.579408
1063	-5.074061
1064	-5.970626
1066	6.890080
1068	1.942196
1073	-0.769179
1082	4.991551
1083	4.570519
1086	5.939322
1089	2.012222
1090	2.833345
1091	5.629726
1092	0.943186
1164	-1.364065
1165	4.408228
1174	-7.016262
1176	-2.455124
1184	0.222135
1191	-1.202061
1192	0.407467
1201	-7.811323
1230	-2.783533
1339	0.449165
1341	7.702471
1370	2.012402
1385	6.041901
1405	-4.301285
1437	6.152417
1441	-0.703454
1443	-2.551145
1521	-3.999769
1522	-6.816009
1523	-9.390943
1524	-6.639721
1525	-4.928739
1541	2.445000
1542	-5.016849
1550	-5.346555
1551	-7.793128
1596	2.989670
1597	-2.655370
1628	0.719734
1629	-0.326741
1633	3.166061
1636	-3.512283
1637	-6.163414
1765	-2.472680
1766	-0.708638
1780	-3.271420
1862	-2.963033
1865	-0.703743
1870	-3.153741
1885	-2.223500
1910	-0.735692
1911	-1.309733
2007	2.092898
2060	-0.822049
2062	-3.920358
2090	-6.544104
2093	7.610067
2094	8.877286
2095	3.835443
2096	3.196466
2100	1.028627
2101	0.464118
2102	0.720115
2103	0.717181
2104	0.950824
2105	-0.017172
2128	1.818970
2129	2.707835
2135	4.585959
2190	5.533452
2195	-0.617721
2197	0.162470
2198	2.061129
2199	-2.746460
2200	0.114482
2201	-2.290082
2202	2.533708
2205	1.590612
2217	-0.437969
2218	-2.406199
2221	-4.150358
2272	-1.612122
2273	-3.321713
2275	-1.802155
2288	-0.531268
2293	3.136905
2298	-2.567286
2299	-3.040994
2300	-1.398370
2301	0.785681
2338	9.291963
2342	5.357326
2343	5.104350
2358	2.147718
2384	-0.273015
2385	-2.561895
2399	0.094554
2435	2.164300
2436	3.966452
2465	1.041887
2467	-2.134768
2468	0.557158
2469	1.583667
2470	0.821557
2471	-3.590327
2474	-0.904869
2620	0.927978
2650	-1.788842
2651	-3.317476
2685	-6.451406
2688	-0.080265
2730	-2.004221
2843	-2.121350
2951	-4.333817
2959	-7.723252
3236	1.514411
3305	-2.617401
3318	-0.821629
3340	-0.690310
3352	-5.346892
3355	-4.153133
3356	-1.751779
3365	0.012552
3366	-0.289297
3367	-2.077984
3368	-2.011983
3401	0.042567
3405	-2.758448
3434	1.580601
3448	-5.008887
3454	10.147669
3481	0.188797
3495	1.587179
3504	-3.552460
3532	1.746509
3540	-3.578858
3549	0.404716
3550	-0.329120
3569	-0.348244
3595	-1.146387
3596	-2.667341
3603	1.477553
3621	0.901168
3622	3.532634
3647	-1.048196
3649	-0.190183
3651	-0.347694
3652	-0.167010
3723	2.157414
3757	0.447829
3772	3.605258
3787	-3.408730
3798	2.554426
3799	4.271988
3889	2.130013
3897	-5.163692
3898	-3.156082
3904	1.435169
3945	2.437715
3990	-0.635694
4024	-2.985242
4039	8.442106
4048	3.575493
4050	8.455582
4076	0.703038
4094	0.142388
4170	-1.881982
4251	2.541206
4252	2.973831
4299	8.708040
4302	7.660591
4318	9.137221
4319	1.837343
4320	7.051370
4360	2.135734
4388	2.196357
4414	-1.146145
4426	-0.222620
4446	0.406254
4527	2.093254
4545	-0.616700
4546	0.567668
4554	-4.208905
4564	-0.417114
4567	7.194987
4634	-3.197642
4693	9.041767
4736	-0.184567
4761	-2.914516
4879	10.031784
5071	0.742542
5138	-1.752625
5164	-1.841236
5182	-0.708730
5183	-0.853539
5184	4.110623
5187	6.761673
5188	3.657872
5189	2.078255
5193	-1.898987
5194	-1.007092
5195	4.460379
5197	-0.500848
5203	-1.787529
5205	-3.875736
5212	5.331824
5213	3.722417
5222	0.831629
5223	2.033587
5228	5.890372
5232	-0.461345
5244	-0.948709
5245	0.108930
5246	-1.484833
5248	-0.096099
5292	0.084201
5293	-0.450211
5299	3.275979
5300	7.092933
5315	-0.539912
5316	0.785913
5319	-1.171194
5320	-1.632868
5321	0.638193
5322	0.527809
5323	0.015900
5324	0.739091
5325	1.793089
5329	7.445833
5342	5.379874
5343	7.488949
5374	2.973537
5376	-1.358098
5378	0.189907
5379	1.844336
5382	1.961438
5390	0.578734
5398	2.589860
5402	-0.596881
5404	0.180059
5407	-1.801600
5408	-0.921004
5409	-2.528686
5411	-0.071370
5412	2.767395
5413	-0.925181
5416	-4.179843
5418	-1.612647
5422	-1.600024
5425	-4.121290
5427	-3.445922
5428	-3.937429
5432	-2.149953
5436	-0.726950
5443	1.052417
5444	-6.678652
5458	1.416354
5462	-0.955245
5465	-3.504024
5468	-1.649393
5471	-3.225360
5480	-2.851841
5481	-4.016802
5485	6.019792
5486	7.310064
5488	1.944292
5489	3.636078
5495	3.523665
5513	5.658259
5515	-1.775711
5516	1.124537
5521	2.829682
5527	-6.268084
5528	-9.010554
5536	-1.918648
5537	-3.584898
5547	-1.043333
5565	6.041422
5573	3.242343
5579	7.162078
5583	6.942695
5586	5.063102
5589	0.975875
5590	5.756524
5593	0.950236
5599	0.540461
5604	-5.891469
5605	5.819568
5606	-5.717161
5625	1.536488
5649	-2.772095
5656	-2.541389
5657	0.571327
5658	5.080308
5686	-4.149404
5695	8.193202
5705	5.355399
5706	6.608161
5716	-0.677390
5717	-3.926348
5718	-0.238897
5719	-1.986250
5720	0.246505
5724	-1.816582
5738	-6.191431
5742	-6.791563
5750	-0.275772
5751	3.892006
5756	-0.574717
5761	1.725333
5768	-0.843085
5773	-4.339378
5792	-3.931937
5793	-2.302733
5794	-3.607976
5806	0.152588
5811	-0.668186
5812	2.094270
5813	2.033810
5814	-0.874928
5821	0.070787
5823	-2.362253
5825	-0.908482
5831	-3.194034
5832	-2.355428
5833	5.362362
5847	-1.929307
5849	-2.706029
5851	0.266870
5854	7.085959
5858	-3.862856
5862	-1.570050
5875	-3.042644
5876	-6.096784
5903	-0.871157
5910	3.736400
5912	7.371896
5913	5.960376
5925	-0.871834
5926	-0.806471
5927	-3.439784
5928	-3.099380
5930	-7.869540
5931	-0.755773
5933	-4.598592
5934	-0.537580
5937	-3.973127
5939	-6.359261
5940	-6.014400
5941	-1.937177
5943	-2.578950
5963	-1.558588
5964	-2.722089
5965	0.025087
5966	0.425814
5968	-1.033870
5969	-0.767069
5970	-0.540635
5971	-3.209185
5975	-4.769982
6006	-2.577286
6011	1.160192
6017	-0.465553
6019	0.224866
6022	-0.520831
6032	2.364569
6095	-1.723670
6115	-3.227740
6116	-0.673747
6119	-0.369442
6127	-2.363656
6128	-0.083261
6130	-0.115982
6140	5.333540
6141	-0.450636
6147	0.911021
6148	0.291212
6163	-2.249699
6164	-4.986093
6170	0.327028
6171	1.329992
6177	3.018170
6184	0.847569
6200	-3.784162
6204	-5.298012
6206	-3.737201
6223	0.252477
6240	-0.158794
6245	-2.568232
6253	0.644235
6267	-7.091050
6269	-6.885130
6290	-6.453659
6303	3.172071
6317	-7.433929
6343	-0.950552
6350	-1.339762
6360	-0.641573
6367	-5.153017
6383	-3.944176
6389	-3.553313
6397	-1.413092
6398	0.176457
6406	-2.355270
6407	-5.905880
6412	3.081682
6413	2.948192
6434	0.826511
6435	1.058374
6460	-1.275048
6463	-1.722055
6464	-0.791428
6489	-2.448895
6507	6.298196
6510	1.041659
6516	7.031558
6518	2.353277
6522	8.966023
6523	8.363801
6524	2.892463
6525	5.338844
6531	1.663615
6536	0.953604
6575	0.198222
6584	-3.859330
6585	0.127269
6586	6.309299
6594	1.977996
6595	-3.590683
6610	0.306880
6612	4.214165
6615	-4.395995
6624	-3.767619
6628	-0.736940
6649	-1.103722
6698	-0.464040
6706	7.827887
6718	2.770992
6719	-0.420864
6722	0.752716
6770	3.356144
6780	1.888468
6781	0.976727
6794	-2.633640
6795	0.810125
6796	-1.826430
6799	-3.504279
6809	-2.697783
6837	-4.599313
6838	-3.779100
6839	-5.476595
6846	-3.251849
6865	2.350798
6869	5.523999
6870	1.559124
6871	4.406371
6873	4.335080
6876	3.845738
6885	5.018171
6895	5.090877
6896	6.374763
6897	1.923544
6900	2.515797
6903	-0.823060
6906	0.018951
6916	2.983351
6917	3.139160
6918	3.271630
6919	6.513101
6938	6.031589
6941	8.002659
6942	5.664236
6943	4.374559
6944	4.099638
6948	4.638242
6953	2.670537
6957	2.362890
6958	-1.983196
6970	1.780732
6971	0.058278
6976	5.944507
6977	1.303199
6990	-1.766082
7014	4.511011
7015	2.963273
7016	4.325967
7018	5.946963
7019	5.287700
7042	-1.258305
7053	5.505620
7066	4.542397
7067	-3.816663
7083	2.058657
7092	-0.027241
7100	2.253454
7103	3.385074
7110	4.896680
7111	6.624128
7112	5.777588
7113	2.703779
7116	5.632634
7119	1.671926
7120	3.703267
7121	1.865457
7122	1.194310
7140	2.797568
7143	-4.881581
7157	5.167159
7165	-2.948373
7175	2.678753
7178	3.996029
7206	4.903510
7207	6.091642
7217	-0.115135
7218	6.879225
7221	5.133884
7227	-0.586498
7230	6.665139
7236	-3.529242
7239	-2.283360
7242	4.836678
7260	1.015136
7268	-1.341846
7269	-2.008738
7304	-1.377299
7326	-1.531026
7327	-0.945616
7336	-0.034532
7342	0.429260
7346	-1.645866
7348	-2.467830
7355	-5.252192
7361	0.116397
7372	0.637661
7387	-2.163701
7422	2.526264
7423	6.495525
7425	-2.138584
7436	-1.708107
7442	1.351430
7446	-0.578079
7448	-0.753390
7453	-1.363423
7463	-2.597228
7492	5.603828
7493	1.849860
7494	1.488482
7495	2.711809
7518	-1.968767
7520	-1.317302
7540	0.853068
7546	0.644662
7556	-3.594849
7559	-3.476620
7560	-3.560143
7561	0.853151
7564	-1.801079
7575	-3.333759
7583	-1.375022
7585	-2.647797
7586	-0.278220
7599	0.878715
7600	-3.218243
7606	0.568672
7614	-0.419448
7617	-0.904273
7622	-2.094181
7629	-5.482163
7637	-1.048499
7640	-3.217860
7657	0.172565
7665	-1.032942
7666	-3.131757
7667	-2.476619
7668	-4.811136
7669	-5.883391
7670	-6.366997
7671	-3.886138
7681	3.117875
7683	0.613531
7684	2.025544
7696	-2.554867
7722	-1.631675
7723	-1.495411
7799	1.402594
7852	0.789224
7859	-2.550727
7860	-2.821063
7861	-0.194652
7865	-3.767864
7875	1.087011
7876	2.424216
7895	-3.954739
7913	-0.585759
7917	-3.113296
7952	-2.753539
7969	-3.650829
7971	4.047775
8000	1.358638
8002	2.870098
8006	6.448942
8036	0.716812
8056	-5.004447
8069	-5.638237
8103	0.706654
8107	-1.350802
8120	3.636453
8122	5.850015
8125	0.816895
8127	-0.583980
8136	3.655694
8149	4.178617
8154	4.980658
8197	7.022015
8208	6.600058
8223	-7.563021
8232	-5.130452
8241	5.228800
8256	-0.755022
8262	-1.377910
8266	0.625091
8267	2.099752
8268	0.726571
8269	0.405716
8271	-2.732280
8273	2.630410
8280	5.084169
8284	5.133485
8303	0.511240
8304	-4.443746
8305	-4.120564
8308	-1.602790
8332	1.167010
8333	2.243458
8334	0.803340
8338	3.406900
8363	2.598740
8370	6.710796
8398	-3.819156
8465	4.663705
8468	2.526386
8469	7.106171
8470	5.239804
8507	-0.448270
8552	-1.957679
8572	3.414491
8574	2.861278
8577	11.446158
8586	8.939633
8592	6.707013
8593	8.810777
8594	6.757096
8597	0.757389
8599	5.418675
8606	-0.168240
8607	2.511025
8615	-1.258790
8617	-1.277469
8626	5.567346
8636	1.375574
8669	-0.954627
8671	2.548075
8673	-2.216567
8675	-4.287644
8790	3.612816
8791	1.326112
8811	-0.770831
8822	1.841032
8841	5.236635
8849	4.427077
8856	4.168946
8875	6.038823
8884	-3.582434
8906	3.910579
8907	3.039168
8910	2.463703
8911	-0.852011
8912	1.160405
8913	0.379260
8934	6.571193
8935	6.242649
8954	2.491773
8968	1.322808
8972	1.891376
9001	5.644215
9029	1.252319
9032	-4.058316
9058	0.887926
9059	-0.120130
9068	-3.931493
9070	2.785285
9108	3.106202
9139	2.040992
9140	1.018956
9158	1.553715
9187	-0.505271
9188	2.992857
9189	1.618046
9190	3.088045
9253	-0.335367
9259	-0.578495
9268	2.973873
9269	-1.390334
9271	0.534598
9312	3.040078
9323	-0.300448
9329	-2.433623
9330	-2.492728
9331	-0.473953
9356	0.531909
9376	5.479594
9394	-4.209045
9424	-5.638391
9428	-0.073727
9429	0.006842
9496	-3.083585
9536	-0.539411
9543	-4.582935
9589	0.656878
9614	3.322512
9615	0.925231
9617	2.976259
9631	-2.471871
9661	0.610170
9668	-1.077029
9718	-2.071064
9728	-2.793472
9734	-0.312060
9788	3.501818
9791	4.348078
9793	3.655405
9804	-1.000525
9809	1.278284
9810	0.676350
9823	5.857419
9828	4.237811
9907	1.337095
9951	-2.688148
9968	-1.790378
9969	-0.616833
10010	-1.727578
10011	-0.437171
10012	-1.932667
10018	-0.560654
10021	0.267683
10022	1.287910
10031	-1.247707
10032	-1.053832
10033	-1.839380
10034	-3.815242
10035	-1.658598
10039	3.379799
10044	-0.072644
10045	-2.333311
10060	-5.983301
10065	1.077397
10077	1.537504
10080	-0.482973
10130	-2.147458
10131	-2.685273
10149	-1.053543
10194	-1.080207
10197	3.767750
10221	2.502446
10226	2.607379
10232	1.917725
10233	4.338249
10263	1.491424
10264	0.518585
10274	-0.945687
10286	-7.554746
10292	-4.502144
10299	-1.081472
10302	2.500517
10324	-5.118979
10355	3.905692
10358	2.133857
10362	2.870760
10366	2.837007
10368	6.864504
10370	5.941729
10392	4.712270
10405	8.034448
10406	-1.333587
10409	2.387872
10419	-2.917193
10420	-2.529789
10424	-3.327731
10434	0.863236
10455	0.839471
10478	5.621662
10480	4.564652
10484	3.562004
10510	0.170784
10519	0.565428
10520	-0.378722
10524	0.292918
10578	-3.254089
10630	0.790284
10643	-1.980522
10645	0.448761
10677	-2.073417
10678	0.337892
10690	-2.437908
10717	0.195734
10718	-2.082615
10719	5.417684
10721	0.276900
10723	0.306899
10735	0.117496
10736	1.425561
10829	4.183639
10837	4.228749
10846	5.623593
10921	-3.815594
10922	1.861295
10923	-1.041230
10924	-2.206543
10964	-6.980095
10978	-1.350983
11017	-2.229121
11018	-0.824807
11019	-1.115618
11032	-0.414146
11034	-2.078670
11035	-0.944958
11036	-1.518995
11052	0.648325
11056	4.516886
11060	6.285355
11063	2.041803
11064	0.186189
11068	1.375435
11069	2.272532
11090	-0.953673
11098	-0.665955
11099	-0.617855
11100	-0.939043
11105	4.110869
11109	1.416177
11122	1.977613
11123	1.051658
11125	-2.383498
11126	3.290496
11149	-1.184336
11153	3.430167
11188	-6.094953
11193	-0.390757
11230	-0.687647
11233	2.684573
11236	-2.738293
11243	-4.269333
11251	-5.449660
11259	-3.042985
11263	-2.558340
11272	-2.427739
11321	1.996355
11322	4.182530
11326	2.043184
11327	3.876053
11335	2.037506
11337	3.415774
11343	1.021342
11390	2.523557
11444	4.822561
11464	1.490984
11471	-0.316279
11472	-0.305987
11473	-1.294368
11492	-2.328956
11499	0.600579
11500	-2.449357
11505	-3.504530
11527	0.364170
11528	0.378300
11532	-0.957438
11564	7.959123
11589	3.944281
11591	1.573390
11592	-3.444853
11599	1.875214
11605	-5.742726
11617	-0.173645
11630	3.216963
11631	1.261389
11632	0.236997
11656	-5.254140
11657	-2.158762
11777	0.296290
11786	-4.924876
11812	-0.404855
12020	4.019544
12061	-1.609700
12115	1.630279
12154	4.658752
12155	2.573328
12156	2.786003
12159	1.032810
12174	7.090648
12176	0.402015
12230	6.035877
12234	1.799821
12236	-0.514650
12237	0.744126
12250	2.069162
12252	2.303851
12253	2.791711
12315	2.912938
12381	-0.016635
12382	0.729621
12438	-4.701691
12455	-1.628555
12462	0.146683
12478	-3.844356
12603	-5.043687
12711	5.221146
12714	5.029049
12716	3.983441
12754	4.813168
12785	-8.161066
12788	-7.765649
12792	-6.167749
12898	-3.947377
12944	-5.919891
12949	-1.542802
13062	3.353602
13099	-0.002434
13160	-0.126641
13198	-2.343324
13239	-6.012854
13249	-3.543381
13262	-5.239669
13263	-1.208892
13272	-4.243284
13273	-2.323938
13277	6.146239
13305	-6.112420
13342	6.187711
13343	7.233865
13345	10.428441
13351	6.047237
13357	7.143576
13427	7.752202
13436	11.000788
13455	-0.824371
13528	10.073783
13532	-5.571288
13553	3.596355
13566	4.391126
13651	-1.500741
13653	-4.955649
13675	-5.371520
13676	-2.465007
13677	-5.723109
13678	-5.185821
13681	-5.281253
13688	5.969660
13697	3.648099
13705	3.610105
13708	-4.459007
13737	-6.647273
13760	4.688520
13923	-4.143359
13927	-3.529937
13995	-2.411448
14002	8.148252
14003	6.997815
14021	-4.426628
14034	0.119036
14064	1.059534
14110	6.207810
14155	-3.737991
14203	-5.267679
14208	-0.107499
14340	5.871981
14356	-7.604310
14389	1.539502
14499	-1.034554
14625	2.795854
14632	3.793187
14637	2.729583
14641	4.740141
14685	0.069592
14694	-0.138673
14695	-0.830693
14699	3.556359
14700	-2.070582
14749	-1.024818
14760	-2.939864
14790	-0.319281
14791	0.615960
14796	1.155851
14797	3.206590
14891	5.780440
14927	-2.492754
15099	9.756076
15182	-0.303414
15243	3.073173
15245	1.617603
15254	-5.195108
15322	-2.027529
15327	-6.150476
15463	-1.202102
15496	-0.005658
15499	-0.200452
15502	0.553681
15514	1.980866
15566	-4.835526
15580	-1.335481
15583	-0.408825
15586	1.056153
15601	-3.916793
15621	-0.133543
15780	1.670480
15869	-1.257462
16082	-1.858819
16281	-0.604822
16293	5.267624
16300	-1.407362
16304	-1.567441
16360	-4.935840
16361	-6.147492
16367	-4.547555
16432	-4.632853
16433	-5.517024
16438	-5.064457
16446	-6.719171
16453	-5.925149
16463	0.405015
16466	-6.464718
16477	-6.613712
16482	-3.710868
16605	0.786651
16606	-1.398539
16635	-2.362913
16638	-1.064207
16655	-4.305166
16673	-1.353490
16676	-1.586529
16677	0.701562
16678	-1.150206
16808	-4.660493
16829	2.013911
17150	-0.567917
17182	-0.962899
17199	-0.608677
17273	-6.513105
17431	1.736118
17466	0.707443
17472	-7.222825
17485	4.288315
17585	0.293553
17620	-0.392936
17647	-1.887651
17690	-0.749894
17772	-1.528604
18410	-6.290815
19647	1.070272
21458	0.081792
21885	-2.080236
21973	-5.162596
21976	-3.656401
21977	-4.789601
22084	-4.957766
23475	1.979013
23754	-4.664135
23764	-4.975725
24372	-1.922723
24918	-0.870306
24944	-0.205098
25022	-9.307393
25140	-5.332281
26484	4.839830
27764	-3.364879
28424	-4.317551
28845	-2.312225
29861	1.179491
30684	-0.824212
31288	-9.403306
31704	-4.163138
32421	-1.715843
32520	-2.602230
32893	-5.078488
34340	1.425772
35227	-6.596661
35334	-1.855895
36499	-2.422013
36843	-7.142570
36844	-6.943251
36955	-1.072163
36970	-1.443781
39336	-0.211007
39353	-2.461022
40538	-1.970956
40541	0.534372
40542	-0.411312
40599	-4.264707
40601	0.428244
40602	-1.230736
40656	-2.732591
40657	-3.144666
42157	2.623598
42203	-0.266044
42204	-3.668716
42851	-0.747277
43061	-5.438454
44144	-1.778494
45195	-0.647151
47030	-5.145060
47285	-3.049812
47317	-8.719565
47457	-3.620483
47460	-2.911854
48147	-2.071151
48297	3.573551
48474	1.489544
48696	1.476799
49516	-3.629065
49630	-4.497185
49927	-3.789277
50199	-4.395512
50249	-3.974028
50259	-6.730248
50904	-2.960704
53231	-0.156887
53471	-2.616272
53531	-7.070738
53986	-1.728466
55057	-3.087591
56431	-3.025210
56432	-2.701533
56466	-1.648490
56478	2.302647
56621	-3.977051
57644	-3.359211
57756	1.034828
58783	0.180076
59657	-3.097398
59715	1.637488
64825	-6.809075
64947	-3.044071
65950	0.563545
70102	-5.625417
75003	-1.103454
75099	-0.060182
75742	-3.441157
75823	2.874045
75824	0.746950
78157	-0.687147
78181	-1.896703
78191	0.410340
80479	-4.147307
80480	-4.050549
80715	-1.500539
80719	0.110841
80750	-3.484939
81231	0.734010
84436	-5.140101
84780	6.355670
84844	-2.509189
85002	-1.362281
85003	2.207223
85659	-0.351047
85663	-1.213002
85710	-0.370706
92185	-3.170369
96142	-5.198326
96144	-3.504559
96482	-2.904018
98871	-2.002535
