# 1342 minima projected onto PC103
Min	PC
3	-0.021214
4	-0.038542
5	-0.010449
6	0.007747
7	0.019394
9	0.005840
16	-0.019594
17	-0.003566
21	-0.039170
23	0.022832
31	-0.040720
44	-0.033154
47	-0.012623
48	0.014867
51	-0.009678
52	0.011301
55	-0.028272
56	0.000379
57	-0.019705
58	0.008182
60	-0.024966
67	0.027261
68	-0.016211
71	0.013053
72	-0.001045
74	-0.045084
79	0.028340
82	0.010481
85	-0.030809
86	-0.026135
87	-0.004591
88	0.002341
91	-0.003825
92	-0.009756
94	-0.027749
95	0.020709
97	0.015269
104	0.013730
106	0.013747
109	0.019524
111	-0.001093
115	0.098534
120	-0.033370
126	0.019485
129	-0.115012
136	-0.025542
137	-0.027577
188	-0.020522
189	-0.012484
196	-0.020846
199	0.004969
200	0.005770
202	0.025047
211	0.002820
213	0.048808
214	0.006673
219	-0.020596
221	-0.011422
276	0.004202
279	-0.012218
283	-0.002969
295	-0.008550
308	0.007432
312	0.015377
315	-0.138781
318	0.009167
319	-0.007588
321	-0.028013
324	-0.005290
328	0.007769
334	-0.014639
336	0.035465
338	-0.019621
347	-0.025507
351	0.056172
352	-0.012524
354	0.011699
357	0.087682
359	0.008031
362	0.044493
364	-0.027561
365	-0.005010
368	0.060441
376	0.001211
377	-0.010044
380	-0.029063
386	-0.006530
388	0.000645
390	0.038616
396	0.000015
404	0.006630
410	-0.022181
413	-0.005415
420	-0.006026
423	0.023845
424	-0.037291
437	-0.024785
438	0.007776
444	-0.005027
452	-0.006383
473	-0.004423
474	-0.041432
475	0.000959
476	-0.035156
478	-0.008794
479	-0.009889
480	-0.012820
483	0.055877
503	-0.003089
508	-0.029553
509	-0.129472
530	0.012739
536	-0.027691
556	-0.009185
581	0.001966
583	0.029568
603	-0.020416
606	0.019419
607	0.004372
620	0.028555
628	0.045355
636	-0.012339
637	-0.010818
639	0.007225
640	-0.005822
644	-0.002106
645	-0.011352
677	0.001099
678	0.006354
679	0.010261
682	-0.004957
698	-0.012699
700	0.003905
710	0.023597
722	0.000870
723	0.002628
724	0.009887
725	0.016512
726	0.023252
747	-0.051910
753	-0.006904
755	-0.007081
757	0.010571
765	-0.049204
782	-0.001183
783	-0.021539
793	-0.025953
808	-0.000823
814	-0.071059
840	0.036708
848	0.030712
859	-0.025978
864	-0.008661
867	-0.036905
878	-0.001016
888	0.001210
890	-0.143568
892	0.016352
899	-0.006301
918	0.014965
926	-0.016250
933	0.006638
934	0.013510
981	-0.007991
1028	0.006991
1034	0.004797
1051	-0.021603
1054	0.013433
1058	-0.073302
1062	0.028281
1063	0.038685
1064	0.013468
1066	-0.000498
1068	0.001590
1073	-0.018625
1082	-0.007761
1083	-0.017280
1086	0.002888
1089	-0.000631
1090	0.001901
1091	0.006125
1092	0.005823
1164	0.018909
1165	-0.011184
1174	0.084442
1176	-0.012550
1184	-0.005717
1191	-0.010991
1192	-0.006224
1201	-0.060699
1230	-0.021157
1339	-0.010948
1341	-0.007512
1370	-0.029273
1385	0.005724
1405	0.015038
1437	0.010528
1441	-0.045267
1443	-0.017599
1521	0.015133
1522	0.016751
1523	0.013910
1524	-0.053350
1525	-0.016751
1541	-0.015892
1542	-0.029742
1550	-0.007056
1551	0.026641
1596	0.003114
1597	0.011750
1628	0.002400
1629	-0.024265
1633	0.014552
1636	0.011737
1637	-0.011869
1765	-0.027553
1766	-0.024641
1780	0.005464
1862	0.013942
1865	-0.008207
1870	0.001173
1885	0.049976
1910	-0.002221
1911	0.002560
2007	0.011278
2060	0.003205
2062	-0.042957
2090	-0.019039
2093	-0.005991
2094	-0.007075
2095	-0.003872
2096	-0.015770
2100	-0.006194
2101	0.026582
2102	0.021075
2103	0.025905
2104	0.018137
2105	-0.045050
2128	0.029218
2129	0.013788
2135	0.026850
2190	0.011537
2195	0.031323
2197	0.019760
2198	-0.004427
2199	0.017438
2200	-0.018221
2201	-0.024770
2202	-0.005262
2205	-0.004876
2217	-0.029461
2218	0.049867
2221	-0.031439
2272	0.017044
2273	-0.006937
2275	0.025592
2288	-0.014444
2293	0.001078
2298	-0.001653
2299	-0.002514
2300	-0.010362
2301	0.038213
2338	0.028582
2342	-0.001368
2343	-0.018468
2358	-0.028022
2384	-0.025728
2385	0.013430
2399	0.016467
2435	0.032620
2436	0.008142
2465	0.046854
2467	-0.027967
2468	0.021932
2469	0.032132
2470	0.014104
2471	-0.000623
2474	-0.025288
2620	0.011919
2650	-0.000360
2651	-0.002963
2685	0.003894
2688	-0.005460
2730	-0.030075
2843	-0.026188
2951	0.006095
2959	0.010203
3236	0.019357
3305	0.008164
3318	0.016032
3340	-0.008795
3352	-0.016747
3355	-0.061967
3356	-0.033005
3365	0.003466
3366	0.015635
3367	0.004580
3368	0.000764
3401	0.003506
3405	0.052256
3434	0.016235
3448	0.044143
3454	-0.033695
3481	-0.051021
3495	0.017329
3504	0.003988
3532	-0.017361
3540	0.023696
3549	0.010120
3550	-0.008230
3569	0.005971
3595	0.014668
3596	0.024321
3603	-0.017995
3621	0.032679
3622	-0.000170
3647	-0.009605
3649	0.030046
3651	-0.000621
3652	0.015486
3723	-0.009154
3757	-0.022456
3772	0.026613
3787	-0.030863
3798	-0.022395
3799	-0.027038
3889	-0.015132
3897	-0.028709
3898	0.007130
3904	0.036332
3945	0.004669
3990	-0.013848
4024	0.018249
4039	-0.021649
4048	-0.012404
4050	0.011534
4076	-0.007041
4094	0.011176
4170	-0.034995
4251	0.031033
4252	0.003366
4299	0.017214
4302	-0.005454
4318	-0.034862
4319	0.030877
4320	0.018886
4360	-0.004942
4388	-0.015310
4414	-0.000469
4426	0.042895
4446	0.033322
4527	-0.019334
4545	-0.016351
4546	-0.024484
4554	0.004558
4564	-0.022050
4567	-0.001907
4634	-0.021822
4693	-0.024324
4736	-0.007604
4761	0.015754
4879	-0.003084
5071	-0.014614
5138	-0.005085
5164	-0.008741
5182	0.005239
5183	0.039982
5184	-0.000243
5187	0.026048
5188	0.014087
5189	-0.008220
5193	0.038166
5194	0.009345
5195	0.022762
5197	-0.031850
5203	-0.025822
5205	0.014657
5212	0.017064
5213	0.018417
5222	0.006337
5223	-0.064526
5228	-0.032302
5232	0.035850
5244	-0.000790
5245	-0.017206
5246	0.026145
5248	-0.003646
5292	0.003864
5293	-0.036535
5299	0.071527
5300	-0.111718
5315	-0.010776
5316	-0.021426
5319	-0.009759
5320	-0.021045
5321	-0.003139
5322	-0.095164
5323	0.002817
5324	-0.006672
5325	-0.005141
5329	-0.097701
5342	-0.018802
5343	0.012687
5374	0.017152
5376	0.029235
5378	0.059750
5379	0.017449
5382	0.008345
5390	0.042163
5398	-0.005954
5402	-0.002969
5404	0.080058
5407	-0.024177
5408	-0.020961
5409	-0.005670
5411	-0.048449
5412	-0.046278
5413	-0.006272
5416	-0.026399
5418	-0.027543
5422	-0.004058
5425	-0.022865
5427	-0.026747
5428	0.012605
5432	0.024241
5436	-0.025513
5443	0.027797
5444	-0.105026
5458	0.054422
5462	-0.017766
5465	-0.011600
5468	0.010044
5471	-0.019391
5480	0.032229
5481	0.072931
5485	0.018573
5486	0.013112
5488	0.016559
5489	0.033344
5495	0.031429
5513	0.000771
5515	0.004155
5516	0.012821
5521	-0.006058
5527	-0.044221
5528	0.011989
5536	-0.013986
5537	-0.001722
5547	-0.024399
5565	-0.009150
5573	-0.008697
5579	0.033120
5583	-0.075472
5586	-0.010113
5589	-0.040142
5590	-0.024908
5593	0.013466
5599	-0.084338
5604	0.136747
5605	-0.010443
5606	-0.023783
5625	-0.022243
5649	-0.009357
5656	-0.008762
5657	-0.027534
5658	0.017732
5686	-0.021786
5695	-0.007423
5705	-0.003565
5706	-0.001659
5716	0.002897
5717	-0.025883
5718	-0.004477
5719	-0.024273
5720	0.043934
5724	0.006089
5738	0.032767
5742	0.045862
5750	0.006922
5751	0.003293
5756	-0.006618
5761	0.046201
5768	-0.021677
5773	-0.033036
5792	-0.026853
5793	0.033696
5794	-0.028688
5806	0.025474
5811	-0.040478
5812	-0.000586
5813	-0.001615
5814	-0.033068
5821	0.022735
5823	0.045485
5825	-0.006092
5831	-0.050432
5832	0.008638
5833	-0.001498
5847	0.013590
5849	-0.032323
5851	0.037672
5854	0.030977
5858	0.019540
5862	-0.010692
5875	-0.102353
5876	0.000248
5903	-0.001064
5910	0.021595
5912	-0.008582
5913	0.063091
5925	-0.039014
5926	-0.050488
5927	-0.015690
5928	0.011253
5930	-0.003649
5931	-0.021832
5933	-0.011704
5934	0.026838
5937	-0.031150
5939	-0.023656
5940	0.056916
5941	0.018163
5943	0.018955
5963	-0.034837
5964	0.022426
5965	-0.017066
5966	0.004630
5968	0.027940
5969	0.015640
5970	0.009477
5971	0.042802
5975	0.032878
6006	-0.017867
6011	0.028854
6017	-0.029909
6019	0.034382
6022	-0.050439
6032	0.036993
6095	-0.014333
6115	-0.004558
6116	0.023935
6119	-0.004979
6127	0.021824
6128	0.006466
6130	0.016030
6140	0.001048
6141	-0.046339
6147	0.071697
6148	0.076619
6163	-0.006877
6164	-0.004389
6170	-0.019763
6171	-0.037226
6177	-0.015771
6184	-0.018919
6200	-0.015598
6204	-0.098599
6206	0.030739
6223	0.012496
6240	-0.000809
6245	-0.014354
6253	0.020844
6267	0.005977
6269	-0.040242
6290	0.038515
6303	-0.009160
6317	0.008467
6343	0.044128
6350	0.069628
6360	0.004675
6367	0.064240
6383	0.010721
6389	0.043178
6397	0.012468
6398	0.045959
6406	0.021785
6407	0.029751
6412	0.020257
6413	0.015551
6434	-0.030131
6435	-0.039058
6460	0.029091
6463	0.020926
6464	-0.002865
6489	-0.011197
6507	0.010100
6510	0.012785
6516	0.005606
6518	-0.084056
6522	0.039661
6523	0.004850
6524	-0.018247
6525	0.015533
6531	0.001812
6536	0.007309
6575	0.011922
6584	0.006084
6585	0.032755
6586	-0.001639
6594	0.028433
6595	0.010295
6610	0.069300
6612	0.027247
6615	0.021553
6624	0.004832
6628	-0.026616
6649	-0.015710
6698	0.063883
6706	-0.018069
6718	0.022003
6719	-0.048649
6722	0.036774
6770	0.014311
6780	-0.011813
6781	-0.000004
6794	-0.021509
6795	-0.029420
6796	-0.032538
6799	0.024664
6809	-0.005349
6837	0.034407
6838	0.001991
6839	0.059908
6846	0.021319
6865	-0.029442
6869	0.000404
6870	-0.060483
6871	-0.018842
6873	0.017615
6876	-0.004686
6885	0.006666
6895	-0.009518
6896	0.061830
6897	0.011999
6900	-0.039296
6903	0.024094
6906	-0.071649
6916	0.001567
6917	-0.004523
6918	0.083863
6919	-0.052264
6938	0.002345
6941	0.021695
6942	0.054798
6943	0.017578
6944	-0.018131
6948	0.029893
6953	-0.030548
6957	-0.062049
6958	-0.003957
6970	0.064111
6971	-0.024709
6976	0.016668
6977	-0.037994
6990	-0.021592
7014	0.020234
7015	-0.026255
7016	-0.020895
7018	0.019362
7019	0.033100
7042	0.017736
7053	-0.075167
7066	-0.020034
7067	-0.057712
7083	-0.002094
7092	-0.012999
7100	0.028012
7103	0.004842
7110	0.004517
7111	-0.000317
7112	-0.032657
7113	-0.018587
7116	0.002902
7119	-0.038702
7120	0.007738
7121	-0.035166
7122	0.016765
7140	-0.026814
7143	-0.129508
7157	-0.010444
7165	0.010848
7175	0.011108
7178	0.009165
7206	-0.038592
7207	0.076204
7217	-0.001682
7218	-0.066816
7221	-0.017561
7227	0.025093
7230	0.035617
7236	-0.004466
7239	0.017899
7242	0.001236
7260	0.011067
7268	0.083940
7269	0.018376
7304	0.024874
7326	0.001437
7327	-0.023209
7336	0.013049
7342	-0.002478
7346	0.011354
7348	-0.028161
7355	-0.058494
7361	0.015408
7372	-0.012193
7387	-0.010586
7422	0.000989
7423	-0.007343
7425	0.031567
7436	0.011712
7442	0.045583
7446	-0.042005
7448	-0.026121
7453	0.005555
7463	-0.036570
7492	0.005117
7493	-0.007932
7494	0.041034
7495	0.012823
7518	-0.009210
7520	-0.046087
7540	0.010631
7546	0.020424
7556	0.034548
7559	-0.018823
7560	-0.027766
7561	-0.009262
7564	-0.013096
7575	0.007023
7583	-0.052685
7585	0.005598
7586	0.021486
7599	0.083598
7600	0.007304
7606	0.060340
7614	0.008667
7617	-0.017692
7622	-0.016653
7629	-0.017311
7637	0.042426
7640	0.002924
7657	0.013137
7665	0.007161
7666	0.012740
7667	-0.005899
7668	-0.001300
7669	-0.111724
7670	0.015227
7671	-0.004584
7681	0.156955
7683	0.007633
7684	-0.006579
7696	-0.096653
7722	0.000952
7723	-0.007579
7799	-0.006996
7852	0.006034
7859	0.020036
7860	0.011976
7861	0.005309
7865	-0.007298
7875	-0.010666
7876	0.057292
7895	0.049309
7913	0.014321
7917	-0.062143
7952	0.040148
7969	0.027454
7971	0.020882
8000	0.009650
8002	-0.024564
8006	0.081484
8036	0.000046
8056	0.025681
8069	0.034738
8103	-0.006307
8107	0.005913
8120	0.013383
8122	0.011391
8125	-0.025465
8127	0.015923
8136	0.005699
8149	0.007552
8154	0.024955
8197	0.004996
8208	-0.062269
8223	-0.102953
8232	0.038024
8241	0.025050
8256	-0.047248
8262	-0.000986
8266	0.012059
8267	0.032932
8268	0.003818
8269	0.002285
8271	0.015579
8273	-0.008965
8280	-0.023070
8284	0.012107
8303	0.008571
8304	-0.000179
8305	-0.008486
8308	0.003531
8332	-0.092849
8333	-0.046137
8334	0.036126
8338	0.060925
8363	-0.070894
8370	-0.000373
8398	0.039479
8465	0.115313
8468	0.021415
8469	-0.017036
8470	0.025465
8507	0.000055
8552	-0.032343
8572	0.014654
8574	0.013862
8577	-0.030434
8586	-0.028057
8592	0.004825
8593	-0.008169
8594	-0.015594
8597	0.008361
8599	0.006782
8606	-0.023052
8607	0.018994
8615	0.011353
8617	0.012399
8626	-0.020575
8636	-0.040905
8669	0.014712
8671	0.039675
8673	-0.015825
8675	0.023294
8790	0.013081
8791	0.001358
8811	-0.027778
8822	0.045625
8841	0.010515
8849	-0.006442
8856	-0.003933
8875	0.046795
8884	0.013757
8906	-0.024451
8907	0.013772
8910	0.012633
8911	-0.133817
8912	-0.001277
8913	0.038380
8934	0.008522
8935	0.016310
8954	-0.058370
8968	-0.021439
8972	0.002086
9001	-0.037994
9029	0.007582
9032	0.009510
9058	-0.060599
9059	-0.004514
9068	-0.002408
9070	0.024442
9108	0.026469
9139	-0.063188
9140	-0.090077
9158	-0.020181
9187	-0.036512
9188	0.029618
9189	0.062516
9190	0.008455
9253	0.017538
9259	-0.015710
9268	0.006900
9269	-0.010470
9271	0.049599
9312	-0.003189
9323	0.008208
9329	-0.000436
9330	0.006330
9331	0.013445
9356	0.036553
9376	-0.013144
9394	0.018582
9424	0.006549
9428	-0.000742
9429	-0.011442
9496	-0.020213
9536	-0.004227
9543	-0.010303
9589	-0.054220
9614	0.000399
9615	0.041837
9617	0.063968
9631	-0.048294
9661	-0.000279
9668	0.009868
9718	0.025296
9728	-0.025277
9734	-0.029659
9788	0.003218
9791	0.037170
9793	-0.002769
9804	0.008533
9809	-0.017962
9810	-0.020279
9823	-0.029597
9828	-0.048739
9907	-0.014213
9951	-0.013534
9968	0.003918
9969	0.023881
10010	-0.005987
10011	-0.037415
10012	-0.017616
10018	-0.028406
10021	-0.026095
10022	-0.024420
10031	-0.021142
10032	-0.028407
10033	-0.001960
10034	-0.001061
10035	0.013152
10039	0.039325
10044	-0.002492
10045	0.002580
10060	-0.163047
10065	-0.044222
10077	0.013623
10080	-0.019547
10130	0.000217
10131	0.025689
10149	-0.007269
10194	-0.002682
10197	0.088974
10221	0.030944
10226	-0.042406
10232	0.069611
10233	0.077428
10263	-0.016368
10264	0.000438
10274	-0.013741
10286	-0.015899
10292	-0.018025
10299	0.009909
10302	-0.034840
10324	-0.021331
10355	0.004903
10358	-0.024145
10362	-0.015831
10366	-0.042664
10368	0.029704
10370	-0.012755
10392	0.023037
10405	-0.078406
10406	0.012646
10409	-0.015649
10419	0.004787
10420	-0.015417
10424	0.017666
10434	0.001155
10455	-0.027667
10478	-0.016450
10480	0.027673
10484	-0.014978
10510	0.035550
10519	0.013675
10520	-0.038095
10524	0.049793
10578	-0.134267
10630	0.002778
10643	0.016695
10645	0.003767
10677	-0.013032
10678	-0.000117
10690	0.008821
10717	-0.004037
10718	-0.007967
10719	0.045389
10721	-0.019455
10723	-0.010938
10735	-0.011574
10736	0.012112
10829	0.003779
10837	0.020172
10846	0.000589
10921	-0.022695
10922	0.002710
10923	-0.007510
10924	-0.004930
10964	0.003204
10978	0.039026
11017	-0.012188
11018	-0.033138
11019	-0.006211
11032	0.013120
11034	0.041698
11035	0.042037
11036	0.008303
11052	0.016898
11056	0.002684
11060	0.032051
11063	0.022494
11064	-0.044220
11068	0.047769
11069	0.049144
11090	-0.021470
11098	-0.019460
11099	0.005708
11100	0.007875
11105	-0.019645
11109	0.034194
11122	-0.013765
11123	0.005283
11125	0.005919
11126	0.007527
11149	0.005794
11153	-0.056179
11188	0.001344
11193	0.044567
11230	-0.030275
11233	0.006381
11236	-0.052681
11243	0.036366
11251	0.037786
11259	-0.012313
11263	0.000037
11272	-0.056206
11321	0.022056
11322	0.028654
11326	0.017577
11327	0.041012
11335	0.062525
11337	-0.033948
11343	0.025225
11390	-0.017261
11444	0.070082
11464	-0.010921
11471	-0.007282
11472	-0.012517
11473	0.043084
11492	0.022451
11499	-0.024948
11500	-0.032109
11505	-0.004212
11527	0.027144
11528	0.027767
11532	-0.051262
11564	0.038546
11589	-0.001177
11591	-0.085852
11592	0.002802
11599	-0.031278
11605	-0.047459
11617	-0.010892
11630	0.013973
11631	0.070090
11632	-0.091390
11656	0.138025
11657	0.006390
11777	-0.004039
11786	0.006704
11812	0.001035
12020	0.027235
12061	0.028045
12115	-0.004785
12154	0.024114
12155	0.001464
12156	-0.010656
12159	-0.029404
12174	-0.052138
12176	-0.042560
12230	0.005403
12234	0.011537
12236	0.003454
12237	0.007043
12250	0.037927
12252	0.018918
12253	0.035936
12315	0.034292
12381	-0.056575
12382	0.009312
12438	-0.017652
12455	0.057457
12462	0.033083
12478	0.001404
12603	0.101110
12711	-0.016488
12714	-0.013137
12716	0.004443
12754	-0.032059
12785	-0.025794
12788	-0.089450
12792	0.021892
12898	0.016138
12944	0.176773
12949	-0.029415
13062	-0.042488
13099	-0.001119
13160	0.061276
13198	0.003719
13239	0.001980
13249	-0.033572
13262	0.026921
13263	0.025882
13272	-0.017286
13273	-0.024092
13277	-0.028080
13305	0.042487
13342	-0.062983
13343	-0.015619
13345	-0.055889
13351	-0.017421
13357	-0.004991
13427	0.022145
13436	0.068805
13455	0.015719
13528	-0.073710
13532	-0.138002
13553	-0.028147
13566	0.077076
13651	-0.007146
13653	-0.040759
13675	0.003045
13676	0.046358
13677	0.031903
13678	0.024750
13681	0.027507
13688	-0.008083
13697	0.018915
13705	-0.014076
13708	-0.041386
13737	-0.071187
13760	-0.013020
13923	-0.015629
13927	-0.027469
13995	-0.003628
14002	-0.025799
14003	-0.015516
14021	0.034777
14034	-0.006145
14064	-0.002338
14110	0.040131
14155	-0.043437
14203	-0.017123
14208	0.012753
14340	-0.027765
14356	-0.084028
14389	-0.017556
14499	0.008770
14625	0.017688
14632	-0.010102
14637	-0.018378
14641	-0.046274
14685	-0.034241
14694	0.031856
14695	0.005605
14699	-0.057851
14700	0.030892
14749	-0.044325
14760	-0.013483
14790	0.057113
14791	0.015737
14796	0.021892
14797	0.027113
14891	-0.036599
14927	0.050693
15099	0.005563
15182	-0.078592
15243	-0.005731
15245	0.052892
15254	-0.002171
15322	0.034561
15327	0.011049
15463	-0.003984
15496	-0.008589
15499	-0.011263
15502	-0.001547
15514	0.045236
15566	-0.001901
15580	0.034012
15583	0.018879
15586	0.054709
15601	0.043833
15621	-0.009932
15780	0.030241
15869	-0.015077
16082	-0.028158
16281	0.020393
16293	-0.086220
16300	0.008551
16304	0.009627
16360	0.035768
16361	0.009562
16367	0.064291
16432	-0.039333
16433	0.020692
16438	-0.000380
16446	0.026189
16453	0.058767
16463	0.007274
16466	0.011308
16477	0.033350
16482	0.057945
16605	-0.008241
16606	0.099437
16635	0.004359
16638	0.044379
16655	0.079506
16673	0.061934
16676	-0.036499
16677	-0.024113
16678	0.015413
16808	0.003995
16829	0.018042
17150	0.002952
17182	0.002861
17199	-0.020428
17273	-0.000814
17431	0.012571
17466	-0.001212
17472	0.072464
17485	0.005086
17585	0.006905
17620	0.011916
17647	-0.115361
17690	0.043981
17772	-0.008573
18410	0.011656
19647	-0.058210
21458	-0.005512
21885	0.007649
21973	-0.014165
21976	-0.033138
21977	-0.019108
22084	0.012653
23475	-0.024910
23754	0.012369
23764	0.002230
24372	-0.009191
24918	-0.016158
24944	0.010288
25022	0.077045
25140	0.003854
26484	-0.009037
27764	0.005702
28424	0.005954
28845	0.037260
29861	-0.043267
30684	0.053567
31288	-0.014609
31704	-0.015850
32421	-0.000871
32520	0.007031
32893	-0.023515
34340	0.064965
35227	-0.067873
35334	-0.021830
36499	0.022470
36843	0.031989
36844	0.028212
36955	-0.002544
36970	-0.053166
39336	0.032883
39353	-0.013246
40538	-0.005035
40541	0.041191
40542	0.034399
40599	-0.048993
40601	0.033153
40602	0.042756
40656	0.010306
40657	0.001468
42157	-0.007177
42203	-0.004221
42204	-0.034611
42851	-0.012943
43061	-0.012287
44144	0.003656
45195	-0.020148
47030	-0.009213
47285	-0.009160
47317	-0.020716
47457	-0.037468
47460	-0.010865
48147	0.008145
48297	0.064018
48474	-0.007781
48696	0.001785
49516	0.038986
49630	0.005403
49927	-0.059004
50199	0.061513
50249	0.019193
50259	-0.019724
50904	0.012908
53231	0.040121
53471	-0.057774
53531	0.029607
53986	0.018597
55057	0.008421
56431	0.032217
56432	0.034440
56466	-0.008326
56478	0.064781
56621	0.001586
57644	-0.020761
57756	0.018281
58783	0.029161
59657	0.021250
59715	0.011814
64825	0.032125
64947	0.051228
65950	0.024955
70102	-0.004276
75003	0.023243
75099	0.021179
75742	0.026600
75823	-0.099736
75824	-0.061389
78157	-0.005154
78181	0.109304
78191	0.013892
80479	-0.028994
80480	-0.016893
80715	-0.042267
80719	-0.001180
80750	0.021371
81231	0.039378
84436	0.084803
84780	-0.001203
84844	-0.002024
85002	0.010384
85003	-0.051936
85659	0.019523
85663	-0.016096
85710	-0.024161
92185	0.005653
96142	-0.001080
96144	0.012082
96482	-0.129155
98871	-0.006484
