# 1342 minima projected onto PC52
# Min	PC
3	0.171519
4	0.006672
5	-0.029161
6	-0.001571
7	0.547199
9	-0.162766
16	0.023664
17	-0.042464
21	0.028477
23	-0.758161
31	-0.158438
44	0.102587
47	0.287545
48	-0.178125
51	0.000409
52	0.075194
55	-0.386762
56	0.166134
57	0.278783
58	-0.006191
60	0.031207
67	0.075544
68	-0.026631
71	0.198145
72	-0.115898
74	-0.132653
79	-0.025735
82	-0.898459
85	-0.123951
86	0.226273
87	-0.113999
88	0.056993
91	-0.075175
92	-0.126791
94	-0.084767
95	-0.088239
97	-0.017677
104	0.064865
106	-0.050553
109	0.031258
111	0.571463
115	-0.590141
120	0.075918
126	-0.335963
129	0.152973
136	-0.015888
137	0.016709
188	0.001042
189	0.087370
196	-0.281131
199	-0.081536
200	0.156443
202	-0.720138
211	-0.020223
213	-0.771312
214	-0.190313
219	-0.082488
221	-0.341930
276	0.121794
279	-0.022860
283	-0.154487
295	0.005895
308	0.047712
312	0.019954
315	-0.062045
318	0.051045
319	0.049875
321	0.064624
324	0.127831
328	0.032997
334	0.021795
336	1.139053
338	-0.191000
347	-0.137641
351	0.016350
352	-0.032838
354	0.092256
357	-0.048824
359	0.218122
362	-0.075750
364	-0.015947
365	0.151196
368	0.241088
376	-0.001508
377	-0.029044
380	-0.022187
386	-0.005576
388	0.334780
390	0.844014
396	-0.272105
404	-0.106877
410	0.173151
413	0.154151
420	0.259175
423	0.099570
424	-0.009879
437	-0.041603
438	0.012000
444	0.059734
452	-0.075699
473	0.009846
474	0.136003
475	-0.085818
476	-0.059486
478	0.096835
479	-0.207850
480	0.177823
483	0.277179
503	0.452019
508	-0.033227
509	-0.000635
530	-0.011248
536	-0.055850
556	-0.023848
581	0.026710
583	0.026049
603	0.095577
606	0.024907
607	-0.004492
620	0.606536
628	-0.889425
636	-0.019626
637	0.744693
639	0.213267
640	-0.164962
644	0.014108
645	-0.040107
677	0.021486
678	-0.233719
679	-0.110813
682	-0.262034
698	0.069116
700	-0.146900
710	0.706933
722	0.030491
723	-0.140712
724	-0.055127
725	0.365689
726	0.111485
747	-0.487460
753	0.015005
755	-0.233383
757	0.105928
765	-0.110849
782	0.217389
783	0.093098
793	-0.268164
808	-0.085654
814	0.659993
840	0.168456
848	-0.058378
859	0.053040
864	-0.094836
867	0.030478
878	0.246457
888	-0.055917
890	0.226660
892	-0.118281
899	0.031572
918	0.152464
926	0.045117
933	0.026013
934	0.050762
981	0.174042
1028	0.332775
1034	0.116871
1051	0.179540
1054	-0.029981
1058	-0.032221
1062	-0.281998
1063	-0.104811
1064	-0.146168
1066	0.063556
1068	-0.205253
1073	0.257365
1082	0.149788
1083	0.073818
1086	0.187703
1089	-0.045091
1090	0.099058
1091	0.140851
1092	-0.071443
1164	-0.023856
1165	-0.067481
1174	0.273161
1176	0.272158
1184	0.166259
1191	0.164211
1192	0.255219
1201	0.149538
1230	-0.045541
1339	-0.003684
1341	0.245718
1370	-0.077105
1385	-0.728985
1405	0.417111
1437	-0.116404
1441	0.060425
1443	0.076501
1521	0.064301
1522	0.046615
1523	-0.117996
1524	-0.059718
1525	-0.086951
1541	-0.184387
1542	0.152732
1550	-0.137221
1551	-0.133197
1596	0.047673
1597	-0.216529
1628	-0.033759
1629	-0.311585
1633	0.105298
1636	-0.834859
1637	0.749024
1765	-0.552371
1766	-0.107103
1780	0.192145
1862	0.130680
1865	-0.009651
1870	0.080415
1885	-0.704139
1910	0.120191
1911	0.058080
2007	0.487558
2060	-0.221465
2062	-0.467997
2090	-0.202609
2093	-0.111266
2094	-0.032835
2095	0.123894
2096	-0.191516
2100	0.187547
2101	0.636757
2102	0.606769
2103	0.536756
2104	0.510034
2105	-0.458662
2128	-0.092942
2129	-0.077106
2135	0.050846
2190	0.083652
2195	0.157135
2197	-0.358153
2198	0.001999
2199	0.247452
2200	-0.131420
2201	-0.046392
2202	0.104826
2205	-0.034575
2217	0.082802
2218	-0.085375
2221	-0.330234
2272	0.082909
2273	0.054587
2275	-0.395643
2288	0.270814
2293	-0.040859
2298	-0.024865
2299	0.076539
2300	-0.005188
2301	0.215108
2338	0.013001
2342	0.124947
2343	-0.072126
2358	0.098130
2384	-0.142221
2385	0.032111
2399	0.277240
2435	-0.410916
2436	0.285254
2465	-0.102976
2467	-0.378640
2468	-0.225102
2469	-0.125890
2470	-0.164097
2471	-0.202014
2474	-0.336090
2620	0.101804
2650	0.000327
2651	-0.216428
2685	-0.300148
2688	-0.438581
2730	-0.410681
2843	-0.065392
2951	0.448732
2959	0.005617
3236	-0.038656
3305	-0.604430
3318	0.163787
3340	0.100158
3352	-0.218359
3355	-0.412647
3356	0.136971
3365	-0.077026
3366	-0.063053
3367	0.098088
3368	0.128108
3401	0.274279
3405	-0.563799
3434	0.099999
3448	-0.041929
3454	-0.093142
3481	-0.182906
3495	0.223066
3504	0.246929
3532	-0.169036
3540	-0.062776
3549	-0.020989
3550	-0.021842
3569	0.030148
3595	0.164964
3596	0.088992
3603	0.224778
3621	-0.031204
3622	0.039351
3647	0.073719
3649	-0.015931
3651	-0.123325
3652	0.322013
3723	-0.179112
3757	-0.259664
3772	-0.049165
3787	-0.150151
3798	0.087506
3799	0.001101
3889	-0.030426
3897	0.155595
3898	-0.048461
3904	-0.027587
3945	-0.092632
3990	0.109418
4024	0.087662
4039	0.238881
4048	-0.239906
4050	0.007629
4076	-0.070868
4094	-0.429409
4170	-0.002549
4251	-0.070709
4252	-0.093064
4299	0.021845
4302	-0.081682
4318	-0.033862
4319	-0.177930
4320	-0.041983
4360	-0.178635
4388	-0.024727
4414	0.029481
4426	0.209921
4446	-0.077689
4527	0.230516
4545	-0.145010
4546	-0.052317
4554	-0.018363
4564	-0.001055
4567	-0.073659
4634	0.111304
4693	-0.057939
4736	-0.055516
4761	-0.280190
4879	0.054441
5071	-0.188581
5138	0.034075
5164	-0.132393
5182	-0.095993
5183	-0.146620
5184	0.273223
5187	0.160829
5188	0.209773
5189	-0.244400
5193	0.071778
5194	0.135705
5195	0.110532
5197	-0.102893
5203	-0.142675
5205	0.233262
5212	-0.081598
5213	-0.230287
5222	-0.024337
5223	0.030053
5228	-0.215473
5232	0.061354
5244	-0.015889
5245	-0.031832
5246	0.148380
5248	0.019668
5292	0.014357
5293	-0.125731
5299	-0.612932
5300	-0.842053
5315	0.014455
5316	0.004413
5319	0.070016
5320	0.108101
5321	0.136982
5322	-0.097866
5323	0.003036
5324	-0.091400
5325	-0.199702
5329	-0.158989
5342	0.092922
5343	-0.056322
5374	-0.343933
5376	-0.169671
5378	0.250173
5379	-0.062061
5382	0.450229
5390	-0.016054
5398	-0.117393
5402	0.013434
5404	-0.080752
5407	0.072750
5408	0.009127
5409	0.156113
5411	0.030027
5412	0.059174
5413	0.012216
5416	0.796301
5418	0.067241
5422	0.093706
5425	-0.005171
5427	0.144867
5428	-0.328416
5432	0.172566
5436	-0.178260
5443	0.399229
5444	0.237027
5458	0.206210
5462	-0.480815
5465	0.035787
5468	0.225643
5471	-0.167030
5480	0.183807
5481	0.158538
5485	0.051203
5486	0.176639
5488	0.104585
5489	-0.032717
5495	0.171320
5513	0.218799
5515	0.062906
5516	0.047172
5521	0.188916
5527	-0.004152
5528	-0.011483
5536	0.071221
5537	-0.181466
5547	-0.059698
5565	-0.038996
5573	0.000950
5579	0.626734
5583	0.118691
5586	0.104097
5589	0.090783
5590	0.067684
5593	0.190047
5599	0.386993
5604	-0.149836
5605	-0.063500
5606	-0.261557
5625	0.125521
5649	0.086046
5656	-0.053606
5657	0.270207
5658	0.139366
5686	0.116567
5695	0.040974
5705	-0.024445
5706	0.119904
5716	0.225366
5717	0.081466
5718	-0.211816
5719	0.118287
5720	0.157324
5724	0.105054
5738	0.199416
5742	0.099424
5750	-0.090079
5751	-0.072331
5756	0.030916
5761	-0.223960
5768	-0.084665
5773	0.446453
5792	-0.025874
5793	-0.304609
5794	-0.048176
5806	0.150715
5811	0.124736
5812	0.013494
5813	0.012555
5814	0.143440
5821	0.304232
5823	0.045228
5825	-0.131940
5831	0.215538
5832	0.078180
5833	0.279410
5847	-0.015138
5849	-0.012790
5851	-0.033408
5854	-0.218739
5858	-0.031530
5862	0.053162
5875	0.330642
5876	0.485773
5903	0.168421
5910	0.008770
5912	-0.109623
5913	-0.226685
5925	0.146415
5926	-0.005647
5927	-0.260440
5928	-0.248577
5930	0.069077
5931	0.012312
5933	-0.199338
5934	0.097422
5937	0.413589
5939	-0.277331
5940	-0.324253
5941	0.043723
5943	-0.020318
5963	0.110014
5964	0.115739
5965	0.189695
5966	0.149682
5968	0.421130
5969	0.220359
5970	0.088315
5971	-0.020426
5975	-0.051328
6006	-0.167311
6011	-0.262014
6017	0.042256
6019	0.147094
6022	-0.027043
6032	-0.131875
6095	-0.319151
6115	-0.068261
6116	0.167815
6119	-0.085491
6127	-0.084651
6128	0.100004
6130	-0.033198
6140	-0.133529
6141	-0.086939
6147	0.193667
6148	0.330348
6163	0.180088
6164	-0.197917
6170	0.199602
6171	-0.227750
6177	-0.203046
6184	-0.050094
6200	-0.001004
6204	0.442051
6206	0.057698
6223	-0.177906
6240	-0.065429
6245	-0.128620
6253	0.265084
6267	0.086097
6269	-0.164551
6290	-0.044237
6303	-0.023514
6317	0.183019
6343	0.083512
6350	0.046340
6360	-0.260881
6367	-0.224476
6383	0.042290
6389	0.893096
6397	-0.194218
6398	0.152867
6406	-0.253136
6407	-0.020211
6412	0.042051
6413	0.157810
6434	-0.054371
6435	-0.053854
6460	-0.094527
6463	-0.056995
6464	-0.057191
6489	-0.144133
6507	0.032056
6510	0.257041
6516	0.090174
6518	0.098805
6522	0.011331
6523	0.182154
6524	-0.076120
6525	0.267008
6531	0.015731
6536	-0.114718
6575	-0.268042
6584	0.203871
6585	-0.162500
6586	0.203089
6594	-0.313232
6595	-0.071101
6610	-0.265125
6612	-0.032337
6615	-0.265154
6624	-0.336327
6628	0.089499
6649	0.270323
6698	0.354699
6706	0.212820
6718	-0.321457
6719	0.153880
6722	-0.236657
6770	0.444472
6780	-0.185528
6781	0.172620
6794	-0.369006
6795	-0.038624
6796	-0.479148
6799	-0.391779
6809	0.051968
6837	-0.083270
6838	-0.130682
6839	0.011729
6846	0.103324
6865	0.079201
6869	-0.096288
6870	-0.063635
6871	0.050027
6873	0.190598
6876	0.063702
6885	0.223731
6895	-0.060587
6896	0.197593
6897	-0.047760
6900	-0.100641
6903	-0.145478
6906	-0.019188
6916	-0.089724
6917	-0.137364
6918	-0.158727
6919	-0.220176
6938	-0.011448
6941	0.063512
6942	-0.042319
6943	-0.018756
6944	0.029074
6948	-0.178267
6953	0.061685
6957	-0.249687
6958	0.053929
6970	-0.096771
6971	-0.009076
6976	-0.288648
6977	-0.260078
6990	0.084455
7014	-0.033706
7015	-0.229756
7016	0.007371
7018	0.053429
7019	-0.143722
7042	0.085831
7053	0.129608
7066	-0.161982
7067	0.152646
7083	-0.270914
7092	-0.294743
7100	0.156033
7103	-0.029465
7110	-0.128673
7111	0.009190
7112	-0.192261
7113	-0.181810
7116	-0.005452
7119	-0.187155
7120	-0.000138
7121	-0.096029
7122	-0.038166
7140	-0.316925
7143	0.608967
7157	-0.086511
7165	0.332518
7175	-0.017319
7178	-0.069957
7206	0.019745
7207	0.182242
7217	-0.082483
7218	-0.055987
7221	-0.094644
7227	-0.289545
7230	-0.531002
7236	0.410353
7239	-0.234716
7242	0.105699
7260	0.059350
7268	0.085977
7269	0.020558
7304	-0.110828
7326	-0.144343
7327	-0.522651
7336	0.066596
7342	-0.356050
7346	0.005588
7348	0.018540
7355	0.534722
7361	0.312554
7372	0.001787
7387	-0.053055
7422	-0.016938
7423	-0.223914
7425	0.201620
7436	0.156760
7442	0.268691
7446	-0.108738
7448	-0.311808
7453	-0.058194
7463	0.004941
7492	-0.335217
7493	0.073288
7494	-0.232433
7495	0.034583
7518	0.142765
7520	-0.050028
7540	0.165941
7546	0.027152
7556	0.215309
7559	-0.407666
7560	0.100234
7561	0.535986
7564	0.037449
7575	0.178454
7583	0.036597
7585	0.303746
7586	-0.373179
7599	-1.676939
7600	-1.245558
7606	-1.679151
7614	0.144123
7617	0.421900
7622	0.099505
7629	0.259601
7637	0.252285
7640	0.285221
7657	-0.087076
7665	-0.116298
7666	0.173900
7667	0.152751
7668	0.161566
7669	0.353905
7670	0.468600
7671	0.153792
7681	-0.155589
7683	-0.350698
7684	-0.267827
7696	0.142382
7722	0.138286
7723	0.469414
7799	0.016529
7852	0.255317
7859	0.063812
7860	0.083746
7861	-0.007446
7865	-0.396400
7875	-0.211557
7876	0.090084
7895	0.227592
7913	-0.004564
7917	-0.079311
7952	0.287106
7969	1.187422
7971	-0.105684
8000	-0.039106
8002	0.024110
8006	0.140804
8036	-0.034023
8056	0.143221
8069	-0.121160
8103	0.459421
8107	0.309513
8120	0.226420
8122	0.183339
8125	-0.025786
8127	-0.267352
8136	-0.020457
8149	0.082817
8154	0.215118
8197	-0.020288
8208	0.342424
8223	-0.058387
8232	-0.234914
8241	-0.062034
8256	0.144346
8262	0.280303
8266	0.009472
8267	0.103071
8268	0.082769
8269	0.114793
8271	0.199388
8273	0.048339
8280	0.118637
8284	0.225105
8303	0.180662
8304	-0.074769
8305	-0.124598
8308	-0.035469
8332	-0.311655
8333	0.230354
8334	0.143700
8338	-0.235256
8363	-0.188867
8370	0.211735
8398	-0.245023
8465	0.070643
8468	-0.194878
8469	-0.016074
8470	0.097540
8507	0.125130
8552	-0.061470
8572	0.023118
8574	0.035294
8577	0.031773
8586	-0.142827
8592	-0.133913
8593	-0.110876
8594	0.024183
8597	-0.036051
8599	0.088795
8606	0.222330
8607	0.064660
8615	-0.075161
8617	0.071824
8626	0.127680
8636	-0.203502
8669	-0.173128
8671	-0.074950
8673	-0.009237
8675	-0.445665
8790	-0.175920
8791	-0.004919
8811	0.599305
8822	0.139855
8841	0.018030
8849	0.048823
8856	-0.036570
8875	-0.044648
8884	1.127965
8906	-0.112772
8907	-0.164278
8910	0.199940
8911	0.014470
8912	0.160673
8913	0.073109
8934	-0.039517
8935	-0.037313
8954	0.036039
8968	0.355668
8972	0.368672
9001	0.038635
9029	-0.093609
9032	0.093339
9058	-0.199000
9059	0.153117
9068	-0.129146
9070	-0.281704
9108	0.165254
9139	-0.100064
9140	-0.091173
9158	0.105399
9187	-0.258806
9188	0.153946
9189	0.055327
9190	0.118663
9253	0.153580
9259	-0.257510
9268	0.151725
9269	-0.195063
9271	0.176853
9312	-0.031079
9323	-0.025846
9329	-0.030274
9330	0.104903
9331	0.079490
9356	0.004052
9376	0.098480
9394	-0.244015
9424	0.231057
9428	-0.052995
9429	-0.146436
9496	-0.335754
9536	0.189103
9543	-0.239226
9589	0.171012
9614	-0.056682
9615	0.156233
9617	0.264987
9631	-0.300162
9661	-0.010640
9668	0.013320
9718	-0.001232
9728	-0.091172
9734	-0.182233
9788	0.140717
9791	0.223333
9793	0.176803
9804	-0.350013
9809	-0.217157
9810	-0.137575
9823	0.048600
9828	-0.067045
9907	-0.182349
9951	-0.117405
9968	0.117267
9969	0.179858
10010	-0.107397
10011	0.081154
10012	-0.068052
10018	-0.026469
10021	0.129481
10022	-0.115473
10031	0.048160
10032	-0.070506
10033	0.050288
10034	-0.276502
10035	0.018558
10039	0.122844
10044	0.225006
10045	-0.013964
10060	-0.129634
10065	-0.004486
10077	0.077568
10080	-0.051662
10130	-0.195261
10131	0.040354
10149	0.032640
10194	0.042459
10197	0.348550
10221	0.148061
10226	0.414393
10232	-0.235884
10233	-0.487564
10263	0.066737
10264	0.066840
10274	0.002090
10286	-0.029771
10292	0.511050
10299	0.042202
10302	-0.230594
10324	-0.117957
10355	-0.048787
10358	0.219994
10362	0.005095
10366	0.055776
10368	0.021675
10370	0.223909
10392	-0.212836
10405	0.043754
10406	0.003643
10409	0.103137
10419	-0.020330
10420	0.004770
10424	0.022099
10434	-0.269955
10455	-0.065257
10478	0.018354
10480	-0.207211
10484	0.107973
10510	-0.138621
10519	0.141004
10520	-0.034156
10524	-0.120331
10578	-0.022568
10630	-0.016645
10643	-0.145040
10645	-0.025541
10677	-0.143640
10678	-0.156764
10690	-0.016593
10717	-0.047961
10718	-0.041820
10719	0.159472
10721	-0.033502
10723	0.075207
10735	0.206109
10736	0.117795
10829	0.250955
10837	-0.090502
10846	-0.150900
10921	-0.180292
10922	-0.158023
10923	-0.058992
10924	-0.080730
10964	0.105242
10978	0.224776
11017	0.093540
11018	0.067950
11019	0.293500
11032	-0.074166
11034	0.175706
11035	0.227009
11036	-0.140156
11052	-0.150895
11056	0.139170
11060	0.465971
11063	0.058423
11064	-0.125832
11068	0.150991
11069	0.236407
11090	-0.116248
11098	-0.245035
11099	0.111678
11100	0.147703
11105	0.092341
11109	-0.132105
11122	-0.181364
11123	0.200797
11125	-0.377835
11126	0.249238
11149	0.066078
11153	-0.233986
11188	0.444900
11193	0.299141
11230	-0.161924
11233	0.253243
11236	0.101734
11243	0.283093
11251	0.476564
11259	-0.119126
11263	0.199646
11272	-0.298656
11321	0.545630
11322	0.264027
11326	-0.057740
11327	0.230124
11335	0.187372
11337	-0.203579
11343	0.120555
11390	-0.199786
11444	0.108509
11464	-0.068659
11471	0.101458
11472	0.080650
11473	0.065753
11492	0.122726
11499	-0.017569
11500	0.005759
11505	-0.140429
11527	0.005090
11528	0.188083
11532	-0.617220
11564	0.060378
11589	0.005516
11591	0.006597
11592	-0.341077
11599	-0.118768
11605	0.673312
11617	0.115503
11630	0.126495
11631	0.188995
11632	0.230157
11656	-0.020350
11657	-0.012031
11777	-0.091976
11786	-0.143155
11812	0.142141
12020	-0.017973
12061	0.178700
12115	0.083423
12154	0.016869
12155	0.257565
12156	-0.128320
12159	-0.405786
12174	-0.032033
12176	-0.212849
12230	0.024950
12234	0.075586
12236	0.070292
12237	0.007260
12250	0.156647
12252	-0.016679
12253	-0.020387
12315	-0.251493
12381	0.157129
12382	0.282519
12438	-0.045050
12455	-0.140738
12462	-0.034074
12478	-0.153475
12603	0.025537
12711	-0.010657
12714	-0.037582
12716	0.121367
12754	0.016382
12785	0.188340
12788	0.115064
12792	0.165704
12898	0.152494
12944	-0.330140
12949	-0.983585
13062	-0.276153
13099	0.015289
13160	0.019744
13198	-0.154619
13239	-0.319778
13249	0.619720
13262	-0.011999
13263	0.062723
13272	-0.439710
13273	0.325402
13277	-0.124236
13305	0.247994
13342	-0.251439
13343	-0.109333
13345	0.009439
13351	-0.047407
13357	0.023248
13427	-0.110895
13436	0.022994
13455	0.215171
13528	-0.055636
13532	0.242799
13553	-0.233752
13566	0.198374
13651	-0.096962
13653	-0.097349
13675	0.165528
13676	-0.090003
13677	0.033999
13678	0.117769
13681	0.047631
13688	0.051488
13697	-0.040782
13705	-0.071050
13708	-0.065817
13737	0.322202
13760	-0.130192
13923	-0.199404
13927	-0.158333
13995	0.163618
14002	0.052537
14003	-0.000089
14021	0.059214
14034	-0.579245
14064	-0.556081
14110	-0.400045
14155	0.116904
14203	-0.153867
14208	-0.380533
14340	0.021477
14356	-0.073884
14389	0.038625
14499	0.144109
14625	-0.215426
14632	-0.116736
14637	-0.253410
14641	-0.222666
14685	-0.238149
14694	0.201908
14695	0.119822
14699	-0.299495
14700	-0.047584
14749	0.341239
14760	0.336744
14790	0.065734
14791	-0.168531
14796	-0.021868
14797	0.171424
14891	-0.152064
14927	0.443311
15099	-0.040863
15182	-0.191963
15243	-0.232044
15245	-0.058609
15254	-0.059852
15322	-0.208991
15327	0.233683
15463	0.303382
15496	0.059596
15499	0.119380
15502	0.144447
15514	0.056178
15566	-0.313346
15580	-0.434363
15583	-0.820217
15586	-0.072649
15601	0.113942
15621	-0.718006
15780	0.142073
15869	-0.215725
16082	-0.174199
16281	0.223214
16293	0.133803
16300	0.036330
16304	0.149423
16360	-0.184299
16361	0.157039
16367	0.334872
16432	-0.485587
16433	-0.443387
16438	0.124373
16446	0.435969
16453	0.011509
16463	-0.189389
16466	0.165101
16477	-0.050333
16482	0.076210
16605	-0.053488
16606	0.346321
16635	-0.207332
16638	0.075778
16655	0.021117
16673	0.109160
16676	-0.189317
16677	-0.188625
16678	0.212306
16808	-0.430911
16829	0.215709
17150	0.070684
17182	0.399721
17199	0.105108
17273	-0.033153
17431	0.155693
17466	0.081743
17472	-0.428849
17485	-0.036892
17585	-0.112648
17620	-0.284396
17647	0.133515
17690	0.029659
17772	-0.205156
18410	-0.261043
19647	-0.819028
21458	-0.041590
21885	-0.126691
21973	-0.150255
21976	-0.036463
21977	-0.108763
22084	0.112192
23475	-0.025384
23754	0.320905
23764	-0.102020
24372	0.198707
24918	-0.111755
24944	0.010278
25022	-0.461812
25140	0.556790
26484	0.011903
27764	0.083217
28424	0.359494
28845	0.425251
29861	0.341616
30684	0.084952
31288	-0.308135
31704	0.037043
32421	-0.075570
32520	-0.125386
32893	-0.292780
34340	0.184875
35227	0.996308
35334	-0.107453
36499	0.119454
36843	-0.261072
36844	-0.314753
36955	0.126342
36970	0.069633
39336	0.640776
39353	-0.242123
40538	0.036984
40541	-0.056261
40542	-0.115375
40599	1.112393
40601	0.096894
40602	0.110049
40656	0.237068
40657	0.070518
42157	-0.194663
42203	0.076667
42204	0.010832
42851	-0.422838
43061	-0.122504
44144	-0.105559
45195	-0.255007
47030	-0.036267
47285	0.070774
47317	-0.287836
47457	-0.780316
47460	0.354584
48147	-0.307376
48297	0.461341
48474	0.058474
48696	-0.046169
49516	0.030472
49630	-0.097278
49927	-0.293504
50199	-0.256394
50249	0.168982
50259	0.015171
50904	-0.016603
53231	-0.025471
53471	0.191767
53531	-0.083611
53986	-0.181950
55057	-0.329149
56431	-0.200160
56432	-0.150794
56466	-0.041927
56478	0.214658
56621	-0.193431
57644	0.893227
57756	0.042757
58783	-0.128267
59657	0.053075
59715	-0.255830
64825	-0.381570
64947	-0.290727
65950	-0.732370
70102	-0.106645
75003	-0.175154
75099	-0.165884
75742	-0.470262
75823	0.311100
75824	0.494856
78157	-0.335523
78181	0.072859
78191	0.178526
80479	0.126190
80480	-0.188969
80715	-0.543271
80719	-0.346918
80750	-0.482584
81231	0.012043
84436	0.090799
84780	0.016282
84844	-0.039974
85002	0.010454
85003	-0.155495
85659	0.179117
85663	0.149536
85710	0.015914
92185	-0.992054
96142	0.380055
96144	0.423430
96482	0.024316
98871	0.597247
