# 1342 minima projected onto PC80
Min	PC
3	-0.008559
4	0.023686
5	-0.010159
6	-0.088484
7	0.071414
9	-0.052468
16	0.077303
17	-0.012486
21	-0.048955
23	-0.195400
31	0.055461
44	0.038668
47	0.009797
48	0.042709
51	0.030863
52	0.084117
55	0.199106
56	0.141608
57	0.069997
58	0.126806
60	0.024284
67	0.002905
68	0.052988
71	-0.080845
72	-0.058029
74	-0.018729
79	-0.224293
82	-0.197275
85	-0.021976
86	-0.019636
87	-0.103186
88	-0.049880
91	-0.074878
92	-0.030323
94	-0.045611
95	0.017093
97	0.120991
104	-0.066123
106	0.103085
109	-0.077771
111	0.068859
115	0.260016
120	0.045597
126	-0.219026
129	0.061003
136	0.020928
137	-0.043310
188	0.004400
189	0.002407
196	0.046192
199	0.002307
200	-0.005073
202	-0.131160
211	0.032991
213	-0.206154
214	-0.019019
219	0.109810
221	-0.113917
276	0.006004
279	0.104284
283	0.057092
295	0.077439
308	0.016828
312	-0.002309
315	-0.030110
318	-0.145180
319	-0.046128
321	-0.051271
324	0.002991
328	-0.108590
334	0.043788
336	0.107615
338	0.098807
347	-0.065903
351	-0.167390
352	0.025732
354	0.006900
357	-0.005730
359	-0.089899
362	-0.118548
364	-0.019620
365	-0.041122
368	-0.141212
376	0.052464
377	0.079794
380	-0.037047
386	0.002572
388	0.025825
390	-0.117363
396	-0.012379
404	0.081494
410	0.044932
413	0.054506
420	0.056291
423	0.007152
424	-0.021649
437	0.031126
438	0.124788
444	-0.228932
452	0.061008
473	-0.022909
474	-0.108350
475	-0.079777
476	-0.026954
478	-0.004934
479	0.027136
480	0.027543
483	-0.166657
503	0.107485
508	-0.017086
509	0.053089
530	-0.060901
536	0.070783
556	0.071154
581	0.062368
583	0.104382
603	0.077425
606	-0.087664
607	0.007352
620	0.075515
628	-0.201847
636	0.036193
637	0.115146
639	0.070330
640	-0.054358
644	0.004057
645	0.000810
677	-0.040100
678	0.072840
679	0.065438
682	0.042887
698	-0.020154
700	0.022739
710	-0.107371
722	-0.051337
723	0.031756
724	0.009841
725	0.131345
726	0.113282
747	0.190740
753	-0.001521
755	0.115049
757	-0.009996
765	0.070001
782	-0.095465
783	0.101611
793	-0.004234
808	0.040688
814	0.045536
840	-0.088265
848	-0.056653
859	0.006420
864	-0.008941
867	0.026281
878	-0.019944
888	0.085155
890	0.109717
892	0.041961
899	-0.109956
918	0.024313
926	0.066580
933	-0.015640
934	0.028897
981	0.010611
1028	0.072378
1034	-0.047596
1051	0.057290
1054	0.056631
1058	0.250997
1062	-0.026854
1063	0.051441
1064	0.044746
1066	0.040082
1068	-0.017256
1073	0.080643
1082	0.048355
1083	0.071974
1086	-0.046452
1089	0.011443
1090	0.008530
1091	0.006521
1092	-0.001432
1164	-0.024094
1165	0.046430
1174	-0.112066
1176	0.018725
1184	-0.002068
1191	-0.047173
1192	0.066250
1201	-0.019040
1230	0.088171
1339	0.013046
1341	0.103298
1370	-0.007762
1385	0.144360
1405	-0.036166
1437	-0.022974
1441	0.038985
1443	0.027750
1521	0.008109
1522	0.007517
1523	0.065936
1524	0.053784
1525	-0.034087
1541	0.059089
1542	-0.105749
1550	-0.047328
1551	0.094264
1596	-0.102404
1597	0.200438
1628	0.005476
1629	0.066398
1633	-0.014619
1636	-0.145464
1637	-0.064579
1765	-0.067026
1766	-0.070841
1780	-0.050526
1862	-0.021831
1865	-0.047902
1870	-0.069568
1885	-0.347632
1910	-0.058445
1911	-0.039960
2007	0.041447
2060	0.037099
2062	0.203865
2090	0.076958
2093	0.148166
2094	0.159093
2095	0.059128
2096	0.013892
2100	0.091514
2101	-0.013861
2102	-0.011033
2103	0.018972
2104	0.026598
2105	0.018033
2128	-0.021104
2129	-0.116480
2135	-0.056101
2190	-0.023968
2195	-0.009089
2197	-0.068097
2198	-0.043778
2199	0.066061
2200	-0.001344
2201	0.040503
2202	-0.015473
2205	0.044261
2217	0.044095
2218	0.431099
2221	0.198734
2272	-0.081063
2273	-0.097005
2275	-0.046904
2288	-0.149978
2293	-0.024482
2298	0.018361
2299	-0.044226
2300	-0.043595
2301	0.027846
2338	0.014033
2342	0.084425
2343	0.044843
2358	0.175990
2384	-0.037944
2385	0.104894
2399	0.034073
2435	-0.026461
2436	0.040692
2465	-0.023483
2467	-0.028165
2468	-0.020924
2469	-0.065835
2470	0.066760
2471	-0.052619
2474	-0.074465
2620	-0.090877
2650	-0.126609
2651	-0.019041
2685	0.042424
2688	-0.109839
2730	0.029162
2843	0.038628
2951	-0.150486
2959	-0.036325
3236	0.033817
3305	0.026162
3318	-0.085347
3340	-0.080752
3352	-0.005156
3355	0.162242
3356	-0.026422
3365	-0.009721
3366	0.005512
3367	0.145320
3368	0.124400
3401	0.020915
3405	-0.354400
3434	-0.031105
3448	0.063727
3454	0.064263
3481	-0.000542
3495	0.029619
3504	-0.077733
3532	0.047124
3540	0.020336
3549	-0.054483
3550	-0.059750
3569	0.000030
3595	-0.120001
3596	-0.048180
3603	-0.086216
3621	-0.057899
3622	-0.076426
3647	-0.022671
3649	0.022590
3651	0.020752
3652	0.023973
3723	0.047768
3757	0.004785
3772	-0.034706
3787	0.034928
3798	0.025276
3799	-0.108193
3889	0.035397
3897	-0.109547
3898	-0.095481
3904	-0.014930
3945	-0.063815
3990	0.034318
4024	0.046765
4039	0.034022
4048	-0.061020
4050	-0.057313
4076	0.038027
4094	-0.066493
4170	-0.005338
4251	-0.021022
4252	-0.028884
4299	-0.114770
4302	-0.113414
4318	0.108998
4319	0.012932
4320	0.090620
4360	-0.032209
4388	0.021864
4414	-0.038836
4426	0.023766
4446	0.058053
4527	0.177428
4545	-0.016643
4546	0.037601
4554	0.024454
4564	0.035552
4567	-0.004946
4634	0.077357
4693	0.028398
4736	-0.033247
4761	-0.006457
4879	0.020413
5071	-0.018773
5138	-0.033848
5164	-0.132524
5182	0.035070
5183	0.012562
5184	-0.036223
5187	-0.021597
5188	0.008579
5189	-0.028444
5193	-0.076474
5194	-0.065113
5195	0.081096
5197	0.033899
5203	-0.032324
5205	-0.088610
5212	-0.014168
5213	-0.036481
5222	-0.022994
5223	0.136398
5228	0.181071
5232	-0.052277
5244	0.073286
5245	-0.159873
5246	-0.150285
5248	-0.009931
5292	-0.009122
5293	0.040542
5299	-0.076526
5300	-0.053043
5315	-0.026658
5316	0.035977
5319	-0.064036
5320	-0.052102
5321	-0.017987
5322	-0.048699
5323	0.022896
5324	-0.021201
5325	-0.002688
5329	-0.111359
5342	0.080188
5343	-0.001532
5374	0.079606
5376	0.072747
5378	-0.049258
5379	0.004909
5382	-0.082818
5390	-0.060015
5398	-0.001137
5402	0.005670
5404	0.020015
5407	0.043001
5408	-0.010324
5409	0.061417
5411	-0.001401
5412	0.110042
5413	0.000763
5416	-0.047468
5418	0.063118
5422	0.065685
5425	-0.129113
5427	-0.070626
5428	-0.065012
5432	0.061856
5436	0.001329
5443	0.044128
5444	-0.086665
5458	0.002210
5462	0.068922
5465	0.136762
5468	-0.008946
5471	0.139571
5480	0.028642
5481	0.010939
5485	0.083280
5486	-0.054344
5488	0.048184
5489	0.067399
5495	-0.067628
5513	-0.032401
5515	-0.099441
5516	-0.037492
5521	0.025843
5527	0.045459
5528	0.005117
5536	-0.093196
5537	-0.019675
5547	0.011872
5565	0.029140
5573	0.143939
5579	0.048692
5583	0.066932
5586	-0.107875
5589	-0.026488
5590	0.134353
5593	-0.152029
5599	0.081001
5604	0.050678
5605	0.107722
5606	0.140197
5625	0.015529
5649	0.026802
5656	0.037838
5657	-0.039395
5658	-0.014077
5686	0.146473
5695	0.069905
5705	-0.104290
5706	0.078134
5716	-0.045199
5717	0.086509
5718	0.046354
5719	-0.033452
5720	-0.115573
5724	0.002766
5738	-0.172634
5742	0.142879
5750	0.084733
5751	0.084879
5756	0.008662
5761	0.110729
5768	0.022858
5773	0.082650
5792	0.119527
5793	-0.053847
5794	0.069717
5806	0.079470
5811	0.003853
5812	0.026124
5813	0.041138
5814	0.035773
5821	0.097477
5823	0.100548
5825	0.003537
5831	-0.157718
5832	-0.090528
5833	0.045887
5847	-0.015156
5849	0.012504
5851	-0.066473
5854	-0.027922
5858	0.072325
5862	0.023452
5875	-0.001193
5876	-0.094660
5903	0.029122
5910	0.034716
5912	0.038187
5913	-0.036220
5925	0.020482
5926	0.060110
5927	-0.009254
5928	-0.016596
5930	-0.105460
5931	0.022234
5933	0.084686
5934	-0.073520
5937	-0.187249
5939	-0.148931
5940	-0.025390
5941	-0.071936
5943	-0.056436
5963	0.164934
5964	0.004555
5965	0.030178
5966	-0.209626
5968	0.097619
5969	0.029315
5970	0.016290
5971	-0.031645
5975	-0.015292
6006	-0.045887
6011	-0.110396
6017	0.025968
6019	-0.087733
6022	-0.034305
6032	-0.066430
6095	0.163069
6115	-0.060344
6116	-0.239215
6119	0.075541
6127	0.012966
6128	0.026795
6130	-0.067618
6140	0.075145
6141	0.164881
6147	-0.155413
6148	-0.192953
6163	0.022925
6164	0.026537
6170	-0.155115
6171	0.095261
6177	0.132532
6184	0.084978
6200	0.213312
6204	-0.053319
6206	0.261728
6223	0.061879
6240	0.165992
6245	-0.040077
6253	0.058346
6267	0.086689
6269	0.007677
6290	0.121156
6303	0.100138
6317	0.130671
6343	-0.034075
6350	0.004095
6360	-0.142745
6367	0.193528
6383	0.030818
6389	-0.102158
6397	-0.052117
6398	-0.103805
6406	-0.055528
6407	0.220382
6412	0.012102
6413	0.067124
6434	-0.057472
6435	-0.046938
6460	0.069494
6463	-0.024419
6464	-0.011071
6489	-0.017218
6507	-0.017558
6510	-0.226644
6516	0.046887
6518	0.011533
6522	0.137665
6523	0.071150
6524	0.044769
6525	0.130008
6531	-0.063485
6536	0.110755
6575	-0.003086
6584	0.012772
6585	-0.007651
6586	0.165933
6594	-0.007191
6595	-0.010228
6610	0.024148
6612	-0.034089
6615	-0.006400
6624	-0.051996
6628	-0.076244
6649	-0.016934
6698	-0.073687
6706	0.026680
6718	-0.088123
6719	-0.020068
6722	-0.056525
6770	0.180024
6780	-0.035767
6781	0.103295
6794	-0.124077
6795	-0.215770
6796	-0.076623
6799	-0.053166
6809	-0.002755
6837	0.067267
6838	0.027146
6839	0.072926
6846	0.001548
6865	-0.100445
6869	0.123360
6870	0.052063
6871	0.074911
6873	-0.000056
6876	0.037971
6885	-0.066907
6895	-0.036918
6896	0.052593
6897	-0.099054
6900	-0.167983
6903	0.089067
6906	-0.050771
6916	-0.087434
6917	0.061484
6918	-0.068822
6919	0.143923
6938	-0.098121
6941	0.139197
6942	0.066673
6943	0.035882
6944	0.099608
6948	-0.000793
6953	0.170566
6957	-0.062746
6958	-0.081091
6970	-0.035075
6971	0.069700
6976	0.077045
6977	-0.121772
6990	-0.064085
7014	-0.084278
7015	-0.068595
7016	-0.015236
7018	0.124768
7019	0.069801
7042	-0.045709
7053	0.049110
7066	0.007411
7067	-0.232420
7083	-0.046856
7092	0.100840
7100	0.070021
7103	0.117613
7110	-0.116060
7111	-0.072531
7112	-0.023979
7113	-0.081379
7116	-0.062340
7119	-0.073531
7120	-0.070714
7121	-0.052560
7122	-0.041878
7140	-0.102744
7143	0.029731
7157	0.057777
7165	-0.179413
7175	-0.019945
7178	-0.070344
7206	-0.176458
7207	-0.263928
7217	-0.001424
7218	0.040568
7221	-0.054812
7227	0.060882
7230	-0.114178
7236	0.021568
7239	0.074825
7242	-0.074336
7260	0.039167
7268	-0.174705
7269	0.001700
7304	0.113358
7326	-0.017756
7327	0.015283
7336	-0.053773
7342	0.006213
7346	0.051354
7348	-0.111568
7355	0.035309
7361	-0.031726
7372	0.058717
7387	-0.036017
7422	-0.112243
7423	-0.096932
7425	0.045981
7436	-0.029720
7442	-0.189084
7446	-0.064438
7448	0.186091
7453	-0.014820
7463	-0.040679
7492	0.039489
7493	-0.012179
7494	0.072347
7495	-0.086423
7518	0.008015
7520	-0.027958
7540	-0.008707
7546	-0.022996
7556	0.026173
7559	0.064870
7560	0.045122
7561	0.027816
7564	0.044393
7575	-0.013686
7583	-0.010116
7585	0.132938
7586	0.088683
7599	-0.009699
7600	0.209277
7606	0.006624
7614	-0.010844
7617	0.063712
7622	-0.013650
7629	0.187145
7637	-0.046103
7640	0.143414
7657	-0.039479
7665	-0.058419
7666	-0.048675
7667	0.035805
7668	0.182025
7669	-0.064352
7670	0.066365
7671	0.016875
7681	0.475119
7683	0.073136
7684	-0.015993
7696	0.034447
7722	0.064863
7723	0.090588
7799	0.012010
7852	0.060176
7859	-0.042548
7860	-0.089592
7861	0.006829
7865	0.052588
7875	-0.030088
7876	-0.031960
7895	0.169697
7913	-0.038570
7917	-0.133341
7952	0.018367
7969	0.007396
7971	0.119239
8000	-0.017174
8002	0.006174
8006	-0.294836
8036	-0.047065
8056	-0.045268
8069	0.181891
8103	-0.015548
8107	-0.038091
8120	-0.016073
8122	0.132158
8125	-0.042672
8127	-0.037328
8136	0.030189
8149	0.066057
8154	0.114704
8197	-0.166689
8208	-0.158483
8223	-0.107063
8232	-0.031382
8241	0.045235
8256	-0.046348
8262	-0.045068
8266	-0.029166
8267	-0.044580
8268	-0.038904
8269	-0.027504
8271	0.002902
8273	-0.002415
8280	-0.013467
8284	-0.063235
8303	-0.048803
8304	0.051060
8305	-0.023030
8308	-0.030284
8332	-0.131650
8333	-0.029203
8334	-0.169078
8338	0.099159
8363	-0.149447
8370	-0.046499
8398	-0.071408
8465	0.059044
8468	-0.026780
8469	0.021098
8470	0.003095
8507	0.043797
8552	-0.000135
8572	-0.003953
8574	0.020382
8577	0.108323
8586	0.053735
8592	-0.010389
8593	-0.095172
8594	0.043536
8597	-0.000711
8599	-0.004266
8606	-0.142142
8607	-0.045018
8615	0.055027
8617	0.111455
8626	-0.069478
8636	-0.040762
8669	-0.037078
8671	0.071558
8673	-0.028867
8675	0.181812
8790	0.009910
8791	0.156023
8811	-0.248624
8822	-0.057448
8841	-0.125876
8849	-0.001680
8856	-0.135457
8875	0.088987
8884	0.109021
8906	0.028296
8907	0.019540
8910	-0.051613
8911	-0.208980
8912	-0.122154
8913	0.045223
8934	-0.022965
8935	-0.000245
8954	-0.072308
8968	0.124596
8972	0.128022
9001	-0.169109
9029	-0.197007
9032	-0.027046
9058	-0.075377
9059	-0.020350
9068	-0.056216
9070	0.045020
9108	0.021963
9139	0.035664
9140	0.089489
9158	-0.014402
9187	-0.021890
9188	-0.025927
9189	-0.066697
9190	-0.053224
9253	-0.019022
9259	-0.028201
9268	-0.009836
9269	0.008278
9271	-0.045937
9312	-0.086117
9323	0.027747
9329	0.063053
9330	0.068039
9331	-0.053900
9356	0.026952
9376	-0.018462
9394	-0.014226
9424	-0.087096
9428	-0.021790
9429	-0.034506
9496	-0.084488
9536	0.088491
9543	-0.115590
9589	-0.053499
9614	-0.006030
9615	0.063364
9617	0.166553
9631	-0.113343
9661	-0.047439
9668	0.115192
9718	-0.033238
9728	0.057440
9734	-0.055714
9788	0.016455
9791	-0.143783
9793	-0.021585
9804	-0.051524
9809	-0.094108
9810	-0.055507
9823	0.021775
9828	-0.008801
9907	0.030037
9951	0.059794
9968	-0.029363
9969	-0.082120
10010	0.061651
10011	0.134545
10012	0.063576
10018	0.063574
10021	-0.031859
10022	-0.094879
10031	0.048720
10032	0.055367
10033	0.050804
10034	0.008335
10035	0.053692
10039	-0.105373
10044	0.089376
10045	0.027629
10060	-0.104602
10065	-0.046236
10077	0.001189
10080	0.009087
10130	-0.013258
10131	-0.130601
10149	0.009147
10194	-0.001069
10197	-0.008671
10221	-0.045751
10226	-0.000205
10232	0.030649
10233	0.003505
10263	0.098659
10264	0.037436
10274	0.019333
10286	0.088509
10292	-0.032137
10299	0.189674
10302	-0.045580
10324	0.124991
10355	-0.106211
10358	0.104025
10362	0.071681
10366	0.116616
10368	0.119575
10370	0.103658
10392	0.035622
10405	0.164006
10406	0.024418
10409	-0.079219
10419	-0.041833
10420	0.042935
10424	0.035536
10434	-0.043821
10455	-0.071295
10478	0.057968
10480	0.066745
10484	0.047547
10510	-0.075874
10519	0.166138
10520	0.044585
10524	0.000787
10578	0.093664
10630	-0.022049
10643	-0.025257
10645	-0.031241
10677	-0.097294
10678	-0.054073
10690	-0.086148
10717	-0.029770
10718	-0.068489
10719	0.162413
10721	-0.104478
10723	0.198000
10735	0.076535
10736	-0.018237
10829	0.185492
10837	0.129749
10846	-0.056811
10921	0.023313
10922	0.015802
10923	-0.116209
10924	-0.059322
10964	-0.042970
10978	-0.165154
11017	0.076208
11018	0.021490
11019	-0.014595
11032	-0.044111
11034	-0.013344
11035	-0.023311
11036	-0.046896
11052	0.036627
11056	0.083150
11060	0.187748
11063	0.048680
11064	0.137855
11068	0.057637
11069	0.044329
11090	-0.040838
11098	-0.058000
11099	-0.012227
11100	0.003983
11105	0.049258
11109	-0.069678
11122	-0.047818
11123	0.083894
11125	-0.002194
11126	0.024755
11149	-0.034649
11153	0.026797
11188	-0.120326
11193	-0.017889
11230	-0.030946
11233	0.182160
11236	0.147190
11243	-0.119913
11251	-0.042115
11259	0.166480
11263	0.036287
11272	0.008244
11321	0.045455
11322	-0.038276
11326	-0.047075
11327	-0.075655
11335	-0.017105
11337	0.076848
11343	-0.099016
11390	0.010497
11444	-0.136138
11464	-0.057031
11471	-0.012967
11472	-0.009433
11473	-0.016748
11492	0.244748
11499	-0.003666
11500	-0.038286
11505	0.029644
11527	-0.157932
11528	-0.162969
11532	0.052741
11564	0.061468
11589	-0.098794
11591	-0.052052
11592	-0.070407
11599	-0.015476
11605	-0.076643
11617	-0.153974
11630	-0.088892
11631	0.563118
11632	0.223814
11656	0.303617
11657	0.203016
11777	-0.077908
11786	-0.051455
11812	-0.188330
12020	-0.091079
12061	0.046285
12115	0.131217
12154	-0.040110
12155	0.081948
12156	-0.049720
12159	-0.019701
12174	0.114524
12176	0.039870
12230	-0.015080
12234	-0.064275
12236	-0.036013
12237	0.069035
12250	-0.102833
12252	-0.053253
12253	0.001654
12315	0.046941
12381	0.024232
12382	-0.103043
12438	0.083398
12455	0.094659
12462	-0.113465
12478	0.042593
12603	-0.062976
12711	0.033031
12714	0.066497
12716	0.072781
12754	0.029098
12785	-0.107105
12788	-0.033986
12792	0.011699
12898	0.063024
12944	-0.063323
12949	-0.234846
13062	-0.014221
13099	0.161259
13160	-0.084660
13198	-0.018058
13239	-0.064153
13249	-0.128237
13262	-0.203268
13263	0.005966
13272	-0.132174
13273	0.114829
13277	-0.029711
13305	0.085334
13342	-0.124101
13343	-0.158206
13345	-0.331816
13351	-0.095005
13357	-0.146463
13427	0.049404
13436	-0.006945
13455	-0.118884
13528	0.034965
13532	-0.072213
13553	-0.118594
13566	0.187119
13651	-0.156196
13653	-0.109164
13675	-0.047048
13676	-0.060292
13677	-0.051354
13678	0.002468
13681	-0.147328
13688	-0.097615
13697	0.058257
13705	-0.002920
13708	-0.202970
13737	0.108996
13760	0.004175
13923	0.014341
13927	0.062376
13995	0.145314
14002	-0.249162
14003	-0.169409
14021	0.041908
14034	0.006859
14064	-0.021909
14110	-0.028316
14155	0.024319
14203	-0.080808
14208	0.005152
14340	0.031419
14356	0.273750
14389	0.014317
14499	0.089927
14625	-0.068215
14632	0.020136
14637	-0.139067
14641	-0.071353
14685	-0.228607
14694	0.076871
14695	0.085703
14699	-0.193546
14700	0.066826
14749	0.068745
14760	0.104647
14790	-0.096170
14791	-0.094589
14796	0.065879
14797	-0.065666
14891	-0.055906
14927	0.179277
15099	0.003060
15182	0.013568
15243	-0.097863
15245	-0.026377
15254	-0.010538
15322	0.079269
15327	-0.091860
15463	-0.160104
15496	0.005701
15499	0.077220
15502	0.022401
15514	-0.136121
15566	-0.052032
15580	0.083308
15583	0.337571
15586	-0.131259
15601	0.056039
15621	0.113434
15780	-0.162459
15869	0.041019
16082	0.037171
16281	0.160193
16293	-0.049022
16300	-0.067351
16304	-0.108319
16360	-0.090849
16361	0.038671
16367	0.009247
16432	0.116527
16433	-0.045607
16438	-0.003112
16446	-0.033479
16453	-0.035938
16463	-0.185005
16466	-0.026879
16477	-0.054202
16482	-0.044792
16605	-0.036523
16606	0.047549
16635	-0.128791
16638	0.025407
16655	0.081368
16673	0.003077
16676	-0.077682
16677	-0.011062
16678	0.007888
16808	-0.008007
16829	-0.018513
17150	-0.119897
17182	-0.031542
17199	-0.106536
17273	-0.011444
17431	-0.054991
17466	0.124541
17472	0.156103
17485	-0.030675
17585	0.063291
17620	0.057481
17647	0.051492
17690	-0.087736
17772	-0.049605
18410	0.038636
19647	0.061654
21458	-0.115798
21885	0.113966
21973	-0.030668
21976	-0.032172
21977	0.035917
22084	-0.081295
23475	0.011972
23754	-0.138098
23764	0.001744
24372	-0.019862
24918	-0.023935
24944	-0.068444
25022	0.122070
25140	-0.152285
26484	0.072204
27764	0.022225
28424	-0.200045
28845	0.165343
29861	-0.215369
30684	-0.017180
31288	0.073977
31704	0.021172
32421	0.030226
32520	0.090302
32893	-0.026436
34340	0.522019
35227	-0.010015
35334	-0.041721
36499	0.064905
36843	0.067440
36844	-0.017969
36955	-0.125443
36970	-0.108765
39336	0.059539
39353	-0.082619
40538	0.197761
40541	-0.076296
40542	-0.072121
40599	-0.041328
40601	-0.044173
40602	-0.051251
40656	0.196729
40657	0.113789
42157	-0.080270
42203	-0.008071
42204	0.070318
42851	0.098516
43061	0.055042
44144	0.038152
45195	-0.180146
47030	0.090945
47285	0.084623
47317	0.083774
47457	0.159736
47460	-0.184517
48147	-0.221893
48297	-0.193752
48474	0.076661
48696	0.010555
49516	-0.229918
49630	-0.000083
49927	0.032718
50199	-0.074792
50249	0.117562
50259	0.103588
50904	0.134675
53231	-0.001623
53471	-0.072586
53531	0.024445
53986	-0.062537
55057	-0.059073
56431	-0.046135
56432	-0.088002
56466	0.201241
56478	0.013200
56621	0.132894
57644	-0.019393
57756	-0.009681
58783	0.036801
59657	-0.153671
59715	0.191031
64825	-0.044877
64947	-0.151559
65950	0.117739
70102	0.147746
75003	0.109133
75099	0.058972
75742	0.021227
75823	-0.026281
75824	-0.057615
78157	0.062744
78181	-0.098619
78191	-0.017790
80479	0.095283
80480	-0.012054
80715	0.117156
80719	0.093555
80750	0.065961
81231	-0.158731
84436	-0.061571
84780	-0.035359
84844	-0.158733
85002	0.084127
85003	0.124372
85659	-0.047541
85663	0.042208
85710	0.012671
92185	0.228614
96142	0.075774
96144	0.007405
96482	-0.042837
98871	0.073077
