# 1342 minima projected onto PC56
Min	PC
3	-0.039054
4	-0.056366
5	0.055364
6	0.013549
7	-0.121390
9	0.227422
16	-0.169623
17	-0.015244
21	-0.179772
23	0.283701
31	0.050646
44	0.218113
47	0.189375
48	0.011800
51	-0.069183
52	-0.225292
55	0.090708
56	0.205570
57	0.159392
58	0.057258
60	-0.043167
67	0.041117
68	-0.013461
71	-0.206037
72	-0.247450
74	-0.185510
79	-0.250601
82	0.290418
85	-0.168704
86	0.167519
87	0.060791
88	0.104983
91	-0.221660
92	0.091981
94	-0.097137
95	0.052566
97	-0.048191
104	-0.095091
106	-0.281772
109	0.249124
111	0.010667
115	0.235082
120	0.103413
126	-0.290541
129	-0.149790
136	0.672148
137	-0.176538
188	0.191750
189	0.105649
196	0.110107
199	-0.321059
200	-0.044965
202	0.239635
211	-0.121658
213	0.420714
214	-0.162153
219	-0.091766
221	0.206607
276	-0.051309
279	-0.047307
283	0.221813
295	0.028280
308	0.107026
312	-0.048041
315	0.159185
318	-0.175010
319	-0.120888
321	-0.023978
324	-0.061938
328	0.045036
334	0.051935
336	0.151884
338	0.203631
347	-0.087056
351	-0.257142
352	0.057824
354	0.128190
357	-0.021142
359	-0.192265
362	-0.237504
364	-0.043457
365	-0.053618
368	-0.208671
376	0.169760
377	0.098946
380	-0.217170
386	-0.282272
388	0.067244
390	-0.286085
396	-0.173746
404	-0.023248
410	0.218784
413	0.106164
420	0.190761
423	0.128596
424	0.032816
437	0.057268
438	0.155631
444	-0.071203
452	0.101574
473	-0.277847
474	-0.141189
475	-0.035952
476	0.056629
478	-0.030127
479	0.075738
480	-0.113679
483	-0.227131
503	-0.006771
508	0.001764
509	-0.144102
530	-0.053512
536	0.046196
556	-0.206760
581	0.138414
583	0.011638
603	-0.028676
606	0.060009
607	0.109830
620	-0.048428
628	0.402581
636	0.112291
637	0.026294
639	0.057350
640	-0.005904
644	0.201383
645	0.070190
677	0.078973
678	0.068019
679	0.239600
682	0.042216
698	0.141858
700	0.011982
710	-0.291182
722	-0.019539
723	-0.136934
724	-0.178085
725	0.092017
726	-0.005522
747	0.049173
753	-0.114926
755	-0.286027
757	-0.101360
765	-0.028808
782	-0.044836
783	-0.079517
793	-0.212040
808	0.045638
814	-0.003655
840	-0.249558
848	-0.027485
859	0.091363
864	-0.069937
867	0.081982
878	-0.006065
888	0.233373
890	-0.140217
892	-0.004632
899	-0.028700
918	-0.195585
926	0.079079
933	-0.159643
934	0.042250
981	0.010512
1028	0.094722
1034	-0.150395
1051	0.107104
1054	0.054589
1058	-0.023397
1062	-0.076280
1063	0.036553
1064	0.031873
1066	0.097684
1068	-0.081640
1073	0.035054
1082	0.102788
1083	0.032924
1086	0.099969
1089	-0.005114
1090	0.126611
1091	0.060381
1092	0.071456
1164	-0.168497
1165	0.034269
1174	-0.053637
1176	0.064772
1184	0.126596
1191	0.038806
1192	0.180070
1201	-0.099944
1230	-0.152400
1339	-0.100708
1341	0.323566
1370	-0.041521
1385	0.132519
1405	0.153944
1437	-0.119180
1441	0.008439
1443	-0.191804
1521	-0.175854
1522	-0.016635
1523	-0.220628
1524	0.003761
1525	-0.015124
1541	0.180711
1542	0.093843
1550	-0.130536
1551	-0.139152
1596	-0.058342
1597	0.057759
1628	-0.314653
1629	0.175037
1633	-0.208771
1636	0.249980
1637	-0.232440
1765	0.010543
1766	-0.160396
1780	0.030651
1862	0.051959
1865	-0.019255
1870	-0.053102
1885	-0.488842
1910	-0.017243
1911	-0.131184
2007	-0.128104
2060	0.073079
2062	0.094592
2090	0.015906
2093	-0.057300
2094	-0.060307
2095	-0.083552
2096	0.084450
2100	0.095720
2101	-0.002997
2102	-0.039181
2103	-0.065158
2104	-0.100847
2105	0.098800
2128	-0.262676
2129	-0.215571
2135	-0.116632
2190	0.001988
2195	-0.137580
2197	-0.168544
2198	-0.197327
2199	0.068885
2200	0.001891
2201	0.165482
2202	-0.248506
2205	0.023477
2217	-0.089654
2218	0.043564
2221	0.053607
2272	0.128505
2273	0.081273
2275	-0.174276
2288	0.270512
2293	-0.193430
2298	-0.161375
2299	-0.122374
2300	-0.126076
2301	-0.097019
2338	0.051856
2342	-0.063676
2343	0.006222
2358	0.281709
2384	-0.027242
2385	-0.093960
2399	0.117313
2435	0.095100
2436	0.031152
2465	0.090515
2467	-0.032065
2468	-0.190054
2469	-0.224310
2470	0.008161
2471	0.030074
2474	0.005324
2620	0.097747
2650	0.049169
2651	0.110291
2685	-0.086711
2688	0.419935
2730	-0.018803
2843	-0.197226
2951	-0.092473
2959	-0.032009
3236	0.018290
3305	0.005708
3318	-0.044746
3340	0.074386
3352	-0.021172
3355	0.029413
3356	-0.054880
3365	0.010960
3366	0.056009
3367	-0.193483
3368	-0.271891
3401	0.211992
3405	-0.479016
3434	-0.036947
3448	-0.002565
3454	0.048434
3481	-0.010438
3495	-0.156653
3504	-0.066959
3532	0.145374
3540	0.098865
3549	-0.251566
3550	-0.046660
3569	0.160363
3595	0.046423
3596	0.055646
3603	0.118335
3621	0.029028
3622	-0.150511
3647	0.002941
3649	0.031757
3651	0.118742
3652	0.076180
3723	0.080699
3757	0.085877
3772	-0.178477
3787	-0.013873
3798	0.014961
3799	0.125883
3889	0.042044
3897	0.005799
3898	-0.069269
3904	-0.040340
3945	0.001984
3990	-0.034119
4024	0.068130
4039	0.243173
4048	-0.089447
4050	0.061214
4076	0.012942
4094	0.393526
4170	-0.132706
4251	-0.108701
4252	-0.082359
4299	-0.109560
4302	-0.073366
4318	0.098632
4319	-0.314567
4320	-0.056072
4360	-0.235569
4388	0.000673
4414	0.038816
4426	-0.124801
4446	0.210967
4527	-0.299458
4545	0.030468
4546	-0.087063
4554	-0.045337
4564	-0.106879
4567	0.001202
4634	-0.135652
4693	0.036307
4736	0.136676
4761	-0.179228
4879	0.008673
5071	-0.025783
5138	-0.228328
5164	0.041175
5182	0.148398
5183	0.111517
5184	-0.002166
5187	0.016369
5188	-0.270506
5189	-0.166372
5193	-0.079155
5194	0.094809
5195	-0.196686
5197	-0.032877
5203	-0.733057
5205	0.029888
5212	0.098638
5213	0.191628
5222	-0.089268
5223	0.112595
5228	0.041470
5232	-0.053488
5244	0.019479
5245	-0.857919
5246	0.036840
5248	-0.175781
5292	-0.003227
5293	0.118964
5299	-0.022727
5300	-0.041363
5315	-0.064676
5316	-0.040746
5319	0.072509
5320	0.119611
5321	0.073309
5322	0.003314
5323	-0.024907
5324	0.184497
5325	-0.106427
5329	-0.694137
5342	0.070993
5343	-0.137458
5374	1.053760
5376	0.147592
5378	-0.367242
5379	-0.003158
5382	-0.149815
5390	-0.182616
5398	-0.227664
5402	-0.012829
5404	-0.138073
5407	-0.026098
5408	0.057531
5409	-0.014289
5411	-0.100574
5412	0.046760
5413	-0.030170
5416	0.265438
5418	-0.144460
5422	0.240491
5425	0.003230
5427	-0.078979
5428	0.162119
5432	-0.138891
5436	-0.039691
5443	-0.050725
5444	0.047383
5458	-0.025325
5462	-0.095047
5465	-0.189241
5468	0.011911
5471	-0.121537
5480	-0.212896
5481	0.019787
5485	-0.016018
5486	0.023862
5488	0.037378
5489	0.059036
5495	0.102606
5513	0.043805
5515	-0.024926
5516	0.124917
5521	0.035619
5527	0.011830
5528	-0.113957
5536	0.205791
5537	0.047200
5547	-0.147311
5565	0.096329
5573	0.000311
5579	0.175000
5583	-0.025962
5586	-0.050426
5589	0.005164
5590	0.022633
5593	0.105420
5599	0.073714
5604	-0.323362
5605	0.120754
5606	-0.055903
5625	-0.789301
5649	-0.056560
5656	-0.159278
5657	-0.628567
5658	0.060179
5686	-0.114092
5695	0.157939
5705	0.151239
5706	0.167546
5716	0.032715
5717	-0.167538
5718	0.165355
5719	0.081550
5720	-0.083850
5724	0.013589
5738	0.034762
5742	-0.311422
5750	-0.115409
5751	0.087072
5756	0.112996
5761	0.151372
5768	0.005691
5773	0.045038
5792	-0.069515
5793	-0.168971
5794	-0.116997
5806	-0.322085
5811	-0.049725
5812	0.060637
5813	0.104850
5814	0.012095
5821	-0.079619
5823	-0.043468
5825	0.226694
5831	-0.046538
5832	-0.120072
5833	0.077960
5847	-0.096322
5849	-0.089297
5851	-0.000120
5854	-0.062011
5858	0.099862
5862	0.173572
5875	-0.108594
5876	0.034965
5903	0.237596
5910	0.157720
5912	-0.439645
5913	-0.495300
5925	-0.096870
5926	0.008676
5927	0.074041
5928	-0.099739
5930	-0.047104
5931	-0.177594
5933	-0.321036
5934	0.145565
5937	-0.379053
5939	0.089961
5940	-0.069190
5941	0.038781
5943	0.048380
5963	-0.047261
5964	0.114669
5965	-0.069673
5966	0.097267
5968	0.158609
5969	0.179285
5970	0.252796
5971	0.292963
5975	0.505293
6006	0.150011
6011	-0.192991
6017	0.227437
6019	0.006822
6022	0.354854
6032	1.482206
6095	0.239258
6115	-0.315825
6116	0.114287
6119	0.064856
6127	0.168061
6128	0.308166
6130	-0.074922
6140	0.091296
6141	0.140127
6147	-0.244195
6148	-0.204232
6163	0.039156
6164	-0.010235
6170	0.106920
6171	0.146981
6177	0.084906
6184	-0.441779
6200	0.341221
6204	-0.241048
6206	0.119664
6223	-0.040416
6240	0.050579
6245	0.046587
6253	0.199233
6267	-0.162490
6269	-0.004328
6290	-0.242125
6303	0.093889
6317	-0.206020
6343	-0.245191
6350	-0.281613
6360	0.295597
6367	-0.283845
6383	-0.152143
6389	0.320270
6397	-0.025105
6398	-0.142431
6406	0.095693
6407	-0.265275
6412	0.167945
6413	0.070575
6434	-0.073458
6435	-0.070776
6460	-0.080670
6463	0.143574
6464	0.159656
6489	-0.012848
6507	0.066934
6510	0.343001
6516	0.165794
6518	0.218599
6522	0.454795
6523	0.392727
6524	0.066749
6525	0.044081
6531	1.320796
6536	0.005758
6575	-0.211719
6584	0.096480
6585	-0.246687
6586	0.180539
6594	-0.172062
6595	-0.066762
6610	-0.086045
6612	-0.016932
6615	0.125420
6624	-0.064613
6628	0.157842
6649	0.192530
6698	0.059024
6706	0.183814
6718	-0.129359
6719	0.148038
6722	-0.111554
6770	0.095025
6780	-0.017663
6781	0.006014
6794	0.046879
6795	0.092203
6796	-0.029145
6799	0.082077
6809	0.309008
6837	-0.044754
6838	-0.064146
6839	-0.175553
6846	-0.028564
6865	0.157734
6869	0.084079
6870	0.047578
6871	0.014406
6873	0.083382
6876	0.022860
6885	0.106641
6895	-0.053952
6896	0.192341
6897	-0.025476
6900	0.014842
6903	-0.063824
6906	0.084095
6916	-0.009293
6917	-0.255026
6918	-0.162200
6919	-0.114332
6938	-0.080763
6941	0.300697
6942	-0.088299
6943	-0.261149
6944	-0.161509
6948	-0.030660
6953	0.080678
6957	0.088470
6958	0.256982
6970	-0.128028
6971	0.001667
6976	0.062223
6977	0.313326
6990	-0.070984
7014	-0.073187
7015	-0.083063
7016	-0.115912
7018	0.269692
7019	0.213234
7042	-0.236342
7053	-0.008801
7066	-0.124048
7067	0.053310
7083	-0.155357
7092	0.149591
7100	-0.009386
7103	0.042470
7110	-0.058237
7111	0.293837
7112	0.279885
7113	-0.367852
7116	-0.138560
7119	-0.058564
7120	-0.307565
7121	-0.063336
7122	-0.069073
7140	-0.017041
7143	0.009291
7157	0.135454
7165	0.094759
7175	0.029611
7178	-0.213216
7206	0.072871
7207	0.068659
7217	0.022261
7218	-0.221990
7221	-0.111235
7227	0.000716
7230	0.379795
7236	0.008300
7239	0.204532
7242	0.125526
7260	0.047054
7268	-0.382375
7269	-0.230051
7304	-0.334756
7326	0.167341
7327	0.044576
7336	-0.039533
7342	-0.115270
7346	0.111449
7348	-0.009598
7355	-0.006305
7361	-0.162297
7372	0.010119
7387	-0.057407
7422	-0.086428
7423	0.175086
7425	-0.132506
7436	-0.079051
7442	0.089949
7446	0.125971
7448	0.083613
7453	-0.255126
7463	-0.142760
7492	-0.245958
7493	-0.104071
7494	-0.019199
7495	0.076521
7518	0.031389
7520	-0.240141
7540	0.054423
7546	-0.241905
7556	-0.139403
7559	0.071291
7560	0.079197
7561	0.018889
7564	0.095509
7575	0.000248
7583	-0.233183
7585	-0.044716
7586	-0.039060
7599	0.166846
7600	0.129645
7606	0.057693
7614	0.083403
7617	0.261477
7622	-0.010238
7629	0.056901
7637	-0.098446
7640	-0.028786
7657	-0.203608
7665	-0.164096
7666	-0.069425
7667	0.124845
7668	-0.015926
7669	0.089177
7670	-0.090516
7671	0.170378
7681	-0.358157
7683	0.665383
7684	-0.045566
7696	0.003530
7722	-0.253999
7723	0.337473
7799	0.060755
7852	0.070783
7859	-0.256397
7860	-0.047903
7861	0.007365
7865	0.264949
7875	-0.033529
7876	-0.413201
7895	-0.012688
7913	-0.194780
7917	0.367475
7952	-0.032466
7969	0.214036
7971	0.033238
8000	0.039071
8002	0.072986
8006	-0.016131
8036	-0.178705
8056	0.106411
8069	-0.223293
8103	-0.255568
8107	0.137304
8120	-0.157355
8122	0.170047
8125	-0.025501
8127	0.002180
8136	-0.164193
8149	-0.254395
8154	-0.287798
8197	-0.413122
8208	-0.471369
8223	-0.030032
8232	-0.032244
8241	0.126861
8256	0.219315
8262	0.218867
8266	0.014197
8267	-0.093112
8268	0.002240
8269	0.007216
8271	-0.038502
8273	-0.241169
8280	0.074015
8284	0.156171
8303	-0.090188
8304	-0.014385
8305	0.067418
8308	-0.080767
8332	0.062680
8333	-0.035872
8334	0.069337
8338	0.179574
8363	-0.430862
8370	0.470987
8398	0.305803
8465	-0.143458
8468	-0.141499
8469	0.145196
8470	0.010680
8507	0.000680
8552	0.041943
8572	-0.259497
8574	-0.215750
8577	-0.027461
8586	0.107050
8592	0.068662
8593	-0.079190
8594	0.191898
8597	0.019677
8599	0.093083
8606	0.406112
8607	0.061214
8615	-0.268090
8617	-0.050456
8626	-0.057901
8636	-0.080076
8669	-0.271732
8671	-0.287895
8673	-0.033030
8675	-0.142638
8790	-0.182914
8791	-0.064164
8811	-0.016615
8822	-0.053091
8841	-0.073926
8849	-0.175225
8856	0.063766
8875	-0.002897
8884	0.391166
8906	0.124235
8907	-0.147268
8910	-0.087319
8911	0.022500
8912	-0.208762
8913	-0.261848
8934	-0.028705
8935	0.009346
8954	-0.283995
8968	-0.215566
8972	-0.267500
9001	0.092543
9029	-0.015373
9032	0.108816
9058	0.060998
9059	0.034794
9068	0.246559
9070	-0.272055
9108	0.012844
9139	0.024240
9140	0.046737
9158	-0.055358
9187	-0.206130
9188	-0.070075
9189	-0.299243
9190	-0.101604
9253	0.095235
9259	-0.266770
9268	-0.272023
9269	-0.066627
9271	0.072955
9312	-0.191738
9323	0.173348
9329	-0.015459
9330	-0.063424
9331	0.101181
9356	0.158370
9376	-0.071981
9394	-0.121872
9424	-0.008378
9428	0.180154
9429	0.195181
9496	0.130831
9536	-0.015837
9543	0.075343
9589	0.191554
9614	0.346630
9615	-0.410417
9617	-0.295732
9631	0.296127
9661	0.177684
9668	0.052626
9718	-0.203157
9728	-0.080752
9734	0.056861
9788	0.037087
9791	0.109899
9793	-0.025759
9804	0.090058
9809	0.139121
9810	0.074332
9823	-0.072548
9828	0.192713
9907	-0.090596
9951	-0.037918
9968	0.011889
9969	0.045856
10010	0.101877
10011	-0.108043
10012	0.088851
10018	0.262654
10021	0.194649
10022	0.166231
10031	-0.037793
10032	0.071541
10033	-0.084369
10034	0.105420
10035	-0.070583
10039	-0.299606
10044	-0.048862
10045	-0.185960
10060	0.135671
10065	0.170067
10077	-0.253208
10080	-0.016711
10130	-0.205145
10131	-0.047237
10149	-0.188482
10194	0.018776
10197	0.153770
10221	-0.039339
10226	-0.009446
10232	0.071772
10233	-0.062961
10263	-0.072696
10264	0.003335
10274	0.110893
10286	-0.090700
10292	0.483272
10299	0.226069
10302	0.089946
10324	0.026570
10355	-0.104567
10358	0.156013
10362	-0.294730
10366	-0.163351
10368	0.269048
10370	0.273557
10392	0.202264
10405	0.020476
10406	0.269709
10409	-0.134839
10419	0.051013
10420	0.069611
10424	0.012653
10434	-0.117369
10455	-0.068138
10478	0.195673
10480	0.293446
10484	0.080640
10510	0.008792
10519	-0.097785
10520	0.394940
10524	-0.008726
10578	-0.200773
10630	0.061633
10643	0.200846
10645	0.002441
10677	0.048045
10678	-0.086924
10690	0.032586
10717	-0.053255
10718	0.052245
10719	0.290914
10721	-0.071271
10723	-0.042569
10735	0.086613
10736	-0.061598
10829	0.097809
10837	0.370469
10846	0.088623
10921	0.066559
10922	0.025912
10923	-0.018682
10924	-0.045978
10964	-0.064305
10978	0.087171
11017	-0.314072
11018	-0.098067
11019	0.282328
11032	-0.034769
11034	-0.059287
11035	-0.114104
11036	0.020823
11052	-0.254714
11056	0.071986
11060	-0.168284
11063	0.182432
11064	-0.044092
11068	-0.006511
11069	-0.086605
11090	0.134748
11098	0.241555
11099	0.192058
11100	0.168181
11105	-0.181849
11109	-0.018211
11122	-0.056351
11123	-0.032526
11125	-0.197071
11126	0.032911
11149	0.166875
11153	0.014758
11188	-0.001398
11193	-0.087316
11230	0.159065
11233	-0.360841
11236	0.237073
11243	0.165060
11251	-0.059467
11259	-0.194672
11263	0.015880
11272	-0.064115
11321	-0.062206
11322	-0.046987
11326	-0.032059
11327	-0.369155
11335	-0.327389
11337	0.036510
11343	0.074231
11390	0.110297
11444	0.134350
11464	-0.196626
11471	-0.140254
11472	-0.088463
11473	-0.159398
11492	-0.161300
11499	0.145419
11500	0.014697
11505	0.211511
11527	-0.183649
11528	-0.156116
11532	0.251908
11564	-0.067662
11589	0.053711
11591	0.148068
11592	0.167132
11599	-0.053833
11605	0.296654
11617	0.017573
11630	-0.044711
11631	-0.386101
11632	0.356488
11656	0.066632
11657	-0.126237
11777	1.329532
11786	-0.126474
11812	0.035886
12020	0.104882
12061	0.145838
12115	0.221400
12154	0.129564
12155	0.310707
12156	0.031518
12159	-0.090941
12174	0.054257
12176	0.027285
12230	0.061487
12234	0.036397
12236	-0.053865
12237	0.143983
12250	0.122038
12252	-0.036674
12253	-0.217081
12315	-0.119117
12381	0.335499
12382	0.255002
12438	-0.251124
12455	-0.127118
12462	-0.048848
12478	0.039737
12603	0.405779
12711	-0.076636
12714	-0.045696
12716	-0.149402
12754	0.012800
12785	-0.010328
12788	-0.082373
12792	0.357825
12898	0.097389
12944	-0.338561
12949	-0.211389
13062	-0.403940
13099	0.151406
13160	-0.409225
13198	0.034185
13239	0.264100
13249	-0.354859
13262	0.557825
13263	-0.050524
13272	0.108400
13273	0.249352
13277	-0.070030
13305	0.847404
13342	0.040938
13343	0.091353
13345	-0.268713
13351	0.122523
13357	-0.056817
13427	0.833093
13436	-0.090462
13455	0.085548
13528	-0.296487
13532	-0.101741
13553	-0.199376
13566	-0.156185
13651	0.150710
13653	0.041939
13675	0.012808
13676	0.118542
13677	-0.070847
13678	-0.030187
13681	-0.011090
13688	-0.046093
13697	0.020974
13705	0.124013
13708	0.080458
13737	-0.200526
13760	-0.100626
13923	-0.038797
13927	0.007800
13995	0.258398
14002	-0.128707
14003	-0.059376
14021	0.173777
14034	0.351501
14064	0.440123
14110	-0.230882
14155	0.125758
14203	-0.163072
14208	-0.131018
14340	0.432307
14356	-0.215010
14389	-0.020531
14499	0.032214
14625	-0.191248
14632	-0.088942
14637	-0.060740
14641	0.030230
14685	0.563949
14694	0.000668
14695	-0.045032
14699	-0.072341
14700	0.047927
14749	0.298624
14760	-0.048685
14790	-0.010290
14791	0.060115
14796	0.269716
14797	0.033937
14891	-0.072167
14927	0.336607
15099	0.028168
15182	-1.466813
15243	-0.214347
15245	-0.230253
15254	0.016409
15322	-0.189668
15327	0.049372
15463	0.172934
15496	0.121075
15499	-0.019804
15502	-0.145490
15514	-0.179696
15566	-0.022485
15580	-0.295961
15583	-0.493189
15586	-0.136474
15601	0.874261
15621	-0.369017
15780	-0.216810
15869	0.166408
16082	0.665051
16281	-0.390486
16293	-0.366626
16300	-0.215137
16304	-0.187158
16360	0.363048
16361	0.299285
16367	0.529026
16432	0.158832
16433	0.139141
16438	0.059508
16446	0.002666
16453	0.022515
16463	0.711082
16466	-0.062277
16477	-0.069945
16482	0.275822
16605	0.226457
16606	0.439430
16635	0.305408
16638	-0.108907
16655	-0.038946
16673	-0.109487
16676	0.065144
16677	-0.068866
16678	0.228537
16808	-0.221689
16829	0.178120
17150	-0.191219
17182	-0.186725
17199	-0.247056
17273	-0.067736
17431	-0.187119
17466	-0.182961
17472	-0.291301
17485	0.096637
17585	0.432438
17620	0.050018
17647	-1.291774
17690	0.151059
17772	0.283803
18410	-0.095146
19647	-0.538789
21458	-0.103699
21885	-0.097682
21973	0.113746
21976	0.088007
21977	0.102368
22084	0.035578
23475	0.010780
23754	0.071758
23764	-0.052635
24372	-0.048413
24918	0.474048
24944	-0.008202
25022	-0.420833
25140	-0.102995
26484	0.069334
27764	0.043130
28424	0.005677
28845	0.018439
29861	0.368491
30684	-0.280127
31288	-0.219481
31704	0.027445
32421	0.154388
32520	0.030162
32893	-0.110981
34340	-0.392660
35227	-0.089752
35334	0.143224
36499	0.103474
36843	0.169911
36844	0.262687
36955	-0.749171
36970	-0.736256
39336	0.124959
39353	0.078376
40538	0.183105
40541	-0.245706
40542	-0.170209
40599	-0.101128
40601	-0.316275
40602	-0.054608
40656	-0.031495
40657	0.109283
42157	0.142557
42203	-0.015976
42204	-0.070305
42851	0.461256
43061	0.024484
44144	0.003774
45195	0.582018
47030	0.023658
47285	0.244100
47317	0.012090
47457	-0.246591
47460	0.079981
48147	-0.118013
48297	0.379459
48474	0.024428
48696	-0.159347
49516	-0.027914
49630	0.129854
49927	0.528326
50199	-0.002321
50249	-0.041862
50259	-0.017801
50904	-0.026960
53231	-0.053823
53471	0.213300
53531	-0.019664
53986	0.095192
55057	0.214544
56431	0.030772
56432	-0.014563
56466	-0.289992
56478	0.065013
56621	-0.005017
57644	-0.267461
57756	-0.020933
58783	0.132278
59657	0.061444
59715	0.523052
64825	0.229184
64947	-0.130762
65950	-0.415402
70102	-0.132382
75003	0.239635
75099	0.402545
75742	0.475043
75823	-0.313212
75824	-0.098763
78157	0.064311
78181	0.195790
78191	-0.070395
80479	0.195973
80480	-0.063267
80715	0.256024
80719	0.151438
80750	-0.104232
81231	-0.166338
84436	0.416200
84780	0.023322
84844	-0.058405
85002	-0.018842
85003	-0.738355
85659	-0.179879
85663	-0.019541
85710	-0.030121
92185	-0.591468
96142	0.239625
96144	0.159912
96482	-0.104623
98871	0.151915
