# 1342 minima projected onto PC44
Min	PC
3	-0.210134
4	-0.076117
5	-0.215619
6	-0.363734
7	0.127033
9	1.057162
16	-0.246078
17	-0.299523
21	-0.022766
23	1.618886
31	0.749340
44	0.026743
47	0.185911
48	-0.165933
51	-0.120103
52	-0.367778
55	0.078432
56	0.250679
57	0.103220
58	-0.053480
60	-0.330956
67	0.193037
68	-0.046508
71	-0.104228
72	0.062040
74	0.089203
79	-0.627894
82	1.708978
85	-0.004913
86	0.186652
87	0.220745
88	0.393967
91	-0.051916
92	0.526357
94	-0.042945
95	0.021870
97	0.174954
104	-0.331845
106	-0.217728
109	0.912362
111	0.034169
115	0.838807
120	0.056085
126	-0.484881
129	-0.360237
136	-0.192582
137	-0.113602
188	-0.127605
189	0.046675
196	0.257309
199	0.084138
200	-0.262003
202	1.833916
211	-0.354146
213	1.635063
214	-0.091232
219	0.793024
221	0.940078
276	0.048838
279	0.145604
283	-0.100143
295	-0.021163
308	0.115440
312	0.062313
315	-0.056398
318	0.341519
319	-0.143985
321	0.288387
324	0.059061
328	0.100249
334	-0.123257
336	0.087645
338	1.260328
347	-0.076881
351	-0.352407
352	0.083487
354	-0.070607
357	0.115958
359	-0.204584
362	0.078276
364	0.126395
365	-0.000365
368	-0.095951
376	-0.033869
377	-0.111011
380	-0.038319
386	0.522765
388	0.143941
390	0.582053
396	-0.008461
404	0.100925
410	-0.018606
413	0.036429
420	0.172578
423	0.069704
424	-0.221117
437	-0.322478
438	0.186340
444	0.460228
452	-0.141652
473	0.006983
474	-0.176960
475	-0.110113
476	-0.110728
478	0.009289
479	-0.095596
480	-0.401705
483	-0.474231
503	0.176229
508	-0.214491
509	-0.277300
530	-0.325542
536	-0.109601
556	0.058510
581	-0.125404
583	-0.263245
603	0.059653
606	-0.358974
607	-0.204176
620	0.078923
628	1.724944
636	-0.049413
637	-0.437194
639	-0.190494
640	-0.207900
644	-0.132240
645	-0.115388
677	-0.196683
678	0.101986
679	0.087932
682	-0.371994
698	-0.254110
700	-0.082906
710	0.678327
722	-0.429425
723	-0.264659
724	-0.010672
725	0.037404
726	0.007227
747	0.401372
753	-0.135088
755	-0.166676
757	0.078769
765	0.323952
782	-0.253968
783	0.661751
793	0.089922
808	-0.169189
814	0.612381
840	-0.184754
848	-0.286538
859	-0.242096
864	-0.204584
867	0.585128
878	-0.433658
888	1.128154
890	-0.097849
892	-0.176303
899	0.190765
918	-0.187702
926	-0.078125
933	-0.124643
934	-0.009489
981	0.026909
1028	0.134978
1034	0.303088
1051	0.009216
1054	0.010447
1058	0.044024
1062	-0.204655
1063	0.268678
1064	-0.011180
1066	-0.111688
1068	-0.118481
1073	0.121895
1082	0.126761
1083	-0.036483
1086	-0.084972
1089	-0.428884
1090	-0.224525
1091	0.468492
1092	0.279811
1164	-0.385399
1165	0.058711
1174	-0.316743
1176	0.157277
1184	0.024384
1191	-0.175925
1192	-0.400917
1201	-0.022064
1230	0.477585
1339	0.038137
1341	-0.549651
1370	-0.241550
1385	0.216625
1405	0.027431
1437	-0.152124
1441	0.187955
1443	0.198676
1521	-0.099493
1522	0.123546
1523	0.113182
1524	-0.162468
1525	-0.223550
1541	-0.164457
1542	0.221286
1550	-0.303181
1551	-0.183595
1596	0.077354
1597	0.254374
1628	-0.417527
1629	0.213234
1633	0.078653
1636	1.908156
1637	0.659276
1765	-0.490096
1766	-0.178027
1780	0.054436
1862	-0.007126
1865	-0.316364
1870	0.014535
1885	-0.562231
1910	-0.112929
1911	0.078333
2007	-0.022647
2060	-0.914163
2062	-0.217035
2090	-0.133292
2093	-0.316270
2094	-0.018819
2095	0.026577
2096	-0.244415
2100	-0.286499
2101	0.086666
2102	-0.000440
2103	0.140398
2104	0.059162
2105	-0.230873
2128	-0.138969
2129	0.370174
2135	-0.081309
2190	-0.045667
2195	-0.157596
2197	-0.039558
2198	-0.271856
2199	0.538454
2200	-0.409404
2201	0.293162
2202	-0.290122
2205	-0.085411
2217	0.513278
2218	0.407926
2221	0.069368
2272	-0.134022
2273	0.198251
2275	-0.023436
2288	-0.729397
2293	-0.162713
2298	0.297077
2299	-0.230059
2300	0.302869
2301	0.105168
2338	0.206534
2342	0.236446
2343	-0.054344
2358	0.636647
2384	-0.193669
2385	-0.338975
2399	-0.195339
2435	-0.021165
2436	0.027714
2465	-0.029597
2467	-0.085847
2468	-0.100631
2469	0.065502
2470	-0.061435
2471	-0.756213
2474	-0.048264
2620	-0.595365
2650	-0.080534
2651	-0.428236
2685	-0.014956
2688	-0.196128
2730	-0.439770
2843	0.306807
2951	-0.415897
2959	-0.332408
3236	-0.057409
3305	0.351857
3318	-1.030251
3340	-0.151617
3352	-0.391010
3355	-0.230794
3356	-0.322849
3365	0.250473
3366	-0.195065
3367	-0.235118
3368	0.283421
3401	0.478498
3405	-0.658437
3434	-0.287928
3448	0.239740
3454	0.129090
3481	-0.082187
3495	-0.527160
3504	0.027433
3532	-0.115262
3540	-0.018116
3549	-0.050573
3550	-0.909101
3569	-0.195887
3595	-0.196695
3596	-0.172678
3603	-0.102654
3621	0.679417
3622	0.118404
3647	-0.280580
3649	0.050979
3651	0.123977
3652	0.430576
3723	-0.826294
3757	1.359453
3772	-0.273523
3787	0.078570
3798	0.214163
3799	0.367709
3889	-0.281107
3897	0.217537
3898	0.459350
3904	0.691706
3945	-0.071354
3990	0.040840
4024	0.110163
4039	-0.065506
4048	0.112086
4050	0.142829
4076	-0.315808
4094	-0.108549
4170	-0.260110
4251	-0.260358
4252	-0.045516
4299	0.022519
4302	-0.330344
4318	-0.074472
4319	-0.043150
4320	0.133372
4360	0.438421
4388	0.155931
4414	-0.259499
4426	-0.035260
4446	1.074944
4527	0.088441
4545	-0.133207
4546	0.192575
4554	-0.390540
4564	-0.375550
4567	-0.238452
4634	0.360861
4693	-0.498437
4736	1.220533
4761	0.121041
4879	-0.151476
5071	-0.107344
5138	-0.122286
5164	0.442212
5182	0.602651
5183	0.300136
5184	-0.035566
5187	0.200412
5188	0.069138
5189	-0.067044
5193	-0.254962
5194	-0.475438
5195	-0.437857
5197	0.263782
5203	-0.508566
5205	0.031623
5212	-0.064219
5213	-0.271372
5222	0.222288
5223	0.132197
5228	-0.286814
5232	-0.238999
5244	-0.079939
5245	-0.401492
5246	0.243445
5248	0.094884
5292	-0.084008
5293	0.307392
5299	-0.051703
5300	-0.399301
5315	-0.150883
5316	-0.087645
5319	-0.153459
5320	-0.220311
5321	0.079218
5322	-0.415433
5323	0.132817
5324	0.049692
5325	0.064351
5329	0.331752
5342	0.211279
5343	0.143348
5374	0.364055
5376	-0.114769
5378	-0.314061
5379	0.062863
5382	-0.040948
5390	-0.001365
5398	-0.085799
5402	-0.138900
5404	-0.049164
5407	-0.148944
5408	0.048336
5409	-0.321712
5411	0.050597
5412	0.136766
5413	-0.021842
5416	-0.311378
5418	-0.418607
5422	-0.371705
5425	-0.203472
5427	-0.285329
5428	-0.276701
5432	0.028498
5436	0.027320
5443	-0.089854
5444	-0.118237
5458	-0.020504
5462	0.206518
5465	-0.236344
5468	-0.140600
5471	-0.077578
5480	0.018110
5481	0.088330
5485	-0.300569
5486	-0.433338
5488	0.067294
5489	-0.065447
5495	0.031075
5513	-0.295586
5515	-0.231570
5516	-0.193911
5521	-0.311553
5527	-0.135191
5528	0.038103
5536	0.184897
5537	0.205372
5547	-0.254525
5565	-0.225775
5573	-0.149152
5579	-0.116854
5583	-0.139948
5586	-0.056294
5589	-0.239515
5590	-0.137577
5593	-0.163515
5599	0.115352
5604	0.339898
5605	-0.002981
5606	-0.357527
5625	1.255391
5649	-0.466379
5656	-0.098697
5657	1.041269
5658	0.243086
5686	-0.075378
5695	-0.501188
5705	0.182238
5706	-0.160352
5716	-0.132866
5717	0.023485
5718	-0.465286
5719	-0.182449
5720	0.171843
5724	-0.029350
5738	-0.427431
5742	0.088368
5750	-0.211283
5751	0.084302
5756	-0.007144
5761	-0.165401
5768	-0.206842
5773	0.098988
5792	0.056603
5793	-0.112054
5794	0.160658
5806	0.088572
5811	0.386174
5812	0.150025
5813	-0.285270
5814	-0.061769
5821	-0.019704
5823	-0.018751
5825	-0.533902
5831	-0.226529
5832	-0.309329
5833	-0.345560
5847	-0.310066
5849	-0.386794
5851	0.287078
5854	0.231204
5858	0.190217
5862	-0.240830
5875	-0.311404
5876	0.238957
5903	0.163882
5910	0.251355
5912	0.155832
5913	-0.407151
5925	-0.055405
5926	-0.103617
5927	-0.069363
5928	0.165060
5930	-0.344266
5931	0.123700
5933	-0.211388
5934	-0.244671
5937	0.955460
5939	-0.235400
5940	-0.241508
5941	-0.250053
5943	-0.328199
5963	-0.061952
5964	-0.330116
5965	-0.381950
5966	-0.180823
5968	0.028926
5969	0.113575
5970	0.321622
5971	0.190215
5975	-0.655949
6006	-0.024960
6011	0.111999
6017	0.056106
6019	-0.295058
6022	0.085116
6032	0.300934
6095	0.357991
6115	0.325196
6116	-0.320556
6119	-0.323923
6127	-0.133435
6128	-0.016608
6130	-0.386206
6140	-0.043331
6141	0.221987
6147	0.765883
6148	0.628815
6163	-0.214416
6164	0.083462
6170	0.127406
6171	0.010077
6177	-0.587806
6184	-0.739748
6200	0.481081
6204	-0.195435
6206	0.306203
6223	-0.022546
6240	-0.152411
6245	-0.195930
6253	0.480665
6267	0.417740
6269	-0.106827
6290	0.237027
6303	-0.011889
6317	0.283269
6343	0.012828
6350	0.109329
6360	0.064186
6367	0.287748
6383	-0.164300
6389	0.499969
6397	0.164715
6398	-0.052685
6406	-0.152111
6407	0.324755
6412	0.143895
6413	-0.020534
6434	-0.029687
6435	0.010093
6460	0.132421
6463	-0.111804
6464	-0.018327
6489	0.332030
6507	0.320833
6510	-0.633853
6516	0.083192
6518	0.111187
6522	-0.597668
6523	-0.667004
6524	-0.114818
6525	-0.470235
6531	0.053759
6536	-0.372076
6575	-0.344253
6584	-0.076264
6585	0.174367
6586	-0.203994
6594	-0.008280
6595	0.115309
6610	0.065840
6612	-0.107100
6615	-0.396709
6624	-0.366252
6628	-0.353873
6649	-0.045362
6698	0.192977
6706	-0.065902
6718	0.491325
6719	0.141578
6722	0.132360
6770	-0.608487
6780	-0.316010
6781	-0.307098
6794	-0.560002
6795	-0.257335
6796	-0.257148
6799	-0.586496
6809	-0.362218
6837	0.027950
6838	-0.308556
6839	-0.093028
6846	0.059507
6865	-0.491540
6869	0.068407
6870	-0.172465
6871	0.143970
6873	-0.052680
6876	0.020820
6885	-0.007362
6895	0.295225
6896	0.227997
6897	0.049070
6900	0.036768
6903	0.077227
6906	-0.168954
6916	-0.041026
6917	0.161199
6918	-0.019011
6919	-0.288022
6938	0.042904
6941	-0.301560
6942	0.114589
6943	0.524983
6944	0.675548
6948	0.012868
6953	0.132504
6957	-0.164637
6958	0.193852
6970	0.230276
6971	-0.262708
6976	0.463051
6977	0.381866
6990	0.005440
7014	0.100619
7015	0.195838
7016	0.004798
7018	0.232363
7019	0.333393
7042	-0.064317
7053	0.146825
7066	0.098005
7067	-0.341055
7083	-0.268570
7092	-0.207786
7100	-0.349998
7103	-0.502063
7110	-0.227022
7111	0.249326
7112	0.477364
7113	0.003007
7116	-0.188997
7119	-0.126340
7120	-0.165962
7121	0.033205
7122	-0.052031
7140	-0.226850
7143	0.253362
7157	-0.092229
7165	0.272726
7175	-0.309422
7178	0.626187
7206	0.469970
7207	0.152223
7217	-0.468729
7218	-0.016916
7221	0.108228
7227	0.185027
7230	-0.226140
7236	-0.111828
7239	-0.180552
7242	-0.321932
7260	-0.343191
7268	-0.462996
7269	-0.342421
7304	-0.430735
7326	0.704223
7327	-0.030816
7336	0.573342
7342	-0.158382
7346	-0.059516
7348	-0.306162
7355	-0.140743
7361	-0.167588
7372	-0.089553
7387	-0.115885
7422	0.059537
7423	0.148224
7425	-0.068969
7436	-0.026841
7442	0.256620
7446	0.054452
7448	0.006964
7453	-0.048074
7463	-0.077884
7492	-0.039577
7493	-0.482790
7494	-0.525356
7495	-0.527158
7518	0.067766
7520	0.045427
7540	-0.015299
7546	0.022365
7556	-0.274740
7559	0.464755
7560	-0.109762
7561	-0.152787
7564	-0.304795
7575	-0.069272
7583	-0.040712
7585	0.051018
7586	0.080207
7599	-1.091224
7600	-0.344606
7606	-1.120080
7614	-0.308031
7617	0.064972
7622	-0.013013
7629	0.224755
7637	-0.003323
7640	0.055228
7657	0.031562
7665	-0.270944
7666	-0.257599
7667	0.064291
7668	0.124808
7669	-0.193178
7670	-0.079140
7671	-0.109847
7681	0.488539
7683	0.362719
7684	0.127425
7696	-0.252638
7722	-0.490539
7723	0.051801
7799	-0.422120
7852	-0.324477
7859	-0.255123
7860	-0.163757
7861	-0.585600
7865	-0.048749
7875	-0.288076
7876	-0.249738
7895	0.096223
7913	-0.291486
7917	0.384035
7952	-0.095215
7969	0.090796
7971	0.123954
8000	-0.116910
8002	0.061355
8006	0.268555
8036	0.405137
8056	-0.068923
8069	0.444299
8103	-0.095493
8107	0.104621
8120	-0.287553
8122	0.115356
8125	-0.395374
8127	-0.374847
8136	-0.772606
8149	-0.779306
8154	-0.444523
8197	-0.087230
8208	-0.426262
8223	-0.303606
8232	-0.138367
8241	0.218988
8256	0.279717
8262	0.087772
8266	-0.390725
8267	-0.523803
8268	-0.441721
8269	-0.264140
8271	-0.189850
8273	-0.146582
8280	-0.053234
8284	0.074403
8303	-0.296592
8304	0.319933
8305	0.442730
8308	-0.106811
8332	-0.376904
8333	-0.043714
8334	0.157901
8338	-0.108899
8363	-0.128344
8370	0.157975
8398	-0.309829
8465	-0.216409
8468	-0.358895
8469	0.431091
8470	0.273414
8507	-0.451739
8552	-0.161450
8572	-0.077012
8574	-0.193974
8577	0.035459
8586	-0.321259
8592	-0.123096
8593	0.300509
8594	0.419411
8597	-0.007085
8599	0.192606
8606	-0.685425
8607	0.139871
8615	0.013056
8617	-0.107442
8626	-0.028580
8636	0.081748
8669	0.081392
8671	-0.145342
8673	0.026369
8675	-0.190317
8790	0.086409
8791	0.025811
8811	1.582219
8822	-0.098672
8841	0.111153
8849	0.547666
8856	-0.056271
8875	0.123558
8884	0.400296
8906	-0.132523
8907	-0.031359
8910	-0.062298
8911	-0.773996
8912	-0.069461
8913	-0.189055
8934	0.245312
8935	-0.169887
8954	-0.258844
8968	-0.101926
8972	-0.157962
9001	0.461558
9029	0.020171
9032	0.008014
9058	-0.546179
9059	0.055610
9068	0.137410
9070	-0.002437
9108	-0.390172
9139	-0.111189
9140	-0.086176
9158	0.348313
9187	0.224641
9188	0.069134
9189	0.410428
9190	0.042080
9253	0.083983
9259	0.453678
9268	-0.295362
9269	0.101943
9271	0.314390
9312	0.083905
9323	0.212468
9329	0.233650
9330	0.095507
9331	0.090009
9356	0.422760
9376	-0.227995
9394	-0.066763
9424	0.203875
9428	-0.533358
9429	-0.406485
9496	-0.012271
9536	-0.092477
9543	-0.073968
9589	0.085349
9614	0.131065
9615	0.422876
9617	0.207244
9631	0.287492
9661	-0.348729
9668	0.144591
9718	-0.313111
9728	0.269064
9734	0.011736
9788	-0.189553
9791	-0.034467
9793	-0.032927
9804	-0.452279
9809	-0.404352
9810	-0.493993
9823	-0.035554
9828	-0.277272
9907	-0.204230
9951	0.103083
9968	-0.109304
9969	0.105757
10010	0.102219
10011	-0.118873
10012	0.258153
10018	0.138012
10021	0.016867
10022	-0.274855
10031	-0.129606
10032	-0.134267
10033	0.449376
10034	-0.104760
10035	0.281173
10039	0.190264
10044	0.191397
10045	0.243835
10060	-0.441821
10065	0.124094
10077	-0.166227
10080	-0.030235
10130	-0.321978
10131	-0.407194
10149	-0.144843
10194	-0.031737
10197	-0.506474
10221	-0.028065
10226	-0.082835
10232	-0.505530
10233	-0.074022
10263	0.142764
10264	0.084965
10274	0.052867
10286	0.017509
10292	-0.352963
10299	0.283381
10302	-0.120961
10324	-0.380961
10355	0.324959
10358	0.714907
10362	0.525210
10366	0.617946
10368	-0.257391
10370	-0.499266
10392	0.246357
10405	0.411539
10406	-0.245189
10409	-0.301928
10419	0.370874
10420	-0.348496
10424	0.233981
10434	0.533696
10455	-0.087637
10478	-0.090913
10480	-0.543419
10484	-0.005549
10510	-0.288316
10519	0.206028
10520	0.165320
10524	-0.231135
10578	0.572826
10630	-0.123074
10643	-0.192406
10645	-0.213615
10677	-0.170403
10678	-0.259938
10690	-0.255652
10717	-0.275089
10718	-0.188129
10719	-0.731305
10721	-0.100070
10723	0.026131
10735	0.231606
10736	-0.107147
10829	-0.204030
10837	-0.601815
10846	0.115272
10921	-0.493277
10922	-0.319424
10923	0.287580
10924	0.267182
10964	0.086491
10978	-0.161465
11017	-0.126381
11018	-0.056253
11019	0.515697
11032	0.162069
11034	0.223116
11035	0.443899
11036	-0.092510
11052	-0.379460
11056	-0.796500
11060	-0.046894
11063	0.237737
11064	0.201324
11068	0.029900
11069	0.332516
11090	0.087891
11098	0.070755
11099	0.373996
11100	0.236876
11105	0.105417
11109	0.328045
11122	0.146072
11123	0.177569
11125	0.220981
11126	-0.326509
11149	0.366771
11153	-0.009127
11188	-0.150031
11193	0.469404
11230	0.119480
11233	0.047440
11236	0.156893
11243	-0.029743
11251	-0.077893
11259	-0.164062
11263	-0.032963
11272	-0.014925
11321	-0.070321
11322	0.126056
11326	-0.012221
11327	0.185501
11335	0.362414
11337	0.025714
11343	0.177330
11390	-0.076202
11444	0.172994
11464	0.358269
11471	0.320539
11472	-0.062693
11473	-0.293571
11492	0.093468
11499	-0.263455
11500	-0.044625
11505	0.076017
11527	0.346071
11528	0.333202
11532	0.018974
11564	0.348262
11589	-0.173150
11591	0.203846
11592	-0.049011
11599	0.402199
11605	-0.321677
11617	-0.037807
11630	-0.055046
11631	-0.710663
11632	0.001392
11656	0.696684
11657	0.224187
11777	-0.245474
11786	-0.239266
11812	0.141302
12020	-0.137037
12061	-0.438113
12115	-0.154853
12154	0.168235
12155	-0.097276
12156	0.179173
12159	0.204889
12174	0.293785
12176	0.689315
12230	-0.223112
12234	-0.441857
12236	-0.511431
12237	0.936730
12250	0.197314
12252	0.767545
12253	0.098667
12315	0.205340
12381	-0.027842
12382	-0.083311
12438	-0.577547
12455	0.232959
12462	0.253040
12478	-0.088381
12603	-0.736763
12711	0.675898
12714	0.198635
12716	0.119515
12754	0.154244
12785	0.556879
12788	0.146566
12792	-0.247699
12898	0.166315
12944	0.717670
12949	-0.668852
13062	0.912356
13099	-0.432077
13160	0.326886
13198	0.160803
13239	-0.134499
13249	0.968563
13262	-0.084548
13263	0.061939
13272	0.739539
13273	0.349943
13277	0.358150
13305	-0.455699
13342	0.424938
13343	0.217626
13345	0.273608
13351	0.034612
13357	0.198817
13427	0.253286
13436	0.108418
13455	-0.003122
13528	0.242961
13532	-0.077378
13553	-0.036504
13566	-0.223330
13651	-0.126575
13653	0.012624
13675	-0.300449
13676	-0.221369
13677	-0.085559
13678	-0.208580
13681	-0.079493
13688	0.048131
13697	0.730445
13705	0.759133
13708	0.006860
13737	-0.335234
13760	0.166373
13923	0.096477
13927	0.049144
13995	0.286205
14002	0.165378
14003	-0.112423
14021	-0.200885
14034	0.574900
14064	0.506590
14110	-0.094343
14155	-0.197831
14203	-0.051073
14208	0.044552
14340	0.369545
14356	0.103009
14389	0.040983
14499	-0.094986
14625	-0.198077
14632	0.201319
14637	-0.132778
14641	0.207148
14685	0.426146
14694	0.124150
14695	-0.034642
14699	0.034595
14700	0.288733
14749	0.163695
14760	-0.001740
14790	-0.215500
14791	-0.403427
14796	-0.078987
14797	-0.253485
14891	0.104052
14927	0.319271
15099	-0.723062
15182	0.532027
15243	-0.160695
15245	-0.133998
15254	0.162538
15322	0.266371
15327	-0.010523
15463	-0.043842
15496	0.313906
15499	-0.095569
15502	-0.092511
15514	0.443856
15566	-0.220768
15580	0.318507
15583	0.094380
15586	0.063318
15601	-0.250666
15621	-0.016054
15780	0.371490
15869	-0.563811
16082	-0.100294
16281	-0.135758
16293	-0.132786
16300	0.193716
16304	0.218986
16360	-0.178401
16361	-0.079113
16367	-0.197043
16432	0.067927
16433	-0.006117
16438	-0.235797
16446	-0.340927
16453	-0.125459
16463	-0.447840
16466	0.032661
16477	-0.471967
16482	0.129774
16605	-0.074288
16606	-0.365991
16635	-0.222222
16638	0.476423
16655	0.300727
16673	0.208087
16676	-0.091497
16677	-0.138592
16678	-0.120074
16808	-0.179431
16829	-0.132296
17150	-0.088221
17182	0.380991
17199	0.403496
17273	0.110455
17431	0.277144
17466	-0.705716
17472	0.004320
17485	0.598436
17585	-0.150718
17620	0.353314
17647	0.021594
17690	-0.622096
17772	0.715783
18410	-0.032132
19647	0.075876
21458	0.632605
21885	0.887084
21973	0.179092
21976	-0.093929
21977	0.103849
22084	-0.046678
23475	-0.108098
23754	-0.296811
23764	-0.070877
24372	-0.088872
24918	0.145249
24944	-0.063628
25022	0.441703
25140	0.573861
26484	0.239084
27764	-0.390714
28424	-0.381096
28845	0.055343
29861	0.118708
30684	0.001604
31288	-0.002172
31704	-0.221175
32421	-0.671968
32520	0.265124
32893	0.062303
34340	-0.982958
35227	0.850923
35334	0.011244
36499	0.032740
36843	-0.185932
36844	-0.106985
36955	-0.208380
36970	-0.502284
39336	-0.023190
39353	-0.170127
40538	0.104915
40541	0.366207
40542	0.002662
40599	0.808531
40601	0.210099
40602	0.283046
40656	-0.044771
40657	-0.183943
42157	-0.049699
42203	0.272548
42204	0.114779
42851	0.414380
43061	0.080235
44144	0.347067
45195	0.403968
47030	-0.014506
47285	0.350497
47317	-0.034895
47457	-0.131222
47460	0.195134
48147	-0.094878
48297	0.276431
48474	0.035955
48696	0.343992
49516	-0.286874
49630	-0.345749
49927	0.183126
50199	0.117036
50249	-0.031516
50259	-0.242798
50904	0.660258
53231	0.790289
53471	-0.036498
53531	-0.165462
53986	-0.074476
55057	0.472950
56431	0.166157
56432	0.181949
56466	0.809406
56478	-0.311900
56621	0.404003
57644	0.829312
57756	-0.617357
58783	0.061291
59657	-0.081507
59715	0.448788
64825	0.258791
64947	-0.202146
65950	-0.202482
70102	0.376331
75003	-0.220409
75099	-0.256262
75742	-0.479388
75823	0.066264
75824	-0.228793
78157	-0.209916
78181	-0.245670
78191	0.535801
80479	-0.048872
80480	0.115676
80715	-0.094481
80719	-0.086321
80750	-0.286698
81231	-0.007713
84436	-0.586171
84780	0.186137
84844	-0.314897
85002	0.297768
85003	0.860568
85659	0.360532
85663	0.322093
85710	0.407690
92185	0.329165
96142	-0.742432
96144	-0.562559
96482	0.602422
98871	1.037081
