# 1342 minima projected onto PC93
Min	PC
3	0.018415
4	0.008967
5	-0.032551
6	-0.053516
7	-0.061428
9	0.031355
16	0.000069
17	-0.032000
21	0.031685
23	-0.064595
31	0.030781
44	-0.019834
47	-0.002385
48	-0.110261
51	0.030958
52	0.039738
55	-0.028411
56	0.008775
57	0.019379
58	0.071447
60	-0.079688
67	-0.021952
68	-0.088975
71	0.022751
72	0.008554
74	0.016589
79	-0.056434
82	-0.072031
85	0.010304
86	-0.068932
87	0.028695
88	0.043242
91	0.012223
92	0.035502
94	-0.021289
95	-0.067552
97	0.046420
104	-0.012344
106	-0.098647
109	0.038059
111	0.030722
115	-0.052627
120	-0.023845
126	-0.079060
129	0.018399
136	0.005721
137	0.020815
188	0.009993
189	0.014910
196	0.025870
199	0.042600
200	0.044511
202	-0.073588
211	0.047010
213	-0.058546
214	-0.000034
219	0.028018
221	0.043792
276	0.032333
279	-0.010599
283	0.111930
295	-0.021796
308	-0.015054
312	0.005334
315	-0.025920
318	0.112137
319	-0.013695
321	0.095378
324	-0.002591
328	0.032435
334	-0.030591
336	-0.076485
338	-0.059590
347	0.025594
351	0.109787
352	-0.009813
354	-0.039629
357	0.003589
359	0.026630
362	0.023901
364	-0.003749
365	0.000197
368	0.036345
376	-0.045878
377	-0.007005
380	-0.018390
386	-0.001207
388	-0.009006
390	0.022144
396	-0.006254
404	0.039970
410	-0.000837
413	0.026409
420	-0.050462
423	-0.022812
424	0.033788
437	0.015234
438	0.028461
444	0.085435
452	-0.026914
473	0.055622
474	0.002968
475	0.017189
476	0.016852
478	0.018641
479	0.116447
480	0.009172
483	0.129242
503	0.020167
508	0.010208
509	0.012259
530	0.007938
536	-0.009060
556	-0.001423
581	-0.053818
583	-0.047448
603	-0.041210
606	-0.044082
607	-0.034824
620	-0.068107
628	-0.067245
636	-0.043672
637	0.088702
639	-0.033156
640	-0.008811
644	-0.022991
645	-0.009556
677	-0.057204
678	-0.012574
679	-0.034794
682	-0.067205
698	-0.004886
700	-0.023740
710	0.018478
722	-0.049386
723	0.036783
724	-0.010351
725	-0.057440
726	0.044020
747	0.055464
753	-0.023631
755	-0.064598
757	-0.031889
765	0.035453
782	0.030030
783	0.032839
793	0.073389
808	-0.010760
814	-0.077498
840	-0.065805
848	0.039701
859	-0.029202
864	-0.005765
867	0.030974
878	0.055538
888	-0.065817
890	0.008611
892	-0.114032
899	-0.026970
918	0.009504
926	0.008631
933	-0.005740
934	-0.046111
981	0.051301
1028	-0.060241
1034	0.022005
1051	0.008536
1054	-0.044023
1058	0.026812
1062	0.010129
1063	-0.072965
1064	-0.037592
1066	-0.046673
1068	-0.009815
1073	0.031643
1082	-0.006692
1083	-0.000503
1086	-0.065854
1089	-0.038898
1090	-0.031987
1091	0.022756
1092	-0.013863
1164	0.033150
1165	0.077340
1174	0.096185
1176	-0.083480
1184	-0.060946
1191	-0.090627
1192	-0.005596
1201	-0.039894
1230	0.025961
1339	-0.002387
1341	-0.094475
1370	0.054338
1385	0.061832
1405	0.117452
1437	0.045371
1441	0.038049
1443	-0.020858
1521	-0.001659
1522	-0.060306
1523	-0.029780
1524	-0.019772
1525	0.000289
1541	-0.016976
1542	-0.062470
1550	0.022921
1551	0.024828
1596	0.005794
1597	0.037155
1628	-0.019159
1629	-0.024386
1633	0.040644
1636	-0.078938
1637	-0.025651
1765	0.056571
1766	0.038341
1780	-0.063631
1862	0.007777
1865	0.006654
1870	0.020895
1885	-0.020356
1910	-0.081147
1911	-0.056533
2007	-0.069127
2060	-0.095708
2062	0.045912
2090	0.014811
2093	-0.012682
2094	-0.033010
2095	0.008084
2096	-0.047101
2100	-0.002122
2101	-0.033638
2102	-0.036589
2103	-0.044303
2104	-0.048918
2105	0.053112
2128	-0.020820
2129	-0.020852
2135	0.012744
2190	0.007313
2195	0.003060
2197	0.018976
2198	0.016279
2199	-0.023863
2200	0.045733
2201	0.032388
2202	-0.005837
2205	0.067728
2217	-0.010246
2218	0.101535
2221	-0.020040
2272	-0.007988
2273	-0.029506
2275	-0.001153
2288	0.156328
2293	0.006355
2298	-0.027023
2299	-0.079129
2300	-0.019714
2301	0.045021
2338	-0.044028
2342	0.009465
2343	0.002487
2358	0.064909
2384	0.001155
2385	-0.015795
2399	-0.019016
2435	0.040748
2436	0.007562
2465	-0.024315
2467	0.049860
2468	-0.007365
2469	-0.008665
2470	-0.011325
2471	-0.054795
2474	0.050387
2620	-0.003387
2650	-0.004209
2651	0.029315
2685	-0.028818
2688	-0.002856
2730	0.039151
2843	-0.025303
2951	-0.012220
2959	-0.052895
3236	-0.069469
3305	-0.018124
3318	0.010323
3340	-0.030882
3352	-0.067410
3355	0.046996
3356	0.023707
3365	-0.043163
3366	-0.060732
3367	-0.001177
3368	0.022922
3401	0.026047
3405	-0.025073
3434	-0.000048
3448	-0.077366
3454	-0.031625
3481	0.005437
3495	0.052754
3504	-0.066111
3532	-0.033996
3540	-0.024266
3549	-0.070463
3550	0.006576
3569	-0.027991
3595	-0.010724
3596	-0.004218
3603	0.080149
3621	0.036788
3622	-0.015641
3647	-0.005814
3649	-0.005459
3651	0.030206
3652	0.022067
3723	0.004837
3757	0.022793
3772	-0.032113
3787	-0.011425
3798	0.094853
3799	0.006758
3889	-0.046463
3897	-0.061720
3898	-0.012388
3904	0.022562
3945	0.024505
3990	0.042251
4024	-0.021482
4039	-0.042736
4048	-0.007867
4050	-0.085250
4076	0.065429
4094	0.013647
4170	0.036546
4251	0.025246
4252	0.003249
4299	-0.011715
4302	-0.002347
4318	-0.093049
4319	-0.039314
4320	0.007339
4360	0.015377
4388	-0.021652
4414	-0.005419
4426	0.036186
4446	-0.033309
4527	0.010050
4545	-0.013506
4546	-0.013496
4554	0.027823
4564	0.021632
4567	0.021419
4634	0.031727
4693	-0.046695
4736	0.032621
4761	-0.034293
4879	-0.060213
5071	-0.022948
5138	0.034531
5164	0.025845
5182	-0.005499
5183	0.066547
5184	0.039383
5187	0.010760
5188	0.009922
5189	0.035285
5193	0.024236
5194	0.070316
5195	0.024063
5197	-0.027385
5203	-0.004059
5205	-0.009368
5212	-0.007568
5213	-0.046366
5222	-0.006077
5223	-0.048299
5228	-0.068812
5232	-0.033438
5244	0.018504
5245	-0.005339
5246	-0.070319
5248	0.013110
5292	-0.010895
5293	-0.030812
5299	0.126375
5300	0.033974
5315	0.006403
5316	0.008275
5319	-0.096125
5320	-0.101541
5321	-0.052546
5322	0.082615
5323	0.002593
5324	-0.021082
5325	-0.009324
5329	-0.004875
5342	0.063506
5343	0.030210
5374	-0.025394
5376	-0.034940
5378	0.079071
5379	-0.012618
5382	-0.073356
5390	-0.041554
5398	0.003913
5402	0.024623
5404	0.047968
5407	-0.012213
5408	0.009750
5409	-0.017949
5411	-0.038498
5412	0.044924
5413	0.060208
5416	0.125862
5418	-0.047992
5422	0.011429
5425	-0.090369
5427	-0.076465
5428	0.004421
5432	-0.028499
5436	-0.004762
5443	-0.027276
5444	-0.090219
5458	-0.059285
5462	0.094026
5465	-0.008114
5468	-0.006850
5471	-0.013714
5480	-0.017858
5481	-0.004781
5485	-0.051180
5486	-0.066731
5488	-0.005899
5489	0.004637
5495	0.013982
5513	-0.035276
5515	0.023231
5516	-0.049785
5521	-0.013286
5527	-0.027135
5528	-0.002953
5536	-0.031247
5537	-0.003162
5547	0.012361
5565	0.015833
5573	0.039949
5579	-0.019820
5583	0.023317
5586	-0.037771
5589	0.098675
5590	0.017833
5593	0.028629
5599	0.051046
5604	-0.064955
5605	0.064893
5606	-0.055830
5625	0.048681
5649	-0.009073
5656	-0.039640
5657	0.062585
5658	0.002731
5686	0.002322
5695	-0.119961
5705	-0.053368
5706	-0.033719
5716	-0.057227
5717	0.013794
5718	-0.013436
5719	0.071446
5720	0.022901
5724	-0.053492
5738	0.054887
5742	0.026745
5750	-0.063132
5751	0.053436
5756	-0.062628
5761	-0.019774
5768	0.004394
5773	0.013187
5792	0.012981
5793	0.004375
5794	0.019778
5806	-0.032689
5811	-0.009725
5812	-0.023322
5813	-0.048670
5814	-0.041757
5821	-0.039796
5823	0.069651
5825	-0.011606
5831	-0.011125
5832	-0.038218
5833	-0.036092
5847	0.058519
5849	-0.020994
5851	0.028110
5854	-0.054391
5858	-0.005864
5862	-0.050613
5875	-0.083019
5876	0.025737
5903	-0.022316
5910	-0.011429
5912	-0.142940
5913	-0.040806
5925	-0.026033
5926	-0.035053
5927	-0.013311
5928	-0.040977
5930	-0.048999
5931	-0.057873
5933	-0.078066
5934	-0.045415
5937	0.021252
5939	0.040841
5940	0.007317
5941	0.060297
5943	0.053560
5963	-0.084408
5964	-0.053647
5965	-0.066525
5966	0.033098
5968	-0.045751
5969	0.000860
5970	-0.011088
5971	-0.005586
5975	-0.048839
6006	0.070030
6011	0.022872
6017	0.024747
6019	0.043045
6022	0.052589
6032	0.091835
6095	-0.006513
6115	0.066015
6116	0.009245
6119	-0.026111
6127	-0.063375
6128	-0.023722
6130	0.034941
6140	0.029862
6141	0.011158
6147	0.023567
6148	0.034296
6163	0.053852
6164	-0.013457
6170	-0.070863
6171	-0.037068
6177	-0.005920
6184	-0.009261
6200	0.061078
6204	-0.062094
6206	0.074560
6223	-0.005483
6240	0.066504
6245	-0.013216
6253	-0.014877
6267	-0.002005
6269	0.006517
6290	0.023071
6303	0.077924
6317	-0.012660
6343	-0.017293
6350	-0.006100
6360	-0.035844
6367	0.145546
6383	-0.002109
6389	-0.038850
6397	-0.050614
6398	-0.021889
6406	0.041554
6407	0.138469
6412	0.083005
6413	0.046500
6434	0.007821
6435	0.020881
6460	0.007817
6463	-0.065400
6464	-0.082904
6489	0.005932
6507	0.018086
6510	0.157657
6516	-0.000069
6518	-0.069453
6522	-0.017237
6523	-0.079674
6524	0.001383
6525	-0.009909
6531	0.077480
6536	-0.003083
6575	0.022431
6584	-0.007031
6585	0.000148
6586	-0.034572
6594	-0.010856
6595	-0.034704
6610	0.054692
6612	0.022391
6615	-0.001146
6624	-0.071802
6628	0.019066
6649	0.011609
6698	-0.179593
6706	-0.007044
6718	-0.007564
6719	0.014852
6722	-0.040244
6770	0.009779
6780	-0.021779
6781	-0.017554
6794	-0.077619
6795	-0.014339
6796	-0.047339
6799	0.041968
6809	0.043220
6837	-0.101560
6838	0.022765
6839	0.062196
6846	-0.004632
6865	0.024530
6869	0.069103
6870	-0.069162
6871	0.019116
6873	0.019503
6876	0.021937
6885	-0.022477
6895	-0.004374
6896	-0.088806
6897	-0.004957
6900	0.023081
6903	-0.029490
6906	0.018287
6916	-0.023043
6917	-0.028697
6918	-0.052726
6919	-0.006211
6938	-0.089771
6941	-0.046014
6942	-0.012473
6943	-0.046133
6944	0.019819
6948	0.011456
6953	0.044423
6957	-0.015048
6958	-0.003100
6970	0.091727
6971	-0.052697
6976	0.019491
6977	0.098480
6990	-0.052991
7014	0.019648
7015	0.066029
7016	-0.001353
7018	0.042616
7019	0.026808
7042	0.030580
7053	-0.002719
7066	0.027428
7067	-0.132574
7083	-0.014485
7092	-0.010778
7100	0.009811
7103	0.025927
7110	0.026495
7111	-0.043466
7112	0.034682
7113	0.034186
7116	-0.032659
7119	0.116919
7120	-0.001973
7121	0.092727
7122	0.006196
7140	0.045496
7143	0.046614
7157	0.057079
7165	-0.022091
7175	-0.019379
7178	0.001069
7206	0.121719
7207	0.058688
7217	0.014682
7218	0.022009
7221	-0.048844
7227	-0.038656
7230	0.016932
7236	0.002266
7239	-0.033276
7242	0.026109
7260	0.000952
7268	-0.071924
7269	0.060737
7304	0.002420
7326	-0.071334
7327	-0.117765
7336	0.012425
7342	0.029720
7346	-0.000038
7348	0.141823
7355	0.023735
7361	0.092441
7372	0.035893
7387	-0.055302
7422	-0.000482
7423	-0.064732
7425	0.075229
7436	0.030868
7442	0.044043
7446	0.050308
7448	-0.062656
7453	0.022029
7463	0.042677
7492	-0.006807
7493	0.027642
7494	0.042715
7495	-0.009837
7518	0.005969
7520	0.046580
7540	-0.068710
7546	-0.095580
7556	0.064693
7559	0.076198
7560	0.021441
7561	0.005337
7564	0.034586
7575	-0.009309
7583	0.020908
7585	-0.091402
7586	-0.004626
7599	0.079477
7600	-0.196754
7606	0.089641
7614	-0.065068
7617	-0.063913
7622	-0.013849
7629	0.083790
7637	0.080701
7640	-0.069823
7657	-0.037617
7665	-0.039536
7666	0.023363
7667	0.010024
7668	-0.040690
7669	-0.024641
7670	-0.141604
7671	-0.025113
7681	-0.114994
7683	-0.006590
7684	0.039522
7696	0.064118
7722	-0.026473
7723	-0.038617
7799	0.028764
7852	-0.005799
7859	0.053852
7860	0.004619
7861	-0.000458
7865	-0.016885
7875	-0.015913
7876	0.070863
7895	-0.040313
7913	-0.091239
7917	0.093183
7952	0.051995
7969	-0.058810
7971	0.017584
8000	-0.065886
8002	0.050484
8006	0.013263
8036	-0.029731
8056	-0.025647
8069	0.154049
8103	0.069725
8107	-0.030924
8120	0.013453
8122	0.001741
8125	0.125199
8127	0.055657
8136	0.000874
8149	-0.027551
8154	-0.009847
8197	-0.009057
8208	-0.060062
8223	-0.158900
8232	0.023160
8241	-0.006968
8256	0.010902
8262	0.004041
8266	-0.043233
8267	0.015888
8268	-0.007061
8269	-0.016131
8271	-0.022483
8273	0.032272
8280	-0.055084
8284	-0.100865
8303	-0.018679
8304	-0.013517
8305	-0.005363
8308	0.034100
8332	-0.109589
8333	0.008014
8334	0.065053
8338	0.024188
8363	0.045040
8370	-0.047835
8398	-0.008672
8465	-0.168665
8468	0.005044
8469	-0.014736
8470	-0.025249
8507	-0.041720
8552	-0.025932
8572	-0.032096
8574	-0.050655
8577	0.037956
8586	-0.034607
8592	0.024996
8593	0.012046
8594	-0.001460
8597	-0.034924
8599	-0.046529
8606	0.164539
8607	-0.015631
8615	0.011326
8617	-0.009865
8626	-0.080379
8636	0.002909
8669	0.012274
8671	0.084270
8673	-0.079848
8675	0.023064
8790	-0.029316
8791	0.060055
8811	0.041061
8822	0.125053
8841	-0.044693
8849	-0.022053
8856	0.023485
8875	-0.017154
8884	-0.058013
8906	0.050585
8907	-0.044309
8910	0.048173
8911	-0.173449
8912	-0.009243
8913	0.077581
8934	-0.041010
8935	-0.046561
8954	0.060287
8968	0.021223
8972	0.069224
9001	0.070891
9029	0.023465
9032	0.114701
9058	0.072904
9059	-0.049653
9068	0.053871
9070	0.007796
9108	0.077805
9139	-0.095899
9140	-0.084069
9158	-0.011475
9187	0.050319
9188	-0.052890
9189	0.024304
9190	-0.048052
9253	-0.004686
9259	-0.013766
9268	0.003225
9269	0.064847
9271	-0.075456
9312	-0.015031
9323	-0.003910
9329	0.056805
9330	0.033660
9331	-0.016354
9356	-0.077574
9376	-0.065611
9394	-0.020533
9424	0.027704
9428	0.004479
9429	0.024778
9496	-0.013630
9536	-0.001685
9543	-0.005067
9589	-0.027887
9614	0.027328
9615	0.022967
9617	0.160912
9631	0.075328
9661	-0.031551
9668	0.009698
9718	-0.018638
9728	0.009736
9734	-0.024354
9788	0.056253
9791	0.050298
9793	0.033918
9804	0.022402
9809	0.125157
9810	0.102121
9823	-0.031156
9828	0.114495
9907	0.038838
9951	0.022403
9968	-0.007098
9969	-0.057187
10010	-0.013222
10011	0.055662
10012	-0.030770
10018	0.019767
10021	0.011876
10022	0.011480
10031	0.004538
10032	-0.010279
10033	-0.053092
10034	0.005496
10035	-0.033262
10039	0.029263
10044	0.028344
10045	0.053269
10060	-0.042700
10065	-0.003962
10077	-0.000423
10080	-0.005239
10130	0.114992
10131	-0.011719
10149	-0.039644
10194	0.096365
10197	0.004816
10221	0.051618
10226	-0.008515
10232	0.025696
10233	0.044668
10263	0.033174
10264	0.027052
10274	0.030646
10286	0.017933
10292	-0.087131
10299	-0.000075
10302	0.002315
10324	0.017303
10355	0.015274
10358	0.012421
10362	-0.028430
10366	0.031694
10368	-0.045355
10370	-0.085968
10392	-0.028138
10405	0.031879
10406	0.028498
10409	0.025811
10419	-0.064691
10420	-0.030700
10424	-0.073162
10434	-0.033507
10455	0.048199
10478	-0.005793
10480	0.001907
10484	0.040290
10510	-0.047763
10519	0.211510
10520	0.022469
10524	-0.061675
10578	-0.037977
10630	-0.040059
10643	0.058323
10645	0.008648
10677	-0.037459
10678	0.026256
10690	-0.036317
10717	0.038432
10718	-0.047973
10719	-0.064347
10721	0.008844
10723	0.080050
10735	0.030086
10736	-0.001521
10829	-0.009793
10837	0.004877
10846	-0.061325
10921	0.034662
10922	-0.042684
10923	-0.033420
10924	-0.040453
10964	-0.051825
10978	-0.028541
11017	-0.086166
11018	-0.086401
11019	-0.052758
11032	0.056007
11034	-0.031950
11035	-0.000157
11036	0.036609
11052	-0.000807
11056	-0.031086
11060	0.022192
11063	-0.017746
11064	0.012026
11068	-0.030320
11069	-0.014950
11090	-0.021110
11098	0.050864
11099	-0.057112
11100	-0.068682
11105	-0.012837
11109	0.022212
11122	-0.000165
11123	0.007128
11125	-0.034833
11126	0.002555
11149	-0.012715
11153	0.031517
11188	0.046379
11193	-0.059101
11230	-0.021216
11233	0.053290
11236	0.003906
11243	-0.012291
11251	0.033696
11259	-0.122662
11263	-0.044803
11272	-0.057479
11321	-0.073888
11322	-0.003909
11326	0.050989
11327	-0.002697
11335	-0.006793
11337	0.008490
11343	-0.073436
11390	-0.023812
11444	-0.081855
11464	0.021891
11471	0.006789
11472	-0.009789
11473	0.018647
11492	0.122079
11499	0.030304
11500	0.035101
11505	0.113804
11527	-0.038587
11528	-0.075005
11532	-0.017823
11564	0.042509
11589	-0.007500
11591	-0.043674
11592	0.005937
11599	0.072504
11605	0.185497
11617	0.116348
11630	-0.002043
11631	0.115175
11632	0.021491
11656	-0.023890
11657	0.121386
11777	0.032465
11786	0.037017
11812	0.012778
12020	-0.023677
12061	0.033549
12115	0.025442
12154	-0.013623
12155	0.011337
12156	0.036792
12159	0.030001
12174	0.023237
12176	0.047122
12230	-0.020741
12234	-0.041029
12236	0.001910
12237	-0.052765
12250	-0.071876
12252	-0.015162
12253	-0.001049
12315	-0.000943
12381	0.018811
12382	-0.065837
12438	0.063215
12455	0.027742
12462	0.031679
12478	-0.036840
12603	0.091432
12711	0.053960
12714	0.028322
12716	-0.014452
12754	0.065079
12785	-0.021315
12788	0.019806
12792	0.110032
12898	0.009760
12944	-0.069658
12949	0.050428
13062	-0.072099
13099	0.030446
13160	-0.046608
13198	0.020039
13239	0.008040
13249	-0.003283
13262	-0.005144
13263	0.142623
13272	-0.096858
13273	-0.039326
13277	0.023847
13305	0.063799
13342	0.093020
13343	0.004606
13345	0.148621
13351	-0.003746
13357	-0.024783
13427	-0.103402
13436	0.069986
13455	-0.057160
13528	0.014687
13532	0.052588
13553	-0.049981
13566	-0.152178
13651	-0.113377
13653	-0.017591
13675	0.020691
13676	-0.086459
13677	-0.006568
13678	-0.015710
13681	-0.034356
13688	-0.030843
13697	0.012928
13705	0.055585
13708	-0.042540
13737	0.113033
13760	0.013344
13923	-0.044122
13927	-0.026974
13995	-0.026321
14002	-0.061874
14003	-0.019017
14021	-0.015706
14034	0.078141
14064	0.060977
14110	0.091533
14155	0.054796
14203	0.016164
14208	0.010741
14340	0.006294
14356	-0.065884
14389	0.011971
14499	-0.034115
14625	-0.055737
14632	0.000786
14637	0.018485
14641	0.075003
14685	0.019293
14694	0.020024
14695	-0.039601
14699	0.031994
14700	0.020841
14749	0.046876
14760	-0.073181
14790	-0.007620
14791	0.027928
14796	-0.032323
14797	-0.028767
14891	0.041426
14927	-0.034544
15099	-0.057894
15182	0.002868
15243	-0.050170
15245	-0.024776
15254	-0.041671
15322	0.008788
15327	-0.028224
15463	-0.003451
15496	0.018381
15499	0.036458
15502	0.009087
15514	0.001814
15566	-0.024297
15580	-0.027906
15583	-0.013639
15586	0.018337
15601	-0.013395
15621	0.077877
15780	-0.029826
15869	-0.072407
16082	-0.000682
16281	-0.046146
16293	-0.001505
16300	-0.114068
16304	-0.026309
16360	0.041071
16361	-0.169397
16367	0.024572
16432	-0.027469
16433	-0.007657
16438	0.064860
16446	0.103670
16453	0.012519
16463	-0.026994
16466	0.035450
16477	-0.022531
16482	0.016540
16605	-0.032004
16606	-0.019189
16635	0.109166
16638	-0.028255
16655	0.108937
16673	-0.007765
16676	-0.047400
16677	0.030230
16678	0.000170
16808	0.072420
16829	-0.015602
17150	0.032661
17182	0.030049
17199	-0.008345
17273	-0.020980
17431	0.030597
17466	-0.110166
17472	0.048419
17485	0.061012
17585	0.041077
17620	-0.008118
17647	0.022712
17690	0.069024
17772	-0.051465
18410	-0.028115
19647	-0.219155
21458	0.025593
21885	0.103042
21973	-0.032201
21976	-0.023982
21977	0.057633
22084	-0.013458
23475	-0.090353
23754	0.048122
23764	-0.015334
24372	-0.083438
24918	-0.079993
24944	-0.002966
25022	-0.005914
25140	0.003120
26484	-0.046517
27764	-0.039933
28424	0.018503
28845	-0.033425
29861	0.045598
30684	-0.032372
31288	-0.018357
31704	-0.031542
32421	-0.066522
32520	0.056871
32893	0.045013
34340	0.133022
35227	-0.034361
35334	0.073026
36499	-0.016942
36843	0.067381
36844	0.070999
36955	0.062435
36970	0.075210
39336	0.001958
39353	0.157463
40538	-0.031853
40541	-0.006336
40542	-0.015227
40599	0.075157
40601	0.016891
40602	0.068124
40656	0.002284
40657	-0.053858
42157	0.044095
42203	0.022913
42204	0.052058
42851	0.074411
43061	-0.040782
44144	0.020211
45195	0.099072
47030	0.050480
47285	-0.019714
47317	0.030255
47457	-0.114951
47460	-0.043079
48147	-0.076218
48297	0.166544
48474	0.002339
48696	0.005477
49516	-0.038515
49630	0.021455
49927	-0.108917
50199	-0.065480
50249	-0.043330
50259	-0.059771
50904	0.111544
53231	-0.024266
53471	0.104948
53531	0.040987
53986	0.046782
55057	-0.011588
56431	-0.002950
56432	-0.023286
56466	0.081283
56478	0.060248
56621	0.060192
57644	0.059394
57756	-0.031478
58783	0.077139
59657	-0.015292
59715	-0.047923
64825	0.033019
64947	-0.053339
65950	0.091336
70102	-0.029596
75003	0.136004
75099	0.147131
75742	0.078699
75823	-0.028590
75824	-0.047300
78157	-0.136554
78181	-0.001775
78191	-0.002204
80479	0.050602
80480	-0.027454
80715	-0.015347
80719	-0.019708
80750	0.048578
81231	-0.014693
84436	0.038338
84780	-0.012395
84844	0.143757
85002	0.003023
85003	-0.004762
85659	0.097186
85663	0.071372
85710	0.051267
92185	-0.167160
96142	0.004490
96144	-0.056203
96482	-0.048433
98871	0.068806
