# 1342 minima projected onto PC58
Min	PC
3	-0.042817
4	0.034913
5	0.107795
6	0.099039
7	-0.331782
9	0.097302
16	0.050926
17	0.166439
21	-0.068205
23	0.356165
31	0.157533
44	-0.023070
47	0.091309
48	0.022965
51	0.108592
52	0.073806
55	0.154414
56	0.021819
57	-0.008934
58	0.140997
60	-0.120075
67	0.003839
68	-0.101973
71	-0.193192
72	-0.081334
74	0.004408
79	-0.317010
82	0.405124
85	0.021461
86	0.097353
87	0.018357
88	0.056252
91	-0.061498
92	0.130362
94	0.005240
95	-0.088391
97	0.131571
104	-0.328924
106	-0.584608
109	0.010965
111	0.243652
115	-0.290319
120	0.025159
126	-0.203688
129	-0.092111
136	1.355636
137	-0.032076
188	-0.102062
189	-0.023879
196	0.356045
199	0.016079
200	0.031493
202	0.339974
211	0.134967
213	0.306901
214	-0.031166
219	0.105616
221	0.145045
276	0.036855
279	-0.106024
283	-0.289566
295	0.119759
308	0.107063
312	0.168555
315	0.173234
318	-0.041006
319	-0.042878
321	0.183399
324	-0.218002
328	-0.033585
334	0.062609
336	-0.069258
338	-0.154632
347	-0.169276
351	0.068590
352	-0.103461
354	0.012219
357	-0.097584
359	-0.167120
362	-0.096771
364	-0.041435
365	-0.115141
368	-0.209574
376	0.026028
377	0.126523
380	0.028883
386	-0.248385
388	0.085325
390	-0.025491
396	0.017642
404	0.007348
410	0.039871
413	-0.127882
420	0.087065
423	0.029027
424	0.037421
437	0.020287
438	-0.109108
444	-0.151956
452	0.114893
473	-0.040290
474	-0.077918
475	-0.009659
476	-0.014269
478	0.007012
479	-0.205552
480	-0.026283
483	-0.022367
503	0.294878
508	-0.101877
509	-0.033347
530	-0.148884
536	0.149625
556	-0.192763
581	0.051548
583	-0.002097
603	-0.242410
606	0.077803
607	0.078247
620	-0.370601
628	0.348102
636	0.057242
637	-0.006360
639	-0.017450
640	0.181250
644	-0.129232
645	-0.039633
677	0.018899
678	-0.158607
679	-0.166032
682	-0.123155
698	-0.066914
700	0.054078
710	0.023812
722	-0.094924
723	0.157700
724	0.017258
725	-0.088840
726	0.072604
747	-0.216243
753	-0.005390
755	-0.482017
757	-0.044187
765	0.207145
782	-0.308476
783	0.050612
793	0.064389
808	0.119283
814	0.264730
840	0.182386
848	-0.030335
859	0.025941
864	0.098876
867	0.091671
878	-0.301513
888	-0.148377
890	-0.058864
892	-0.010227
899	0.063203
918	-0.211908
926	0.111128
933	-0.076119
934	0.070574
981	-0.008601
1028	0.065192
1034	-0.371075
1051	0.063332
1054	-0.001790
1058	0.012019
1062	-0.075712
1063	-0.017353
1064	-0.028971
1066	-0.054687
1068	-0.080534
1073	0.030561
1082	-0.164303
1083	-0.078459
1086	-0.073555
1089	-0.054209
1090	-0.088793
1091	-0.061369
1092	0.131645
1164	0.151355
1165	0.000491
1174	0.033276
1176	0.099197
1184	0.063933
1191	-0.071537
1192	-0.037371
1201	-0.140128
1230	0.133489
1339	-0.072743
1341	-0.156673
1370	-0.170209
1385	-0.094861
1405	0.116574
1437	-0.003620
1441	0.150180
1443	-0.052775
1521	-0.015238
1522	-0.152421
1523	-0.102539
1524	0.140135
1525	0.051614
1541	0.052215
1542	0.023666
1550	-0.074566
1551	0.061882
1596	-0.049488
1597	-0.070259
1628	0.019202
1629	-0.024349
1633	0.192072
1636	0.378311
1637	0.046164
1765	0.153631
1766	0.040351
1780	0.028591
1862	-0.100120
1865	-0.032640
1870	-0.022758
1885	-0.360651
1910	-0.010944
1911	-0.036019
2007	-0.251846
2060	1.084130
2062	0.008414
2090	-0.062147
2093	-0.092918
2094	-0.057704
2095	0.000095
2096	-0.001100
2100	0.071143
2101	-0.301650
2102	-0.263264
2103	-0.264929
2104	-0.226357
2105	0.106959
2128	0.021484
2129	0.042726
2135	0.070926
2190	0.094344
2195	0.073921
2197	0.050024
2198	0.103834
2199	-0.043366
2200	0.016383
2201	-0.086538
2202	0.123022
2205	0.111485
2217	-0.305892
2218	0.086688
2221	0.134438
2272	-0.109447
2273	0.019907
2275	0.080684
2288	0.235647
2293	0.020744
2298	0.005934
2299	0.010319
2300	0.120817
2301	0.186132
2338	-0.009416
2342	0.069048
2343	0.016974
2358	0.102602
2384	0.025756
2385	0.003625
2399	-0.049978
2435	0.087378
2436	0.005316
2465	0.149415
2467	-0.012589
2468	0.037623
2469	0.127070
2470	-0.019115
2471	-0.091172
2474	0.090433
2620	0.009739
2650	-0.022919
2651	-0.001128
2685	-0.101741
2688	0.087603
2730	0.011780
2843	-0.002381
2951	-0.157254
2959	-0.145958
3236	-0.099171
3305	0.328252
3318	0.206377
3340	-0.129751
3352	-0.116121
3355	0.026804
3356	0.000359
3365	-0.131462
3366	-0.095024
3367	-0.258373
3368	-0.313735
3401	0.074613
3405	-0.393375
3434	-0.190225
3448	-0.052420
3454	0.023600
3481	-0.031151
3495	-0.009127
3504	0.051100
3532	0.063009
3540	-0.026183
3549	0.281439
3550	0.299090
3569	-0.135060
3595	0.056037
3596	-0.053202
3603	-0.018470
3621	0.024651
3622	-0.001017
3647	-0.030476
3649	-0.105121
3651	0.265703
3652	0.069733
3723	-0.053161
3757	0.124028
3772	-0.067646
3787	-0.000072
3798	-0.273249
3799	-0.191864
3889	-0.016395
3897	0.071275
3898	0.120426
3904	0.058039
3945	0.106807
3990	-0.047144
4024	0.070679
4039	-0.230679
4048	0.011948
4050	-0.092448
4076	0.062938
4094	0.118660
4170	0.086521
4251	0.015392
4252	0.151051
4299	0.109402
4302	0.093699
4318	-0.077619
4319	-0.008546
4320	-0.127232
4360	-0.062044
4388	-0.043513
4414	-0.039883
4426	0.103423
4446	-0.074994
4527	-0.057197
4545	0.038615
4546	-0.122612
4554	0.035948
4564	0.045463
4567	0.163829
4634	0.088356
4693	-0.022691
4736	0.026428
4761	-0.102350
4879	-0.019709
5071	-0.143812
5138	-0.009263
5164	-0.058616
5182	-0.159205
5183	-0.031988
5184	-0.213112
5187	0.132177
5188	0.211720
5189	0.160119
5193	-0.116661
5194	-0.111546
5195	0.174062
5197	0.034190
5203	-0.255414
5205	-0.209219
5212	-0.026897
5213	-0.034074
5222	0.162273
5223	-0.041365
5228	-0.033761
5232	-0.187295
5244	-0.060692
5245	-0.106676
5246	0.029902
5248	-0.075143
5292	-0.116166
5293	-0.003358
5299	0.068910
5300	0.097463
5315	0.070999
5316	0.177344
5319	0.026828
5320	-0.038184
5321	0.120832
5322	0.069758
5323	-0.117461
5324	-0.135078
5325	-0.177728
5329	-0.369787
5342	0.112609
5343	0.045005
5374	-0.634877
5376	0.082151
5378	0.164544
5379	0.046082
5382	-0.183880
5390	-0.088526
5398	0.174413
5402	0.030736
5404	0.022334
5407	0.078017
5408	-0.017064
5409	0.048065
5411	-0.080280
5412	0.195538
5413	-0.002978
5416	-0.014520
5418	0.079817
5422	-0.012810
5425	0.069615
5427	-0.050877
5428	0.126248
5432	0.525687
5436	0.173352
5443	0.226001
5444	-0.237216
5458	-0.144710
5462	-0.238088
5465	0.082807
5468	0.014071
5471	0.064034
5480	0.081567
5481	0.003304
5485	-0.308286
5486	-0.257330
5488	-0.053761
5489	-0.017751
5495	0.012519
5513	0.021272
5515	-0.063222
5516	-0.004029
5521	-0.064904
5527	0.180604
5528	-0.130605
5536	0.038524
5537	-0.032723
5547	0.050657
5565	0.105475
5573	0.120562
5579	0.247492
5583	0.007006
5586	0.457723
5589	-0.055652
5590	0.034205
5593	-0.010133
5599	0.333847
5604	0.175607
5605	0.050691
5606	0.053342
5625	-0.140063
5649	-0.031583
5656	0.050465
5657	-0.194455
5658	0.091464
5686	0.020768
5695	-0.073100
5705	0.479741
5706	-0.110856
5716	-0.043335
5717	-0.043488
5718	0.122455
5719	-0.020757
5720	-0.003924
5724	0.076873
5738	-0.172558
5742	-0.399078
5750	0.083682
5751	-0.025464
5756	-0.076131
5761	-0.427061
5768	0.013419
5773	-0.224377
5792	-0.005451
5793	0.039937
5794	-0.073250
5806	0.142828
5811	-0.356731
5812	-0.076713
5813	-0.051023
5814	-0.294172
5821	0.023343
5823	-0.011497
5825	0.027738
5831	-0.133438
5832	-0.159049
5833	0.034632
5847	0.003012
5849	0.011223
5851	-0.037643
5854	0.389540
5858	-0.074028
5862	0.016740
5875	0.096167
5876	-0.010925
5903	-0.260169
5910	-0.273609
5912	-0.096450
5913	0.083591
5925	-0.144355
5926	-0.089212
5927	-0.041579
5928	-0.015958
5930	-0.138883
5931	-0.106646
5933	-0.585002
5934	0.016900
5937	-0.030716
5939	-0.249379
5940	-0.012578
5941	0.079370
5943	0.079664
5963	-0.027265
5964	0.107026
5965	-0.046578
5966	-0.032320
5968	-0.124755
5969	-0.191894
5970	-0.250282
5971	-0.223111
5975	1.252615
6006	-0.007608
6011	0.140055
6017	0.046146
6019	0.020463
6022	0.068903
6032	-0.860701
6095	-0.096410
6115	-0.005324
6116	-0.099907
6119	0.003001
6127	0.094901
6128	0.106135
6130	0.003349
6140	0.123584
6141	-0.201942
6147	-0.347003
6148	-0.414098
6163	-0.218949
6164	-0.149323
6170	-0.001777
6171	-0.004421
6177	0.052664
6184	0.075570
6200	-0.222184
6204	0.090804
6206	-0.151347
6223	-0.052202
6240	-0.063885
6245	0.032273
6253	-0.146290
6267	-0.510390
6269	-0.048665
6290	-0.467056
6303	0.095519
6317	-0.427414
6343	-0.010382
6350	0.116019
6360	0.080242
6367	-0.300270
6383	0.053744
6389	-0.131318
6397	-0.083046
6398	-0.043936
6406	0.069402
6407	-0.261220
6412	0.042631
6413	0.053446
6434	-0.103476
6435	-0.138891
6460	-0.061261
6463	-0.022103
6464	-0.123552
6489	-0.132780
6507	0.155415
6510	0.412267
6516	0.059992
6518	-0.077071
6522	-0.264712
6523	-0.172089
6524	0.005587
6525	-0.026428
6531	-0.813077
6536	-0.036980
6575	0.051562
6584	-0.084695
6585	0.105649
6586	-0.152057
6594	0.032345
6595	-0.054266
6610	0.025887
6612	-0.102063
6615	0.118659
6624	0.126951
6628	-0.031831
6649	0.023947
6698	0.070718
6706	-0.184242
6718	0.072145
6719	0.088358
6722	-0.080527
6770	0.115460
6780	0.114024
6781	-0.155272
6794	-0.071813
6795	-0.049769
6796	0.016465
6799	0.024130
6809	-0.127847
6837	0.317063
6838	0.062452
6839	0.477111
6846	0.423363
6865	-0.026532
6869	0.179779
6870	-0.025262
6871	0.070597
6873	-0.173807
6876	0.028115
6885	-0.082272
6895	-0.063109
6896	-0.174791
6897	0.133652
6900	0.003970
6903	0.092097
6906	0.037348
6916	0.001731
6917	-0.008450
6918	0.079698
6919	-0.258720
6938	0.018126
6941	-0.188237
6942	-0.032638
6943	0.015338
6944	-0.059496
6948	0.084600
6953	0.154558
6957	-0.068995
6958	0.005186
6970	0.027708
6971	-0.072208
6976	0.243972
6977	0.014146
6990	-0.074758
7014	-0.069486
7015	-0.068112
7016	0.010133
7018	-0.064886
7019	0.003034
7042	-0.056867
7053	0.124577
7066	0.056760
7067	-0.020719
7083	0.064651
7092	-0.012076
7100	0.102429
7103	0.062385
7110	0.092543
7111	0.021852
7112	-0.014137
7113	0.004364
7116	0.143843
7119	0.066740
7120	0.114932
7121	0.010282
7122	0.144328
7140	0.087377
7143	0.197559
7157	0.107082
7165	-0.145139
7175	0.151494
7178	0.032401
7206	-0.211793
7207	-0.232019
7217	-0.005053
7218	0.127486
7221	0.183357
7227	0.071178
7230	0.142432
7236	-0.188609
7239	-0.174601
7242	-0.037357
7260	-0.101585
7268	-0.045154
7269	0.021669
7304	0.005937
7326	0.382229
7327	0.222961
7336	-0.040584
7342	0.117808
7346	0.026566
7348	-0.093065
7355	-0.306426
7361	0.046397
7372	0.143318
7387	0.035256
7422	-0.078985
7423	-0.121549
7425	0.224687
7436	0.224469
7442	0.249758
7446	0.272095
7448	0.214707
7453	0.023206
7463	0.079644
7492	0.071352
7493	0.060180
7494	0.069612
7495	0.208743
7518	0.148523
7520	-0.092004
7540	-0.038710
7546	0.124655
7556	0.099627
7559	-0.135283
7560	0.103745
7561	-0.334940
7564	-0.112929
7575	-0.006672
7583	-0.067495
7585	0.079542
7586	-0.029350
7599	-0.855807
7600	-0.780687
7606	-0.830750
7614	-0.117317
7617	0.085724
7622	0.007065
7629	0.028990
7637	0.015352
7640	0.046338
7657	0.146692
7665	0.043935
7666	0.103380
7667	0.075363
7668	0.046049
7669	0.028207
7670	0.134552
7671	-0.054989
7681	0.444438
7683	-0.134707
7684	0.097327
7696	-0.156203
7722	0.122289
7723	-0.004740
7799	0.117020
7852	-0.194053
7859	0.013563
7860	0.012794
7861	0.071806
7865	-0.351004
7875	-0.046404
7876	0.118964
7895	-0.023455
7913	0.019747
7917	-0.324402
7952	0.002314
7969	-0.058280
7971	-0.017758
8000	-0.143684
8002	-0.200888
8006	-0.248636
8036	-0.021470
8056	-0.068225
8069	-0.328535
8103	0.018099
8107	-0.115522
8120	0.006337
8122	-0.077646
8125	0.014111
8127	0.056530
8136	0.076003
8149	0.116229
8154	0.211762
8197	0.486154
8208	0.436380
8223	-0.289904
8232	-0.072985
8241	0.021406
8256	0.020379
8262	-0.044872
8266	0.004114
8267	-0.198702
8268	-0.150337
8269	-0.252998
8271	-0.026639
8273	-0.107775
8280	0.045818
8284	-0.075442
8303	-0.083069
8304	-0.112446
8305	-0.117738
8308	-0.031129
8332	-0.286320
8333	0.187022
8334	0.216647
8338	-0.101269
8363	0.329224
8370	-0.089930
8398	-0.006097
8465	0.081586
8468	-0.092473
8469	0.124791
8470	0.096747
8507	0.024523
8552	0.090452
8572	-0.029880
8574	-0.010281
8577	-0.072870
8586	0.006249
8592	0.174531
8593	0.135432
8594	0.087436
8597	-0.126215
8599	0.007015
8606	0.286555
8607	-0.037148
8615	0.128611
8617	0.020311
8626	-0.028712
8636	-0.048116
8669	0.037263
8671	0.050100
8673	-0.033495
8675	0.095897
8790	-0.055183
8791	0.039678
8811	0.272734
8822	-0.028774
8841	0.008113
8849	-0.018748
8856	0.419057
8875	-0.059984
8884	-0.096125
8906	0.050956
8907	-0.029935
8910	0.072248
8911	-0.203636
8912	-0.107988
8913	0.099883
8934	-0.042905
8935	-0.008566
8954	0.228919
8968	-0.136535
8972	-0.103451
9001	-0.276682
9029	0.116663
9032	0.005886
9058	0.119972
9059	-0.104162
9068	-0.242380
9070	0.045474
9108	-0.169398
9139	-0.140347
9140	-0.139210
9158	-0.213676
9187	-0.201396
9188	-0.006410
9189	0.066681
9190	0.012139
9253	0.221157
9259	-0.426890
9268	0.270671
9269	-0.345637
9271	0.102728
9312	-0.027821
9323	0.175816
9329	0.183572
9330	0.234162
9331	0.219323
9356	0.061812
9376	0.106962
9394	0.332923
9424	-0.165917
9428	0.055872
9429	-0.010095
9496	-0.024666
9536	-0.118169
9543	0.235718
9589	-0.182270
9614	0.126647
9615	0.276103
9617	-0.079033
9631	-0.194736
9661	-0.024945
9668	-0.073720
9718	-0.270670
9728	-0.134648
9734	0.146132
9788	-0.036552
9791	-0.110993
9793	-0.212761
9804	0.053071
9809	0.133761
9810	0.032558
9823	0.037129
9828	0.301684
9907	-0.120009
9951	-0.130530
9968	-0.022954
9969	0.058533
10010	-0.058136
10011	-0.037985
10012	-0.075571
10018	0.071680
10021	-0.097712
10022	-0.174023
10031	-0.102704
10032	-0.028710
10033	-0.232804
10034	-0.021380
10035	-0.211414
10039	0.171666
10044	-0.096459
10045	-0.049598
10060	-0.292137
10065	-0.009030
10077	-0.061827
10080	-0.048249
10130	0.061746
10131	-0.158466
10149	-0.125830
10194	-0.050604
10197	0.094917
10221	0.041649
10226	0.151501
10232	0.045790
10233	0.057160
10263	0.207687
10264	0.133492
10274	-0.052913
10286	0.103806
10292	0.210619
10299	-0.111757
10302	0.064219
10324	0.080542
10355	-0.008760
10358	-0.042938
10362	-0.004169
10366	-0.095783
10368	-0.080659
10370	0.013408
10392	-0.010195
10405	0.032682
10406	-0.005067
10409	-0.064603
10419	-0.109736
10420	0.059911
10424	-0.120131
10434	0.008709
10455	-0.046329
10478	0.004304
10480	0.275001
10484	-0.021370
10510	-0.037141
10519	0.291670
10520	0.048516
10524	-0.013483
10578	-0.270015
10630	-0.010630
10643	0.156504
10645	-0.035367
10677	0.059337
10678	0.061226
10690	0.017549
10717	-0.051864
10718	-0.089520
10719	0.058016
10721	0.016057
10723	0.072533
10735	-0.111669
10736	-0.292036
10829	-0.030218
10837	0.169402
10846	0.013333
10921	-0.034194
10922	0.070693
10923	0.138157
10924	0.025883
10964	-0.140830
10978	-0.008459
11017	0.120101
11018	0.043013
11019	0.228728
11032	0.010736
11034	-0.035972
11035	0.070090
11036	-0.073095
11052	0.060782
11056	-0.118045
11060	-0.158901
11063	0.104119
11064	-0.224791
11068	-0.097634
11069	-0.040994
11090	-0.066352
11098	0.154227
11099	0.139765
11100	-0.016217
11105	0.064458
11109	0.201553
11122	0.081198
11123	-0.189734
11125	-0.069701
11126	0.040635
11149	0.211806
11153	0.099317
11188	-0.137186
11193	-0.006759
11230	-0.128673
11233	-0.016555
11236	-0.234830
11243	-0.155388
11251	0.079421
11259	-0.479945
11263	-0.104506
11272	0.105280
11321	-0.288707
11322	-0.006332
11326	0.099380
11327	0.189758
11335	0.050011
11337	0.074928
11343	0.088207
11390	0.037931
11444	0.269401
11464	-0.046792
11471	-0.218976
11472	-0.187968
11473	0.006727
11492	0.090579
11499	-0.090232
11500	0.018314
11505	0.129226
11527	-0.121951
11528	-0.073926
11532	-0.189408
11564	0.009604
11589	0.094615
11591	-0.070769
11592	-0.014874
11599	0.290566
11605	0.114620
11617	-0.085703
11630	-0.144868
11631	0.192226
11632	0.090508
11656	-0.054889
11657	0.083581
11777	-0.879109
11786	-0.046308
11812	0.063431
12020	0.074641
12061	0.022174
12115	-0.089924
12154	-0.017334
12155	-0.153517
12156	0.044197
12159	0.092215
12174	0.020459
12176	0.013464
12230	-0.035003
12234	-0.122738
12236	-0.115712
12237	-0.105859
12250	0.338721
12252	-0.108709
12253	-0.059085
12315	-0.044034
12381	0.157910
12382	0.124133
12438	0.031120
12455	0.070108
12462	0.097249
12478	0.000391
12603	-0.043525
12711	-0.265226
12714	-0.209989
12716	0.050756
12754	-0.233421
12785	0.014867
12788	-0.175163
12792	0.379242
12898	-0.137815
12944	0.168832
12949	-0.670445
13062	-0.002752
13099	-0.066399
13160	-0.157913
13198	-0.136164
13239	0.066982
13249	0.025011
13262	-0.093367
13263	0.331389
13272	0.342595
13273	-0.241280
13277	-0.084239
13305	1.152018
13342	-0.063310
13343	-0.009892
13345	-0.460337
13351	-0.106389
13357	-0.000594
13427	-0.435777
13436	0.131269
13455	0.025495
13528	-0.090976
13532	-0.097786
13553	0.033509
13566	0.111226
13651	-0.049434
13653	0.140902
13675	-0.057711
13676	-0.102896
13677	0.056862
13678	-0.006431
13681	0.046399
13688	-0.087817
13697	-0.091293
13705	-0.116149
13708	0.139475
13737	-0.136611
13760	-0.155861
13923	-0.131353
13927	-0.073692
13995	-0.138906
14002	-0.137292
14003	-0.027702
14021	-0.051546
14034	0.056617
14064	0.085454
14110	0.253364
14155	0.057914
14203	-0.074825
14208	0.092815
14340	-0.139993
14356	0.176774
14389	-0.040785
14499	-0.060783
14625	-0.044444
14632	0.407074
14637	-0.034757
14641	-0.149844
14685	-0.192102
14694	0.057822
14695	-0.083232
14699	0.052709
14700	-0.116811
14749	-0.124275
14760	0.038635
14790	0.101318
14791	0.043370
14796	0.052209
14797	-0.039547
14891	-0.077300
14927	-0.040999
15099	0.160712
15182	1.255382
15243	0.135744
15245	-0.113280
15254	0.102010
15322	-0.030005
15327	-0.104203
15463	-0.038478
15496	0.013307
15499	0.172537
15502	-0.289199
15514	0.033385
15566	0.069203
15580	-0.338529
15583	-0.277853
15586	0.049339
15601	1.085277
15621	-0.127835
15780	-0.009837
15869	1.139181
16082	1.414378
16281	0.173513
16293	0.303024
16300	-0.160818
16304	-0.243982
16360	-0.116640
16361	-0.294423
16367	-0.292475
16432	0.302485
16433	0.209447
16438	-0.046657
16446	-0.019683
16453	0.005995
16463	0.066182
16466	0.073961
16477	-0.236111
16482	-0.278401
16605	-0.030679
16606	0.000109
16635	0.156108
16638	0.404720
16655	0.445614
16673	0.378530
16676	-0.041902
16677	0.018619
16678	-0.297871
16808	-0.047914
16829	-0.119062
17150	0.032642
17182	-0.259172
17199	-0.185249
17273	0.213777
17431	-0.197279
17466	-0.392974
17472	0.080380
17485	-0.061731
17585	0.108811
17620	0.374148
17647	1.026376
17690	-0.056264
17772	0.383638
18410	-0.119024
19647	-0.046084
21458	0.196939
21885	-0.069200
21973	-0.121479
21976	-0.024203
21977	0.005222
22084	0.013308
23475	-0.149053
23754	-0.259341
23764	0.077514
24372	0.063677
24918	1.230251
24944	0.126433
25022	-0.074288
25140	-0.033284
26484	-0.166179
27764	-0.038728
28424	-0.107878
28845	0.206528
29861	-0.236336
30684	0.172263
31288	-0.068389
31704	-0.037754
32421	1.085149
32520	0.214933
32893	-0.064700
34340	0.162788
35227	-0.019663
35334	-0.029128
36499	-0.102791
36843	0.110009
36844	0.088585
36955	0.140819
36970	0.064133
39336	0.276357
39353	-0.063145
40538	0.003171
40541	0.147749
40542	0.093943
40599	-0.005206
40601	0.187688
40602	0.241638
40656	0.157152
40657	0.142335
42157	0.125879
42203	0.039308
42204	0.280867
42851	-0.111943
43061	-0.097164
44144	-0.087937
45195	-0.056294
47030	0.006843
47285	-0.317190
47317	-0.121461
47457	-0.325714
47460	0.047740
48147	0.077317
48297	0.161859
48474	-0.095040
48696	-0.103913
49516	-0.484165
49630	0.086402
49927	1.183764
50199	0.571162
50249	-0.012767
50259	0.046993
50904	-0.085731
53231	-0.248602
53471	0.319245
53531	0.066227
53986	0.063788
55057	0.194570
56431	0.054027
56432	0.041906
56466	-0.186820
56478	-0.099040
56621	-0.094186
57644	-0.086956
57756	-0.017383
58783	0.355465
59657	-0.005827
59715	-0.095439
64825	0.369097
64947	-0.022416
65950	-0.090934
70102	-0.116026
75003	-0.281724
75099	-0.347872
75742	-0.025400
75823	0.054304
75824	0.207576
78157	1.021400
78181	-0.143986
78191	-0.030178
80479	0.093093
80480	-0.055506
80715	-0.003828
80719	0.000374
80750	-0.002609
81231	0.009834
84436	-0.126608
84780	-0.066733
84844	0.033752
85002	-0.082405
85003	-0.246089
85659	-0.173244
85663	0.054144
85710	0.149524
92185	-0.221102
96142	0.289373
96144	0.157966
96482	-0.270097
98871	-0.152669
