# 1342 minima projected onto PC98
Min	PC
3	-0.027547
4	-0.030358
5	-0.023579
6	-0.010303
7	0.017413
9	-0.013623
16	-0.015355
17	-0.007322
21	0.046648
23	-0.053365
31	-0.006050
44	-0.016650
47	-0.031819
48	0.000334
51	-0.047049
52	-0.040700
55	-0.011458
56	-0.056092
57	-0.036202
58	0.028606
60	-0.048009
67	0.014511
68	0.048000
71	0.004271
72	-0.015091
74	0.033133
79	0.022313
82	-0.068137
85	0.014464
86	-0.022980
87	-0.025860
88	0.013783
91	0.006387
92	0.001134
94	0.007940
95	0.040697
97	0.021334
104	-0.002987
106	0.062595
109	0.001316
111	-0.009640
115	0.001246
120	-0.014441
126	-0.012635
129	-0.055469
136	-0.032220
137	0.023585
188	-0.005598
189	-0.005663
196	-0.010363
199	0.017817
200	-0.048956
202	-0.019068
211	-0.016826
213	-0.036846
214	0.004595
219	-0.029258
221	-0.010088
276	0.002239
279	0.060970
283	0.052559
295	-0.031871
308	0.011888
312	-0.038512
315	-0.027212
318	-0.057214
319	0.013515
321	0.096887
324	-0.042965
328	-0.016957
334	-0.009297
336	-0.042936
338	0.029842
347	-0.013895
351	-0.203182
352	-0.043879
354	-0.060009
357	0.045593
359	0.027368
362	-0.010368
364	0.005052
365	0.011609
368	0.011734
376	0.037294
377	-0.011782
380	0.081232
386	0.027784
388	-0.031347
390	0.001003
396	-0.003800
404	0.005269
410	-0.027740
413	-0.025748
420	-0.049656
423	-0.032931
424	0.012945
437	-0.043281
438	-0.044350
444	0.045675
452	0.013183
473	0.040385
474	0.087215
475	-0.001636
476	-0.005312
478	-0.003463
479	0.052038
480	-0.016368
483	-0.170032
503	-0.026752
508	-0.016649
509	-0.068891
530	-0.072168
536	-0.014525
556	-0.036442
581	0.015520
583	-0.004064
603	-0.001982
606	-0.009311
607	-0.020148
620	0.023623
628	-0.052880
636	0.032422
637	-0.041937
639	0.006005
640	0.002610
644	-0.017104
645	-0.025274
677	0.026381
678	-0.016880
679	-0.038752
682	-0.003592
698	0.004166
700	-0.064193
710	-0.012160
722	0.004331
723	-0.029132
724	-0.017004
725	0.011704
726	0.003656
747	-0.157256
753	0.012412
755	-0.009670
757	-0.059403
765	0.009351
782	0.005077
783	-0.015419
793	-0.001120
808	-0.038031
814	-0.049146
840	0.088631
848	0.027730
859	0.004936
864	-0.020742
867	0.004022
878	-0.003763
888	-0.013479
890	-0.091858
892	0.013659
899	-0.012270
918	-0.010327
926	-0.022537
933	-0.004733
934	-0.061244
981	0.000044
1028	-0.043815
1034	-0.006122
1051	-0.030704
1054	-0.044709
1058	-0.117949
1062	0.055848
1063	0.004587
1064	-0.011429
1066	-0.006469
1068	-0.003838
1073	-0.046267
1082	0.028674
1083	0.024694
1086	-0.001068
1089	0.012277
1090	-0.000584
1091	0.016359
1092	-0.026236
1164	-0.022097
1165	0.016126
1174	0.059478
1176	-0.022037
1184	0.031382
1191	-0.000071
1192	-0.026106
1201	-0.034246
1230	-0.006610
1339	-0.021038
1341	-0.058382
1370	-0.009836
1385	-0.245166
1405	0.036440
1437	0.003596
1441	0.016788
1443	-0.005450
1521	-0.004072
1522	-0.021319
1523	0.014410
1524	0.005739
1525	-0.000346
1541	-0.024814
1542	-0.031975
1550	0.014658
1551	0.005187
1596	0.017109
1597	-0.014130
1628	0.012875
1629	0.024133
1633	-0.020936
1636	-0.033774
1637	0.028169
1765	0.015909
1766	-0.006114
1780	-0.054565
1862	-0.020728
1865	-0.019817
1870	-0.027639
1885	-0.006376
1910	-0.004712
1911	-0.019343
2007	0.031480
2060	0.111489
2062	0.005160
2090	-0.026405
2093	-0.021660
2094	-0.019931
2095	-0.017582
2096	-0.070894
2100	-0.037920
2101	-0.022041
2102	0.014914
2103	-0.027362
2104	0.010947
2105	0.017462
2128	-0.023599
2129	-0.012101
2135	-0.027507
2190	-0.023241
2195	-0.033918
2197	-0.018296
2198	0.011566
2199	-0.024333
2200	0.032445
2201	0.029545
2202	0.006386
2205	0.006558
2217	-0.013543
2218	-0.036200
2221	0.001006
2272	-0.020535
2273	-0.012977
2275	-0.003692
2288	0.046847
2293	0.059747
2298	-0.010959
2299	-0.018628
2300	-0.016772
2301	-0.058279
2338	0.020572
2342	-0.005668
2343	-0.028566
2358	0.013326
2384	-0.023391
2385	-0.011564
2399	0.008334
2435	-0.003697
2436	-0.008912
2465	-0.048296
2467	0.041348
2468	-0.028520
2469	-0.027988
2470	0.007887
2471	0.069536
2474	0.042624
2620	-0.027295
2650	-0.020362
2651	-0.027337
2685	0.012634
2688	0.071372
2730	0.030052
2843	-0.016733
2951	0.066531
2959	-0.041762
3236	0.027223
3305	0.024108
3318	0.069935
3340	-0.016254
3352	0.010475
3355	0.014591
3356	0.100719
3365	0.004262
3366	0.012490
3367	0.011626
3368	0.017328
3401	-0.028041
3405	-0.001979
3434	0.015545
3448	0.017257
3454	-0.081705
3481	-0.018653
3495	-0.046811
3504	-0.049357
3532	-0.034946
3540	-0.040259
3549	0.083345
3550	0.060565
3569	0.016535
3595	-0.034475
3596	-0.017558
3603	-0.020671
3621	0.013530
3622	0.019031
3647	0.006498
3649	0.016178
3651	-0.009734
3652	-0.027060
3723	0.023552
3757	-0.011018
3772	-0.091812
3787	0.036135
3798	-0.143123
3799	-0.240082
3889	-0.000408
3897	-0.029601
3898	0.025425
3904	0.017773
3945	0.035532
3990	-0.035153
4024	-0.039955
4039	0.020558
4048	0.002439
4050	-0.076243
4076	-0.017141
4094	0.046856
4170	0.027297
4251	0.031606
4252	0.037272
4299	-0.034356
4302	-0.011878
4318	0.084030
4319	-0.036651
4320	0.037398
4360	0.020095
4388	0.012408
4414	0.030784
4426	-0.073172
4446	-0.039025
4527	0.009284
4545	0.021881
4546	-0.044276
4554	0.055973
4564	-0.028371
4567	-0.009359
4634	0.006360
4693	-0.047442
4736	-0.002006
4761	0.020182
4879	-0.073002
5071	0.041720
5138	0.018366
5164	-0.003372
5182	-0.051770
5183	-0.124475
5184	0.042008
5187	-0.033932
5188	-0.022829
5189	-0.010367
5193	-0.015545
5194	0.007013
5195	-0.022940
5197	0.071130
5203	0.032093
5205	-0.042163
5212	-0.045573
5213	-0.088108
5222	-0.002091
5223	0.021842
5228	-0.012330
5232	-0.004308
5244	-0.045954
5245	-0.062165
5246	-0.067901
5248	-0.007581
5292	-0.028633
5293	0.046309
5299	-0.073043
5300	-0.085929
5315	-0.010777
5316	0.002882
5319	0.030880
5320	0.033052
5321	0.031777
5322	0.007545
5323	-0.031332
5324	0.001170
5325	-0.003470
5329	0.057936
5342	0.065923
5343	0.009763
5374	-0.044985
5376	0.043657
5378	-0.024189
5379	0.004521
5382	0.007179
5390	0.003350
5398	-0.013468
5402	-0.007431
5404	0.030963
5407	-0.016535
5408	0.028378
5409	-0.057943
5411	0.055964
5412	0.010972
5413	-0.002305
5416	-0.060829
5418	-0.045487
5422	-0.000394
5425	-0.017375
5427	-0.023155
5428	-0.031814
5432	-0.005553
5436	-0.055922
5443	0.110650
5444	0.026836
5458	-0.035841
5462	-0.214682
5465	-0.017219
5468	-0.016594
5471	-0.015337
5480	0.051757
5481	0.044449
5485	-0.017503
5486	-0.077752
5488	0.035658
5489	0.045182
5495	0.002242
5513	-0.023968
5515	0.004943
5516	0.027534
5521	0.022052
5527	-0.021470
5528	-0.013106
5536	-0.047488
5537	-0.035565
5547	-0.002090
5565	-0.025946
5573	0.004988
5579	0.008128
5583	-0.054650
5586	-0.016056
5589	-0.002435
5590	-0.028524
5593	0.008457
5599	-0.165845
5604	0.012029
5605	0.014019
5606	0.008312
5625	-0.036648
5649	0.002442
5656	-0.038424
5657	-0.060305
5658	-0.024370
5686	-0.001752
5695	-0.069234
5705	-0.002558
5706	0.001541
5716	0.001364
5717	-0.014905
5718	-0.040710
5719	-0.020806
5720	-0.106615
5724	0.060643
5738	-0.026360
5742	0.025019
5750	0.031521
5751	0.027425
5756	0.014308
5761	-0.016728
5768	-0.019934
5773	-0.007458
5792	-0.002302
5793	0.002933
5794	-0.011410
5806	0.056668
5811	-0.005684
5812	0.012813
5813	0.000781
5814	0.007424
5821	0.056561
5823	-0.152947
5825	-0.033686
5831	0.013628
5832	0.027684
5833	0.028786
5847	-0.028464
5849	-0.013797
5851	-0.106379
5854	-0.047360
5858	-0.044628
5862	0.030841
5875	-0.022890
5876	0.048822
5903	0.015457
5910	0.040069
5912	0.047533
5913	0.060598
5925	0.025266
5926	0.024355
5927	0.016506
5928	-0.023480
5930	-0.031604
5931	0.000266
5933	0.027955
5934	-0.005601
5937	0.019797
5939	0.065715
5940	0.037547
5941	-0.008026
5943	0.004461
5963	0.023728
5964	0.012562
5965	0.009334
5966	0.062809
5968	0.014455
5969	0.001346
5970	0.011675
5971	-0.010795
5975	0.004921
6006	-0.005183
6011	-0.019299
6017	-0.021759
6019	-0.017727
6022	-0.011012
6032	0.072646
6095	0.086992
6115	-0.040266
6116	0.048792
6119	-0.001993
6127	0.015020
6128	-0.009346
6130	-0.040377
6140	-0.016203
6141	0.020172
6147	0.006212
6148	0.005251
6163	0.035242
6164	-0.002747
6170	-0.067628
6171	0.010376
6177	-0.041194
6184	0.013539
6200	0.032489
6204	-0.121983
6206	0.009606
6223	0.003669
6240	-0.066951
6245	-0.050467
6253	0.008191
6267	0.006529
6269	-0.015469
6290	0.011587
6303	0.040501
6317	0.021597
6343	-0.010943
6350	0.001027
6360	-0.014136
6367	0.035139
6383	0.038504
6389	0.025206
6397	0.033044
6398	-0.009151
6406	0.008931
6407	0.065390
6412	0.019129
6413	-0.013490
6434	0.048080
6435	0.059698
6460	0.012189
6463	0.001275
6464	0.025849
6489	-0.016398
6507	-0.021403
6510	0.064825
6516	0.012473
6518	-0.013747
6522	0.040482
6523	-0.066161
6524	0.006942
6525	-0.011633
6531	0.028104
6536	0.030958
6575	0.009175
6584	0.024671
6585	0.021428
6586	-0.016996
6594	-0.000825
6595	-0.071619
6610	0.040707
6612	0.030530
6615	-0.052862
6624	-0.047917
6628	-0.084757
6649	-0.067549
6698	0.073642
6706	0.017250
6718	0.010921
6719	-0.023814
6722	0.025274
6770	-0.033512
6780	0.010626
6781	0.025818
6794	0.034839
6795	0.105857
6796	0.079351
6799	0.007392
6809	0.030785
6837	0.009787
6838	0.043128
6839	0.033748
6846	0.013288
6865	0.014315
6869	0.026212
6870	-0.044467
6871	-0.011642
6873	0.011970
6876	0.028881
6885	-0.009898
6895	0.019872
6896	0.020605
6897	-0.016070
6900	-0.035081
6903	-0.015899
6906	-0.039127
6916	-0.020484
6917	0.016453
6918	-0.010692
6919	0.019432
6938	-0.005149
6941	0.023198
6942	0.020710
6943	-0.002652
6944	-0.003513
6948	0.000977
6953	0.013270
6957	0.062369
6958	-0.047777
6970	0.008135
6971	0.018530
6976	-0.016020
6977	-0.043222
6990	-0.016565
7014	0.000082
7015	0.053787
7016	0.021187
7018	0.038864
7019	0.031319
7042	0.038151
7053	-0.037349
7066	0.027439
7067	0.035626
7083	0.003180
7092	0.061604
7100	-0.061123
7103	-0.004811
7110	0.002467
7111	0.050329
7112	0.081082
7113	0.019348
7116	-0.018935
7119	-0.019785
7120	0.001108
7121	-0.036742
7122	-0.033836
7140	-0.005882
7143	0.021106
7157	-0.004172
7165	-0.045637
7175	-0.008265
7178	-0.041168
7206	0.003168
7207	-0.008082
7217	-0.022863
7218	-0.046262
7221	-0.051018
7227	-0.005204
7230	0.029955
7236	-0.028845
7239	0.121816
7242	-0.000514
7260	-0.026520
7268	-0.000091
7269	-0.010764
7304	0.066646
7326	0.020083
7327	0.057187
7336	-0.014879
7342	0.015879
7346	0.010213
7348	-0.059261
7355	-0.003245
7361	0.052516
7372	0.004501
7387	-0.051700
7422	0.033952
7423	-0.051924
7425	-0.021396
7436	-0.029201
7442	0.087149
7446	-0.035475
7448	-0.034528
7453	-0.002969
7463	0.040274
7492	0.152475
7493	-0.058128
7494	-0.024302
7495	-0.054846
7518	0.053899
7520	-0.014771
7540	-0.008627
7546	-0.004213
7556	0.009522
7559	-0.138331
7560	-0.001422
7561	-0.002432
7564	0.055317
7575	0.016073
7583	-0.027929
7585	0.004488
7586	0.061723
7599	0.004673
7600	0.007930
7606	0.005268
7614	0.026189
7617	0.009516
7622	0.015375
7629	-0.001142
7637	0.055281
7640	-0.013122
7657	-0.021228
7665	0.014450
7666	-0.000881
7667	0.056543
7668	0.040230
7669	-0.014085
7670	-0.052194
7671	0.058703
7681	0.040561
7683	-0.044378
7684	-0.026849
7696	0.043006
7722	-0.048083
7723	-0.002570
7799	-0.088762
7852	0.025554
7859	0.010653
7860	-0.019700
7861	-0.018716
7865	0.148254
7875	0.042567
7876	-0.048937
7895	0.029873
7913	0.027826
7917	0.035492
7952	0.018501
7969	-0.043215
7971	0.014502
8000	0.034995
8002	0.056684
8006	-0.016314
8036	0.019939
8056	-0.039571
8069	0.048710
8103	0.041018
8107	-0.008280
8120	0.001593
8122	-0.006557
8125	0.003452
8127	0.041856
8136	0.012246
8149	0.013204
8154	-0.020310
8197	-0.018599
8208	-0.055238
8223	-0.023507
8232	0.007792
8241	-0.018606
8256	0.021607
8262	-0.020293
8266	0.027549
8267	-0.004456
8268	0.063078
8269	0.061119
8271	-0.022933
8273	0.023378
8280	-0.051689
8284	-0.021774
8303	0.015035
8304	-0.039039
8305	-0.013358
8308	-0.037565
8332	-0.018055
8333	0.048047
8334	0.063381
8338	0.070194
8363	0.003301
8370	0.041200
8398	-0.004024
8465	0.023940
8468	-0.023193
8469	0.014442
8470	-0.035019
8507	-0.007354
8552	-0.026654
8572	-0.025972
8574	-0.039966
8577	-0.063542
8586	-0.055751
8592	-0.011689
8593	-0.040421
8594	0.013688
8597	0.015273
8599	-0.016385
8606	0.071817
8607	0.017999
8615	0.063983
8617	0.068653
8626	0.002075
8636	0.039462
8669	0.013139
8671	-0.012003
8673	-0.014288
8675	0.014961
8790	-0.014569
8791	0.024905
8811	-0.022285
8822	0.045364
8841	-0.020658
8849	0.007581
8856	-0.003142
8875	0.015097
8884	-0.063267
8906	0.015143
8907	-0.032819
8910	-0.007914
8911	0.020737
8912	0.017272
8913	0.017799
8934	-0.037867
8935	-0.030401
8954	0.008087
8968	0.006455
8972	-0.029327
9001	0.015605
9029	0.021415
9032	0.065289
9058	0.010597
9059	0.004300
9068	0.029897
9070	0.032723
9108	0.050514
9139	-0.045615
9140	-0.037350
9158	-0.074399
9187	0.065052
9188	-0.001688
9189	-0.006928
9190	-0.002146
9253	0.020589
9259	-0.096953
9268	-0.051094
9269	-0.103839
9271	0.023724
9312	0.038692
9323	0.025179
9329	0.063526
9330	0.067552
9331	0.039803
9356	0.033113
9376	0.028454
9394	0.037639
9424	0.058482
9428	-0.026223
9429	-0.028366
9496	0.020456
9536	0.022935
9543	0.020605
9589	0.049906
9614	-0.070109
9615	-0.002180
9617	-0.291626
9631	0.022494
9661	0.011897
9668	-0.041751
9718	-0.016477
9728	-0.032944
9734	-0.058621
9788	0.061828
9791	0.072358
9793	0.064644
9804	0.060525
9809	0.002812
9810	0.029122
9823	-0.065680
9828	0.070445
9907	0.005142
9951	-0.044662
9968	-0.006918
9969	0.023600
10010	-0.019857
10011	0.012673
10012	0.000156
10018	-0.015416
10021	-0.000080
10022	0.032255
10031	0.016592
10032	0.003368
10033	0.005524
10034	0.014666
10035	-0.015401
10039	-0.005786
10044	0.006669
10045	0.011069
10060	0.110993
10065	0.031691
10077	-0.001841
10080	0.043316
10130	-0.020740
10131	0.018585
10149	-0.010999
10194	0.000831
10197	-0.049691
10221	-0.009520
10226	0.074396
10232	-0.033006
10233	0.120273
10263	0.001555
10264	-0.004899
10274	0.032693
10286	0.105331
10292	0.062127
10299	0.005282
10302	0.008131
10324	-0.030548
10355	0.064322
10358	-0.024372
10362	0.000595
10366	-0.017335
10368	0.039530
10370	-0.014128
10392	0.028027
10405	-0.002715
10406	-0.000528
10409	0.064558
10419	-0.019470
10420	-0.066486
10424	-0.057179
10434	0.036869
10455	0.050789
10478	0.026988
10480	-0.037575
10484	0.027097
10510	-0.047458
10519	0.008222
10520	-0.014852
10524	-0.051602
10578	0.052422
10630	0.005998
10643	-0.014618
10645	-0.043958
10677	0.020336
10678	-0.040646
10690	0.025411
10717	-0.039643
10718	0.039051
10719	0.029325
10721	0.029159
10723	0.007807
10735	0.006136
10736	0.015047
10829	0.002316
10837	-0.031567
10846	-0.002837
10921	-0.003413
10922	0.010075
10923	-0.035609
10924	-0.035975
10964	-0.010282
10978	0.002187
11017	0.037078
11018	0.024961
11019	0.006024
11032	0.060197
11034	-0.013862
11035	0.000943
11036	0.042920
11052	0.003602
11056	0.022546
11060	-0.007137
11063	-0.004778
11064	0.100654
11068	-0.001273
11069	0.012277
11090	0.019547
11098	0.046151
11099	0.032960
11100	-0.009193
11105	0.000803
11109	-0.025757
11122	0.024793
11123	0.042791
11125	0.008977
11126	-0.031147
11149	-0.012478
11153	0.007563
11188	0.042957
11193	0.043156
11230	0.024068
11233	-0.023188
11236	0.001685
11243	-0.059545
11251	0.014380
11259	0.016293
11263	0.034086
11272	-0.009194
11321	0.036729
11322	0.004455
11326	0.022740
11327	-0.008896
11335	-0.016623
11337	0.008778
11343	0.049344
11390	0.010333
11444	0.036096
11464	0.036778
11471	0.048126
11472	0.044582
11473	-0.016373
11492	0.019010
11499	0.042277
11500	0.021745
11505	0.037610
11527	0.083544
11528	0.172397
11532	0.093368
11564	0.023089
11589	0.039379
11591	0.080782
11592	0.019425
11599	0.085558
11605	-0.080637
11617	-0.003955
11630	0.018593
11631	-0.018336
11632	0.138242
11656	-0.036220
11657	0.015167
11777	0.027982
11786	-0.024984
11812	0.016386
12020	0.037282
12061	0.001625
12115	-0.028455
12154	-0.005302
12155	-0.026930
12156	-0.020002
12159	0.016185
12174	0.012982
12176	0.034646
12230	-0.022875
12234	0.002045
12236	0.039077
12237	-0.007052
12250	0.074485
12252	0.023063
12253	-0.022758
12315	0.004703
12381	-0.022988
12382	-0.025445
12438	0.018352
12455	0.016498
12462	0.031331
12478	-0.025753
12603	0.004243
12711	0.041186
12714	0.028997
12716	-0.000626
12754	0.033638
12785	0.056313
12788	-0.018308
12792	-0.116406
12898	0.020616
12944	0.006123
12949	-0.106621
13062	-0.044701
13099	0.025600
13160	-0.017776
13198	-0.026050
13239	-0.000199
13249	-0.025908
13262	0.048648
13263	0.067106
13272	0.036195
13273	0.006770
13277	0.037282
13305	-0.071846
13342	0.047215
13343	-0.009429
13345	-0.081497
13351	0.036885
13357	-0.004652
13427	-0.079043
13436	0.092181
13455	0.036895
13528	-0.061160
13532	-0.008629
13553	-0.017316
13566	0.033819
13651	-0.040294
13653	-0.043990
13675	-0.017174
13676	0.010010
13677	-0.009280
13678	-0.034585
13681	-0.028008
13688	0.041738
13697	-0.008964
13705	-0.010536
13708	-0.064943
13737	0.038982
13760	0.053679
13923	0.032249
13927	0.041838
13995	0.002809
14002	-0.145887
14003	-0.074980
14021	-0.035957
14034	0.031625
14064	0.028441
14110	-0.038076
14155	0.016595
14203	0.031073
14208	0.038958
14340	0.074174
14356	-0.005315
14389	0.039378
14499	0.036010
14625	0.001437
14632	0.018672
14637	0.010361
14641	0.062134
14685	0.041954
14694	0.021201
14695	0.061691
14699	-0.010103
14700	0.030725
14749	0.020956
14760	0.012521
14790	-0.006849
14791	0.056314
14796	-0.014839
14797	0.041984
14891	-0.011665
14927	0.049471
15099	-0.114758
15182	0.082806
15243	-0.009433
15245	0.035445
15254	-0.039398
15322	0.058302
15327	-0.012205
15463	0.059472
15496	0.012471
15499	0.039168
15502	-0.037962
15514	0.040766
15566	-0.019912
15580	0.028053
15583	-0.030489
15586	0.049086
15601	-0.012568
15621	0.044529
15780	0.034853
15869	0.091877
16082	-0.057163
16281	0.103023
16293	-0.003318
16300	0.092272
16304	-0.030259
16360	0.020944
16361	-0.021226
16367	-0.021057
16432	0.006245
16433	-0.037750
16438	-0.024090
16446	-0.142437
16453	-0.123000
16463	-0.070783
16466	-0.012475
16477	0.023876
16482	-0.014616
16605	-0.009540
16606	-0.112134
16635	0.012342
16638	0.015864
16655	0.016025
16673	0.001803
16676	0.034318
16677	-0.038517
16678	0.003878
16808	0.045560
16829	0.016774
17150	-0.018193
17182	0.020755
17199	0.035669
17273	-0.040584
17431	0.036231
17466	-0.080953
17472	0.039827
17485	-0.030625
17585	-0.005459
17620	0.045008
17647	0.107708
17690	0.007063
17772	0.024074
18410	0.013167
19647	-0.104118
21458	0.059759
21885	0.031974
21973	-0.015283
21976	0.028699
21977	-0.004942
22084	-0.044139
23475	0.056646
23754	0.009930
23764	-0.033544
24372	0.069582
24918	0.049999
24944	-0.001991
25022	0.037465
25140	0.025999
26484	0.042490
27764	0.010986
28424	0.052307
28845	-0.002900
29861	0.028014
30684	0.056037
31288	-0.025566
31704	-0.000872
32421	0.095838
32520	0.018129
32893	0.047441
34340	0.007733
35227	-0.006542
35334	-0.010820
36499	0.027026
36843	-0.061115
36844	-0.048349
36955	-0.008920
36970	-0.015213
39336	0.013333
39353	-0.025962
40538	0.024844
40541	-0.010009
40542	0.028090
40599	-0.020414
40601	-0.010006
40602	-0.010248
40656	0.001370
40657	-0.031818
42157	-0.091364
42203	0.015528
42204	0.073003
42851	0.049465
43061	-0.039404
44144	-0.030235
45195	0.016067
47030	-0.036348
47285	0.094247
47317	-0.058570
47457	-0.004282
47460	-0.044413
48147	-0.064163
48297	0.180553
48474	0.041188
48696	0.038058
49516	-0.006033
49630	-0.069196
49927	0.052203
50199	-0.026191
50249	0.129141
50259	0.015410
50904	-0.021290
53231	-0.044113
53471	-0.026353
53531	-0.047836
53986	0.000092
55057	0.038254
56431	-0.042285
56432	-0.047876
56466	0.043760
56478	0.044462
56621	0.017758
57644	-0.021808
57756	-0.042790
58783	-0.036688
59657	-0.059682
59715	0.012722
64825	-0.063225
64947	-0.012334
65950	0.075923
70102	-0.042824
75003	-0.050763
75099	-0.036659
75742	0.020423
75823	-0.026021
75824	-0.035278
78157	-0.190144
78181	-0.102329
78191	-0.020115
80479	-0.004118
80480	0.025279
80715	0.098612
80719	0.040355
80750	0.017159
81231	0.044578
84436	0.026127
84780	-0.031789
84844	-0.034222
85002	-0.034842
85003	-0.085328
85659	-0.134356
85663	0.055170
85710	0.087020
92185	-0.082709
96142	0.011701
96144	0.020718
96482	0.012232
98871	0.111685
