# 1342 minima projected onto PC64
Min	PC
3	0.031907
4	0.163569
5	-0.055602
6	-0.059712
7	-0.044731
9	0.110639
16	0.175468
17	-0.159815
21	-0.093240
23	0.000810
31	0.065564
44	-0.057849
47	-0.042955
48	0.125384
51	0.196896
52	0.122292
55	0.043307
56	0.066302
57	0.047606
58	0.113021
60	-0.030081
67	0.099560
68	-0.039236
71	-0.030732
72	0.084203
74	0.039115
79	-0.135131
82	0.114711
85	0.026175
86	-0.116618
87	0.121111
88	-0.033819
91	0.081408
92	0.122290
94	0.094585
95	0.133365
97	0.110613
104	0.102020
106	0.342539
109	-0.047675
111	0.413041
115	0.229781
120	-0.063530
126	-0.005015
129	0.002345
136	-0.020504
137	-0.104839
188	-0.076252
189	-0.046463
196	0.195000
199	-0.031918
200	0.061827
202	-0.016708
211	-0.090001
213	0.076746
214	-0.047553
219	-0.001207
221	0.120644
276	0.086499
279	-0.025853
283	0.139197
295	-0.044886
308	0.019483
312	0.184199
315	-0.112626
318	-0.030879
319	-0.021734
321	-0.015509
324	0.054711
328	-0.002573
334	0.055396
336	0.189738
338	0.176490
347	0.176354
351	0.274179
352	-0.062156
354	-0.172295
357	-0.066549
359	-0.025990
362	0.137719
364	0.062619
365	-0.065480
368	0.016791
376	0.026276
377	-0.069344
380	0.107582
386	-0.032869
388	-0.053353
390	-0.171114
396	0.073279
404	0.011743
410	0.086490
413	0.031203
420	0.080906
423	-0.021072
424	-0.064258
437	0.026796
438	0.067144
444	0.346138
452	-0.008826
473	-0.135232
474	-0.047791
475	0.183127
476	-0.085739
478	-0.054461
479	0.123072
480	0.028680
483	0.161657
503	0.531516
508	0.053476
509	0.103489
530	0.200758
536	-0.094333
556	0.212759
581	0.106637
583	-0.029941
603	-0.024743
606	-0.042679
607	-0.031646
620	-0.034204
628	0.199313
636	0.006096
637	-0.038439
639	-0.072372
640	-0.145195
644	0.003815
645	-0.012180
677	0.016810
678	0.156901
679	0.045839
682	0.146436
698	-0.095327
700	-0.135424
710	-0.050984
722	-0.255038
723	0.026560
724	0.044010
725	0.028766
726	-0.005002
747	-0.040374
753	0.149814
755	0.320416
757	-0.003615
765	0.071497
782	0.046147
783	-0.145397
793	0.094359
808	0.012932
814	0.276731
840	-0.352317
848	-0.045851
859	0.034495
864	0.039486
867	-0.086246
878	-0.041885
888	0.087351
890	-0.037088
892	0.061384
899	-0.054429
918	-0.070279
926	-0.049137
933	-0.197664
934	-0.173844
981	0.068529
1028	0.055636
1034	-0.176434
1051	0.067141
1054	0.055246
1058	0.035047
1062	-0.016577
1063	0.157598
1064	0.007248
1066	-0.010748
1068	0.097565
1073	0.038328
1082	0.002281
1083	-0.057890
1086	0.028637
1089	0.076941
1090	0.050177
1091	-0.015027
1092	-0.003762
1164	-0.114888
1165	0.005999
1174	0.035751
1176	-0.129548
1184	-0.029095
1191	-0.077010
1192	-0.087557
1201	0.240809
1230	0.012291
1339	-0.090686
1341	0.086618
1370	0.054550
1385	-0.155723
1405	-0.131910
1437	0.186889
1441	-0.078511
1443	-0.174494
1521	-0.070803
1522	0.177423
1523	0.254509
1524	-0.076250
1525	0.000450
1541	0.231032
1542	-0.099399
1550	0.067338
1551	-0.001617
1596	-0.176169
1597	-0.072745
1628	0.007247
1629	0.192033
1633	0.189707
1636	0.079635
1637	0.242760
1765	-0.003602
1766	0.018984
1780	-0.053659
1862	0.022258
1865	-0.006789
1870	-0.006417
1885	0.382919
1910	-0.049526
1911	-0.203784
2007	-0.009024
2060	0.199661
2062	0.070547
2090	0.079363
2093	0.034776
2094	-0.023317
2095	0.077450
2096	-0.141385
2100	-0.021930
2101	-0.054405
2102	-0.026497
2103	-0.030957
2104	-0.007057
2105	-0.052052
2128	0.029850
2129	-0.140950
2135	-0.005371
2190	0.077250
2195	0.056057
2197	0.194037
2198	0.209707
2199	0.085622
2200	0.085815
2201	0.077170
2202	0.247886
2205	0.112854
2217	-0.030683
2218	-0.011553
2221	-0.053474
2272	-0.094206
2273	-0.049350
2275	0.106828
2288	0.393924
2293	0.081729
2298	-0.016593
2299	-0.168754
2300	-0.036226
2301	0.074411
2338	0.152211
2342	0.024951
2343	-0.095981
2358	0.201232
2384	0.092603
2385	-0.111210
2399	-0.078659
2435	-0.623798
2436	0.056214
2465	-0.046206
2467	-0.008125
2468	0.214169
2469	0.168221
2470	-0.023309
2471	0.166687
2474	-0.021172
2620	-0.178193
2650	-0.102595
2651	0.070354
2685	0.216461
2688	-0.893330
2730	-0.102695
2843	-0.048117
2951	0.078621
2959	0.177252
3236	0.030134
3305	0.023859
3318	-0.240838
3340	-0.096674
3352	0.081623
3355	-0.032990
3356	-0.059278
3365	-0.033401
3366	-0.044531
3367	-0.197526
3368	-0.217195
3401	0.056159
3405	0.274381
3434	-0.007532
3448	0.119649
3454	-0.116315
3481	0.161426
3495	-0.026585
3504	-0.093735
3532	0.105041
3540	0.017050
3549	-0.213848
3550	-0.109372
3569	0.081951
3595	0.173753
3596	-0.049298
3603	-0.051092
3621	-0.011511
3622	-0.084266
3647	-0.106046
3649	0.096949
3651	0.062376
3652	0.042784
3723	0.117860
3757	0.158953
3772	-0.093513
3787	0.175403
3798	0.063422
3799	0.426232
3889	-0.189528
3897	-0.115755
3898	-0.018269
3904	0.077606
3945	-0.007118
3990	0.013755
4024	-0.027791
4039	0.001156
4048	0.212589
4050	0.017530
4076	0.047214
4094	-0.872758
4170	-0.080432
4251	0.052089
4252	0.081116
4299	0.150956
4302	0.182849
4318	0.054587
4319	-0.024453
4320	0.060700
4360	0.073715
4388	-0.189662
4414	-0.020754
4426	0.016054
4446	0.108713
4527	0.274173
4545	0.120931
4546	0.196957
4554	-0.219551
4564	0.008420
4567	0.185296
4634	-0.125653
4693	0.041745
4736	-0.015233
4761	-0.058363
4879	0.018172
5071	0.094644
5138	-0.119308
5164	0.172694
5182	-0.212281
5183	-0.263362
5184	-0.095003
5187	0.059706
5188	0.235033
5189	0.088434
5193	-0.064018
5194	-0.027742
5195	0.070004
5197	-0.115458
5203	-0.833433
5205	-0.261349
5212	-0.095617
5213	-0.123475
5222	-0.034980
5223	-0.031877
5228	-0.059118
5232	-0.097536
5244	0.122971
5245	-0.720872
5246	-0.272474
5248	-0.067906
5292	-0.174121
5293	-0.077982
5299	-0.703474
5300	-0.800780
5315	0.029121
5316	-0.073183
5319	0.051695
5320	0.025727
5321	-0.001245
5322	0.077443
5323	-0.030738
5324	-0.013719
5325	0.114471
5329	-0.126197
5342	0.002845
5343	0.121529
5374	-0.155674
5376	0.024468
5378	-0.078132
5379	-0.049319
5382	-0.087172
5390	0.110722
5398	0.135721
5402	0.055532
5404	-0.113816
5407	0.080438
5408	0.135565
5409	0.046084
5411	0.062038
5412	-0.118414
5413	-0.015157
5416	0.029648
5418	0.139662
5422	0.118876
5425	-0.027098
5427	-0.186542
5428	0.000872
5432	-0.127129
5436	-0.085919
5443	0.241737
5444	0.015362
5458	-0.095233
5462	-0.318456
5465	-0.135047
5468	0.156293
5471	-0.022982
5480	0.004202
5481	0.061164
5485	-0.043672
5486	-0.054432
5488	-0.012263
5489	0.069721
5495	-0.024032
5513	-0.060699
5515	0.046254
5516	0.030556
5521	0.055320
5527	-0.019794
5528	0.261497
5536	0.019388
5537	0.101487
5547	0.014575
5565	0.008420
5573	-0.012006
5579	0.287958
5583	-0.161308
5586	-0.320042
5589	-0.017903
5590	0.045478
5593	-0.073792
5599	0.399466
5604	0.100447
5605	0.116908
5606	-0.039187
5625	0.079312
5649	-0.135641
5656	-0.121178
5657	-0.115805
5658	-0.091651
5686	-0.126162
5695	0.108917
5705	-0.435409
5706	-0.021180
5716	0.022937
5717	-0.159588
5718	-0.077980
5719	-0.183159
5720	0.058027
5724	-0.024197
5738	0.069774
5742	-0.259181
5750	0.026911
5751	0.135992
5756	0.111413
5761	0.138622
5768	0.044312
5773	-0.089487
5792	-0.019576
5793	-0.011789
5794	-0.056501
5806	0.094092
5811	-0.058384
5812	-0.168588
5813	-0.169166
5814	-0.053523
5821	-0.029919
5823	-0.026293
5825	-0.135744
5831	-0.189375
5832	-0.184287
5833	0.039297
5847	0.036050
5849	0.136621
5851	0.149618
5854	0.239908
5858	0.070488
5862	0.086659
5875	-0.030884
5876	-0.166291
5903	0.101590
5910	0.072164
5912	-0.195058
5913	-0.262147
5925	0.016893
5926	-0.034893
5927	-0.102193
5928	0.281806
5930	0.096121
5931	0.202114
5933	0.271060
5934	0.204641
5937	-0.319927
5939	0.319180
5940	-0.091605
5941	-0.180798
5943	-0.112301
5963	-0.053787
5964	0.002435
5965	-0.041343
5966	-0.079331
5968	0.015531
5969	-0.004416
5970	-0.022974
5971	0.177250
5975	-0.112097
6006	0.038478
6011	0.143010
6017	0.012909
6019	-0.032622
6022	0.000724
6032	-0.110328
6095	0.222831
6115	-0.089741
6116	-0.124872
6119	0.165321
6127	0.113250
6128	0.062593
6130	-0.009990
6140	0.032304
6141	-0.127829
6147	-0.696575
6148	-0.827549
6163	-0.037048
6164	0.102325
6170	-0.307545
6171	0.178499
6177	0.130662
6184	-0.097411
6200	0.031949
6204	-0.103355
6206	-0.058226
6223	0.074716
6240	-0.205990
6245	-0.145591
6253	0.060914
6267	-0.214756
6269	-0.007900
6290	-0.184437
6303	0.051126
6317	-0.284898
6343	0.014912
6350	0.007048
6360	-0.820193
6367	-0.207518
6383	0.017417
6389	0.279390
6397	0.150436
6398	0.069409
6406	0.031015
6407	-0.329908
6412	0.082721
6413	0.030922
6434	-0.037918
6435	-0.034672
6460	0.054086
6463	0.082755
6464	0.178937
6489	0.059072
6507	-0.059051
6510	0.377458
6516	0.011957
6518	-0.065050
6522	0.235540
6523	0.186205
6524	-0.064498
6525	-0.056512
6531	-0.296602
6536	-0.099953
6575	0.104876
6584	-0.027154
6585	0.114676
6586	-0.095219
6594	0.143912
6595	0.089211
6610	0.034460
6612	0.059258
6615	-0.029304
6624	0.231397
6628	0.051960
6649	-0.012519
6698	0.362323
6706	-0.005696
6718	-0.013439
6719	0.044270
6722	0.221219
6770	-0.075826
6780	-0.263674
6781	-0.248032
6794	0.292470
6795	0.168198
6796	0.274661
6799	-0.101730
6809	0.104708
6837	-0.438887
6838	-0.099293
6839	-0.013361
6846	-0.172165
6865	-0.094102
6869	0.225435
6870	0.065807
6871	0.174011
6873	-0.059747
6876	0.171962
6885	-0.031017
6895	0.090947
6896	-0.032457
6897	0.141738
6900	0.065223
6903	-0.061959
6906	0.145318
6916	0.158078
6917	0.128613
6918	-0.015008
6919	0.133039
6938	0.124736
6941	0.121729
6942	0.007793
6943	-0.028778
6944	-0.018992
6948	0.100005
6953	-0.082841
6957	0.314460
6958	0.042939
6970	-0.051107
6971	0.041329
6976	0.178655
6977	0.031917
6990	-0.206595
7014	0.033488
7015	0.044101
7016	0.103444
7018	0.199358
7019	0.139440
7042	-0.037031
7053	0.059436
7066	0.042899
7067	0.159907
7083	0.209624
7092	0.246160
7100	0.027695
7103	0.083938
7110	-0.019830
7111	0.132535
7112	0.103078
7113	0.076797
7116	0.049882
7119	0.172150
7120	0.085451
7121	0.178268
7122	0.184340
7140	0.142716
7143	-0.181241
7157	0.018620
7165	-0.199181
7175	-0.135519
7178	-0.152429
7206	-0.153523
7207	-0.078932
7217	0.024229
7218	-0.058376
7221	-0.084586
7227	0.090275
7230	-0.958905
7236	-0.110653
7239	0.112152
7242	-0.119157
7260	0.055779
7268	-0.143880
7269	0.016297
7304	-0.051404
7326	-0.228214
7327	-0.213945
7336	0.226800
7342	0.213401
7346	0.241331
7348	-0.096615
7355	-0.107285
7361	0.085098
7372	-0.042285
7387	-0.123259
7422	-0.131238
7423	0.017382
7425	0.120007
7436	0.116176
7442	-0.244958
7446	-0.075301
7448	0.024840
7453	-0.011361
7463	-0.051265
7492	0.054161
7493	-0.074563
7494	-0.094956
7495	-0.157362
7518	0.009217
7520	0.187361
7540	-0.044846
7546	0.076248
7556	0.172454
7559	-0.218264
7560	-0.044998
7561	0.073258
7564	0.118336
7575	0.006405
7583	0.143330
7585	-0.147476
7586	0.054976
7599	-0.289387
7600	-0.039491
7606	-0.303810
7614	0.017601
7617	-0.040150
7622	0.013177
7629	0.028823
7637	-0.054847
7640	-0.127775
7657	0.092342
7665	0.175879
7666	0.159513
7667	-0.018250
7668	-0.065802
7669	0.153224
7670	-0.293802
7671	0.085969
7681	0.093367
7683	-0.230890
7684	0.159336
7696	0.095347
7722	0.083752
7723	-0.055541
7799	-0.104247
7852	-0.253289
7859	0.013360
7860	-0.095127
7861	-0.010722
7865	0.132828
7875	0.059821
7876	-0.039230
7895	0.025765
7913	0.153785
7917	-0.221378
7952	0.041642
7969	0.170584
7971	0.145876
8000	0.022269
8002	-0.052832
8006	-0.080294
8036	-0.081063
8056	-0.023654
8069	-0.243275
8103	0.141372
8107	0.212468
8120	-0.025735
8122	0.125964
8125	-0.029833
8127	0.137762
8136	0.141093
8149	0.187793
8154	0.119401
8197	0.205585
8208	0.074310
8223	-0.207150
8232	0.032701
8241	0.038451
8256	0.035397
8262	-0.029829
8266	-0.160553
8267	-0.048487
8268	-0.037834
8269	-0.000624
8271	-0.033006
8273	-0.034662
8280	-0.190669
8284	-0.053182
8303	0.001995
8304	0.017360
8305	0.017259
8308	-0.047811
8332	0.083462
8333	-0.355942
8334	-0.236276
8338	0.102407
8363	-0.070969
8370	0.035922
8398	0.193261
8465	-0.018193
8468	0.057820
8469	-0.088695
8470	-0.092683
8507	0.074031
8552	0.015053
8572	-0.100410
8574	-0.036946
8577	0.042651
8586	-0.038061
8592	0.113505
8593	0.034750
8594	-0.091496
8597	-0.026319
8599	-0.073943
8606	0.550096
8607	0.095367
8615	0.013773
8617	-0.112547
8626	-0.047770
8636	0.074727
8669	0.076487
8671	0.037196
8673	-0.107964
8675	-0.216014
8790	0.003305
8791	-0.041064
8811	-0.126525
8822	-0.042843
8841	0.051692
8849	-0.052751
8856	-0.396461
8875	0.028057
8884	0.125913
8906	0.070704
8907	0.066832
8910	0.014614
8911	0.114195
8912	-0.035811
8913	0.002005
8934	-0.090514
8935	-0.102639
8954	-0.169995
8968	0.128716
8972	0.086733
9001	-0.152392
9029	0.129290
9032	-0.009205
9058	0.141108
9059	-0.071015
9068	-0.012028
9070	0.176148
9108	0.007636
9139	-0.053868
9140	0.105443
9158	-0.018986
9187	0.245175
9188	0.118351
9189	0.180911
9190	0.084070
9253	0.091280
9259	0.181308
9268	0.181617
9269	0.109641
9271	0.114820
9312	-0.024016
9323	0.175116
9329	0.000417
9330	-0.095898
9331	0.149036
9356	0.190198
9376	0.130023
9394	0.108369
9424	-0.025054
9428	-0.010665
9429	0.023014
9496	-0.078933
9536	-0.068385
9543	0.099156
9589	0.049349
9614	0.442278
9615	0.160821
9617	0.273165
9631	-0.243191
9661	-0.155814
9668	0.212521
9718	0.138717
9728	0.065622
9734	-0.072297
9788	0.058493
9791	-0.077862
9793	-0.073430
9804	0.127108
9809	-0.031490
9810	-0.031517
9823	0.013474
9828	0.147251
9907	0.041224
9951	0.104373
9968	0.184830
9969	0.037661
10010	0.075862
10011	0.063202
10012	0.035347
10018	-0.168886
10021	0.099277
10022	0.192882
10031	0.126268
10032	0.098157
10033	0.105799
10034	0.042614
10035	0.143441
10039	0.114354
10044	-0.004127
10045	0.132184
10060	0.264013
10065	0.149342
10077	-0.142555
10080	0.166789
10130	0.076463
10131	-0.053126
10149	0.154767
10194	0.003591
10197	-0.064315
10221	0.054845
10226	-0.373953
10232	-0.074825
10233	-0.056316
10263	-0.173513
10264	-0.075730
10274	0.159035
10286	0.003396
10292	-0.627417
10299	-0.057087
10302	0.086972
10324	-0.100496
10355	0.117921
10358	0.186973
10362	-0.027229
10366	-0.042001
10368	0.123421
10370	0.080657
10392	0.153009
10405	-0.008076
10406	0.013593
10409	-0.067577
10419	0.117951
10420	-0.010082
10424	0.131224
10434	0.048040
10455	-0.082612
10478	0.100537
10480	0.069657
10484	0.151574
10510	-0.190528
10519	-0.038652
10520	-0.173845
10524	-0.194237
10578	0.056480
10630	-0.063006
10643	0.004893
10645	-0.219799
10677	0.057732
10678	0.088946
10690	-0.027267
10717	0.058536
10718	0.030920
10719	0.006146
10721	-0.118610
10723	0.020518
10735	-0.005198
10736	0.009756
10829	-0.067689
10837	0.036996
10846	0.122961
10921	0.003600
10922	-0.225233
10923	-0.036982
10924	-0.027241
10964	0.122198
10978	-0.159013
11017	-0.191195
11018	-0.166926
11019	-0.018102
11032	0.035822
11034	0.051969
11035	0.016094
11036	0.066825
11052	0.146217
11056	0.004587
11060	-0.000572
11063	-0.117098
11064	0.025695
11068	0.043280
11069	-0.002176
11090	-0.007133
11098	-0.086018
11099	-0.184843
11100	-0.208357
11105	-0.034006
11109	0.070545
11122	-0.258235
11123	-0.249977
11125	0.066026
11126	0.012534
11149	-0.107011
11153	0.019682
11188	-0.130151
11193	-0.059211
11230	0.052513
11233	0.239062
11236	-0.121472
11243	-0.086697
11251	-0.048168
11259	0.404437
11263	0.065583
11272	-0.247413
11321	0.002357
11322	-0.024542
11326	0.066663
11327	0.161831
11335	0.201138
11337	0.064699
11343	-0.041866
11390	0.128266
11444	-0.069864
11464	-0.223815
11471	-0.184684
11472	-0.172483
11473	-0.031618
11492	-0.161097
11499	0.092102
11500	-0.023765
11505	0.043139
11527	-0.111946
11528	-0.101711
11532	0.303929
11564	0.072928
11589	-0.023418
11591	0.124507
11592	0.062144
11599	0.134066
11605	-0.017831
11617	0.173259
11630	0.080634
11631	-0.781380
11632	-0.599098
11656	0.021808
11657	-0.031208
11777	-0.300206
11786	0.106215
11812	0.123211
12020	0.017247
12061	0.045274
12115	-0.001038
12154	0.046785
12155	0.015644
12156	0.190402
12159	0.181261
12174	0.063649
12176	-0.290715
12230	-0.112569
12234	-0.238565
12236	-0.008043
12237	0.073851
12250	-0.031648
12252	-0.038577
12253	-0.026184
12315	0.091574
12381	-0.278700
12382	-0.187658
12438	0.401722
12455	0.059069
12462	-0.173356
12478	-0.056577
12603	0.258800
12711	-0.213958
12714	-0.196595
12716	0.004625
12754	-0.204457
12785	-0.119766
12788	0.123943
12792	0.123088
12898	-0.151039
12944	0.022062
12949	-0.188266
13062	-0.173556
13099	0.046424
13160	-0.048186
13198	0.092931
13239	0.047976
13249	-0.221631
13262	-0.036148
13263	-0.077143
13272	-0.320134
13273	0.084204
13277	0.020683
13305	0.023689
13342	0.096105
13343	0.087147
13345	0.170998
13351	0.131630
13357	0.028921
13427	-0.318629
13436	-0.067347
13455	0.018903
13528	-0.091544
13532	0.144339
13553	0.089484
13566	-0.094194
13651	-0.038119
13653	0.063600
13675	0.036009
13676	0.027585
13677	0.134285
13678	0.050094
13681	0.124195
13688	0.070125
13697	-0.185920
13705	-0.150030
13708	0.069571
13737	0.208723
13760	0.087509
13923	0.183417
13927	0.186208
13995	-0.142425
14002	0.004798
14003	-0.060896
14021	0.439660
14034	-0.351211
14064	-0.317131
14110	0.079597
14155	-0.054750
14203	0.111025
14208	0.212147
14340	0.012182
14356	-0.161392
14389	-0.181741
14499	0.097744
14625	0.123215
14632	-0.252527
14637	0.208388
14641	0.162461
14685	-0.203348
14694	0.036440
14695	-0.046299
14699	0.186441
14700	0.184983
14749	-0.121407
14760	-0.114083
14790	0.050141
14791	0.089754
14796	-0.071160
14797	0.032398
14891	-0.106850
14927	0.033231
15099	-0.077446
15182	0.301102
15243	-0.038559
15245	-0.062590
15254	-0.120919
15322	0.007086
15327	-0.007934
15463	-0.064559
15496	0.086647
15499	-0.015215
15502	0.052392
15514	0.010779
15566	0.260699
15580	-0.247115
15583	0.072492
15586	0.108445
15601	0.001910
15621	-0.170918
15780	-0.096830
15869	0.118489
16082	0.109285
16281	0.188781
16293	0.064909
16300	-0.155437
16304	-0.141324
16360	0.216246
16361	0.128008
16367	0.317573
16432	-0.264459
16433	-0.277754
16438	-0.024244
16446	-0.047336
16453	-0.087786
16463	-0.213581
16466	-0.056201
16477	0.366907
16482	0.120460
16605	-0.051398
16606	-0.629321
16635	-0.031321
16638	-0.167947
16655	-0.101725
16673	-0.237610
16676	0.121494
16677	0.167564
16678	0.041428
16808	-0.021594
16829	-0.012318
17150	0.223622
17182	0.168809
17199	-0.116283
17273	-0.107077
17431	-0.047610
17466	0.271472
17472	-0.120650
17485	0.254319
17585	-0.104107
17620	0.033379
17647	-0.028032
17690	0.041224
17772	-0.247311
18410	0.199104
19647	-0.227069
21458	-0.097773
21885	-0.089111
21973	0.130417
21976	0.155185
21977	0.027670
22084	-0.060658
23475	-0.047376
23754	0.030397
23764	0.020910
24372	0.023929
24918	-0.039974
24944	-0.065562
25022	0.111489
25140	0.180009
26484	-0.001655
27764	-0.054920
28424	-0.017008
28845	-0.019748
29861	-0.285328
30684	0.020287
31288	0.160454
31704	0.141919
32421	-0.000396
32520	-0.087412
32893	0.219843
34340	-0.727382
35227	0.273589
35334	-0.053161
36499	0.008142
36843	-0.015253
36844	-0.019430
36955	-0.431217
36970	-0.516200
39336	0.520426
39353	0.035253
40538	-0.135194
40541	-0.029730
40542	-0.013475
40599	0.033233
40601	-0.026869
40602	0.012953
40656	-0.179079
40657	-0.160097
42157	0.378240
42203	0.076452
42204	-0.053344
42851	0.120187
43061	0.155750
44144	0.157573
45195	-0.141446
47030	0.028817
47285	-0.310622
47317	0.067355
47457	-0.067567
47460	0.041634
48147	0.149589
48297	-0.117742
48474	-0.148299
48696	-0.178990
49516	0.023504
49630	-0.020890
49927	0.131643
50199	-0.120288
50249	-0.205886
50259	-0.189798
50904	-0.151492
53231	-0.214285
53471	-0.101276
53531	0.050006
53986	-0.044558
55057	-0.056965
56431	0.105707
56432	0.096287
56466	0.008670
56478	0.312677
56621	-0.018463
57644	-0.143258
57756	0.077398
58783	0.102848
59657	-0.139320
59715	0.006666
64825	-0.332662
64947	0.253782
65950	-0.175937
70102	0.194780
75003	0.251631
75099	0.359802
75742	0.107993
75823	-0.337211
75824	-0.588920
78157	-0.352016
78181	0.243133
78191	0.265453
80479	0.040635
80480	0.167191
80715	0.131519
80719	0.077238
80750	-0.103344
81231	0.001459
84436	0.294233
84780	-0.098929
84844	-0.092307
85002	0.198894
85003	-0.600709
85659	0.004508
85663	0.030197
85710	0.079781
92185	0.026800
96142	-0.655704
96144	-0.638876
96482	0.060078
98871	0.174283
