# 1342 minima projected onto PC106
Min	PC
3	0.010130
4	0.005873
5	0.011662
6	0.008202
7	-0.005712
9	-0.014572
16	-0.005751
17	-0.007037
21	0.029436
23	0.045868
31	0.004600
44	-0.021751
47	-0.019170
48	0.043877
51	0.005206
52	-0.004641
55	0.024170
56	-0.030077
57	-0.016039
58	0.031918
60	0.004783
67	-0.044338
68	-0.026782
71	0.012802
72	0.017657
74	0.019568
79	-0.000381
82	0.037656
85	-0.004498
86	-0.021706
87	-0.005033
88	-0.030328
91	-0.000760
92	-0.035151
94	-0.005711
95	0.000332
97	0.035140
104	-0.035502
106	0.018095
109	-0.011206
111	0.028705
115	0.015600
120	-0.011374
126	-0.002205
129	0.025088
136	0.010639
137	0.005599
188	-0.021564
189	-0.014961
196	0.005788
199	0.013891
200	0.011933
202	0.031585
211	-0.036579
213	0.053274
214	0.016981
219	-0.048365
221	-0.002624
276	0.002105
279	0.007552
283	-0.044562
295	0.000433
308	-0.005988
312	0.027029
315	0.039435
318	0.019874
319	0.000222
321	0.016919
324	0.011228
328	0.003714
334	-0.007970
336	-0.008324
338	0.026980
347	0.007812
351	-0.035716
352	-0.025690
354	-0.009247
357	0.039286
359	-0.003840
362	0.016765
364	0.020554
365	0.022034
368	0.011537
376	0.024183
377	0.012644
380	0.012335
386	0.009517
388	-0.009970
390	0.034672
396	0.007510
404	0.021019
410	0.004644
413	-0.024645
420	-0.017161
423	0.016258
424	-0.020422
437	0.001062
438	-0.031447
444	0.055669
452	0.010148
473	0.034393
474	0.020182
475	-0.022352
476	-0.011443
478	-0.009205
479	-0.031139
480	-0.000139
483	-0.033028
503	0.014973
508	0.004983
509	0.017691
530	0.008871
536	0.000179
556	-0.000831
581	-0.012099
583	0.010877
603	-0.024162
606	0.020940
607	0.025345
620	0.009927
628	0.042916
636	0.011304
637	0.038847
639	0.021062
640	0.045680
644	0.009797
645	0.015674
677	0.011477
678	0.043816
679	-0.005584
682	0.060153
698	-0.011294
700	0.033564
710	0.027614
722	-0.005958
723	-0.047921
724	-0.021030
725	0.012132
726	-0.023258
747	0.010321
753	0.021933
755	0.012555
757	0.025002
765	-0.009036
782	0.001079
783	-0.039240
793	0.027298
808	0.014724
814	-0.028627
840	-0.008483
848	0.000512
859	0.002523
864	0.033611
867	0.009091
878	-0.000550
888	0.013902
890	0.017737
892	0.031997
899	0.026061
918	0.022647
926	-0.000281
933	-0.015153
934	-0.003996
981	-0.006470
1028	-0.008173
1034	0.013590
1051	0.015831
1054	0.019079
1058	-0.051273
1062	-0.025352
1063	-0.015961
1064	-0.005356
1066	0.013907
1068	0.007371
1073	-0.007027
1082	0.015393
1083	0.015693
1086	0.015869
1089	0.073512
1090	0.053850
1091	0.032505
1092	-0.019446
1164	0.013316
1165	0.019613
1174	-0.087366
1176	-0.014660
1184	-0.038079
1191	-0.006347
1192	0.004762
1201	-0.023078
1230	-0.062157
1339	-0.014847
1341	0.012169
1370	0.007346
1385	0.035954
1405	-0.012676
1437	-0.009542
1441	-0.002832
1443	0.018540
1521	-0.007283
1522	-0.020502
1523	-0.069330
1524	0.007193
1525	0.031633
1541	0.006069
1542	0.018118
1550	-0.023178
1551	-0.015608
1596	0.004199
1597	-0.033969
1628	0.008082
1629	-0.011121
1633	-0.018509
1636	0.020448
1637	0.097163
1765	-0.026000
1766	-0.007709
1780	-0.012427
1862	-0.006141
1865	0.012235
1870	0.005025
1885	-0.022758
1910	-0.007656
1911	0.025521
2007	-0.007855
2060	-0.059114
2062	0.040381
2090	0.071453
2093	-0.014205
2094	-0.015452
2095	0.016895
2096	-0.022212
2100	-0.002141
2101	0.019407
2102	0.020725
2103	0.005895
2104	0.008500
2105	0.035951
2128	0.000779
2129	-0.044156
2135	-0.030029
2190	0.014405
2195	-0.036141
2197	-0.046571
2198	-0.012003
2199	-0.051366
2200	0.033355
2201	0.016189
2202	0.031874
2205	0.025737
2217	-0.012865
2218	-0.103147
2221	0.015100
2272	0.014608
2273	0.018033
2275	0.005772
2288	0.050964
2293	-0.010459
2298	-0.050607
2299	-0.002975
2300	-0.028771
2301	-0.034337
2338	-0.020301
2342	0.024450
2343	-0.017118
2358	0.004741
2384	0.005129
2385	0.015879
2399	0.029700
2435	-0.008441
2436	0.024494
2465	-0.019576
2467	0.015922
2468	-0.007972
2469	0.004406
2470	0.001157
2471	0.004018
2474	0.033548
2620	0.021341
2650	0.022942
2651	-0.015540
2685	-0.054946
2688	0.013251
2730	0.016610
2843	0.010802
2951	0.051944
2959	0.080299
3236	-0.022109
3305	0.004675
3318	0.006941
3340	0.022080
3352	0.054395
3355	0.041170
3356	0.009195
3365	0.010776
3366	0.000712
3367	0.004458
3368	0.018157
3401	-0.010125
3405	-0.005399
3434	0.002004
3448	-0.032075
3454	-0.026669
3481	-0.001108
3495	0.003342
3504	-0.009756
3532	0.002145
3540	-0.020273
3549	-0.007534
3550	0.007518
3569	0.017019
3595	0.002332
3596	0.004537
3603	0.009012
3621	-0.024330
3622	0.018669
3647	-0.005991
3649	-0.013922
3651	0.007930
3652	0.000118
3723	0.029197
3757	0.004323
3772	0.025972
3787	-0.004270
3798	-0.024806
3799	-0.045963
3889	-0.009832
3897	0.021201
3898	0.030234
3904	-0.009029
3945	-0.000824
3990	-0.016850
4024	0.018023
4039	-0.060629
4048	0.004768
4050	0.006896
4076	0.017584
4094	0.004784
4170	-0.014033
4251	0.014943
4252	0.013688
4299	-0.014507
4302	-0.007368
4318	-0.010186
4319	-0.003360
4320	0.011401
4360	0.020141
4388	0.000097
4414	-0.030243
4426	-0.045571
4446	0.020771
4527	-0.030079
4545	-0.034336
4546	0.007707
4554	-0.062675
4564	0.006349
4567	0.035270
4634	-0.051342
4693	-0.013658
4736	0.007034
4761	0.016514
4879	-0.022548
5071	0.004976
5138	0.003240
5164	-0.022422
5182	0.018254
5183	0.032905
5184	0.003526
5187	0.017228
5188	0.027288
5189	-0.009935
5193	-0.038836
5194	-0.058523
5195	-0.013556
5197	-0.018463
5203	-0.042735
5205	-0.044545
5212	-0.036182
5213	-0.044758
5222	-0.009011
5223	-0.011029
5228	-0.034228
5232	0.024012
5244	-0.002327
5245	0.005625
5246	-0.002918
5248	-0.024297
5292	-0.026600
5293	-0.029756
5299	0.027061
5300	-0.047381
5315	-0.015511
5316	-0.027801
5319	-0.015410
5320	-0.012879
5321	-0.036464
5322	-0.018051
5323	-0.035981
5324	-0.004670
5325	0.006363
5329	0.033542
5342	-0.024259
5343	-0.008029
5374	-0.105171
5376	0.031986
5378	0.036142
5379	0.012387
5382	-0.001179
5390	-0.008812
5398	0.038141
5402	-0.002757
5404	-0.032620
5407	0.007271
5408	-0.029416
5409	-0.027990
5411	0.017262
5412	-0.034444
5413	-0.007532
5416	0.021966
5418	-0.004537
5422	0.017080
5425	-0.013617
5427	-0.000448
5428	0.019186
5432	0.010848
5436	-0.031443
5443	-0.001998
5444	0.006186
5458	-0.047040
5462	0.025030
5465	-0.017122
5468	-0.013913
5471	-0.018851
5480	-0.052314
5481	0.011553
5485	-0.029079
5486	-0.029835
5488	-0.001676
5489	0.015260
5495	0.002316
5513	0.018370
5515	-0.013253
5516	0.023786
5521	0.030357
5527	0.025625
5528	-0.074545
5536	-0.041027
5537	0.032464
5547	0.006842
5565	0.014006
5573	-0.029977
5579	0.033517
5583	0.046138
5586	-0.016901
5589	-0.012409
5590	-0.059405
5593	-0.000170
5599	-0.017867
5604	0.059908
5605	-0.019137
5606	0.077335
5625	-0.033771
5649	0.028326
5656	-0.057931
5657	-0.015326
5658	0.006852
5686	-0.031827
5695	0.005441
5705	-0.025794
5706	0.006776
5716	-0.007731
5717	-0.008147
5718	0.011748
5719	0.002654
5720	-0.006917
5724	-0.008452
5738	-0.125713
5742	0.011111
5750	0.005069
5751	0.006451
5756	-0.005940
5761	-0.039028
5768	0.000313
5773	-0.017255
5792	-0.034273
5793	0.015268
5794	-0.011448
5806	0.018350
5811	-0.001084
5812	0.013145
5813	0.003072
5814	-0.012773
5821	0.020704
5823	-0.003552
5825	0.015958
5831	0.021500
5832	0.020983
5833	0.007189
5847	0.007866
5849	-0.018344
5851	-0.003443
5854	-0.037210
5858	-0.032174
5862	-0.001874
5875	-0.019723
5876	0.010615
5903	-0.011834
5910	0.018200
5912	-0.051007
5913	-0.077729
5925	-0.017122
5926	-0.035463
5927	0.002425
5928	-0.009035
5930	0.069732
5931	-0.017493
5933	0.023410
5934	0.005980
5937	-0.000104
5939	-0.067830
5940	0.011999
5941	0.022125
5943	0.015685
5963	0.010399
5964	-0.015889
5965	-0.014177
5966	0.031331
5968	0.019019
5969	-0.013432
5970	-0.015682
5971	-0.014040
5975	0.019335
6006	-0.001183
6011	-0.036368
6017	0.022257
6019	-0.022487
6022	0.011076
6032	0.127038
6095	-0.048482
6115	0.022546
6116	0.031551
6119	-0.003292
6127	-0.015446
6128	-0.032138
6130	0.017518
6140	0.011646
6141	-0.017637
6147	-0.043597
6148	-0.035078
6163	0.005613
6164	0.038609
6170	-0.008599
6171	-0.003254
6177	-0.010282
6184	0.000491
6200	-0.007746
6204	-0.013575
6206	-0.032274
6223	-0.018521
6240	-0.001322
6245	0.045606
6253	0.012659
6267	-0.003049
6269	0.074627
6290	0.031225
6303	-0.001394
6317	-0.025431
6343	-0.028777
6350	-0.017813
6360	0.019693
6367	0.094895
6383	-0.002155
6389	-0.100432
6397	-0.028021
6398	-0.022703
6406	0.014119
6407	0.054299
6412	-0.008811
6413	-0.036497
6434	0.015459
6435	0.036073
6460	-0.022691
6463	0.001801
6464	0.002274
6489	0.052914
6507	0.022239
6510	0.058854
6516	-0.017616
6518	-0.019411
6522	0.003441
6523	0.022248
6524	0.034600
6525	0.027817
6531	0.093289
6536	0.016602
6575	-0.027942
6584	-0.022242
6585	-0.015630
6586	0.000378
6594	0.000066
6595	0.005581
6610	-0.025684
6612	-0.035114
6615	-0.015622
6624	0.019118
6628	-0.027561
6649	-0.044141
6698	0.018330
6706	-0.034085
6718	-0.044685
6719	0.003177
6722	-0.010786
6770	0.009953
6780	0.022282
6781	0.003909
6794	-0.018054
6795	-0.055451
6796	-0.026264
6799	-0.059787
6809	-0.004697
6837	-0.016616
6838	-0.074815
6839	0.001748
6846	-0.009074
6865	0.009804
6869	0.036711
6870	0.001387
6871	0.023609
6873	0.008947
6876	-0.001562
6885	0.008921
6895	0.000604
6896	0.009601
6897	-0.005012
6900	0.008727
6903	0.007097
6906	0.035048
6916	0.037457
6917	0.035266
6918	0.090347
6919	-0.035964
6938	0.003342
6941	-0.007719
6942	-0.002323
6943	-0.021415
6944	-0.034649
6948	-0.026794
6953	-0.019291
6957	0.061179
6958	-0.030441
6970	-0.025389
6971	-0.013424
6976	-0.036867
6977	-0.054003
6990	0.027166
7014	-0.006160
7015	-0.006866
7016	0.005078
7018	-0.000798
7019	0.009808
7042	-0.046400
7053	0.003231
7066	0.001657
7067	-0.004329
7083	0.058518
7092	-0.047219
7100	-0.036332
7103	0.013924
7110	-0.008160
7111	-0.029026
7112	-0.045787
7113	0.015710
7116	0.006538
7119	-0.026835
7120	0.004760
7121	-0.028673
7122	-0.022053
7140	0.033237
7143	-0.122941
7157	0.010075
7165	-0.026453
7175	0.006482
7178	-0.028289
7206	-0.041201
7207	0.056395
7217	0.017427
7218	0.035011
7221	0.003730
7227	0.007602
7230	0.013578
7236	0.008657
7239	-0.022785
7242	0.005981
7260	0.016123
7268	0.020581
7269	0.013450
7304	-0.018959
7326	-0.024193
7327	-0.018695
7336	-0.025237
7342	-0.025984
7346	-0.007856
7348	-0.015045
7355	-0.015039
7361	-0.026902
7372	-0.017329
7387	-0.065634
7422	-0.008123
7423	0.014200
7425	0.020774
7436	0.020669
7442	-0.010372
7446	-0.039342
7448	0.018831
7453	-0.018193
7463	-0.018785
7492	0.059796
7493	-0.016442
7494	0.053909
7495	0.005251
7518	-0.015356
7520	0.076042
7540	0.002882
7546	0.034177
7556	0.005698
7559	0.006868
7560	-0.010327
7561	0.006034
7564	0.022520
7575	-0.008681
7583	0.090638
7585	0.028720
7586	-0.041912
7599	-0.017200
7600	-0.062519
7606	-0.000317
7614	-0.009712
7617	0.049698
7622	0.030191
7629	0.010065
7637	-0.016875
7640	-0.005705
7657	-0.025003
7665	-0.036685
7666	0.006332
7667	-0.032624
7668	-0.004091
7669	-0.072722
7670	-0.042097
7671	-0.038231
7681	0.103097
7683	0.005539
7684	-0.021788
7696	-0.018436
7722	-0.014645
7723	0.010086
7799	0.024659
7852	0.013697
7859	0.007658
7860	0.013182
7861	0.023089
7865	0.001028
7875	0.003360
7876	0.028605
7895	0.022689
7913	0.019856
7917	0.016384
7952	-0.035229
7969	0.009233
7971	0.008335
8000	-0.013197
8002	0.007526
8006	0.056477
8036	-0.024201
8056	0.023340
8069	0.070359
8103	0.026552
8107	0.004425
8120	0.016538
8122	-0.041913
8125	-0.018015
8127	-0.072194
8136	-0.001004
8149	0.052722
8154	0.039056
8197	-0.005980
8208	0.028912
8223	-0.067322
8232	-0.015262
8241	-0.025742
8256	0.038324
8262	-0.013832
8266	0.005353
8267	0.013954
8268	-0.001834
8269	0.000193
8271	-0.011692
8273	0.027955
8280	0.016699
8284	0.018418
8303	0.022025
8304	0.020957
8305	0.049278
8308	0.029199
8332	0.037514
8333	0.011263
8334	-0.064989
8338	0.023547
8363	0.001206
8370	-0.020283
8398	0.025384
8465	-0.001495
8468	0.019042
8469	-0.013511
8470	0.008329
8507	-0.003470
8552	-0.006692
8572	0.015921
8574	0.001136
8577	0.004611
8586	-0.020705
8592	0.030768
8593	-0.017734
8594	-0.025210
8597	0.003531
8599	0.003834
8606	0.048497
8607	-0.035098
8615	0.018050
8617	0.025699
8626	-0.004940
8636	0.003580
8669	-0.044233
8671	0.045294
8673	0.035654
8675	0.002152
8790	0.009254
8791	0.014414
8811	0.108741
8822	-0.006042
8841	-0.004018
8849	-0.033177
8856	-0.035574
8875	-0.019306
8884	0.016663
8906	-0.038279
8907	-0.007415
8910	-0.017418
8911	-0.031251
8912	-0.009916
8913	0.049942
8934	0.001188
8935	-0.006791
8954	0.013254
8968	-0.017892
8972	-0.015274
9001	-0.066610
9029	0.018242
9032	-0.003826
9058	0.009141
9059	-0.030461
9068	0.022913
9070	0.003800
9108	-0.000864
9139	0.003437
9140	0.002969
9158	-0.014776
9187	-0.054441
9188	0.008964
9189	-0.040916
9190	-0.005838
9253	-0.010354
9259	-0.037304
9268	0.026859
9269	-0.021517
9271	-0.007836
9312	0.005611
9323	-0.005765
9329	-0.005003
9330	-0.006984
9331	-0.002896
9356	-0.001431
9376	-0.001716
9394	0.041776
9424	0.021616
9428	0.019543
9429	0.014380
9496	0.034868
9536	0.005813
9543	0.076886
9589	-0.041576
9614	-0.006924
9615	0.030664
9617	0.067719
9631	0.025842
9661	-0.002423
9668	0.013994
9718	-0.029376
9728	0.031982
9734	-0.034687
9788	-0.003017
9791	0.010075
9793	-0.007329
9804	-0.072221
9809	-0.018395
9810	-0.023478
9823	-0.045032
9828	0.035517
9907	0.009731
9951	0.023510
9968	-0.007835
9969	-0.019192
10010	0.024676
10011	-0.022099
10012	0.025815
10018	-0.027587
10021	-0.026442
10022	-0.003726
10031	-0.019442
10032	-0.029140
10033	0.019657
10034	-0.010402
10035	0.019248
10039	-0.031338
10044	0.001564
10045	0.017672
10060	-0.030417
10065	0.012598
10077	0.007140
10080	0.013396
10130	0.035020
10131	-0.052604
10149	-0.020980
10194	0.000931
10197	-0.030971
10221	-0.010924
10226	0.068154
10232	0.033244
10233	0.062444
10263	-0.012491
10264	0.000652
10274	-0.017260
10286	0.013104
10292	0.015593
10299	0.002657
10302	0.019254
10324	-0.017357
10355	-0.021452
10358	-0.002965
10362	-0.009948
10366	-0.027739
10368	0.000423
10370	0.016543
10392	0.013860
10405	0.014510
10406	0.002663
10409	-0.000736
10419	0.019590
10420	-0.045346
10424	-0.011500
10434	-0.026989
10455	0.051810
10478	-0.003185
10480	0.030375
10484	-0.008722
10510	0.011059
10519	-0.025749
10520	-0.033299
10524	0.001934
10578	-0.020152
10630	0.005570
10643	0.025263
10645	0.000134
10677	-0.000552
10678	0.008909
10690	0.007633
10717	0.009831
10718	0.003600
10719	0.001633
10721	0.021115
10723	0.006981
10735	-0.004815
10736	0.000782
10829	-0.005697
10837	0.018671
10846	-0.003347
10921	-0.018602
10922	0.042302
10923	-0.041007
10924	-0.061624
10964	-0.032341
10978	-0.019155
11017	0.005076
11018	-0.001145
11019	0.011309
11032	0.036950
11034	-0.024736
11035	-0.022424
11036	0.040335
11052	0.017429
11056	0.039520
11060	0.039134
11063	-0.001210
11064	-0.004100
11068	0.011001
11069	0.006101
11090	0.010738
11098	0.032379
11099	-0.013693
11100	0.003167
11105	-0.017102
11109	-0.048805
11122	0.032954
11123	0.011607
11125	0.008751
11126	0.020566
11149	-0.025590
11153	0.015839
11188	-0.016217
11193	-0.009044
11230	0.010831
11233	-0.031004
11236	0.016734
11243	0.000653
11251	0.010690
11259	0.010573
11263	0.037839
11272	-0.034757
11321	0.006882
11322	0.010143
11326	0.012640
11327	0.011869
11335	-0.004032
11337	0.035595
11343	-0.045927
11390	0.041446
11444	0.014954
11464	0.004365
11471	-0.006251
11472	-0.019468
11473	0.020866
11492	0.020282
11499	0.067922
11500	-0.027132
11505	-0.023712
11527	-0.011771
11528	-0.018887
11532	0.011120
11564	0.001456
11589	0.013279
11591	0.004089
11592	0.019076
11599	0.009337
11605	-0.013789
11617	-0.006119
11630	-0.003087
11631	-0.003122
11632	-0.011926
11656	-0.044575
11657	0.024100
11777	0.085839
11786	-0.020894
11812	0.013121
12020	0.022466
12061	0.010183
12115	0.001748
12154	0.008382
12155	0.020789
12156	-0.011954
12159	-0.024861
12174	0.028850
12176	0.050941
12230	-0.006983
12234	0.006709
12236	-0.035060
12237	0.019916
12250	0.024559
12252	-0.025133
12253	0.012467
12315	0.014998
12381	-0.006432
12382	0.022063
12438	0.018140
12455	-0.012713
12462	-0.051643
12478	0.027593
12603	0.070524
12711	0.029491
12714	0.020256
12716	-0.002670
12754	0.020112
12785	0.025642
12788	-0.007775
12792	0.043046
12898	0.016436
12944	0.041851
12949	0.012835
13062	0.000179
13099	-0.007880
13160	-0.006052
13198	0.043286
13239	0.008015
13249	0.032456
13262	0.060069
13263	0.036370
13272	0.008413
13273	-0.076695
13277	0.008962
13305	-0.025080
13342	0.033126
13343	0.027971
13345	0.025615
13351	-0.000821
13357	0.004485
13427	-0.015722
13436	-0.099668
13455	-0.008833
13528	-0.045051
13532	0.001196
13553	0.030663
13566	0.039884
13651	-0.007426
13653	0.008265
13675	0.010298
13676	-0.020866
13677	-0.010226
13678	-0.002669
13681	-0.014368
13688	-0.018812
13697	-0.003716
13705	0.012137
13708	0.005412
13737	-0.006378
13760	-0.010593
13923	0.024052
13927	0.005810
13995	-0.012552
14002	0.005838
14003	0.001145
14021	-0.030543
14034	0.004851
14064	0.006159
14110	0.011649
14155	0.001808
14203	0.015156
14208	-0.044540
14340	-0.034808
14356	0.109823
14389	-0.020551
14499	-0.008429
14625	0.005068
14632	-0.028618
14637	0.021605
14641	0.008426
14685	0.023567
14694	-0.001032
14695	0.008186
14699	0.048048
14700	-0.014999
14749	-0.011204
14760	0.014965
14790	-0.033246
14791	0.028099
14796	-0.000779
14797	0.020791
14891	0.001339
14927	0.038375
15099	-0.033127
15182	-0.028177
15243	0.036641
15245	-0.015254
15254	-0.006521
15322	-0.030397
15327	-0.029803
15463	0.032026
15496	-0.014005
15499	-0.000680
15502	0.003951
15514	-0.021120
15566	-0.004290
15580	0.025860
15583	0.033430
15586	-0.021406
15601	0.012367
15621	-0.054746
15780	-0.046855
15869	-0.033137
16082	-0.002322
16281	0.017775
16293	0.025094
16300	-0.017274
16304	-0.062793
16360	-0.007869
16361	0.090115
16367	-0.035459
16432	0.027429
16433	-0.001019
16438	0.055911
16446	0.068689
16453	0.049567
16463	-0.149661
16466	0.031398
16477	-0.001849
16482	-0.029912
16605	-0.002214
16606	-0.045910
16635	0.012439
16638	0.013222
16655	-0.015860
16673	0.005755
16676	-0.002808
16677	0.002369
16678	-0.017799
16808	-0.026421
16829	0.031990
17150	-0.004990
17182	-0.038463
17199	-0.020629
17273	-0.027289
17431	0.013134
17466	-0.068162
17472	0.001275
17485	-0.023627
17585	0.007504
17620	0.000082
17647	0.009460
17690	-0.029632
17772	-0.032172
18410	-0.067315
19647	0.074603
21458	0.009869
21885	0.004870
21973	0.019226
21976	0.008935
21977	0.007516
22084	0.028265
23475	-0.017598
23754	0.024939
23764	-0.000911
24372	0.023147
24918	0.001278
24944	-0.020540
25022	-0.020357
25140	0.043092
26484	0.017344
27764	0.024102
28424	0.025974
28845	0.008590
29861	-0.067199
30684	0.018096
31288	-0.038531
31704	-0.026434
32421	-0.022419
32520	-0.018981
32893	0.024286
34340	-0.004148
35227	0.071418
35334	0.000352
36499	-0.002964
36843	-0.014074
36844	0.013354
36955	0.047887
36970	0.019355
39336	-0.012013
39353	-0.010214
40538	0.029275
40541	-0.032377
40542	-0.035073
40599	-0.010311
40601	-0.033588
40602	0.023498
40656	0.009614
40657	0.013001
42157	0.000645
42203	-0.007389
42204	0.008574
42851	-0.036729
43061	-0.005844
44144	-0.038199
45195	0.029362
47030	-0.023472
47285	0.006300
47317	-0.100653
47457	0.023959
47460	0.002022
48147	-0.037093
48297	-0.060525
48474	-0.003430
48696	0.023408
49516	-0.030940
49630	-0.028312
49927	-0.018449
50199	0.019666
50249	0.004853
50259	0.068255
50904	-0.026169
53231	0.033255
53471	0.018698
53531	-0.001445
53986	0.022449
55057	-0.005786
56431	0.025964
56432	0.028079
56466	0.003040
56478	0.012472
56621	-0.041157
57644	0.034808
57756	-0.028539
58783	0.011080
59657	0.035762
59715	-0.035044
64825	-0.086593
64947	-0.050123
65950	-0.086218
70102	0.059761
75003	0.027094
75099	0.009690
75742	-0.010645
75823	0.094720
75824	0.024402
78157	0.034050
78181	0.008481
78191	0.016233
80479	-0.037318
80480	0.012756
80715	-0.002191
80719	-0.026634
80750	-0.020424
81231	-0.048359
84436	0.001005
84780	0.001341
84844	0.018574
85002	0.003135
85003	0.020982
85659	-0.019236
85663	-0.012951
85710	0.023846
92185	0.070370
96142	-0.043412
96144	0.010088
96482	-0.035373
98871	-0.006942
