# 1342 minima projected onto PC96
# Min	PC
3	0.013239
4	-0.009411
5	-0.013717
6	-0.014431
7	0.018506
9	-0.060385
16	0.002391
17	-0.022001
21	-0.031632
23	0.008289
31	-0.007843
44	-0.076269
47	0.003066
48	-0.000796
51	-0.006508
52	-0.003727
55	-0.023275
56	0.051032
57	0.012475
58	-0.001240
60	0.106469
67	0.004279
68	-0.056393
71	0.008260
72	-0.006685
74	-0.054989
79	0.013146
82	-0.008878
85	-0.022344
86	0.030980
87	-0.017693
88	-0.003769
91	0.019602
92	-0.038369
94	-0.006066
95	-0.057210
97	0.013145
104	0.037408
106	0.018724
109	-0.026472
111	-0.018621
115	-0.066459
120	-0.083700
126	-0.006333
129	-0.014484
136	0.048839
137	-0.001595
188	-0.056622
189	-0.024464
196	0.082578
199	-0.004711
200	0.016861
202	0.017395
211	0.018722
213	0.007810
214	0.042171
219	-0.002957
221	-0.006793
276	-0.028506
279	-0.017724
283	-0.038613
295	-0.034264
308	-0.015713
312	0.002946
315	-0.043549
318	0.026402
319	0.006148
321	-0.011422
324	0.035332
328	0.003400
334	-0.002738
336	-0.038718
338	-0.020637
347	0.001058
351	0.100004
352	-0.042481
354	-0.039608
357	0.001760
359	0.030586
362	0.007859
364	-0.004027
365	0.014654
368	0.022588
376	-0.022997
377	-0.023229
380	-0.060423
386	-0.092279
388	-0.002886
390	0.061110
396	0.030949
404	-0.024737
410	0.005137
413	0.012388
420	0.025578
423	0.028075
424	-0.045006
437	-0.045362
438	0.047348
444	0.040259
452	0.057482
473	0.014957
474	-0.030989
475	-0.010223
476	-0.063174
478	-0.028015
479	-0.042327
480	0.030258
483	0.113332
503	-0.023857
508	0.017244
509	-0.028939
530	-0.058405
536	-0.028827
556	0.021062
581	-0.008281
583	-0.021458
603	0.018013
606	-0.014430
607	-0.016881
620	0.008581
628	-0.007980
636	-0.016559
637	-0.062725
639	0.008297
640	0.051356
644	-0.003533
645	-0.009401
677	-0.006910
678	0.041350
679	0.028342
682	0.020854
698	-0.020871
700	-0.019586
710	0.040894
722	-0.046340
723	-0.001471
724	-0.016909
725	-0.014837
726	-0.044931
747	0.075288
753	0.002842
755	-0.035439
757	-0.020498
765	0.013021
782	0.015214
783	0.023814
793	-0.045622
808	-0.041574
814	0.068727
840	0.006777
848	0.069355
859	0.014799
864	-0.052200
867	0.027997
878	0.050774
888	-0.019285
890	-0.043181
892	0.005638
899	-0.023316
918	0.010179
926	-0.016563
933	0.003828
934	-0.046077
981	-0.023634
1028	0.023420
1034	-0.025346
1051	-0.003600
1054	-0.027117
1058	-0.034244
1062	-0.037503
1063	0.045698
1064	-0.013747
1066	-0.022399
1068	0.011089
1073	0.000719
1082	0.022758
1083	0.004094
1086	0.010455
1089	0.025218
1090	0.042148
1091	0.064984
1092	-0.025998
1164	0.029969
1165	-0.024326
1174	0.039302
1176	0.022946
1184	0.041210
1191	-0.004238
1192	0.011058
1201	0.130623
1230	0.012952
1339	-0.016866
1341	0.026961
1370	0.039581
1385	0.178367
1405	-0.057447
1437	0.065624
1441	0.048009
1443	0.014573
1521	0.001282
1522	0.021160
1523	-0.008922
1524	-0.033405
1525	-0.050182
1541	-0.056443
1542	-0.013334
1550	-0.019468
1551	-0.038836
1596	0.032506
1597	0.052625
1628	-0.030978
1629	0.010709
1633	0.003454
1636	0.008679
1637	0.026661
1765	-0.068187
1766	-0.030209
1780	0.005513
1862	0.028414
1865	0.022644
1870	0.027021
1885	-0.046833
1910	-0.030068
1911	-0.065294
2007	0.017379
2060	-0.015157
2062	0.010076
2090	0.014131
2093	-0.009488
2094	-0.036267
2095	0.004648
2096	0.059475
2100	-0.026042
2101	-0.012956
2102	0.007728
2103	-0.015332
2104	0.003865
2105	-0.041723
2128	-0.001318
2129	-0.005952
2135	-0.000282
2190	0.021405
2195	-0.022956
2197	0.019874
2198	0.007144
2199	-0.022182
2200	-0.012815
2201	-0.032087
2202	-0.034227
2205	-0.017749
2217	0.022946
2218	0.052488
2221	-0.018808
2272	-0.031847
2273	-0.019504
2275	0.036569
2288	0.016442
2293	-0.019307
2298	0.051446
2299	-0.041253
2300	-0.006306
2301	-0.056045
2338	-0.054104
2342	-0.029491
2343	0.026310
2358	-0.057993
2384	0.009761
2385	0.006212
2399	0.010392
2435	-0.022840
2436	-0.017174
2465	0.066726
2467	-0.001981
2468	0.001688
2469	-0.038750
2470	0.039211
2471	0.062999
2474	-0.031133
2620	0.028246
2650	-0.036603
2651	-0.100556
2685	-0.005992
2688	0.026783
2730	-0.028492
2843	-0.006048
2951	-0.015640
2959	0.003078
3236	-0.024163
3305	0.036068
3318	-0.011676
3340	0.022488
3352	0.028048
3355	0.019902
3356	-0.019753
3365	0.067537
3366	0.057488
3367	0.021594
3368	0.037653
3401	-0.002062
3405	-0.011688
3434	0.021888
3448	0.051333
3454	-0.104506
3481	0.004603
3495	0.022834
3504	0.008937
3532	-0.024424
3540	0.027874
3549	-0.016126
3550	-0.034839
3569	0.006693
3595	0.050035
3596	0.014896
3603	-0.007625
3621	0.049662
3622	0.002677
3647	-0.025930
3649	-0.003266
3651	0.090603
3652	-0.005333
3723	0.004236
3757	-0.016379
3772	-0.090485
3787	0.064335
3798	0.037314
3799	0.082388
3889	-0.045424
3897	-0.014366
3898	-0.028639
3904	0.046013
3945	0.051543
3990	0.004566
4024	0.016904
4039	0.020690
4048	-0.001197
4050	-0.010681
4076	-0.005918
4094	0.039976
4170	-0.026717
4251	0.051467
4252	0.030395
4299	0.043288
4302	0.074113
4318	-0.094324
4319	-0.044665
4320	0.013457
4360	-0.012988
4388	-0.037495
4414	0.014577
4426	-0.034107
4446	-0.016846
4527	0.010191
4545	-0.014880
4546	0.006760
4554	0.005325
4564	-0.027000
4567	0.036318
4634	0.039281
4693	-0.029050
4736	0.024604
4761	0.047038
4879	-0.069135
5071	0.041262
5138	0.034580
5164	0.006456
5182	0.020054
5183	0.045364
5184	-0.035358
5187	-0.025867
5188	-0.042852
5189	-0.002277
5193	-0.031041
5194	-0.037416
5195	0.046652
5197	-0.014929
5203	-0.062681
5205	-0.039731
5212	-0.001308
5213	0.021401
5222	0.000354
5223	0.058233
5228	0.007643
5232	0.074712
5244	-0.006946
5245	-0.070893
5246	-0.018437
5248	0.030608
5292	-0.022218
5293	-0.045723
5299	0.250431
5300	0.014920
5315	-0.026808
5316	-0.025735
5319	-0.019747
5320	-0.003463
5321	-0.001652
5322	-0.060607
5323	0.001232
5324	-0.019987
5325	0.002279
5329	-0.014886
5342	0.008286
5343	0.054325
5374	0.072081
5376	0.060187
5378	-0.097678
5379	-0.005507
5382	0.010593
5390	-0.004833
5398	-0.038059
5402	-0.037612
5404	-0.014429
5407	0.043694
5408	-0.025892
5409	0.023128
5411	-0.021447
5412	-0.026830
5413	-0.037443
5416	-0.050455
5418	-0.036268
5422	0.028122
5425	-0.025495
5427	-0.047724
5428	0.024051
5432	-0.033107
5436	-0.050331
5443	-0.127816
5444	-0.064042
5458	-0.055076
5462	0.147230
5465	0.002466
5468	0.013900
5471	-0.002519
5480	-0.048233
5481	0.027659
5485	-0.037725
5486	-0.043293
5488	-0.040150
5489	0.016196
5495	-0.004951
5513	-0.021007
5515	0.014736
5516	-0.009471
5521	-0.002542
5527	-0.036976
5528	0.020812
5536	-0.063505
5537	0.018287
5547	0.025942
5565	-0.029108
5573	-0.013922
5579	-0.013466
5583	-0.085053
5586	0.026636
5589	-0.000346
5590	-0.082277
5593	0.001340
5599	0.157294
5604	0.038965
5605	-0.033781
5606	0.025099
5625	-0.141987
5649	0.011745
5656	0.005404
5657	-0.096017
5658	-0.034889
5686	0.025151
5695	-0.020886
5705	0.028464
5706	0.008501
5716	-0.025998
5717	0.001630
5718	-0.058055
5719	-0.029367
5720	0.007250
5724	-0.062891
5738	-0.086588
5742	-0.006070
5750	-0.041075
5751	-0.037566
5756	-0.004507
5761	0.126155
5768	0.001903
5773	-0.063404
5792	0.021315
5793	0.048123
5794	0.011071
5806	-0.005156
5811	0.047838
5812	-0.032243
5813	-0.040652
5814	0.041182
5821	-0.016501
5823	0.066749
5825	-0.026854
5831	0.035801
5832	0.128312
5833	0.017435
5847	-0.039168
5849	-0.039220
5851	0.041627
5854	0.009502
5858	0.043503
5862	0.004003
5875	-0.067323
5876	-0.034173
5903	0.002646
5910	-0.010459
5912	0.095383
5913	-0.061379
5925	-0.035280
5926	-0.037457
5927	-0.047912
5928	-0.052041
5930	0.016636
5931	-0.046795
5933	-0.030069
5934	0.016668
5937	0.008409
5939	0.181214
5940	0.091591
5941	-0.003610
5943	0.019590
5963	0.047991
5964	0.047020
5965	0.003948
5966	0.002894
5968	-0.019435
5969	-0.007423
5970	0.005774
5971	-0.026104
5975	-0.006121
6006	-0.009271
6011	-0.014043
6017	0.010018
6019	0.000755
6022	0.029649
6032	-0.018047
6095	0.038688
6115	0.016866
6116	0.014407
6119	0.050270
6127	0.043769
6128	0.042157
6130	0.003211
6140	-0.068938
6141	0.028873
6147	0.031982
6148	0.052719
6163	0.000075
6164	0.045287
6170	0.047642
6171	0.028145
6177	0.005149
6184	0.006765
6200	0.041935
6204	-0.135776
6206	0.080226
6223	-0.032743
6240	0.069511
6245	-0.016616
6253	0.018782
6267	-0.049907
6269	0.021570
6290	-0.031015
6303	0.018403
6317	-0.024930
6343	-0.080853
6350	-0.032352
6360	-0.037668
6367	-0.055697
6383	0.058997
6389	-0.018006
6397	0.028800
6398	-0.078999
6406	0.013150
6407	-0.052346
6412	-0.053317
6413	-0.074248
6434	0.017038
6435	-0.014635
6460	-0.014713
6463	0.016580
6464	0.006268
6489	-0.009521
6507	-0.041500
6510	0.085559
6516	0.017062
6518	0.055448
6522	-0.002249
6523	0.011503
6524	-0.016301
6525	0.015455
6531	-0.035011
6536	0.023083
6575	0.016883
6584	0.012422
6585	-0.015228
6586	0.037935
6594	0.036894
6595	-0.000287
6610	0.008798
6612	0.036486
6615	0.001710
6624	-0.037375
6628	0.008954
6649	0.019714
6698	0.038473
6706	0.048948
6718	0.038971
6719	0.033764
6722	0.022529
6770	0.003712
6780	0.014659
6781	-0.014275
6794	0.011863
6795	-0.105802
6796	-0.009211
6799	-0.079295
6809	0.016655
6837	-0.042054
6838	-0.016079
6839	-0.019600
6846	-0.048659
6865	-0.016808
6869	0.014577
6870	0.102041
6871	-0.003585
6873	0.038539
6876	-0.021898
6885	0.018582
6895	0.031431
6896	0.072432
6897	-0.023422
6900	0.004727
6903	0.020018
6906	0.019584
6916	0.044859
6917	-0.037898
6918	0.015900
6919	-0.074447
6938	0.024724
6941	0.031220
6942	0.058492
6943	0.061455
6944	0.008283
6948	0.060387
6953	-0.022968
6957	-0.060345
6958	-0.081202
6970	-0.024319
6971	0.027931
6976	0.031688
6977	-0.046968
6990	-0.069383
7014	0.043046
7015	-0.002955
7016	0.052663
7018	-0.026786
7019	-0.007676
7042	0.030557
7053	-0.032424
7066	0.018112
7067	0.078111
7083	0.022681
7092	-0.069436
7100	-0.034888
7103	0.028080
7110	-0.027295
7111	-0.023539
7112	-0.017834
7113	0.020881
7116	-0.002941
7119	-0.043163
7120	0.025040
7121	-0.028141
7122	-0.024379
7140	-0.005139
7143	0.237557
7157	-0.062283
7165	-0.010909
7175	-0.015529
7178	0.053834
7206	0.069721
7207	0.012165
7217	-0.045998
7218	-0.057836
7221	-0.043222
7227	0.035633
7230	-0.008456
7236	-0.051959
7239	0.024740
7242	-0.039987
7260	-0.037049
7268	0.039853
7269	-0.016268
7304	0.023616
7326	-0.031375
7327	-0.323984
7336	0.009214
7342	-0.000107
7346	0.057967
7348	-0.056563
7355	0.023297
7361	0.011413
7372	-0.029190
7387	0.000108
7422	0.022214
7423	0.047107
7425	-0.097799
7436	-0.074383
7442	0.071469
7446	-0.006780
7448	-0.002979
7453	0.018409
7463	-0.005891
7492	-0.067241
7493	0.036180
7494	0.038723
7495	0.100440
7518	-0.031622
7520	-0.024528
7540	-0.000211
7546	-0.017701
7556	-0.048532
7559	0.136366
7560	0.015793
7561	-0.002377
7564	0.053913
7575	-0.025152
7583	-0.038862
7585	0.088910
7586	-0.010275
7599	-0.101429
7600	-0.001445
7606	-0.088793
7614	0.035865
7617	0.065261
7622	0.039583
7629	-0.083785
7637	-0.037623
7640	0.052576
7657	0.015362
7665	0.040506
7666	-0.032435
7667	0.018570
7668	0.029250
7669	-0.116692
7670	0.006654
7671	0.014261
7681	-0.164704
7683	-0.005747
7684	-0.063404
7696	0.067994
7722	-0.060744
7723	0.048511
7799	-0.042382
7852	-0.002965
7859	0.019675
7860	0.017629
7861	-0.022103
7865	0.002825
7875	0.036808
7876	-0.123773
7895	0.043085
7913	0.014089
7917	0.001421
7952	-0.013776
7969	-0.062021
7971	-0.034688
8000	-0.006845
8002	-0.005669
8006	-0.002175
8036	0.025031
8056	0.002743
8069	-0.058266
8103	-0.056798
8107	0.022499
8120	0.016933
8122	-0.076587
8125	-0.020248
8127	0.023731
8136	0.025719
8149	-0.020471
8154	-0.002751
8197	-0.068908
8208	-0.083436
8223	-0.051231
8232	-0.050342
8241	-0.053297
8256	0.045068
8262	0.029162
8266	0.024248
8267	0.015667
8268	0.044894
8269	0.048813
8271	0.017182
8273	0.018331
8280	-0.056624
8284	-0.012048
8303	0.029279
8304	-0.021056
8305	0.011248
8308	-0.016453
8332	-0.103009
8333	0.078276
8334	0.082222
8338	-0.114337
8363	-0.029123
8370	-0.050433
8398	0.004500
8465	-0.047214
8468	0.003194
8469	-0.030862
8470	-0.040519
8507	0.031406
8552	0.039473
8572	-0.001668
8574	0.029501
8577	-0.118763
8586	-0.055127
8592	0.019536
8593	0.009838
8594	0.000085
8597	-0.005936
8599	-0.011446
8606	0.041156
8607	0.027095
8615	0.026795
8617	0.015918
8626	-0.018890
8636	0.000458
8669	0.019176
8671	-0.054040
8673	-0.041773
8675	-0.026845
8790	0.021588
8791	-0.014927
8811	-0.018921
8822	-0.064174
8841	0.028626
8849	0.049897
8856	0.001113
8875	0.041444
8884	-0.144756
8906	0.037400
8907	0.047602
8910	0.019143
8911	-0.014759
8912	-0.012681
8913	-0.038888
8934	-0.038549
8935	-0.046397
8954	-0.032524
8968	0.039762
8972	0.034611
9001	0.056297
9029	-0.020132
9032	-0.110839
9058	-0.068699
9059	-0.002287
9068	0.013095
9070	-0.061743
9108	0.004029
9139	0.089954
9140	0.085072
9158	-0.001952
9187	0.021629
9188	0.014286
9189	-0.008809
9190	0.015489
9253	-0.014960
9259	0.046087
9268	-0.033767
9269	0.047997
9271	-0.025443
9312	-0.001055
9323	0.016672
9329	0.067229
9330	0.049738
9331	0.005046
9356	0.016575
9376	0.029624
9394	-0.075875
9424	-0.095309
9428	-0.031319
9429	-0.052024
9496	-0.028866
9536	-0.021841
9543	-0.007321
9589	-0.047417
9614	-0.073113
9615	0.047491
9617	0.057551
9631	-0.033192
9661	0.008719
9668	0.018861
9718	0.025864
9728	-0.036602
9734	-0.040694
9788	-0.012015
9791	0.026436
9793	-0.039287
9804	0.058143
9809	0.009978
9810	0.030121
9823	-0.084300
9828	0.001324
9907	0.034895
9951	-0.016103
9968	0.034757
9969	0.062083
10010	0.016042
10011	-0.010048
10012	-0.000224
10018	-0.047743
10021	-0.006071
10022	-0.050204
10031	-0.010756
10032	-0.015809
10033	-0.010513
10034	-0.033313
10035	0.007923
10039	0.014551
10044	-0.024728
10045	-0.053474
10060	-0.028518
10065	0.002730
10077	-0.011056
10080	0.008664
10130	-0.041242
10131	-0.037395
10149	-0.032569
10194	-0.048445
10197	-0.042531
10221	0.010514
10226	0.094145
10232	0.015773
10233	0.006668
10263	-0.013007
10264	0.003523
10274	-0.037737
10286	-0.124368
10292	0.110919
10299	0.023808
10302	0.052561
10324	-0.076799
10355	0.080895
10358	-0.010866
10362	0.084529
10366	0.007548
10368	0.049722
10370	0.044884
10392	0.083861
10405	-0.023258
10406	0.009545
10409	0.007429
10419	0.058283
10420	0.014410
10424	0.018123
10434	0.052256
10455	-0.005149
10478	0.011178
10480	0.048269
10484	-0.016982
10510	-0.008121
10519	-0.024109
10520	-0.038339
10524	-0.008963
10578	0.050849
10630	0.006611
10643	0.013541
10645	-0.029115
10677	0.039922
10678	-0.008945
10690	0.045897
10717	0.006810
10718	0.037680
10719	-0.024757
10721	0.030843
10723	0.002221
10735	-0.016929
10736	0.013363
10829	0.025205
10837	0.086756
10846	0.044543
10921	-0.097942
10922	0.000289
10923	-0.015608
10924	0.034563
10964	0.040953
10978	0.047025
11017	0.119117
11018	0.068598
11019	-0.003784
11032	-0.014259
11034	0.035694
11035	-0.007270
11036	0.004960
11052	-0.003855
11056	0.001664
11060	0.007389
11063	-0.008601
11064	0.034034
11068	0.022041
11069	-0.005939
11090	0.039146
11098	-0.017174
11099	-0.013225
11100	-0.042571
11105	-0.009866
11109	-0.016021
11122	0.021868
11123	0.000775
11125	0.032155
11126	-0.002322
11149	-0.000337
11153	0.018037
11188	-0.105511
11193	-0.011156
11230	0.026883
11233	0.007295
11236	0.047155
11243	-0.076863
11251	-0.040692
11259	-0.001391
11263	-0.069264
11272	0.055021
11321	0.009768
11322	-0.008952
11326	0.005316
11327	-0.034572
11335	-0.041413
11337	0.011898
11343	0.032677
11390	0.040444
11444	-0.037070
11464	0.000079
11471	-0.020462
11472	-0.036961
11473	0.013106
11492	-0.045827
11499	0.015188
11500	-0.030650
11505	-0.117786
11527	-0.009720
11528	-0.091778
11532	-0.027417
11564	0.032865
11589	0.015579
11591	-0.049454
11592	-0.012391
11599	-0.044178
11605	-0.086074
11617	0.028760
11630	0.014132
11631	0.039070
11632	0.111802
11656	-0.001328
11657	-0.040149
11777	0.006799
11786	-0.021598
11812	0.013791
12020	0.004783
12061	0.009238
12115	-0.030379
12154	0.021350
12155	-0.020878
12156	-0.061012
12159	-0.009568
12174	-0.003085
12176	0.023686
12230	-0.029917
12234	-0.039756
12236	0.028010
12237	0.006491
12250	-0.032861
12252	0.007417
12253	-0.029461
12315	0.019270
12381	-0.011983
12382	-0.016509
12438	0.038165
12455	0.023890
12462	0.053735
12478	-0.007058
12603	0.057613
12711	0.003677
12714	-0.013609
12716	-0.005275
12754	-0.007372
12785	-0.121249
12788	0.111550
12792	-0.049244
12898	-0.043000
12944	0.040699
12949	0.070535
13062	-0.011830
13099	0.038251
13160	-0.070420
13198	0.013772
13239	-0.003049
13249	-0.037790
13262	0.033327
13263	0.065773
13272	-0.119816
13273	0.072874
13277	0.024524
13305	-0.003790
13342	0.055060
13343	0.041238
13345	0.010264
13351	0.090319
13357	-0.006200
13427	-0.031861
13436	0.032921
13455	0.081038
13528	0.048996
13532	0.021254
13553	0.026602
13566	-0.004476
13651	-0.001970
13653	-0.056683
13675	-0.010634
13676	0.045163
13677	-0.021082
13678	-0.003755
13681	-0.022897
13688	0.049420
13697	-0.008884
13705	0.008011
13708	-0.062784
13737	0.080880
13760	0.042459
13923	0.086020
13927	0.073603
13995	0.013635
14002	0.000917
14003	0.017258
14021	-0.034151
14034	-0.029384
14064	-0.028080
14110	-0.077885
14155	0.021921
14203	0.006007
14208	0.032326
14340	-0.042040
14356	-0.007444
14389	-0.022213
14499	0.014333
14625	0.055825
14632	0.026828
14637	0.062369
14641	0.063625
14685	-0.024887
14694	0.034880
14695	-0.017031
14699	0.035813
14700	-0.000086
14749	0.036101
14760	0.189021
14790	0.002599
14791	0.022550
14796	0.025373
14797	0.019687
14891	0.027850
14927	0.064412
15099	-0.061925
15182	0.139311
15243	0.028430
15245	-0.015515
15254	-0.003207
15322	0.034107
15327	-0.019810
15463	0.037484
15496	-0.013313
15499	0.019264
15502	0.055929
15514	-0.050432
15566	-0.047589
15580	0.000687
15583	0.067255
15586	-0.032719
15601	0.038843
15621	0.113084
15780	-0.044316
15869	-0.005802
16082	0.025442
16281	0.007635
16293	-0.063663
16300	-0.076952
16304	-0.012872
16360	-0.016846
16361	0.000254
16367	-0.026670
16432	-0.132618
16433	-0.059061
16438	-0.037868
16446	0.072456
16453	0.059881
16463	-0.035669
16466	-0.027584
16477	0.133837
16482	-0.012885
16605	-0.009688
16606	-0.135140
16635	0.041494
16638	-0.073307
16655	-0.031769
16673	-0.059726
16676	0.030622
16677	-0.005084
16678	0.015286
16808	0.017830
16829	0.078540
17150	0.014618
17182	0.010606
17199	-0.030910
17273	-0.130572
17431	0.004960
17466	0.071189
17472	0.030496
17485	0.031488
17585	0.012921
17620	0.114817
17647	0.180614
17690	-0.039114
17772	-0.021652
18410	-0.002050
19647	-0.156989
21458	0.106032
21885	-0.105282
21973	0.029048
21976	0.042407
21977	0.022554
22084	0.004848
23475	-0.033781
23754	0.018026
23764	0.070274
24372	-0.085503
24918	0.038431
24944	0.019591
25022	0.034976
25140	-0.080578
26484	0.009846
27764	-0.022712
28424	0.012321
28845	-0.049996
29861	0.038252
30684	0.005901
31288	-0.068796
31704	0.013464
32421	0.010153
32520	-0.079962
32893	0.030549
34340	0.041863
35227	-0.071025
35334	-0.022933
36499	-0.049518
36843	-0.033362
36844	-0.009072
36955	0.039836
36970	0.014445
39336	-0.001175
39353	-0.022419
40538	0.059861
40541	-0.019976
40542	0.001700
40599	-0.037961
40601	-0.010370
40602	-0.092834
40656	0.042685
40657	0.048029
42157	-0.015110
42203	-0.014389
42204	0.004293
42851	-0.031737
43061	-0.004692
44144	-0.004263
45195	0.044433
47030	-0.004288
47285	0.089803
47317	-0.070851
47457	-0.090150
47460	0.003410
48147	0.000824
48297	0.061503
48474	-0.024107
48696	-0.000685
49516	0.025110
49630	-0.079977
49927	0.013477
50199	-0.069122
50249	0.249636
50259	0.142107
50904	-0.105688
53231	0.039901
53471	-0.073662
53531	-0.038682
53986	-0.002334
55057	-0.056360
56431	0.040010
56432	0.048215
56466	-0.065606
56478	-0.047050
56621	0.005533
57644	-0.021269
57756	-0.036774
58783	0.134942
59657	-0.018401
59715	-0.095232
64825	0.001587
64947	0.035231
65950	0.120980
70102	-0.010930
75003	-0.099957
75099	-0.078892
75742	0.124042
75823	0.139082
75824	0.064081
78157	0.088972
78181	0.186955
78191	-0.015444
80479	-0.009704
80480	0.080780
80715	-0.016434
80719	0.008101
80750	-0.058455
81231	-0.030035
84436	-0.008259
84780	-0.019908
84844	-0.028814
85002	-0.010043
85003	0.031636
85659	0.052856
85663	0.007622
85710	0.016112
92185	-0.041432
96142	0.028941
96144	0.078683
96482	0.035580
98871	0.030400
