# 1342 minima projected onto PC38
Min	PC
3	0.049659
4	0.027583
5	-0.212833
6	0.011500
7	-1.426436
9	-0.632574
16	0.154998
17	0.001265
21	-0.264576
23	0.416919
31	-0.711731
44	0.114358
47	0.236134
48	-0.720487
51	0.131035
52	0.100897
55	-0.384723
56	0.279333
57	0.332569
58	-0.261692
60	-0.134787
67	0.381768
68	0.168984
71	-0.018605
72	-0.110802
74	-0.207464
79	1.097940
82	0.460543
85	-0.206652
86	0.543051
87	0.032757
88	-0.606253
91	0.050351
92	-0.580771
94	0.185535
95	0.327398
97	0.059173
104	0.076042
106	0.075881
109	-0.648425
111	-0.875810
115	-1.437174
120	0.057966
126	1.098566
129	0.306001
136	0.997561
137	-0.289706
188	0.164057
189	0.175372
196	0.486669
199	0.007570
200	0.148363
202	0.432129
211	0.374636
213	0.509824
214	0.061119
219	-0.793027
221	-0.826794
276	-0.278601
279	-0.161394
283	0.423064
295	0.232736
308	0.234533
312	0.148694
315	-0.371921
318	0.163689
319	0.167978
321	-0.008538
324	0.231070
328	0.027151
334	0.213580
336	0.167561
338	0.220308
347	-0.101190
351	0.423108
352	-0.135534
354	0.001420
357	0.383035
359	0.120485
362	0.076766
364	0.147396
365	0.181578
368	0.167483
376	-0.236815
377	-0.168118
380	-0.027649
386	0.650855
388	0.270327
390	-0.497370
396	0.135140
404	0.066625
410	0.477767
413	0.431566
420	0.623480
423	0.216523
424	0.028300
437	-0.266910
438	0.331853
444	0.501649
452	0.236797
473	-0.119069
474	-0.060957
475	0.036348
476	0.060881
478	0.176269
479	0.320381
480	0.175976
483	0.410041
503	-0.863792
508	0.245277
509	0.316860
530	-0.353481
536	-0.092310
556	0.397330
581	0.172426
583	0.424003
603	0.272622
606	-0.118031
607	-0.284772
620	-1.472794
628	0.607854
636	-0.174387
637	0.054950
639	0.175965
640	-0.399882
644	0.456519
645	0.419517
677	-0.093605
678	-1.028931
679	0.248068
682	-0.786788
698	0.176475
700	0.217973
710	-0.458652
722	0.141818
723	0.479015
724	0.404768
725	0.098046
726	-0.092942
747	0.663931
753	0.303673
755	0.290598
757	0.508032
765	-0.655864
782	0.019137
783	-0.887746
793	0.215987
808	0.138987
814	-1.017659
840	-0.073571
848	-0.225279
859	0.064190
864	-0.264737
867	-0.752910
878	-0.356365
888	0.208803
890	0.440839
892	-0.861030
899	0.078680
918	0.054347
926	0.129611
933	0.035463
934	-0.054725
981	-0.397393
1028	0.639900
1034	0.567500
1051	0.480589
1054	-0.166578
1058	0.430675
1062	-0.174094
1063	-0.717708
1064	-0.329316
1066	0.008636
1068	-0.133686
1073	0.333201
1082	-0.203814
1083	-0.297673
1086	-0.211648
1089	-0.181685
1090	-0.004172
1091	-0.013770
1092	-0.010146
1164	-0.003815
1165	-0.099842
1174	-0.370754
1176	0.584527
1184	0.117999
1191	-0.027531
1192	0.406852
1201	0.833536
1230	-0.629871
1339	-0.072808
1341	0.202613
1370	-0.558323
1385	0.621384
1405	-0.109936
1437	-0.443529
1441	-0.690453
1443	0.393734
1521	0.327640
1522	-0.210066
1523	-0.320714
1524	0.181921
1525	-0.284082
1541	0.043264
1542	0.571476
1550	0.033589
1551	0.336046
1596	0.184904
1597	-0.483352
1628	0.127967
1629	-0.181037
1633	0.162042
1636	0.485782
1637	-0.052423
1765	-0.613417
1766	-0.150606
1780	0.547388
1862	0.477985
1865	0.006159
1870	0.379762
1885	0.070343
1910	0.029730
1911	-0.127658
2007	-1.213013
2060	-0.653301
2062	-0.532482
2090	-0.023983
2093	-0.408189
2094	-0.049549
2095	-0.188903
2096	0.238934
2100	0.338813
2101	-1.309025
2102	-1.051092
2103	-1.186715
2104	-0.917958
2105	0.191772
2128	0.003539
2129	-0.100373
2135	-0.121901
2190	-0.250601
2195	0.010754
2197	-0.456038
2198	-0.220404
2199	0.534953
2200	-0.071155
2201	0.444586
2202	-0.444302
2205	0.236797
2217	0.496898
2218	0.152584
2221	-0.535454
2272	0.223628
2273	0.151671
2275	0.246668
2288	-0.872362
2293	-0.164092
2298	0.069538
2299	-0.063398
2300	0.302903
2301	0.287022
2338	0.401026
2342	0.082643
2343	0.276371
2358	0.092039
2384	-0.008997
2385	0.355621
2399	0.017851
2435	-0.959643
2436	0.133758
2465	0.177113
2467	-0.103758
2468	-0.640211
2469	-0.286224
2470	-0.347291
2471	-0.830159
2474	0.148184
2620	-0.284211
2650	0.052068
2651	-0.247030
2685	-0.370239
2688	-1.073334
2730	-0.052951
2843	0.423860
2951	1.304544
2959	-0.200091
3236	0.203578
3305	0.484053
3318	-0.315379
3340	-0.053370
3352	-1.003891
3355	-0.738229
3356	0.207849
3365	0.468594
3366	0.236751
3367	0.418452
3368	0.695340
3401	0.213126
3405	0.019180
3434	-0.041165
3448	-0.809521
3454	-0.203871
3481	0.226107
3495	0.124108
3504	0.479616
3532	-0.470087
3540	0.456268
3549	-0.138377
3550	-0.378767
3569	-0.054600
3595	-0.217858
3596	0.571268
3603	-0.577087
3621	0.084252
3622	0.033867
3647	0.195016
3649	-0.091040
3651	0.491008
3652	0.253612
3723	-0.096038
3757	-0.532001
3772	0.270544
3787	-0.102475
3798	-0.499294
3799	0.431734
3889	-0.100350
3897	0.513304
3898	0.097450
3904	-0.052505
3945	0.115393
3990	0.396769
4024	0.297957
4039	0.379595
4048	-0.134693
4050	0.251532
4076	-0.323725
4094	-0.949683
4170	0.156249
4251	-0.371103
4252	-0.013090
4299	0.061842
4302	-0.392999
4318	0.069901
4319	-0.345073
4320	-0.121660
4360	-0.015178
4388	0.148472
4414	0.408376
4426	-0.166219
4446	0.313336
4527	0.420909
4545	0.406200
4546	0.204559
4554	0.479712
4564	-0.108897
4567	-0.266532
4634	-0.721365
4693	-0.398171
4736	-0.517114
4761	0.201034
4879	0.054677
5071	0.328363
5138	-0.090349
5164	0.222411
5182	-0.157933
5183	-0.818197
5184	0.229948
5187	0.139399
5188	-0.059678
5189	0.108978
5193	-0.006548
5194	-0.117087
5195	0.163045
5197	0.455032
5203	-0.255389
5205	-0.287877
5212	0.111229
5213	0.110835
5222	0.068049
5223	0.334407
5228	0.037153
5232	0.035268
5244	0.138958
5245	-0.097955
5246	-0.113379
5248	0.134559
5292	-0.031086
5293	0.405250
5299	-1.068022
5300	-1.058837
5315	-0.193061
5316	-0.112772
5319	0.052402
5320	-0.023386
5321	0.178472
5322	-0.261580
5323	0.108565
5324	0.003603
5325	0.120909
5329	0.413862
5342	-0.181984
5343	-0.080757
5374	-0.222938
5376	0.277760
5378	0.233794
5379	-0.015708
5382	-1.051746
5390	-0.002855
5398	-0.089250
5402	-0.305345
5404	-0.320524
5407	0.001593
5408	-0.244582
5409	-0.007814
5411	-0.201011
5412	-0.105657
5413	0.101461
5416	0.219407
5418	-0.030239
5422	-0.328999
5425	-0.123598
5427	-0.181923
5428	-0.310745
5432	0.244681
5436	0.252638
5443	-0.694105
5444	-0.558613
5458	-0.376150
5462	0.388568
5465	-0.007264
5468	-0.110804
5471	-0.073808
5480	0.135493
5481	-0.130576
5485	-0.286109
5486	-0.323229
5488	-0.102610
5489	-0.241844
5495	-0.209965
5513	-0.357331
5515	-0.003380
5516	-0.213828
5521	-0.231481
5527	0.282252
5528	-0.386481
5536	-0.253726
5537	-0.069663
5547	0.065295
5565	0.028116
5573	-0.108005
5579	-1.120871
5583	0.062174
5586	0.248675
5589	0.074309
5590	-0.275687
5593	-0.221141
5599	-1.384904
5604	-0.551746
5605	-0.262113
5606	-0.897330
5625	-1.018789
5649	0.157082
5656	0.074935
5657	-1.076064
5658	-0.270941
5686	0.301162
5695	0.152870
5705	0.454203
5706	-0.008855
5716	-0.243964
5717	0.073670
5718	0.013790
5719	0.386716
5720	0.024804
5724	0.332482
5738	0.838026
5742	1.118264
5750	-0.255041
5751	-0.186782
5756	-0.209952
5761	0.042739
5768	-0.055449
5773	-0.269825
5792	0.231189
5793	0.192474
5794	0.054897
5806	0.140370
5811	0.340361
5812	0.052255
5813	-0.195112
5814	0.121086
5821	-0.140025
5823	-0.768496
5825	0.065923
5831	-0.066230
5832	0.105951
5833	0.033579
5847	-0.032237
5849	0.014968
5851	0.069953
5854	-0.137581
5858	0.282798
5862	0.012485
5875	0.150448
5876	0.195662
5903	-0.197296
5910	0.174359
5912	0.300733
5913	0.424737
5925	-0.215537
5926	-0.051401
5927	-0.578614
5928	-0.094885
5930	-0.454369
5931	-0.008262
5933	0.235731
5934	0.210198
5937	-0.849811
5939	-0.825328
5940	-1.085324
5941	0.315427
5943	0.581820
5963	-0.186076
5964	-0.025523
5965	-0.085328
5966	-0.398478
5968	-0.049183
5969	-0.051787
5970	0.034711
5971	-0.163195
5975	1.336064
6006	0.630562
6011	-0.100746
6017	0.515154
6019	0.111148
6022	0.408963
6032	0.510582
6095	-0.014059
6115	0.248738
6116	-0.440490
6119	0.026698
6127	-0.071650
6128	-0.488478
6130	0.102320
6140	0.234372
6141	0.018952
6147	-0.459723
6148	-0.454481
6163	-0.748607
6164	-1.227663
6170	0.088306
6171	0.032543
6177	-0.109914
6184	0.167951
6200	0.460513
6204	0.082917
6206	-0.299820
6223	-0.067057
6240	-0.678859
6245	0.013302
6253	0.305994
6267	1.053196
6269	-0.293719
6290	0.939774
6303	-0.117807
6317	1.217254
6343	-0.217594
6350	0.083262
6360	-1.077136
6367	0.768432
6383	0.098850
6389	0.041937
6397	0.018980
6398	-0.259507
6406	0.564831
6407	1.004208
6412	-0.235863
6413	-0.198282
6434	0.009585
6435	-0.081854
6460	-0.090592
6463	-0.191475
6464	0.024957
6489	-0.347382
6507	-0.061692
6510	-0.680404
6516	0.190040
6518	0.149356
6522	0.373015
6523	0.468217
6524	0.084012
6525	0.099973
6531	0.825201
6536	-0.240089
6575	-0.273419
6584	-0.435128
6585	-0.065367
6586	0.269106
6594	-0.000956
6595	0.032372
6610	-0.249109
6612	-0.266839
6615	-0.341962
6624	-0.126845
6628	-0.254145
6649	-0.027827
6698	0.791790
6706	0.353594
6718	-0.078348
6719	-0.043198
6722	-0.026576
6770	1.420926
6780	-0.373729
6781	0.338799
6794	-0.901962
6795	0.570772
6796	-0.589862
6799	-0.494465
6809	-0.274816
6837	-0.103674
6838	0.594144
6839	0.769266
6846	0.281745
6865	-0.111404
6869	-0.135836
6870	-0.169548
6871	-0.139832
6873	-0.204857
6876	-0.315150
6885	0.113077
6895	0.034219
6896	0.164977
6897	0.023502
6900	-0.325649
6903	-0.271590
6906	-0.261504
6916	0.185093
6917	0.055572
6918	-0.134265
6919	0.256042
6938	0.067518
6941	0.110399
6942	0.160476
6943	-0.326819
6944	-0.391895
6948	-0.041432
6953	-0.130572
6957	-0.234896
6958	-0.409447
6970	-0.070501
6971	-0.068577
6976	-0.181443
6977	-0.124264
6990	-0.225100
7014	0.019424
7015	0.027519
7016	0.315150
7018	-0.258463
7019	-0.221077
7042	0.228095
7053	-0.049562
7066	0.010601
7067	-0.708685
7083	0.108939
7092	0.299893
7100	0.258939
7103	0.199860
7110	0.128277
7111	0.324134
7112	0.353940
7113	0.307872
7116	0.002269
7119	0.381692
7120	0.402991
7121	0.277189
7122	0.320747
7140	-0.302488
7143	-0.026507
7157	0.101341
7165	0.136939
7175	-0.124149
7178	0.036842
7206	-0.360319
7207	-0.126741
7217	-0.000276
7218	0.436789
7221	-0.174318
7227	-0.278986
7230	-1.061725
7236	-0.386702
7239	0.081878
7242	-0.209585
7260	0.075804
7268	0.181342
7269	0.071126
7304	0.191595
7326	0.527302
7327	-0.000321
7336	0.243546
7342	-0.236406
7346	-0.064803
7348	0.256622
7355	-0.394170
7361	0.007285
7372	-0.230911
7387	-0.143726
7422	0.342102
7423	0.035976
7425	0.000545
7436	-0.160703
7442	-0.042630
7446	0.373426
7448	0.133946
7453	0.040798
7463	0.401392
7492	0.740907
7493	0.457590
7494	0.366082
7495	0.456940
7518	-0.181535
7520	-0.440748
7540	-0.216990
7546	-0.396617
7556	-0.266559
7559	0.173330
7560	-0.189900
7561	-0.169423
7564	-0.107005
7575	-0.357127
7583	-0.355748
7585	0.111512
7586	0.039117
7599	0.346545
7600	0.241722
7606	0.509447
7614	-0.577474
7617	-0.139726
7622	0.026821
7629	0.182895
7637	-0.355798
7640	0.183823
7657	-0.170960
7665	-0.563297
7666	-0.470293
7667	-0.279799
7668	0.414207
7669	-0.355809
7670	-0.040519
7671	-0.376545
7681	0.051958
7683	-0.515765
7684	0.237325
7696	0.376408
7722	0.158675
7723	0.008427
7799	0.092175
7852	0.172908
7859	0.279829
7860	0.485026
7861	-0.174444
7865	-0.183250
7875	0.095711
7876	-0.050022
7895	0.316066
7913	-0.786318
7917	0.063542
7952	0.001696
7969	-0.110153
7971	-0.014649
8000	0.052874
8002	-0.232975
8006	-0.030224
8036	0.031873
8056	0.640043
8069	0.884087
8103	-0.198749
8107	-0.093454
8120	0.117560
8122	-0.285430
8125	0.196816
8127	-0.227046
8136	-0.191334
8149	-0.419666
8154	-0.063564
8197	-0.218593
8208	-0.031006
8223	1.091294
8232	-0.031009
8241	-0.322358
8256	-0.010097
8262	0.026876
8266	-0.052515
8267	-0.085791
8268	0.185404
8269	0.421640
8271	0.043096
8273	0.071361
8280	-0.487989
8284	-0.321545
8303	0.339349
8304	0.006755
8305	0.017138
8308	0.483507
8332	0.507384
8333	0.588776
8334	0.214335
8338	0.436208
8363	0.900499
8370	-0.066934
8398	-0.314440
8465	1.328500
8468	-0.177395
8469	-0.064975
8470	-0.124609
8507	0.023466
8552	0.196973
8572	0.036379
8574	-0.140943
8577	0.447506
8586	-0.604428
8592	-0.460252
8593	-0.214850
8594	-0.133216
8597	0.115478
8599	-0.308250
8606	-0.982288
8607	0.253129
8615	0.125620
8617	-0.138470
8626	-0.205245
8636	0.077497
8669	0.197230
8671	0.067032
8673	-0.047581
8675	0.098551
8790	0.029118
8791	-0.146678
8811	0.428006
8822	-0.277287
8841	0.357114
8849	-0.315890
8856	0.348145
8875	0.224974
8884	-0.187034
8906	-0.032348
8907	-0.166981
8910	-0.200990
8911	0.836660
8912	-0.380744
8913	0.331251
8934	0.446488
8935	0.224142
8954	0.664987
8968	0.444828
8972	0.455346
9001	-0.229933
9029	-0.202450
9032	-0.234246
9058	-0.050308
9059	-0.128518
9068	0.206830
9070	0.127209
9108	-0.157042
9139	0.459853
9140	0.227736
9158	0.302297
9187	0.450906
9188	-0.070153
9189	0.080474
9190	0.023135
9253	-0.292999
9259	0.000449
9268	-0.780093
9269	-1.011686
9271	-0.501335
9312	0.203747
9323	-0.256098
9329	0.081405
9330	0.105382
9331	-0.023553
9356	-0.416464
9376	0.276390
9394	-0.313637
9424	0.075841
9428	-0.356521
9429	-0.201848
9496	-0.511291
9536	0.530588
9543	-0.223208
9589	-0.290391
9614	0.148715
9615	0.208629
9617	-0.661973
9631	-0.257104
9661	-0.152602
9668	0.434781
9718	0.089734
9728	-0.420846
9734	0.081274
9788	0.193702
9791	0.148229
9793	0.387505
9804	-0.282318
9809	-0.166530
9810	0.111353
9823	-0.305158
9828	-0.440130
9907	-0.542339
9951	-0.513663
9968	0.227123
9969	0.454765
10010	-0.497187
10011	-0.006763
10012	-0.501895
10018	-0.294959
10021	-0.257863
10022	-0.246728
10031	-0.220098
10032	0.085932
10033	-0.013542
10034	-0.359454
10035	-0.023138
10039	0.522021
10044	0.476066
10045	0.524857
10060	-0.235632
10065	-0.232425
10077	-0.437529
10080	-0.162808
10130	-0.007691
10131	0.108069
10149	-0.122869
10194	-0.054370
10197	1.249100
10221	-0.340964
10226	0.350492
10232	0.248569
10233	0.603651
10263	-0.151409
10264	-0.314344
10274	-0.359266
10286	-0.758151
10292	-0.185509
10299	0.453128
10302	-0.136270
10324	0.178864
10355	0.732489
10358	0.230756
10362	-0.094942
10366	-0.293613
10368	0.458947
10370	0.642168
10392	-0.303811
10405	0.514584
10406	-0.129162
10409	-0.235922
10419	0.235909
10420	0.210114
10424	0.240890
10434	0.022156
10455	-0.337371
10478	0.083591
10480	0.113851
10484	-0.420466
10510	-0.256877
10519	-0.064538
10520	-0.306245
10524	-0.053258
10578	1.065359
10630	-0.168279
10643	-0.253652
10645	-0.089844
10677	0.167233
10678	0.079019
10690	0.159119
10717	0.358143
10718	0.362405
10719	0.724477
10721	-0.238715
10723	0.331716
10735	0.447348
10736	0.219841
10829	0.409903
10837	0.185341
10846	-0.152753
10921	-0.230134
10922	-0.398319
10923	0.049652
10924	-0.211843
10964	-0.437285
10978	-0.015755
11017	0.192106
11018	0.037775
11019	0.532885
11032	0.297946
11034	0.133692
11035	0.401040
11036	-0.001400
11052	-0.452413
11056	-0.252373
11060	0.431198
11063	-0.472723
11064	0.559495
11068	-0.203125
11069	0.160076
11090	0.104183
11098	-0.338439
11099	-0.440262
11100	-0.614112
11105	0.082740
11109	-0.575813
11122	-0.082534
11123	0.612581
11125	0.278556
11126	-0.584176
11149	-0.229707
11153	0.012820
11188	0.295603
11193	0.234121
11230	0.232355
11233	0.433932
11236	0.318405
11243	-0.046920
11251	0.312983
11259	0.154085
11263	-0.296926
11272	-0.025711
11321	-1.261704
11322	0.508380
11326	0.612654
11327	0.291324
11335	-0.122794
11337	-0.006323
11343	0.580505
11390	-0.159901
11444	0.461823
11464	0.002160
11471	0.204731
11472	0.038719
11473	0.008660
11492	0.429180
11499	0.089609
11500	0.312032
11505	-0.370569
11527	0.075038
11528	-0.136547
11532	-0.005381
11564	0.083824
11589	-0.314408
11591	-0.304290
11592	-0.272467
11599	0.023583
11605	-0.188900
11617	0.470510
11630	0.009706
11631	-0.533770
11632	-0.102860
11656	-0.262019
11657	0.411316
11777	0.436469
11786	0.100293
11812	0.073006
12020	-0.422097
12061	-0.137877
12115	-0.272296
12154	-0.426103
12155	-0.373571
12156	0.139896
12159	0.536623
12174	0.407835
12176	-0.748314
12230	0.108632
12234	-0.005408
12236	0.571217
12237	0.336965
12250	0.665422
12252	-0.017280
12253	-0.011284
12315	0.030437
12381	0.400519
12382	0.569072
12438	0.350722
12455	0.166960
12462	0.340727
12478	-0.513348
12603	0.405558
12711	0.451985
12714	0.221070
12716	-0.003350
12754	0.057374
12785	0.013259
12788	0.880681
12792	1.916606
12898	-0.358114
12944	-0.608999
12949	0.512320
13062	0.523586
13099	-0.769040
13160	-0.062509
13198	-0.431281
13239	-0.020503
13249	-0.692397
13262	-0.163927
13263	-0.091831
13272	0.236456
13273	0.579604
13277	0.367366
13305	1.294979
13342	0.183208
13343	0.178184
13345	0.081364
13351	-0.344235
13357	0.375255
13427	-0.461942
13436	0.840768
13455	0.304465
13528	0.157399
13532	0.620347
13553	0.664733
13566	1.436765
13651	-0.181708
13653	0.061717
13675	-0.260450
13676	-0.521062
13677	-0.193044
13678	-0.065535
13681	-0.387457
13688	-0.093984
13697	0.616222
13705	0.294713
13708	-0.089054
13737	0.491406
13760	-0.031393
13923	-0.184665
13927	-0.171391
13995	-0.100712
14002	0.183129
14003	-0.571404
14021	0.049591
14034	-0.364538
14064	-0.368953
14110	0.411074
14155	-0.349910
14203	-0.110376
14208	0.015275
14340	0.000973
14356	0.103740
14389	-0.163913
14499	-0.228654
14625	0.229662
14632	0.378974
14637	-0.023234
14641	-0.271110
14685	-0.452009
14694	-0.063974
14695	-0.263254
14699	0.444457
14700	-0.063986
14749	-0.348986
14760	0.217284
14790	0.348091
14791	0.269798
14796	-0.862426
14797	0.115914
14891	-0.418235
14927	0.201986
15099	-0.807533
15182	-0.187432
15243	0.107921
15245	0.176074
15254	-0.236304
15322	0.086738
15327	-0.566080
15463	-0.159919
15496	0.157381
15499	-0.037546
15502	0.423891
15514	0.337118
15566	0.122034
15580	0.238600
15583	0.290511
15586	-0.028715
15601	0.923009
15621	0.026418
15780	0.602287
15869	-0.854157
16082	1.117883
16281	0.330715
16293	-0.047048
16300	0.277042
16304	0.492017
16360	-0.061735
16361	-0.408039
16367	0.064025
16432	-0.895049
16433	-0.760950
16438	-0.238252
16446	-0.977593
16453	-1.296330
16463	-0.379556
16466	-0.062488
16477	0.006443
16482	-0.085865
16605	-0.256523
16606	0.180944
16635	-0.385752
16638	0.387312
16655	0.851610
16673	0.246484
16676	0.362217
16677	0.335546
16678	-0.337213
16808	-0.237166
16829	0.326525
17150	-0.136094
17182	0.031647
17199	0.608456
17273	-0.145147
17431	0.104486
17466	-0.130692
17472	0.245919
17485	-0.025711
17585	0.054068
17620	-0.049049
17647	-0.114594
17690	0.025965
17772	0.430838
18410	-0.451102
19647	0.592972
21458	0.349246
21885	-0.597987
21973	-0.040813
21976	0.098906
21977	-0.181086
22084	0.558779
23475	0.040678
23754	0.047575
23764	-0.103407
24372	0.626683
24918	0.652840
24944	-0.187803
25022	-0.580041
25140	-0.125559
26484	-0.351216
27764	0.213403
28424	0.858310
28845	-0.109781
29861	0.290464
30684	0.386069
31288	-0.248585
31704	0.072819
32421	-0.839263
32520	0.157272
32893	-0.029228
34340	-0.356415
35227	0.048870
35334	0.365044
36499	-0.539208
36843	-0.187925
36844	-0.108458
36955	0.249426
36970	0.000527
39336	-0.904463
39353	0.291847
40538	0.569797
40541	0.161226
40542	-0.250547
40599	-0.277427
40601	0.028707
40602	0.145808
40656	0.439261
40657	0.350782
42157	0.024488
42203	0.168949
42204	0.020717
42851	0.261933
43061	-0.090662
44144	0.363423
45195	-0.253014
47030	-0.218338
47285	0.230411
47317	-0.330192
47457	-0.179690
47460	0.294747
48147	-0.163098
48297	0.386822
48474	-0.199711
48696	-0.030566
49516	0.809950
49630	0.148563
49927	0.758232
50199	0.226986
50249	0.279187
50259	-0.282548
50904	-0.624196
53231	0.116289
53471	0.493186
53531	0.429778
53986	0.310811
55057	0.212512
56431	0.075979
56432	0.161112
56466	-0.806129
56478	-0.057126
56621	-0.062253
57644	-0.566092
57756	-0.020136
58783	0.584709
59657	0.211088
59715	-1.050872
64825	-0.710206
64947	-0.548904
65950	0.141025
70102	-0.193302
75003	1.384941
75099	1.518384
75742	-0.459901
75823	0.040933
75824	0.204893
78157	-1.290135
78181	-0.000030
78191	0.053610
80479	-0.228647
80480	-0.108591
80715	-0.626301
80719	-0.270386
80750	-0.353091
81231	0.220954
84436	-0.089121
84780	0.330577
84844	0.250986
85002	0.214999
85003	-0.664688
85659	0.187388
85663	0.002303
85710	-0.009927
92185	0.479554
96142	0.219190
96144	-0.021061
96482	0.841299
98871	-0.693713
