# 1342 minima projected onto PC49
Min	PC
3	-0.046157
4	-0.208463
5	0.040592
6	0.064059
7	-0.428297
9	0.233910
16	-0.189728
17	0.133965
21	-0.146056
23	0.644372
31	0.191877
44	-0.105941
47	-0.152326
48	-0.003747
51	-0.190753
52	-0.303013
55	0.230180
56	-0.247692
57	-0.211250
58	-0.035510
60	0.228699
67	0.151327
68	-0.019101
71	0.098479
72	-0.148838
74	-0.279114
79	0.329053
82	0.513531
85	-0.270342
86	-0.080618
87	-0.124069
88	0.334426
91	-0.232472
92	0.190311
94	-0.279367
95	-0.182207
97	0.021642
104	-0.551067
106	-0.776274
109	0.386599
111	-0.167641
115	-0.696100
120	-0.080240
126	0.120407
129	-0.262511
136	-0.791894
137	-0.158024
188	-0.018225
189	-0.113148
196	-0.492636
199	-0.178365
200	-0.033695
202	0.476947
211	0.045758
213	0.841894
214	-0.078832
219	0.073120
221	0.102912
276	0.113990
279	-0.060185
283	0.303168
295	-0.022821
308	-0.041834
312	-0.133945
315	-0.067390
318	0.075520
319	-0.154319
321	-0.064369
324	0.009094
328	-0.014939
334	0.055516
336	0.571975
338	0.144511
347	-0.149834
351	-0.210689
352	0.007943
354	-0.036752
357	0.140566
359	0.003490
362	-0.185436
364	-0.156455
365	0.014359
368	0.069250
376	-0.006262
377	0.137445
380	-0.250731
386	-0.087007
388	0.053289
390	-0.441214
396	-0.219103
404	0.088534
410	-0.024847
413	-0.246589
420	-0.035624
423	-0.035975
424	0.124551
437	0.097526
438	-0.271512
444	0.284957
452	0.126086
473	-0.081730
474	-0.129978
475	-0.287664
476	-0.036154
478	0.029994
479	0.327739
480	-0.038281
483	-0.035605
503	-0.306802
508	0.052725
509	-0.404041
530	-0.024078
536	0.116448
556	-0.225950
581	-0.014909
583	-0.084366
603	-0.031459
606	0.058927
607	0.075493
620	-0.364305
628	0.724338
636	-0.053836
637	0.076960
639	0.102281
640	-0.139725
644	-0.036848
645	-0.057398
677	-0.099569
678	0.010620
679	-0.137592
682	-0.065710
698	-0.069041
700	0.145134
710	-0.583582
722	-0.098984
723	-0.045936
724	-0.242987
725	-0.170174
726	0.119372
747	0.132395
753	-0.070514
755	-0.597384
757	0.127132
765	0.195966
782	0.140929
783	0.184817
793	-0.014353
808	-0.018116
814	-0.231540
840	0.313660
848	0.073443
859	0.125248
864	-0.009061
867	0.333389
878	-0.035324
888	0.165251
890	-0.028369
892	0.076138
899	0.099279
918	-0.096029
926	-0.012857
933	0.136478
934	-0.063832
981	0.105026
1028	0.161874
1034	0.077363
1051	0.025634
1054	0.138768
1058	0.525816
1062	0.120262
1063	0.095703
1064	0.165328
1066	-0.174310
1068	-0.063532
1073	-0.180129
1082	0.100564
1083	0.242688
1086	-0.180380
1089	-0.135395
1090	-0.129927
1091	0.211621
1092	0.203259
1164	0.023759
1165	0.087121
1174	0.216177
1176	0.109432
1184	0.124571
1191	-0.017331
1192	0.293847
1201	-0.090258
1230	0.082931
1339	0.210353
1341	0.345928
1370	-0.348776
1385	0.095720
1405	-0.024121
1437	0.046689
1441	0.336376
1443	0.111127
1521	-0.141560
1522	0.245370
1523	0.344199
1524	0.284819
1525	-0.023400
1541	-0.130006
1542	0.153318
1550	-0.091324
1551	0.301303
1596	0.008539
1597	-0.431518
1628	-0.450154
1629	-0.199920
1633	-0.036088
1636	0.361513
1637	-0.314366
1765	0.093003
1766	0.225571
1780	0.091623
1862	-0.092589
1865	-0.116407
1870	-0.138450
1885	-0.336062
1910	-0.028089
1911	-0.023429
2007	-0.355216
2060	0.306177
2062	0.131013
2090	0.165178
2093	0.086997
2094	0.100629
2095	0.068656
2096	0.281349
2100	0.320275
2101	-0.085499
2102	-0.101489
2103	-0.099818
2104	-0.107734
2105	0.303562
2128	-0.132395
2129	0.060470
2135	-0.215661
2190	-0.131565
2195	0.005861
2197	-0.055980
2198	-0.070482
2199	0.105374
2200	0.231692
2201	0.226481
2202	-0.021482
2205	0.252057
2217	-0.029470
2218	0.046328
2221	0.236631
2272	0.072471
2273	0.016291
2275	-0.235467
2288	0.725153
2293	-0.218448
2298	0.329624
2299	0.094753
2300	0.148127
2301	0.007257
2338	-0.205015
2342	0.026153
2343	0.008197
2358	-0.215572
2384	-0.282797
2385	-0.031787
2399	0.087588
2435	-0.026394
2436	0.057265
2465	0.122353
2467	0.500323
2468	-0.019548
2469	-0.118985
2470	-0.027745
2471	0.189765
2474	0.371816
2620	0.070966
2650	-0.027807
2651	-0.073209
2685	-0.089988
2688	0.157927
2730	0.422726
2843	-0.033015
2951	0.222478
2959	-0.002869
3236	0.088914
3305	-0.438649
3318	0.013851
3340	0.255476
3352	-0.039326
3355	0.119287
3356	-0.203430
3365	0.107282
3366	0.048287
3367	-0.221486
3368	-0.191432
3401	-0.084907
3405	-0.255118
3434	0.194094
3448	0.236805
3454	-0.057472
3481	-0.120053
3495	-0.150636
3504	0.200893
3532	-0.008657
3540	-0.021616
3549	0.134858
3550	-0.158382
3569	-0.304517
3595	-0.130169
3596	0.054613
3603	0.101975
3621	0.018675
3622	0.100091
3647	0.075994
3649	-0.170726
3651	-0.299158
3652	0.138744
3723	0.132261
3757	0.524170
3772	-0.216335
3787	0.197770
3798	-0.067125
3799	0.439595
3889	-0.023694
3897	0.213719
3898	0.088078
3904	0.124728
3945	0.206971
3990	-0.247769
4024	-0.044372
4039	-0.225350
4048	0.076775
4050	0.012714
4076	0.216995
4094	0.125397
4170	0.306090
4251	0.172907
4252	0.310289
4299	-0.148841
4302	-0.078531
4318	-0.331608
4319	-0.328619
4320	-0.031329
4360	-0.052204
4388	-0.033782
4414	0.018430
4426	-0.033165
4446	0.168089
4527	-0.206153
4545	-0.117007
4546	-0.142620
4554	-0.066409
4564	0.325317
4567	-0.094440
4634	0.191529
4693	-0.016593
4736	0.677472
4761	-0.013078
4879	-0.059406
5071	0.076633
5138	-0.113953
5164	-0.011956
5182	-0.038416
5183	0.048876
5184	0.379248
5187	-0.217170
5188	0.023529
5189	-0.138408
5193	0.353341
5194	0.426930
5195	-0.187981
5197	0.355507
5203	-0.863212
5205	0.026292
5212	-0.099294
5213	0.169822
5222	0.443289
5223	-0.021071
5228	-0.458507
5232	0.583331
5244	-0.161801
5245	-0.714074
5246	0.102445
5248	0.223605
5292	-0.046281
5293	0.170600
5299	0.041566
5300	0.255204
5315	-0.257425
5316	-0.080450
5319	0.107427
5320	0.099991
5321	0.131966
5322	0.341341
5323	0.076589
5324	0.026882
5325	0.064887
5329	-0.132035
5342	0.131690
5343	0.028798
5374	-0.549000
5376	0.134290
5378	-0.020432
5379	-0.100735
5382	-0.155048
5390	-0.325888
5398	-0.090561
5402	-0.196259
5404	-0.242959
5407	-0.161314
5408	-0.349116
5409	-0.047227
5411	-0.277002
5412	-0.071372
5413	-0.070155
5416	0.029722
5418	0.336852
5422	-0.018262
5425	0.274547
5427	0.067719
5428	-0.225769
5432	-0.261105
5436	0.102867
5443	0.194187
5444	-0.390889
5458	-0.300466
5462	0.427426
5465	-0.135272
5468	0.035056
5471	-0.282745
5480	-0.061991
5481	0.133016
5485	0.223248
5486	0.035650
5488	-0.141189
5489	-0.029589
5495	-0.354657
5513	-0.090422
5515	-0.171887
5516	-0.099229
5521	-0.003935
5527	0.217071
5528	0.297797
5536	0.133009
5537	-0.021259
5547	0.342847
5565	-0.003942
5573	0.334657
5579	-0.174210
5583	-0.087840
5586	-0.599062
5589	-0.144472
5590	0.365548
5593	-0.084098
5599	-0.516918
5604	0.121846
5605	0.203040
5606	0.097859
5625	0.171274
5649	0.022843
5656	0.268043
5657	0.279530
5658	-0.066492
5686	0.192673
5695	0.378741
5705	-1.028133
5706	-0.140599
5716	-0.103041
5717	0.119225
5718	0.340464
5719	0.092544
5720	0.132021
5724	-0.056640
5738	-0.108984
5742	0.255634
5750	0.497340
5751	-0.051781
5756	-0.212017
5761	0.775255
5768	0.157885
5773	0.226435
5792	0.027645
5793	-0.093320
5794	-0.033604
5806	0.107860
5811	0.051519
5812	0.009690
5813	0.025440
5814	0.053051
5821	-0.007758
5823	-0.135174
5825	0.304147
5831	0.212079
5832	0.546396
5833	-0.242441
5847	-0.058475
5849	0.355142
5851	0.022376
5854	-0.429635
5858	-0.132239
5862	0.045781
5875	0.057017
5876	-0.254110
5903	-0.251410
5910	-0.058607
5912	0.437200
5913	0.817605
5925	-0.201634
5926	0.006442
5927	-0.113961
5928	0.075930
5930	-0.029398
5931	0.075740
5933	-0.576343
5934	-0.009701
5937	-0.429033
5939	-0.546065
5940	-0.288121
5941	-0.042617
5943	-0.040153
5963	-0.179271
5964	-0.060482
5965	-0.113313
5966	0.046221
5968	-0.178945
5969	-0.293571
5970	-0.080298
5971	-0.082877
5975	-0.772838
6006	-0.047901
6011	-0.165576
6017	0.246605
6019	0.020356
6022	-0.007954
6032	-0.712407
6095	-0.053541
6115	0.211338
6116	0.059365
6119	-0.218928
6127	-0.238609
6128	-0.155521
6130	-0.229358
6140	-0.037733
6141	-0.402697
6147	0.040150
6148	0.168657
6163	-0.431556
6164	0.047403
6170	0.165631
6171	-0.137056
6177	-0.219143
6184	-0.526471
6200	-0.284985
6204	0.101660
6206	-0.244180
6223	-0.221878
6240	-0.329556
6245	0.179429
6253	-0.073220
6267	0.495791
6269	0.132842
6290	0.135429
6303	0.219551
6317	0.638268
6343	0.064802
6350	0.167018
6360	-0.098788
6367	0.263787
6383	0.099016
6389	-0.050205
6397	0.139691
6398	0.050493
6406	-0.210440
6407	0.760363
6412	0.089594
6413	0.193297
6434	-0.014630
6435	-0.001792
6460	-0.168667
6463	-0.252781
6464	-0.211446
6489	-0.069472
6507	-0.142959
6510	0.741426
6516	-0.035446
6518	-0.188647
6522	0.293940
6523	0.464340
6524	-0.045364
6525	-0.090235
6531	-0.467386
6536	-0.057740
6575	-0.088163
6584	0.002745
6585	-0.043967
6586	0.579993
6594	-0.245791
6595	0.015413
6610	-0.387319
6612	-0.032297
6615	-0.031379
6624	0.290029
6628	-0.347412
6649	0.087413
6698	0.290394
6706	-0.196011
6718	-0.097326
6719	-0.044613
6722	-0.425162
6770	0.110585
6780	-0.180442
6781	-0.051263
6794	0.102172
6795	-0.261711
6796	0.352476
6799	0.262346
6809	0.048434
6837	0.184275
6838	-0.186734
6839	-0.714776
6846	-0.283778
6865	-0.005253
6869	0.107736
6870	0.305694
6871	0.156463
6873	0.033098
6876	0.132059
6885	-0.177811
6895	0.063369
6896	0.323714
6897	-0.150983
6900	0.098143
6903	0.037037
6906	-0.492123
6916	-0.194800
6917	0.098207
6918	-0.259383
6919	0.116564
6938	-0.185075
6941	0.095977
6942	-0.008554
6943	0.125299
6944	0.334430
6948	-0.355856
6953	0.002718
6957	-0.418766
6958	0.149581
6970	-0.001174
6971	-0.249883
6976	-0.276560
6977	-0.279299
6990	-0.060480
7014	-0.012930
7015	0.232847
7016	-0.023409
7018	0.255568
7019	0.209243
7042	0.039724
7053	0.179174
7066	0.227632
7067	0.229485
7083	-0.170199
7092	-0.211316
7100	-0.150041
7103	0.075604
7110	0.186014
7111	0.145659
7112	0.406565
7113	0.130399
7116	-0.069851
7119	-0.134723
7120	0.056243
7121	-0.380474
7122	-0.028414
7140	0.313204
7143	0.333960
7157	-0.031459
7165	0.324468
7175	0.121579
7178	-0.135808
7206	0.076875
7207	0.161552
7217	0.449170
7218	-0.056099
7221	-0.064515
7227	-0.083921
7230	0.020637
7236	-0.179933
7239	-0.348561
7242	0.170812
7260	-0.451470
7268	-0.335520
7269	0.138998
7304	-0.439703
7326	-0.296260
7327	0.174493
7336	-0.102429
7342	-0.025625
7346	-0.059017
7348	-0.102738
7355	0.114519
7361	-0.268723
7372	-0.033164
7387	0.118233
7422	-0.044026
7423	-0.471281
7425	0.109924
7436	0.013631
7442	0.433079
7446	-0.109163
7448	-0.219378
7453	-0.189661
7463	0.338123
7492	0.295016
7493	-0.186540
7494	0.213899
7495	0.141321
7518	0.205426
7520	0.182067
7540	0.082834
7546	0.103547
7556	0.090111
7559	0.135324
7560	0.010695
7561	-0.024764
7564	0.028258
7575	0.024272
7583	0.235106
7585	0.159180
7586	-0.191432
7599	1.155924
7600	1.077481
7606	1.210838
7614	-0.016131
7617	0.358907
7622	-0.141114
7629	0.200347
7637	-0.041487
7640	0.060282
7657	-0.008061
7665	-0.072969
7666	-0.009583
7667	0.170878
7668	-0.014128
7669	-0.254117
7670	0.117390
7671	0.056338
7681	0.283578
7683	-0.831469
7684	0.122095
7696	-0.458813
7722	0.142398
7723	0.272425
7799	-0.072866
7852	-0.044435
7859	0.175266
7860	0.049237
7861	0.307397
7865	-0.436437
7875	-0.026682
7876	0.097704
7895	0.099222
7913	0.028824
7917	-0.256216
7952	-0.284974
7969	0.516994
7971	-0.047406
8000	0.099258
8002	0.254075
8006	0.131446
8036	0.056094
8056	0.082713
8069	0.614400
8103	-0.225119
8107	0.012586
8120	0.050656
8122	0.397311
8125	0.063313
8127	0.236104
8136	-0.141690
8149	-0.073094
8154	-0.119929
8197	0.135355
8208	0.555753
8223	0.255595
8232	-0.074841
8241	0.313160
8256	0.076537
8262	0.223991
8266	0.143922
8267	0.141742
8268	0.226134
8269	0.337957
8271	-0.001844
8273	0.153095
8280	-0.054970
8284	-0.173971
8303	0.090136
8304	0.232727
8305	0.066101
8308	0.021317
8332	-0.534792
8333	-0.095492
8334	0.336628
8338	0.088266
8363	0.243284
8370	0.094790
8398	0.053347
8465	-0.428858
8468	-0.118126
8469	0.016418
8470	-0.063867
8507	-0.081339
8552	-0.085640
8572	-0.271339
8574	-0.289397
8577	0.093359
8586	0.026834
8592	-0.022495
8593	-0.118206
8594	-0.002647
8597	0.292022
8599	-0.022350
8606	0.774799
8607	0.154365
8615	0.132316
8617	0.100458
8626	-0.366041
8636	-0.139494
8669	-0.171738
8671	-0.015686
8673	0.143080
8675	-0.147181
8790	-0.411023
8791	-0.277005
8811	-0.258042
8822	-0.253042
8841	-0.191467
8849	0.086033
8856	-0.416713
8875	-0.059221
8884	0.987144
8906	-0.371038
8907	-0.432241
8910	-0.211845
8911	0.041666
8912	-0.377341
8913	-0.107224
8934	0.020856
8935	-0.033529
8954	0.260327
8968	-0.057062
8972	-0.148563
9001	0.137155
9029	-0.063449
9032	-0.010892
9058	0.401269
9059	-0.029530
9068	-0.151525
9070	-0.223359
9108	0.422981
9139	0.339594
9140	0.474627
9158	0.001794
9187	-0.303424
9188	-0.081211
9189	-0.311718
9190	-0.082625
9253	0.105460
9259	0.145118
9268	0.103932
9269	-0.005768
9271	0.256637
9312	0.040272
9323	0.011114
9329	-0.010114
9330	0.105262
9331	0.130600
9356	0.166402
9376	-0.244628
9394	0.085003
9424	-0.186779
9428	0.054969
9429	0.170438
9496	-0.275267
9536	0.018652
9543	0.139114
9589	0.029540
9614	0.770574
9615	0.254996
9617	-0.124986
9631	-0.631821
9661	-0.077438
9668	-0.072625
9718	-0.439279
9728	0.027441
9734	-0.007760
9788	0.577135
9791	0.403802
9793	0.278906
9804	0.381815
9809	0.031058
9810	0.151108
9823	0.002935
9828	0.383532
9907	-0.343261
9951	0.009170
9968	0.037276
9969	0.090549
10010	-0.004647
10011	-0.122985
10012	0.019108
10018	0.143581
10021	0.081560
10022	-0.322185
10031	-0.136228
10032	0.065581
10033	0.030955
10034	-0.069831
10035	0.009492
10039	-0.164008
10044	-0.047863
10045	0.064978
10060	0.216720
10065	0.011480
10077	-0.210989
10080	-0.198385
10130	-0.113415
10131	0.310891
10149	-0.002022
10194	-0.041890
10197	-0.207009
10221	-0.213615
10226	0.015961
10232	0.121646
10233	0.419137
10263	-0.162072
10264	-0.109125
10274	-0.274630
10286	-0.259680
10292	0.501057
10299	-0.234714
10302	0.094381
10324	0.382292
10355	-0.108565
10358	0.016882
10362	0.142765
10366	0.338825
10368	0.201728
10370	0.424903
10392	-0.256524
10405	0.006759
10406	0.054878
10409	-0.107724
10419	-0.037374
10420	0.082359
10424	0.132575
10434	-0.085454
10455	-0.065511
10478	0.024916
10480	0.355357
10484	0.117464
10510	0.079299
10519	0.370945
10520	-0.015862
10524	0.105608
10578	0.236294
10630	0.203304
10643	0.115187
10645	-0.064741
10677	-0.179327
10678	-0.401179
10690	-0.040015
10717	-0.014415
10718	0.098237
10719	0.629971
10721	-0.125448
10723	-0.178576
10735	-0.219290
10736	0.330261
10829	0.483290
10837	0.394187
10846	-0.456165
10921	0.213851
10922	-0.106401
10923	0.012432
10924	0.171314
10964	0.290523
10978	-0.075784
11017	0.730978
11018	0.845015
11019	0.661401
11032	0.258424
11034	0.252981
11035	0.065871
11036	0.417043
11052	-0.047727
11056	-0.057979
11060	-0.317060
11063	-0.109706
11064	-0.288379
11068	-0.076010
11069	-0.216833
11090	-0.068496
11098	0.401404
11099	0.096402
11100	0.030947
11105	-0.132775
11109	-0.192073
11122	-0.174014
11123	-0.056956
11125	-0.180403
11126	0.158150
11149	0.214194
11153	0.062265
11188	-0.790351
11193	-0.022099
11230	0.040425
11233	-0.292211
11236	-0.867370
11243	0.259570
11251	-0.125101
11259	-0.688586
11263	-0.016996
11272	-0.301866
11321	-0.301515
11322	-0.080591
11326	0.181815
11327	-0.115517
11335	-0.265407
11337	0.093909
11343	0.130464
11390	0.140346
11444	0.405734
11464	-0.359032
11471	-0.484126
11472	-0.427829
11473	-0.170699
11492	0.109302
11499	0.044833
11500	0.203692
11505	-0.214316
11527	-0.181433
11528	-0.212380
11532	-0.236628
11564	0.005479
11589	-0.040730
11591	-0.045440
11592	-0.208343
11599	-0.182868
11605	0.170682
11617	-0.260072
11630	0.365221
11631	-0.045453
11632	0.507287
11656	0.604055
11657	-0.053702
11777	-0.594534
11786	-0.298428
11812	0.082924
12020	-0.055791
12061	-0.190795
12115	0.188520
12154	-0.147684
12155	0.192243
12156	0.136317
12159	0.037593
12174	0.099376
12176	0.011249
12230	-0.007481
12234	-0.089284
12236	-0.094985
12237	0.114962
12250	0.218749
12252	0.117311
12253	-0.197474
12315	-0.305991
12381	-0.023784
12382	-0.084434
12438	-0.071314
12455	-0.073305
12462	0.216664
12478	-0.127749
12603	0.103347
12711	0.048214
12714	0.034330
12716	-0.139865
12754	0.044105
12785	-0.174592
12788	-0.033211
12792	0.108321
12898	0.478678
12944	0.083120
12949	0.662464
13062	0.492249
13099	0.031109
13160	0.177301
13198	-0.077661
13239	-0.160537
13249	-0.381777
13262	0.075975
13263	0.388876
13272	-0.147813
13273	0.535986
13277	0.288755
13305	-1.125708
13342	0.166552
13343	-0.115847
13345	0.037656
13351	-0.068319
13357	0.064568
13427	-0.816510
13436	0.204296
13455	0.152920
13528	0.216144
13532	-0.154345
13553	-0.119667
13566	-0.151727
13651	-0.065730
13653	0.254082
13675	-0.164278
13676	-0.083967
13677	0.348302
13678	-0.229812
13681	0.192555
13688	0.083234
13697	0.161024
13705	0.076649
13708	0.099976
13737	0.205406
13760	0.201384
13923	0.298508
13927	0.285717
13995	-0.094102
14002	0.165630
14003	0.157051
14021	0.048362
14034	-0.996004
14064	-1.122771
14110	0.101415
14155	0.082671
14203	-0.004309
14208	0.032663
14340	0.392341
14356	0.149234
14389	-0.220339
14499	-0.107045
14625	-0.145784
14632	-0.317272
14637	-0.162384
14641	0.125261
14685	-0.925583
14694	0.036454
14695	-0.117568
14699	-0.185087
14700	-0.223048
14749	0.109702
14760	-0.138652
14790	0.174910
14791	0.358211
14796	0.017045
14797	0.051800
14891	0.327970
14927	0.387018
15099	0.171633
15182	0.427199
15243	-0.064026
15245	-0.243357
15254	0.110026
15322	-0.171827
15327	0.014989
15463	0.256974
15496	-0.069800
15499	-0.026068
15502	-0.093123
15514	-0.090239
15566	0.286426
15580	-0.583523
15583	-0.651557
15586	0.039990
15601	-0.948066
15621	-0.918450
15780	0.048770
15869	0.544268
16082	-0.893394
16281	-0.006692
16293	0.766971
16300	0.329949
16304	0.003843
16360	0.093821
16361	0.653917
16367	0.005898
16432	-0.178860
16433	0.124535
16438	-0.072989
16446	0.330441
16453	0.298471
16463	-0.187166
16466	0.070407
16477	-0.071852
16482	-0.065875
16605	-0.035054
16606	0.395807
16635	-0.083869
16638	-0.551983
16655	-0.886919
16673	-0.629985
16676	-0.045482
16677	-0.188886
16678	-0.305488
16808	-0.522302
16829	-0.078995
17150	-0.401737
17182	-0.227239
17199	-0.078035
17273	-0.239505
17431	0.197240
17466	-0.275635
17472	-0.131360
17485	-0.085923
17585	-0.134566
17620	-0.364226
17647	1.069312
17690	0.450334
17772	-0.496713
18410	-0.100061
19647	-0.335948
21458	-0.424544
21885	0.397607
21973	-0.101492
21976	-0.214175
21977	-0.115902
22084	-0.000193
23475	0.000997
23754	-0.291892
23764	-0.173823
24372	0.162215
24918	-0.523143
24944	-0.133636
25022	-0.167363
25140	-0.292491
26484	0.273370
27764	-0.039399
28424	-0.103522
28845	-0.356016
29861	0.303873
30684	0.114488
31288	0.325496
31704	-0.070407
32421	0.655252
32520	0.812292
32893	-0.100409
34340	0.012452
35227	0.044684
35334	-0.053461
36499	-0.228174
36843	0.041554
36844	-0.124324
36955	-0.549983
36970	-0.727861
39336	-0.029522
39353	-0.232380
40538	0.453308
40541	0.001638
40542	0.137633
40599	-0.023341
40601	-0.204972
40602	0.067415
40656	0.088954
40657	0.254625
42157	0.541532
42203	0.096390
42204	0.173969
42851	-0.008235
43061	0.040043
44144	-0.229293
45195	-0.911084
47030	0.013108
47285	-0.675712
47317	0.040457
47457	-0.465496
47460	0.118197
48147	-0.146721
48297	1.199811
48474	-0.105005
48696	-0.261378
49516	0.014099
49630	-0.009715
49927	-0.533053
50199	-0.312435
50249	-0.117436
50259	-0.044761
50904	0.480370
53231	-0.044901
53471	-0.035309
53531	0.009261
53986	-0.198716
55057	-0.274524
56431	0.027150
56432	-0.068118
56466	0.006928
56478	0.173775
56621	0.376651
57644	-0.339938
57756	-0.078588
58783	-0.294006
59657	-0.006706
59715	-0.156448
64825	0.180691
64947	-0.103611
65950	-0.900650
70102	-0.009925
75003	-0.008621
75099	0.116842
75742	-0.052150
75823	0.281620
75824	-0.111084
78157	0.878694
78181	0.327971
78191	-0.051805
80479	-0.064979
80480	0.207759
80715	-0.029471
80719	-0.086547
80750	-0.236137
81231	0.162764
84436	0.005558
84780	0.043324
84844	-0.251964
85002	-0.187799
85003	0.166022
85659	-0.107893
85663	-0.150805
85710	-0.179474
92185	-0.541657
96142	0.326714
96144	0.229216
96482	-0.012793
98871	-0.351920
