# 1342 minima projected onto PC48
# Min	PC
3	0.041642
4	0.084460
5	-0.078338
6	-0.163576
7	0.060750
9	-0.008617
16	0.114591
17	0.048670
21	0.029150
23	-0.010757
31	-0.066432
44	0.260146
47	0.074228
48	-0.025718
51	0.009251
52	0.012443
55	-0.156462
56	0.161803
57	0.332073
58	0.079836
60	-0.521857
67	0.028267
68	-0.016643
71	0.031300
72	0.068943
74	0.012013
79	-0.014175
82	-0.009577
85	0.031976
86	0.314962
87	-0.022416
88	-0.126678
91	0.158716
92	-0.104947
94	-0.156484
95	-0.203098
97	0.263872
104	-0.661903
106	-0.682016
109	-0.026619
111	0.483888
115	-0.819165
120	0.255363
126	-0.026357
129	-0.094160
136	-0.142328
137	0.058239
188	0.054117
189	-0.153502
196	-0.399511
199	-0.006208
200	-0.039722
202	-0.087886
211	-0.342867
213	-0.028619
214	-0.048401
219	-0.225115
221	0.086705
276	-0.083179
279	0.089427
283	-0.001020
295	0.037053
308	-0.135464
312	0.179285
315	0.056922
318	0.252110
319	-0.195057
321	0.055830
324	0.234141
328	-0.051029
334	-0.235694
336	0.968655
338	0.219709
347	-0.022694
351	0.326925
352	-0.069451
354	0.270940
357	0.389447
359	0.128166
362	0.003643
364	-0.159612
365	-0.198891
368	-0.027178
376	-0.107292
377	0.135284
380	0.114654
386	-0.018241
388	0.032468
390	-0.595364
396	-0.062781
404	-0.172116
410	0.308425
413	0.121337
420	0.212979
423	0.241688
424	-0.071781
437	-0.047840
438	-0.038408
444	0.013890
452	0.061502
473	0.061944
474	0.128813
475	-0.228982
476	0.099919
478	-0.152826
479	0.039136
480	0.070960
483	0.349372
503	0.491110
508	0.144399
509	-0.091718
530	0.235476
536	0.028734
556	0.256995
581	-0.338577
583	-0.349588
603	-0.028426
606	-0.020793
607	0.021417
620	0.155293
628	-0.070355
636	-0.203810
637	-0.414068
639	-0.242504
640	0.129440
644	0.051081
645	0.080378
677	-0.317777
678	-0.358605
679	-0.170154
682	-0.332152
698	-0.107259
700	-0.034800
710	-0.609010
722	0.120970
723	-0.395872
724	-0.222206
725	-0.302958
726	0.070931
747	-0.656744
753	-0.059528
755	-0.759497
757	0.052820
765	-0.155931
782	-0.080152
783	-0.181749
793	-0.005275
808	-0.132910
814	0.314101
840	0.028058
848	0.032356
859	-0.053935
864	-0.515137
867	-0.067780
878	-0.230208
888	0.157054
890	0.062376
892	0.075423
899	-0.058994
918	-0.022326
926	0.183709
933	0.074278
934	0.291026
981	0.094873
1028	0.178830
1034	-0.062054
1051	0.263652
1054	-0.434534
1058	0.217568
1062	-0.471906
1063	0.014261
1064	-0.365901
1066	-0.226459
1068	-0.119671
1073	0.304109
1082	0.036033
1083	0.108005
1086	-0.097156
1089	0.284369
1090	0.226435
1091	0.172904
1092	0.092551
1164	-0.176435
1165	0.049354
1174	0.789707
1176	0.285174
1184	-0.128131
1191	-0.232340
1192	-0.443104
1201	0.624316
1230	-0.323753
1339	-0.071412
1341	-0.345990
1370	-0.128629
1385	-0.556569
1405	-0.084801
1437	0.277201
1441	-0.160886
1443	-0.132700
1521	-0.196121
1522	-0.009091
1523	-0.019591
1524	-0.150231
1525	-0.530683
1541	0.021002
1542	0.164562
1550	-0.358889
1551	-0.079150
1596	0.158162
1597	-0.133964
1628	0.007869
1629	-0.193260
1633	0.024281
1636	-0.093853
1637	-0.393908
1765	0.120201
1766	0.170340
1780	0.057482
1862	0.019512
1865	-0.049949
1870	0.118357
1885	-0.332810
1910	-0.331722
1911	-0.029415
2007	-0.046849
2060	-0.142152
2062	-0.472812
2090	-0.242213
2093	0.036923
2094	0.149810
2095	-0.044108
2096	-0.335970
2100	-0.479086
2101	0.146545
2102	0.068105
2103	-0.041172
2104	-0.130658
2105	0.122842
2128	-0.235597
2129	0.079263
2135	-0.074484
2190	0.087444
2195	-0.109930
2197	0.261547
2198	-0.017581
2199	-0.253139
2200	-0.001322
2201	-0.145009
2202	-0.036523
2205	0.088929
2217	0.165070
2218	0.054917
2221	-0.059855
2272	0.043296
2273	-0.120058
2275	-0.140985
2288	-0.301800
2293	0.047258
2298	-0.147130
2299	-0.294041
2300	0.011924
2301	0.016740
2338	-0.081465
2342	0.139905
2343	-0.177862
2358	-0.124968
2384	-0.012985
2385	-0.343847
2399	-0.029242
2435	-0.249443
2436	-0.163763
2465	0.257637
2467	0.086194
2468	0.227475
2469	0.299524
2470	0.017987
2471	-0.042654
2474	0.229254
2620	0.120286
2650	0.175741
2651	-0.277845
2685	-0.548332
2688	-0.424735
2730	-0.056903
2843	-0.141224
2951	-0.020650
2959	-0.038184
3236	-0.170441
3305	-0.616218
3318	-0.021396
3340	-0.141933
3352	-0.179394
3355	-0.347836
3356	-0.070042
3365	0.235111
3366	0.048079
3367	-0.105501
3368	0.066519
3401	0.105146
3405	-0.354552
3434	-0.154720
3448	0.098340
3454	0.081107
3481	0.187688
3495	-0.038222
3504	0.136727
3532	-0.032806
3540	-0.159445
3549	0.067864
3550	0.010165
3569	0.184668
3595	0.378114
3596	-0.000103
3603	0.061659
3621	-0.165690
3622	0.045048
3647	-0.096625
3649	-0.120996
3651	-0.449700
3652	0.055110
3723	0.003660
3757	0.212047
3772	-0.106350
3787	0.200332
3798	-0.388924
3799	0.078502
3889	0.099006
3897	0.249822
3898	0.037105
3904	-0.279236
3945	0.005689
3990	0.132937
4024	0.231532
4039	0.129877
4048	-0.052042
4050	-0.176973
4076	-0.013942
4094	-0.565079
4170	-0.111734
4251	-0.086310
4252	-0.100906
4299	0.216003
4302	0.215091
4318	-0.070131
4319	0.153557
4320	-0.017788
4360	0.147299
4388	0.280171
4414	0.177347
4426	-0.059656
4446	0.077131
4527	-0.044287
4545	0.200109
4546	0.267659
4554	0.078221
4564	-0.118235
4567	0.156885
4634	-0.274368
4693	-0.009486
4736	0.205682
4761	0.205057
4879	0.004885
5071	0.231645
5138	0.125312
5164	0.020477
5182	0.151699
5183	0.015473
5184	-0.045347
5187	0.163636
5188	0.005438
5189	0.078782
5193	0.117319
5194	-0.149942
5195	-0.046268
5197	0.079239
5203	0.063253
5205	-0.201868
5212	0.002733
5213	-0.145436
5222	0.075637
5223	-0.123651
5228	0.196775
5232	-0.207131
5244	0.121276
5245	0.096488
5246	-0.178061
5248	-0.089132
5292	0.064434
5293	0.067921
5299	-0.260819
5300	-0.762000
5315	-0.270510
5316	-0.142674
5319	-0.305860
5320	-0.201544
5321	-0.218543
5322	-0.145944
5323	-0.132482
5324	0.090409
5325	0.108987
5329	0.026773
5342	0.215274
5343	0.376665
5374	0.170997
5376	-0.162294
5378	0.079195
5379	0.107651
5382	-0.018339
5390	-0.172777
5398	0.029490
5402	-0.162727
5404	-0.232925
5407	-0.110130
5408	-0.374410
5409	-0.159657
5411	-0.026937
5412	0.050022
5413	-0.141513
5416	-0.273866
5418	-0.098326
5422	0.205947
5425	-0.158765
5427	-0.117907
5428	0.073278
5432	-0.105769
5436	-0.011092
5443	0.350937
5444	0.049763
5458	0.267984
5462	-0.649807
5465	-0.079471
5468	0.226909
5471	0.052961
5480	0.075411
5481	0.162455
5485	0.075491
5486	0.066538
5488	0.072719
5489	0.158761
5495	0.213918
5513	0.127742
5515	-0.252990
5516	-0.183790
5521	-0.215663
5527	-0.142467
5528	0.178384
5536	0.161262
5537	0.149062
5547	-0.072514
5565	0.020845
5573	-0.060280
5579	0.479027
5583	0.162426
5586	-0.084011
5589	0.250101
5590	0.165727
5593	0.082842
5599	-0.178507
5604	-0.301636
5605	0.317661
5606	0.069644
5625	0.043634
5649	-0.090918
5656	-0.246222
5657	-0.010846
5658	-0.184198
5686	-0.018358
5695	-0.416312
5705	-0.352220
5706	-0.134262
5716	0.014573
5717	0.040514
5718	-0.318783
5719	0.036823
5720	0.195832
5724	0.254414
5738	0.150908
5742	-0.514980
5750	0.027206
5751	-0.002843
5756	0.080855
5761	-0.288073
5768	-0.049328
5773	-0.044228
5792	0.144210
5793	-0.129413
5794	0.181498
5806	-0.339071
5811	0.347112
5812	0.388536
5813	0.205438
5814	0.159564
5821	-0.236205
5823	0.168326
5825	-0.236557
5831	0.007320
5832	-0.053176
5833	-0.089572
5847	-0.126644
5849	-0.248912
5851	0.253082
5854	0.058471
5858	-0.162535
5862	-0.157705
5875	-0.043087
5876	0.330378
5903	0.086697
5910	0.052559
5912	0.127598
5913	0.209741
5925	-0.046930
5926	-0.051058
5927	0.313909
5928	0.206630
5930	0.192563
5931	-0.128162
5933	-0.714484
5934	-0.089397
5937	-0.682690
5939	0.347465
5940	0.470854
5941	0.086084
5943	0.093435
5963	-0.031674
5964	-0.093517
5965	0.006645
5966	0.034325
5968	-0.098929
5969	-0.239363
5970	0.100273
5971	0.359184
5975	-0.414825
6006	0.164235
6011	0.333691
6017	0.246205
6019	0.043294
6022	0.374645
6032	0.018698
6095	-0.106534
6115	0.372238
6116	0.106215
6119	-0.018157
6127	-0.027636
6128	-0.116583
6130	-0.191595
6140	-0.231178
6141	-0.196241
6147	-0.590074
6148	-0.650064
6163	-0.256137
6164	-0.220720
6170	-0.190477
6171	-0.226752
6177	-0.067346
6184	-0.020482
6200	0.140387
6204	0.233453
6206	-0.119191
6223	-0.243508
6240	-0.290112
6245	0.195437
6253	-0.290823
6267	-0.087289
6269	0.004365
6290	-0.291592
6303	0.131687
6317	-0.323719
6343	-0.126785
6350	-0.203712
6360	-0.385950
6367	-0.368997
6383	0.009676
6389	0.102798
6397	0.098864
6398	-0.105068
6406	0.200739
6407	-0.423992
6412	0.301601
6413	0.088963
6434	0.120705
6435	0.096128
6460	-0.102336
6463	0.055359
6464	0.099638
6489	0.302321
6507	0.190781
6510	0.001782
6516	-0.029176
6518	0.087531
6522	-0.485781
6523	-0.468009
6524	-0.117669
6525	-0.211214
6531	-0.108442
6536	-0.212886
6575	0.024275
6584	-0.079521
6585	-0.030449
6586	-0.108877
6594	-0.120468
6595	0.077583
6610	-0.121660
6612	0.258637
6615	0.042572
6624	0.145901
6628	0.153046
6649	0.181193
6698	0.229184
6706	0.105143
6718	0.139462
6719	0.222582
6722	-0.056436
6770	-0.176164
6780	0.346901
6781	-0.015789
6794	0.047835
6795	0.160085
6796	-0.110670
6799	0.076725
6809	0.030728
6837	-0.023456
6838	0.010449
6839	-0.566042
6846	-0.296596
6865	0.165454
6869	0.018593
6870	-0.618154
6871	-0.129636
6873	0.173376
6876	-0.055437
6885	0.109495
6895	0.021286
6896	0.187869
6897	-0.065617
6900	-0.016993
6903	0.046659
6906	0.169713
6916	0.245815
6917	-0.059864
6918	-0.149128
6919	-0.279422
6938	-0.181426
6941	-0.338157
6942	-0.203942
6943	-0.222403
6944	-0.146037
6948	-0.078345
6953	0.075224
6957	0.048976
6958	0.312262
6970	-0.136007
6971	0.093108
6976	0.260328
6977	0.209841
6990	0.099585
7014	0.162348
7015	-0.055985
7016	0.184796
7018	0.185498
7019	0.291847
7042	0.335319
7053	0.218584
7066	0.046489
7067	0.074080
7083	0.245672
7092	-0.068453
7100	0.083946
7103	0.081746
7110	-0.066045
7111	-0.117164
7112	-0.034614
7113	-0.063615
7116	-0.007104
7119	-0.004470
7120	-0.215717
7121	0.198114
7122	-0.084099
7140	-0.064867
7143	0.576097
7157	-0.066223
7165	-0.165719
7175	0.188605
7178	0.100504
7206	-0.404555
7207	-0.118367
7217	0.079763
7218	-0.033792
7221	-0.101390
7227	0.215415
7230	-0.375965
7236	-0.105577
7239	0.084526
7242	0.045747
7260	0.355493
7268	0.277888
7269	-0.180648
7304	-0.031024
7326	-0.633681
7327	-0.789857
7336	-0.067994
7342	-0.146122
7346	0.253957
7348	0.146487
7355	-0.035950
7361	0.221815
7372	-0.019411
7387	-0.006869
7422	0.115022
7423	0.368710
7425	0.068862
7436	0.200446
7442	0.127610
7446	0.481810
7448	-0.347152
7453	0.037260
7463	-0.063269
7492	-0.041975
7493	-0.303565
7494	-0.485867
7495	-0.107756
7518	-0.158396
7520	-0.298803
7540	-0.083983
7546	0.040404
7556	-0.041197
7559	-0.461262
7560	-0.125829
7561	-0.055384
7564	0.126423
7575	-0.226982
7583	-0.440286
7585	-0.145697
7586	-0.045817
7599	-0.216173
7600	-0.074542
7606	-0.408084
7614	-0.134330
7617	0.118295
7622	-0.300931
7629	-0.026764
7637	0.178044
7640	-0.143886
7657	0.040336
7665	0.009957
7666	0.123611
7667	-0.017466
7668	0.033179
7669	0.071891
7670	-0.227916
7671	-0.068207
7681	-0.103468
7683	-0.070450
7684	-0.087566
7696	-0.337727
7722	-0.413126
7723	0.111729
7799	0.181753
7852	0.197181
7859	-0.151976
7860	0.077997
7861	-0.112622
7865	0.138939
7875	-0.026422
7876	-0.240711
7895	-0.129071
7913	0.004568
7917	0.064323
7952	0.148057
7969	1.312302
7971	-0.216344
8000	0.018858
8002	-0.024068
8006	-0.255362
8036	-0.047504
8056	0.063104
8069	-0.216348
8103	0.215778
8107	0.211329
8120	-0.161328
8122	0.063184
8125	0.068691
8127	-0.071588
8136	-0.107027
8149	-0.146734
8154	-0.085007
8197	0.339253
8208	0.157686
8223	0.355845
8232	-0.487268
8241	0.199684
8256	0.031227
8262	-0.011376
8266	-0.036449
8267	-0.249880
8268	-0.056539
8269	0.195438
8271	-0.348301
8273	-0.065289
8280	0.030846
8284	-0.136063
8303	-0.098086
8304	-0.047315
8305	0.004447
8308	0.071861
8332	-0.127801
8333	0.145558
8334	0.103095
8338	0.027736
8363	0.187654
8370	0.040411
8398	0.412554
8465	-0.328673
8468	-0.213247
8469	-0.115133
8470	-0.359448
8507	-0.101970
8552	-0.034919
8572	-0.016987
8574	-0.019102
8577	0.166177
8586	0.032096
8592	0.167964
8593	0.285363
8594	-0.012483
8597	0.011021
8599	-0.251324
8606	-0.406245
8607	0.206932
8615	-0.208582
8617	-0.154513
8626	-0.221407
8636	0.095335
8669	0.333443
8671	-0.184604
8673	-0.007533
8675	0.105704
8790	0.123737
8791	0.119045
8811	0.059969
8822	0.138080
8841	0.053661
8849	-0.214925
8856	-0.177342
8875	-0.277654
8884	1.654916
8906	0.426646
8907	0.124743
8910	0.052650
8911	-0.070910
8912	0.026470
8913	0.152504
8934	0.179534
8935	-0.022119
8954	0.212914
8968	-0.079540
8972	-0.207354
9001	-0.473707
9029	-0.047404
9032	-0.229875
9058	-0.166773
9059	-0.276712
9068	0.076104
9070	-0.257914
9108	-0.187967
9139	-0.472250
9140	-0.640286
9158	-0.209943
9187	0.241448
9188	-0.199802
9189	0.143421
9190	-0.269056
9253	0.002707
9259	-0.045346
9268	-0.167384
9269	-0.264050
9271	-0.178273
9312	-0.021449
9323	0.065681
9329	0.221397
9330	0.069364
9331	-0.064423
9356	-0.150744
9376	-0.160772
9394	-0.485712
9424	0.195456
9428	-0.003039
9429	0.205293
9496	0.315296
9536	-0.211746
9543	0.103824
9589	0.192993
9614	0.120801
9615	-0.247447
9617	-0.734186
9631	-0.018998
9661	0.017618
9668	0.120036
9718	-0.650394
9728	0.280893
9734	0.194069
9788	-0.204264
9791	-0.067102
9793	-0.104312
9804	-0.005484
9809	0.373796
9810	0.144716
9823	0.122047
9828	0.127524
9907	-0.232600
9951	0.233466
9968	0.216735
9969	-0.449870
10010	0.126404
10011	-0.503953
10012	0.179072
10018	-0.101761
10021	0.092855
10022	0.086103
10031	-0.135940
10032	-0.162833
10033	0.211794
10034	0.259224
10035	0.160149
10039	-0.122797
10044	-0.291297
10045	-0.098453
10060	-0.286267
10065	0.103676
10077	0.178898
10080	-0.111926
10130	-0.080566
10131	0.131945
10149	-0.051547
10194	0.039442
10197	0.045551
10221	0.181704
10226	0.159399
10232	-0.316910
10233	0.083250
10263	-0.233963
10264	-0.296793
10274	-0.268619
10286	-0.447119
10292	0.646468
10299	-0.180948
10302	0.177190
10324	-0.125197
10355	0.010185
10358	-0.245497
10362	0.002637
10366	0.056370
10368	-0.206795
10370	-0.107996
10392	0.019399
10405	0.020999
10406	0.264687
10409	0.056733
10419	0.207420
10420	-0.056409
10424	0.161498
10434	0.043012
10455	-0.046880
10478	-0.149164
10480	-0.069678
10484	0.110494
10510	0.334283
10519	0.124860
10520	-0.074252
10524	0.107237
10578	-0.305219
10630	-0.178610
10643	-0.038636
10645	0.171751
10677	-0.131965
10678	-0.153066
10690	-0.169873
10717	0.019540
10718	0.009487
10719	-0.074437
10721	0.023728
10723	0.200943
10735	-0.250761
10736	0.071769
10829	0.100962
10837	-0.042553
10846	-0.253094
10921	-0.372536
10922	0.364258
10923	0.258254
10924	0.112472
10964	0.199215
10978	0.282958
11017	-0.084386
11018	0.016979
11019	0.556510
11032	0.163697
11034	-0.039807
11035	0.019543
11036	0.127197
11052	-0.040871
11056	-0.274683
11060	-0.520840
11063	0.096799
11064	-0.005254
11068	-0.053589
11069	-0.053002
11090	-0.169539
11098	0.300377
11099	0.019871
11100	-0.032843
11105	-0.092553
11109	0.308506
11122	0.531105
11123	0.179475
11125	0.182279
11126	-0.314535
11149	0.141806
11153	0.261529
11188	0.328108
11193	-0.135293
11230	0.012311
11233	-0.165042
11236	-0.255617
11243	-0.391610
11251	0.225122
11259	-0.845428
11263	-0.150894
11272	-0.005151
11321	0.050597
11322	-0.304944
11326	0.011046
11327	-0.139719
11335	0.130728
11337	0.255232
11343	-0.348636
11390	0.164487
11444	0.341334
11464	0.278084
11471	0.163897
11472	0.008562
11473	-0.065267
11492	0.006830
11499	0.267244
11500	-0.067673
11505	-0.148092
11527	-0.214180
11528	-0.042462
11532	0.064085
11564	0.153608
11589	-0.039779
11591	0.188083
11592	0.242865
11599	0.032014
11605	-0.220456
11617	0.187081
11630	-0.112735
11631	0.799512
11632	1.141725
11656	-0.118228
11657	0.171278
11777	-0.193764
11786	-0.303213
11812	0.052835
12020	0.073956
12061	-0.093454
12115	0.190609
12154	0.056773
12155	0.278989
12156	0.036570
12159	-0.052348
12174	-0.182318
12176	0.212769
12230	0.142414
12234	0.275936
12236	0.139504
12237	0.162617
12250	0.219807
12252	-0.023849
12253	-0.201015
12315	-0.146505
12381	0.319820
12382	0.312409
12438	-0.441566
12455	-0.156720
12462	0.205569
12478	0.288334
12603	-0.049772
12711	0.289137
12714	0.107235
12716	-0.023530
12754	0.331670
12785	0.392842
12788	0.738646
12792	0.518902
12898	-0.039710
12944	0.150696
12949	-0.481982
13062	0.271763
13099	0.164168
13160	0.084069
13198	0.254232
13239	0.097545
13249	-0.893636
13262	0.169474
13263	0.399709
13272	-0.783999
13273	-0.419555
13277	-0.074057
13305	-0.181661
13342	0.147167
13343	0.077448
13345	-0.398586
13351	0.064200
13357	-0.054451
13427	0.147432
13436	0.012637
13455	-0.279950
13528	-0.500650
13532	-0.288335
13553	0.056275
13566	-0.471738
13651	0.190519
13653	0.260937
13675	0.135117
13676	0.078667
13677	0.093641
13678	-0.136367
13681	0.287239
13688	-0.114231
13697	-0.038005
13705	0.265971
13708	0.424388
13737	-0.565510
13760	-0.121569
13923	0.229089
13927	0.275178
13995	-0.053027
14002	0.004059
14003	-0.174911
14021	-0.083091
14034	-0.253485
14064	-0.300261
14110	-0.213111
14155	0.088495
14203	0.265233
14208	-0.164123
14340	0.056416
14356	0.679831
14389	0.114593
14499	-0.108053
14625	-0.078469
14632	-0.098928
14637	0.258830
14641	0.150635
14685	-0.019849
14694	0.088400
14695	0.051129
14699	0.353902
14700	-0.118640
14749	-0.231985
14760	0.003465
14790	-0.037970
14791	0.022528
14796	0.084447
14797	-0.274232
14891	-0.064576
14927	0.123148
15099	-0.215400
15182	-0.169867
15243	0.116494
15245	0.053183
15254	0.143420
15322	0.044031
15327	0.204412
15463	0.099267
15496	-0.137399
15499	-0.062036
15502	0.228616
15514	0.187574
15566	0.054463
15580	2.034710
15583	1.960924
15586	0.083782
15601	-0.057420
15621	2.000718
15780	0.108397
15869	0.102974
16082	-0.188478
16281	-0.198947
16293	0.218804
16300	-0.032629
16304	-0.160763
16360	0.287165
16361	0.049441
16367	0.039797
16432	0.340860
16433	0.163837
16438	0.011551
16446	0.106645
16453	0.470807
16463	0.025024
16466	-0.300601
16477	0.114942
16482	0.446479
16605	-0.117685
16606	0.664284
16635	0.124765
16638	-0.174545
16655	-0.538254
16673	-0.111976
16676	0.057704
16677	0.062525
16678	0.148891
16808	-0.116992
16829	0.361415
17150	0.194448
17182	-0.498144
17199	-0.128521
17273	0.250068
17431	0.103464
17466	0.208055
17472	0.185835
17485	0.134038
17585	0.011497
17620	0.002965
17647	-0.165964
17690	-0.145896
17772	-0.579086
18410	-0.453378
19647	1.741346
21458	-0.594965
21885	0.021285
21973	0.033678
21976	-0.224969
21977	-0.176662
22084	0.173231
23475	0.155191
23754	0.075884
23764	0.163414
24372	0.068311
24918	-0.291010
24944	-0.069668
25022	0.172592
25140	-0.315477
26484	0.243294
27764	-0.098102
28424	0.274141
28845	0.268521
29861	-0.024897
30684	-0.138414
31288	-0.251246
31704	-0.277688
32421	0.055528
32520	0.114152
32893	0.345955
34340	0.879609
35227	-0.229011
35334	0.166814
36499	0.043669
36843	0.134074
36844	0.129446
36955	0.010607
36970	-0.045606
39336	0.585001
39353	0.196892
40538	0.076318
40541	0.023816
40542	0.119969
40599	-0.405711
40601	-0.250701
40602	0.263485
40656	-0.380985
40657	0.027744
42157	-0.065083
42203	-0.148671
42204	0.214937
42851	-0.085990
43061	-0.008267
44144	0.081559
45195	0.132261
47030	-0.219540
47285	-0.418483
47317	-0.138046
47457	1.973916
47460	0.385604
48147	0.334591
48297	0.598473
48474	0.132234
48696	0.272792
49516	0.098428
49630	-0.001726
49927	-0.347104
50199	0.073638
50249	-0.013946
50259	-0.055460
50904	-0.026048
53231	0.020001
53471	0.422147
53531	-0.017835
53986	0.187466
55057	-0.673055
56431	0.079506
56432	0.060997
56466	-0.266722
56478	0.316179
56621	-0.042339
57644	-0.225620
57756	-0.049228
58783	-0.515356
59657	0.368974
59715	-0.408420
64825	0.002194
64947	0.268302
65950	2.037449
70102	0.016546
75003	0.116623
75099	0.045617
75742	0.390398
75823	-0.329160
75824	-0.047407
78157	0.027993
78181	0.065316
78191	-0.105438
80479	-0.176555
80480	0.147371
80715	0.104435
80719	0.026941
80750	-0.096507
81231	0.012181
84436	0.056238
84780	0.334193
84844	0.148020
85002	0.003792
85003	-0.010653
85659	0.175615
85663	-0.004015
85710	-0.008965
92185	1.717511
96142	0.336674
96144	0.581522
96482	-0.091567
98871	-0.546707
