# 1342 minima projected onto PC61
# Min	PC
3	-0.023409
4	-0.140666
5	0.007623
6	-0.011332
7	-0.296555
9	0.131176
16	-0.116280
17	0.020331
21	0.174778
23	0.146180
31	0.085304
44	-0.062168
47	-0.060427
48	-0.145665
51	-0.110602
52	-0.156321
55	-0.218287
56	-0.030957
57	-0.056280
58	-0.249115
60	0.053655
67	0.111784
68	-0.067905
71	0.160777
72	0.012813
74	0.045645
79	-0.054835
82	0.032718
85	0.116267
86	-0.129137
87	-0.026104
88	0.215281
91	0.018753
92	0.075348
94	-0.011603
95	0.095163
97	-0.121798
104	0.111519
106	0.102765
109	0.280081
111	-0.220506
115	0.483722
120	-0.015802
126	-0.230735
129	0.124869
136	-0.181782
137	0.242467
188	-0.128987
189	-0.030364
196	-0.314102
199	0.102381
200	0.000494
202	0.102569
211	0.269517
213	0.226414
214	0.026630
219	0.120195
221	0.156312
276	-0.119943
279	-0.078574
283	-0.117033
295	-0.022861
308	0.028536
312	-0.170542
315	-0.085333
318	-0.085986
319	0.123374
321	0.262159
324	-0.118728
328	0.110336
334	-0.026967
336	0.041430
338	-0.281786
347	0.008544
351	0.133637
352	0.034137
354	0.057061
357	-0.332956
359	0.159325
362	-0.004994
364	-0.258330
365	-0.142191
368	0.139222
376	0.134748
377	0.085737
380	-0.079779
386	0.388587
388	-0.018694
390	-0.017289
396	-0.084137
404	-0.067867
410	-0.152174
413	-0.038511
420	0.001921
423	-0.046842
424	-0.024236
437	-0.001514
438	-0.005023
444	-0.099288
452	-0.202996
473	0.227840
474	0.028355
475	0.158214
476	-0.089030
478	-0.000823
479	-0.083340
480	-0.015893
483	0.287224
503	-0.284062
508	-0.071621
509	0.009915
530	-0.027248
536	0.045176
556	-0.211357
581	-0.021757
583	0.023424
603	-0.051717
606	0.064496
607	0.055360
620	-0.225018
628	0.102946
636	0.088157
637	0.006766
639	0.063342
640	-0.013768
644	-0.039702
645	0.004320
677	0.047977
678	0.058837
679	0.018175
682	-0.032185
698	-0.093449
700	-0.069345
710	-0.117584
722	-0.062596
723	0.150166
724	0.106447
725	0.147757
726	0.147682
747	0.531212
753	-0.268682
755	0.043931
757	0.043848
765	0.034173
782	0.170908
783	0.258951
793	-0.067365
808	-0.080823
814	-0.315165
840	-0.229300
848	0.232676
859	-0.013459
864	0.064026
867	0.223431
878	0.235283
888	-0.350174
890	0.159056
892	-0.041260
899	0.073380
918	0.163358
926	-0.029985
933	0.041246
934	0.095310
981	-0.061011
1028	0.065267
1034	0.438259
1051	-0.086360
1054	0.033741
1058	0.470128
1062	-0.185127
1063	-0.066343
1064	-0.023547
1066	-0.035796
1068	-0.009216
1073	-0.010925
1082	-0.005084
1083	0.113485
1086	-0.033221
1089	0.124958
1090	0.007574
1091	0.011690
1092	0.079327
1164	0.161624
1165	-0.054512
1174	-0.295369
1176	-0.090398
1184	0.138230
1191	0.035377
1192	-0.135587
1201	-0.218096
1230	0.048159
1339	0.097278
1341	-0.176496
1370	0.135334
1385	0.298256
1405	-0.008647
1437	-0.050108
1441	0.167004
1443	-0.082666
1521	0.219486
1522	0.026499
1523	-0.085574
1524	-0.055055
1525	0.039163
1541	-0.015434
1542	-0.007751
1550	-0.031877
1551	-0.126155
1596	0.127168
1597	-0.099798
1628	-0.063827
1629	-0.116589
1633	0.084093
1636	0.005152
1637	-0.260010
1765	0.042595
1766	-0.275746
1780	-0.012239
1862	0.049137
1865	-0.113978
1870	0.089312
1885	-0.158559
1910	-0.007842
1911	-0.037721
2007	-0.304489
2060	0.887050
2062	-0.072114
2090	-0.133657
2093	-0.111386
2094	-0.063494
2095	0.011654
2096	0.034737
2100	-0.159925
2101	-0.095434
2102	-0.142014
2103	-0.191572
2104	-0.237155
2105	-0.125760
2128	0.166689
2129	0.144409
2135	-0.015029
2190	-0.064269
2195	-0.064157
2197	-0.030014
2198	0.026221
2199	0.075703
2200	-0.177307
2201	-0.002811
2202	0.085007
2205	-0.094531
2217	-0.163842
2218	-0.250412
2221	-0.100274
2272	0.055554
2273	0.046072
2275	-0.071812
2288	-0.368821
2293	0.077541
2298	0.047153
2299	0.027034
2300	0.132367
2301	0.052120
2338	0.130770
2342	0.122653
2343	0.142099
2358	-0.155239
2384	-0.216929
2385	0.017230
2399	0.145874
2435	-0.525169
2436	0.102195
2465	-0.031167
2467	-0.060082
2468	0.010361
2469	0.055605
2470	-0.007606
2471	0.131362
2474	-0.003771
2620	0.265037
2650	0.095138
2651	0.091868
2685	0.004761
2688	-0.418935
2730	-0.110158
2843	-0.194545
2951	-0.183904
2959	-0.036306
3236	0.110563
3305	-0.264009
3318	0.151984
3340	-0.176828
3352	0.084403
3355	0.059454
3356	0.084723
3365	-0.332755
3366	-0.207259
3367	-0.023608
3368	-0.162140
3401	-0.048962
3405	-0.035011
3434	0.132606
3448	0.025302
3454	0.050707
3481	-0.184113
3495	-0.062831
3504	0.053589
3532	0.078091
3540	-0.086065
3549	-0.338053
3550	0.036172
3569	-0.065142
3595	0.189255
3596	-0.149263
3603	0.003393
3621	0.246200
3622	0.046834
3647	-0.071322
3649	0.109851
3651	-0.195733
3652	-0.003769
3723	-0.293697
3757	-0.084409
3772	0.111622
3787	0.217535
3798	0.140074
3799	-0.367705
3889	-0.013729
3897	0.026312
3898	0.086430
3904	0.157124
3945	0.227384
3990	-0.006662
4024	0.011339
4039	0.045461
4048	0.090989
4050	-0.064423
4076	0.014795
4094	-0.433600
4170	0.029634
4251	0.155168
4252	0.145375
4299	0.001744
4302	-0.062501
4318	-0.063755
4319	0.124752
4320	0.067230
4360	-0.014704
4388	-0.114419
4414	0.058850
4426	0.121948
4446	-0.311807
4527	-0.012510
4545	-0.066024
4546	-0.230834
4554	0.178104
4564	0.060831
4567	-0.247374
4634	0.179462
4693	-0.092686
4736	0.055642
4761	-0.028423
4879	-0.042047
5071	-0.041855
5138	0.290309
5164	-0.135505
5182	-0.003739
5183	0.104809
5184	0.022925
5187	0.047726
5188	0.147370
5189	-0.004269
5193	-0.195366
5194	-0.026668
5195	0.035040
5197	0.115743
5203	-0.678194
5205	-0.096954
5212	0.249151
5213	0.076208
5222	0.160624
5223	0.091896
5228	-0.082386
5232	-0.076019
5244	0.305931
5245	-0.638889
5246	-0.130846
5248	0.139989
5292	-0.012907
5293	0.054618
5299	-0.488599
5300	-0.591740
5315	-0.059462
5316	0.006350
5319	-0.002703
5320	0.039355
5321	0.088588
5322	-0.110458
5323	0.065328
5324	-0.074631
5325	-0.017211
5329	-0.034349
5342	0.041686
5343	0.011055
5374	-0.115947
5376	-0.191711
5378	-0.010311
5379	0.035157
5382	-0.364633
5390	0.128336
5398	0.058249
5402	-0.021060
5404	0.143879
5407	-0.018934
5408	-0.033004
5409	-0.120817
5411	-0.129292
5412	0.024308
5413	-0.250682
5416	-0.151082
5418	-0.220640
5422	-0.296604
5425	-0.005773
5427	0.095741
5428	0.024222
5432	0.212840
5436	0.012869
5443	-0.059252
5444	0.221787
5458	0.173057
5462	0.507283
5465	0.021833
5468	0.162645
5471	-0.059660
5480	0.145072
5481	0.216558
5485	-0.014172
5486	0.014262
5488	0.060743
5489	-0.111465
5495	-0.001643
5513	0.099477
5515	0.274582
5516	0.123844
5521	0.037379
5527	-0.000749
5528	0.010123
5536	0.025906
5537	0.051301
5547	0.076650
5565	-0.077178
5573	0.136005
5579	-0.105144
5583	0.222443
5586	0.364969
5589	0.225491
5590	0.101925
5593	0.177255
5599	-0.173119
5604	-0.366162
5605	0.009601
5606	-0.182150
5625	-0.581337
5649	0.050767
5656	-0.008519
5657	-0.480024
5658	-0.040295
5686	-0.000940
5695	-0.171851
5705	0.270602
5706	-0.019405
5716	-0.032921
5717	-0.069877
5718	-0.095909
5719	-0.125439
5720	-0.186107
5724	-0.173524
5738	-0.199402
5742	-0.167769
5750	0.196701
5751	-0.051050
5756	-0.127290
5761	-0.011519
5768	0.011451
5773	-0.073835
5792	-0.049861
5793	0.024711
5794	-0.137141
5806	0.140702
5811	-0.145978
5812	-0.052298
5813	0.051170
5814	-0.030546
5821	0.174929
5823	0.366424
5825	-0.064675
5831	-0.180857
5832	-0.120969
5833	0.110126
5847	0.026870
5849	-0.210753
5851	-0.272412
5854	-0.293333
5858	0.089175
5862	-0.008484
5875	-0.123136
5876	-0.045268
5903	-0.112434
5910	-0.208106
5912	-0.337549
5913	-0.652874
5925	-0.186495
5926	-0.039182
5927	-0.115701
5928	-0.124509
5930	0.087967
5931	-0.187374
5933	0.070470
5934	-0.003933
5937	-0.068134
5939	0.125823
5940	-0.103103
5941	-0.158705
5943	-0.116898
5963	0.011189
5964	-0.094027
5965	-0.043246
5966	0.039198
5968	0.237072
5969	-0.087995
5970	-0.155937
5971	-0.029819
5975	-0.232078
6006	-0.164283
6011	0.006747
6017	-0.144552
6019	0.195835
6022	-0.181606
6032	0.130916
6095	-0.100959
6115	-0.274308
6116	-0.030705
6119	-0.007102
6127	-0.194148
6128	-0.060275
6130	-0.122156
6140	-0.071326
6141	0.204382
6147	-0.546981
6148	-0.444747
6163	0.146193
6164	0.166863
6170	0.020298
6171	-0.072436
6177	0.017555
6184	-0.118981
6200	0.079299
6204	-0.014554
6206	-0.037533
6223	0.059157
6240	0.205053
6245	-0.036834
6253	0.104553
6267	-0.173702
6269	-0.013448
6290	-0.176205
6303	0.111373
6317	-0.194988
6343	0.221769
6350	0.217855
6360	-0.098686
6367	-0.106876
6383	0.141779
6389	-0.090038
6397	0.245613
6398	0.228491
6406	-0.202495
6407	-0.076140
6412	0.188607
6413	0.239761
6434	0.176290
6435	0.129939
6460	0.115171
6463	-0.314660
6464	-0.212632
6489	0.012800
6507	0.157995
6510	-0.185170
6516	0.052905
6518	0.187307
6522	0.215108
6523	-0.091852
6524	0.021993
6525	0.046635
6531	0.224735
6536	0.027640
6575	0.005612
6584	-0.015398
6585	-0.068456
6586	-0.251986
6594	0.026979
6595	-0.034640
6610	-0.001212
6612	0.037009
6615	-0.053998
6624	-0.190097
6628	0.104022
6649	-0.186749
6698	0.273888
6706	0.031982
6718	-0.015875
6719	-0.091495
6722	0.004549
6770	-0.216368
6780	-0.046769
6781	-0.002608
6794	0.084839
6795	0.058551
6796	0.049143
6799	0.118066
6809	-0.262327
6837	-0.213251
6838	0.056545
6839	0.312264
6846	0.264749
6865	0.155374
6869	-0.119917
6870	0.175703
6871	0.127149
6873	-0.063107
6876	-0.097679
6885	-0.090521
6895	-0.059832
6896	-0.209150
6897	0.027839
6900	-0.079089
6903	0.248311
6906	0.203653
6916	-0.044738
6917	-0.307678
6918	-0.096998
6919	0.035384
6938	-0.089733
6941	0.012903
6942	-0.098283
6943	0.234204
6944	0.386660
6948	-0.181742
6953	0.046594
6957	0.330688
6958	0.075944
6970	-0.031833
6971	-0.118926
6976	-0.324196
6977	-0.243341
6990	-0.018624
7014	-0.117904
7015	0.011965
7016	0.091370
7018	-0.124186
7019	-0.201630
7042	0.228829
7053	-0.258277
7066	-0.011407
7067	0.171654
7083	0.006328
7092	0.076103
7100	-0.089872
7103	-0.225389
7110	-0.002088
7111	0.047074
7112	0.020494
7113	-0.002571
7116	-0.023479
7119	0.078628
7120	-0.059675
7121	0.157933
7122	0.098935
7140	0.042613
7143	-0.021855
7157	-0.058766
7165	0.012040
7175	0.077669
7178	0.206928
7206	0.114132
7207	0.008441
7217	-0.044533
7218	0.094749
7221	0.004653
7227	0.148536
7230	-0.433590
7236	-0.133059
7239	-0.068041
7242	0.109517
7260	0.117980
7268	-0.314533
7269	0.114308
7304	-0.059938
7326	-0.229134
7327	-0.043111
7336	0.085815
7342	-0.191677
7346	0.005816
7348	-0.063222
7355	-0.169048
7361	0.047843
7372	0.027460
7387	0.038288
7422	0.129676
7423	0.001772
7425	0.029112
7436	0.066815
7442	-0.067641
7446	-0.164388
7448	-0.066140
7453	0.175269
7463	0.060139
7492	-0.065172
7493	0.093344
7494	-0.139149
7495	-0.196566
7518	0.054882
7520	0.348453
7540	0.012899
7546	0.121950
7556	-0.074265
7559	0.368992
7560	-0.091622
7561	0.260087
7564	-0.041314
7575	-0.045215
7583	0.283602
7585	0.051052
7586	0.055357
7599	0.267920
7600	-0.204492
7606	0.199684
7614	-0.058411
7617	0.171810
7622	-0.215802
7629	0.133094
7637	0.004978
7640	-0.051615
7657	0.020471
7665	-0.041546
7666	-0.026332
7667	0.089999
7668	-0.128117
7669	-0.166024
7670	0.193383
7671	0.008485
7681	-0.120000
7683	-0.030025
7684	-0.273818
7696	-0.106597
7722	-0.205246
7723	0.053463
7799	-0.070646
7852	0.087327
7859	0.133298
7860	-0.079201
7861	-0.079275
7865	-0.054335
7875	-0.073600
7876	0.109008
7895	0.019046
7913	0.053694
7917	0.149778
7952	0.005238
7969	0.135654
7971	-0.063577
8000	0.158787
8002	0.122897
8006	0.047467
8036	0.081836
8056	0.025063
8069	-0.081140
8103	0.196529
8107	0.027636
8120	0.004761
8122	-0.030380
8125	0.090990
8127	-0.016579
8136	-0.001379
8149	0.077819
8154	0.116558
8197	-0.129749
8208	-0.090581
8223	-0.367717
8232	-0.101228
8241	-0.115456
8256	-0.220340
8262	-0.316720
8266	-0.100819
8267	0.117063
8268	0.063821
8269	0.097211
8271	-0.315204
8273	0.058778
8280	0.133235
8284	0.007713
8303	-0.168360
8304	-0.193118
8305	-0.099055
8308	-0.129061
8332	0.502951
8333	-0.046498
8334	-0.158251
8338	0.677400
8363	0.063919
8370	0.178673
8398	-0.248020
8465	0.117940
8468	-0.017544
8469	0.103575
8470	-0.042075
8507	0.057825
8552	0.098569
8572	-0.120565
8574	0.034591
8577	0.045569
8586	-0.004975
8592	-0.148147
8593	0.090872
8594	0.117780
8597	-0.018913
8599	-0.031055
8606	-0.175452
8607	0.151876
8615	0.119775
8617	0.152393
8626	-0.096103
8636	0.053776
8669	0.086608
8671	0.026113
8673	-0.065828
8675	-0.027068
8790	-0.219763
8791	-0.165396
8811	0.016439
8822	0.263350
8841	-0.146236
8849	0.219987
8856	0.378687
8875	-0.137819
8884	0.139256
8906	-0.049239
8907	-0.048176
8910	-0.053191
8911	-0.281755
8912	-0.188982
8913	-0.072901
8934	-0.140172
8935	-0.034714
8954	0.098628
8968	0.083830
8972	0.041008
9001	0.113527
9029	-0.086025
9032	0.045381
9058	-0.114643
9059	0.080441
9068	0.127242
9070	0.231889
9108	0.123289
9139	-0.010971
9140	0.104071
9158	-0.113909
9187	-0.015993
9188	0.163340
9189	0.043971
9190	0.109507
9253	0.184996
9259	0.201211
9268	0.361562
9269	0.366010
9271	0.103665
9312	0.045464
9323	0.101541
9329	0.038699
9330	0.089284
9331	0.145175
9356	0.008429
9376	0.102342
9394	0.164782
9424	0.036346
9428	-0.137590
9429	-0.110079
9496	-0.079960
9536	-0.083027
9543	-0.254243
9589	-0.148721
9614	-0.080969
9615	0.198556
9617	0.189931
9631	0.142016
9661	-0.144884
9668	0.323022
9718	0.107244
9728	-0.035043
9734	0.024006
9788	0.120769
9791	-0.048432
9793	0.030914
9804	-0.072708
9809	-0.008588
9810	0.024549
9823	0.157290
9828	-0.324291
9907	0.229804
9951	-0.015827
9968	0.059808
9969	-0.097500
10010	0.002953
10011	-0.020728
10012	-0.025418
10018	-0.031393
10021	-0.161638
10022	0.257028
10031	-0.091198
10032	0.041138
10033	-0.001653
10034	-0.067150
10035	0.026720
10039	0.056491
10044	0.006856
10045	-0.094343
10060	-0.019849
10065	-0.109644
10077	0.274533
10080	-0.046391
10130	-0.006143
10131	-0.265495
10149	-0.215384
10194	-0.198022
10197	-0.028638
10221	-0.009165
10226	0.052710
10232	-0.033698
10233	-0.233550
10263	0.093171
10264	-0.035705
10274	0.006093
10286	0.106298
10292	0.591897
10299	0.111149
10302	-0.020913
10324	0.002371
10355	-0.114554
10358	0.069669
10362	0.183612
10366	0.301283
10368	-0.098430
10370	-0.286886
10392	-0.319431
10405	-0.014748
10406	-0.333742
10409	0.192505
10419	0.085958
10420	-0.016508
10424	-0.008648
10434	-0.047653
10455	0.072243
10478	-0.023594
10480	-0.242531
10484	-0.049017
10510	0.058407
10519	-0.255136
10520	-0.055693
10524	-0.004563
10578	0.213844
10630	-0.028636
10643	-0.118168
10645	0.023261
10677	-0.120677
10678	-0.217224
10690	-0.010733
10717	-0.069395
10718	0.022247
10719	-0.424503
10721	0.118118
10723	-0.111584
10735	-0.024442
10736	0.128271
10829	-0.270185
10837	-0.180591
10846	-0.148717
10921	0.044946
10922	0.016620
10923	0.137805
10924	0.072014
10964	0.126573
10978	0.084835
11017	0.251334
11018	0.440316
11019	-0.110045
11032	0.020759
11034	0.093248
11035	0.161938
11036	-0.023656
11052	0.052678
11056	-0.001547
11060	0.287931
11063	0.068325
11064	0.040973
11068	0.061396
11069	0.079314
11090	-0.336750
11098	0.026034
11099	0.118788
11100	0.020352
11105	0.153414
11109	0.031829
11122	-0.169503
11123	-0.135603
11125	-0.150075
11126	0.302487
11149	0.162309
11153	0.019057
11188	0.138919
11193	0.129821
11230	-0.277036
11233	-0.043834
11236	0.299621
11243	-0.037276
11251	0.014711
11259	0.052782
11263	-0.136789
11272	0.248378
11321	-0.238163
11322	0.088428
11326	-0.146675
11327	0.123280
11335	0.097151
11337	0.037811
11343	0.040401
11390	0.001768
11444	0.255014
11464	-0.173044
11471	-0.209195
11472	-0.130757
11473	0.199721
11492	0.005086
11499	0.119763
11500	0.000825
11505	-0.150567
11527	0.346914
11528	0.211258
11532	-0.021761
11564	0.095648
11589	0.252277
11591	-0.089481
11592	-0.030535
11599	0.138001
11605	-0.275282
11617	0.187708
11630	0.244122
11631	-0.270560
11632	0.597515
11656	-0.322842
11657	-0.075121
11777	0.128482
11786	0.035860
11812	0.027119
12020	0.301334
12061	-0.273266
12115	-0.174140
12154	-0.152990
12155	-0.178004
12156	-0.307905
12159	-0.273559
12174	-0.080614
12176	0.025210
12230	-0.026935
12234	0.023732
12236	0.084580
12237	-0.305622
12250	0.318032
12252	0.051186
12253	0.011683
12315	-0.147220
12381	-0.168925
12382	-0.031114
12438	-0.239466
12455	0.126654
12462	-0.161833
12478	0.076380
12603	0.035263
12711	-0.233071
12714	-0.119310
12716	0.195414
12754	-0.103619
12785	0.071951
12788	-0.062921
12792	-0.166323
12898	-0.096778
12944	-0.307325
12949	0.511745
13062	-0.522517
13099	-0.080575
13160	0.116698
13198	0.041643
13239	-0.011764
13249	-0.016884
13262	-0.024164
13263	-0.429177
13272	-0.141185
13273	0.142031
13277	-0.064313
13305	-0.074336
13342	-0.233367
13343	-0.231632
13345	0.825397
13351	-0.366824
13357	-0.047274
13427	0.009289
13436	-0.056825
13455	-0.090641
13528	0.462428
13532	0.112818
13553	-0.072902
13566	-0.045436
13651	-0.080725
13653	-0.053465
13675	0.036089
13676	-0.023390
13677	-0.016537
13678	0.009493
13681	0.058886
13688	-0.197097
13697	0.034785
13705	-0.107342
13708	0.015030
13737	-0.013965
13760	-0.167547
13923	0.162803
13927	0.259267
13995	0.097516
14002	-0.237060
14003	0.085119
14021	-0.029470
14034	0.454769
14064	0.473737
14110	-0.251221
14155	-0.079863
14203	0.106820
14208	-0.220805
14340	0.151492
14356	-0.340233
14389	-0.086830
14499	-0.023277
14625	-0.078623
14632	0.311093
14637	-0.251645
14641	-0.327930
14685	0.160207
14694	0.013667
14695	-0.181891
14699	-0.261447
14700	0.098653
14749	-0.025839
14760	0.220569
14790	-0.145141
14791	-0.254341
14796	0.052305
14797	-0.004197
14891	0.033884
14927	0.086604
15099	0.257058
15182	0.058571
15243	0.170541
15245	0.166505
15254	0.058051
15322	0.115977
15327	0.064325
15463	0.135159
15496	0.048430
15499	0.150206
15502	-0.119959
15514	-0.003834
15566	-0.146115
15580	0.416655
15583	0.128560
15586	-0.000979
15601	-0.200810
15621	0.317932
15780	0.034878
15869	0.634027
16082	-0.321530
16281	0.478228
16293	-0.150965
16300	0.098744
16304	0.348501
16360	-0.178598
16361	-0.109208
16367	0.083445
16432	0.121035
16433	0.178496
16438	0.116426
16446	0.296631
16453	0.248644
16463	0.346981
16466	0.113911
16477	-0.062760
16482	-0.044010
16605	-0.082937
16606	0.649830
16635	-0.119718
16638	0.232107
16655	0.347868
16673	0.228183
16676	-0.111881
16677	-0.173693
16678	-0.119535
16808	-0.010693
16829	-0.055429
17150	-0.099737
17182	0.353183
17199	0.470798
17273	-0.125630
17431	0.130111
17466	-0.423765
17472	-0.138328
17485	-0.008110
17585	-0.142506
17620	-0.078501
17647	0.300786
17690	-0.019938
17772	-0.273149
18410	0.088625
19647	0.323300
21458	0.007365
21885	0.062005
21973	0.078044
21976	-0.095319
21977	-0.006587
22084	0.092252
23475	-0.026130
23754	0.019370
23764	0.122380
24372	-0.225958
24918	-0.151250
24944	-0.011333
25022	-0.132544
25140	-0.002288
26484	0.164318
27764	0.054235
28424	-0.107761
28845	-0.037075
29861	0.144739
30684	0.000071
31288	-0.195786
31704	-0.157552
32421	0.757734
32520	-0.094654
32893	-0.040148
34340	-0.272719
35227	-0.225668
35334	-0.204412
36499	-0.085811
36843	-0.068591
36844	0.005482
36955	-0.131170
36970	-0.201088
39336	-0.070156
39353	-0.220289
40538	-0.131418
40541	-0.014790
40542	-0.095455
40599	-0.035947
40601	0.030202
40602	0.007464
40656	-0.028967
40657	0.064910
42157	-0.030027
42203	0.083348
42204	0.124252
42851	-0.227174
43061	-0.005241
44144	0.079009
45195	0.369291
47030	-0.076791
47285	0.132001
47317	-0.069829
47457	0.052738
47460	-0.037347
48147	-0.083338
48297	-0.115631
48474	-0.031791
48696	-0.112364
49516	0.105878
49630	0.080602
49927	-0.522749
50199	0.297948
50249	0.053287
50259	0.039527
50904	-0.070483
53231	-0.106770
53471	-0.024925
53531	-0.003930
53986	-0.246512
55057	-0.033700
56431	0.057115
56432	0.064513
56466	0.314087
56478	0.548807
56621	-0.218163
57644	-0.163885
57756	-0.190467
58783	-0.179786
59657	0.127196
59715	0.131739
64825	-0.538532
64947	-0.027513
65950	0.280964
70102	0.347178
75003	0.611621
75099	0.630020
75742	-0.185517
75823	0.501550
75824	-0.003114
78157	0.549994
78181	0.289673
78191	0.123416
80479	-0.118784
80480	0.118345
80715	0.142134
80719	0.044907
80750	0.018990
81231	0.041575
84436	-0.137077
84780	-0.138117
84844	-0.090023
85002	0.101211
85003	-0.498799
85659	-0.410627
85663	-0.092629
85710	-0.013525
92185	0.264091
96142	0.898017
96144	0.603092
96482	0.294476
98871	-0.137174
