# 1342 minima projected onto PC74
Min	PC
3	-0.009489
4	-0.011559
5	-0.013533
6	-0.062987
7	0.064132
9	-0.025066
16	-0.039927
17	0.021598
21	0.039429
23	-0.057674
31	-0.066547
44	0.082272
47	-0.039627
48	0.004927
51	0.004660
52	-0.032386
55	0.072048
56	0.039077
57	0.055439
58	0.002466
60	0.092310
67	0.010940
68	-0.006958
71	-0.061456
72	-0.120138
74	0.038676
79	0.009611
82	-0.044005
85	0.061566
86	-0.073122
87	-0.034257
88	-0.030162
91	-0.036932
92	-0.037352
94	-0.003900
95	0.027779
97	-0.005993
104	0.154708
106	-0.044996
109	-0.018247
111	-0.024043
115	0.367142
120	0.061719
126	-0.034822
129	-0.086748
136	-0.042567
137	0.066927
188	0.089585
189	-0.018443
196	0.006792
199	-0.024434
200	0.007046
202	0.020790
211	-0.146756
213	-0.140796
214	-0.030249
219	-0.034060
221	0.113701
276	-0.045608
279	-0.011514
283	0.010016
295	0.034764
308	-0.002059
312	-0.036091
315	0.137326
318	0.078064
319	-0.000296
321	0.091351
324	-0.004540
328	-0.031362
334	-0.019651
336	0.373314
338	0.064105
347	-0.114070
351	-0.095205
352	0.019281
354	0.064002
357	0.001244
359	0.013529
362	-0.005888
364	0.067009
365	0.068923
368	0.049143
376	0.058492
377	0.084295
380	-0.037191
386	-0.011728
388	-0.027837
390	0.003097
396	-0.030233
404	-0.019800
410	0.036368
413	0.092221
420	-0.082332
423	-0.037021
424	-0.029527
437	-0.031743
438	0.079159
444	0.107334
452	-0.003423
473	-0.041983
474	-0.053423
475	-0.031031
476	0.046698
478	-0.024835
479	-0.036429
480	-0.047334
483	-0.060907
503	-0.018333
508	-0.005115
509	-0.067282
530	-0.118023
536	0.033605
556	0.000219
581	0.011757
583	0.045565
603	-0.007310
606	-0.022076
607	0.030272
620	0.109241
628	-0.132646
636	0.025284
637	-0.042761
639	-0.044814
640	0.168246
644	0.005045
645	-0.033163
677	-0.030208
678	0.099839
679	-0.029536
682	0.115650
698	-0.060427
700	0.001926
710	-0.009352
722	0.014505
723	-0.134912
724	-0.030915
725	0.067691
726	-0.126233
747	-0.014906
753	-0.008789
755	0.010567
757	-0.013277
765	-0.079283
782	-0.046273
783	-0.034178
793	-0.015675
808	0.006221
814	-0.162988
840	0.075531
848	-0.100048
859	0.067009
864	-0.064854
867	-0.071707
878	0.087745
888	-0.000705
890	-0.171237
892	-0.001368
899	-0.049334
918	0.044811
926	0.135261
933	0.078313
934	0.042112
981	0.027412
1028	-0.059577
1034	-0.037684
1051	0.027313
1054	0.033463
1058	-0.148013
1062	0.213518
1063	-0.079652
1064	-0.005446
1066	-0.033739
1068	-0.116224
1073	0.036092
1082	-0.033920
1083	-0.137245
1086	0.012037
1089	-0.085205
1090	-0.070190
1091	-0.052054
1092	0.014369
1164	-0.044401
1165	0.057772
1174	0.051527
1176	-0.058211
1184	0.079503
1191	0.046696
1192	0.069013
1201	-0.061831
1230	-0.049142
1339	0.010591
1341	0.083171
1370	0.025495
1385	0.014592
1405	0.277736
1437	-0.084903
1441	-0.084175
1443	0.025991
1521	-0.041676
1522	-0.153399
1523	-0.081501
1524	-0.071970
1525	-0.038355
1541	0.060770
1542	-0.055280
1550	0.141895
1551	0.026643
1596	-0.084182
1597	0.098048
1628	0.035155
1629	0.043633
1633	-0.038374
1636	0.044528
1637	0.171414
1765	0.136702
1766	0.018911
1780	-0.049101
1862	0.088493
1865	-0.007053
1870	0.039533
1885	0.189595
1910	-0.037933
1911	0.038376
2007	0.051364
2060	-0.006336
2062	0.195223
2090	-0.106915
2093	-0.014701
2094	0.001843
2095	-0.033511
2096	0.076808
2100	-0.015207
2101	0.028015
2102	0.053592
2103	0.004210
2104	0.031286
2105	0.080585
2128	-0.078303
2129	0.009259
2135	-0.091963
2190	-0.110696
2195	-0.065293
2197	-0.067325
2198	-0.107720
2199	0.036750
2200	-0.016148
2201	0.094421
2202	-0.174503
2205	0.008567
2217	0.057547
2218	0.113139
2221	0.065281
2272	0.088078
2273	-0.023698
2275	0.021556
2288	0.212637
2293	-0.028014
2298	0.042212
2299	-0.030511
2300	0.120046
2301	-0.048658
2338	0.019736
2342	-0.033858
2343	0.085468
2358	0.110589
2384	0.016254
2385	-0.006877
2399	-0.027227
2435	-0.109812
2436	-0.030308
2465	0.048813
2467	0.111622
2468	-0.113306
2469	0.002206
2470	0.023859
2471	-0.102384
2474	0.204437
2620	0.056683
2650	0.026386
2651	0.064858
2685	0.060700
2688	-0.095521
2730	0.099239
2843	0.029021
2951	-0.174815
2959	-0.103896
3236	0.007318
3305	-0.063527
3318	0.005532
3340	0.026568
3352	0.084878
3355	0.166280
3356	0.058389
3365	0.025743
3366	-0.031865
3367	0.007831
3368	0.079783
3401	-0.005866
3405	0.190984
3434	-0.074612
3448	-0.084385
3454	-0.008437
3481	0.020475
3495	-0.040009
3504	-0.062028
3532	-0.003115
3540	0.019337
3549	0.071556
3550	0.001864
3569	0.164219
3595	0.048084
3596	0.084541
3603	-0.019402
3621	0.008041
3622	-0.140265
3647	-0.067567
3649	-0.001192
3651	0.009518
3652	0.002510
3723	-0.104832
3757	0.010913
3772	0.061049
3787	0.152214
3798	-0.074723
3799	-0.179403
3889	-0.001494
3897	-0.084670
3898	0.018735
3904	-0.032173
3945	-0.097934
3990	0.058073
4024	-0.055422
4039	0.063209
4048	-0.114521
4050	-0.073731
4076	-0.041825
4094	-0.161204
4170	-0.055134
4251	-0.148629
4252	-0.146915
4299	-0.052536
4302	-0.097636
4318	-0.009519
4319	0.093025
4320	0.019828
4360	-0.102987
4388	0.091899
4414	-0.030585
4426	-0.080470
4446	0.026856
4527	-0.006994
4545	-0.036084
4546	-0.007948
4554	-0.109753
4564	-0.038087
4567	-0.073327
4634	-0.047703
4693	-0.027864
4736	0.015812
4761	-0.003681
4879	0.006944
5071	-0.089400
5138	0.010952
5164	-0.019751
5182	0.070009
5183	-0.039112
5184	0.040359
5187	-0.095898
5188	-0.107222
5189	-0.020642
5193	-0.018946
5194	0.017958
5195	-0.024596
5197	0.084421
5203	0.086093
5205	0.047755
5212	0.091346
5213	0.101197
5222	0.014970
5223	-0.152675
5228	0.017499
5232	0.038375
5244	0.086754
5245	0.054565
5246	0.029009
5248	0.008520
5292	0.094062
5293	0.096090
5299	-0.106354
5300	0.033365
5315	0.033510
5316	0.016709
5319	-0.036510
5320	0.045295
5321	-0.008617
5322	0.073773
5323	0.026061
5324	0.094383
5325	-0.151009
5329	0.278202
5342	0.082704
5343	-0.055581
5374	-0.166759
5376	0.019716
5378	0.066484
5379	0.125100
5382	0.019157
5390	0.038799
5398	-0.086322
5402	0.063956
5404	0.039360
5407	-0.058143
5408	0.065466
5409	-0.103206
5411	-0.016379
5412	-0.050171
5413	-0.019773
5416	-0.027473
5418	-0.212653
5422	0.010496
5425	-0.010596
5427	0.022599
5428	0.097527
5432	0.027017
5436	0.014975
5443	-0.076333
5444	-0.119831
5458	-0.084249
5462	0.025878
5465	-0.008558
5468	-0.068894
5471	0.015892
5480	-0.067200
5481	-0.098570
5485	0.030958
5486	0.068481
5488	-0.025728
5489	0.018208
5495	-0.048416
5513	-0.078277
5515	-0.038484
5516	0.006575
5521	-0.077618
5527	-0.080450
5528	-0.097178
5536	0.032020
5537	-0.019013
5547	-0.005505
5565	0.101850
5573	-0.274596
5579	-0.071076
5583	0.016559
5586	-0.011216
5589	0.053164
5590	-0.208996
5593	-0.116849
5599	0.066379
5604	-0.321290
5605	-0.078765
5606	-0.166853
5625	-0.162504
5649	0.062600
5656	0.030388
5657	-0.203610
5658	0.011302
5686	-0.109458
5695	0.005475
5705	0.099282
5706	0.078383
5716	-0.078508
5717	-0.138978
5718	0.018325
5719	-0.123503
5720	0.000985
5724	-0.064692
5738	-0.060072
5742	0.044804
5750	-0.027821
5751	0.162347
5756	0.019814
5761	0.142552
5768	0.004080
5773	-0.062580
5792	-0.102249
5793	0.022588
5794	-0.117712
5806	-0.005837
5811	0.147233
5812	0.135754
5813	0.043239
5814	0.083536
5821	-0.017782
5823	0.034980
5825	0.080560
5831	-0.024607
5832	0.024319
5833	-0.019635
5847	0.019970
5849	-0.240583
5851	0.108781
5854	0.175821
5858	0.041022
5862	0.092667
5875	-0.003006
5876	0.185109
5903	0.034594
5910	0.034004
5912	0.104158
5913	0.362736
5925	-0.070250
5926	0.028652
5927	0.036665
5928	-0.075117
5930	-0.153540
5931	-0.180383
5933	0.014477
5934	-0.026369
5937	0.185413
5939	-0.173029
5940	-0.290993
5941	-0.053888
5943	-0.030993
5963	0.097569
5964	-0.098399
5965	-0.111574
5966	-0.121425
5968	0.072110
5969	0.222695
5970	0.208688
5971	0.150421
5975	-0.122640
6006	-0.072877
6011	0.054055
6017	0.069730
6019	-0.095156
6022	0.050142
6032	-0.222380
6095	-0.023842
6115	-0.055342
6116	-0.162025
6119	-0.039302
6127	-0.030273
6128	-0.177988
6130	0.034639
6140	0.062574
6141	0.101876
6147	0.040387
6148	0.034359
6163	0.056276
6164	0.065393
6170	0.002890
6171	-0.048807
6177	0.026764
6184	-0.019341
6200	-0.017836
6204	-0.054143
6206	-0.020754
6223	0.029431
6240	-0.041127
6245	0.070512
6253	0.044228
6267	0.022638
6269	-0.163032
6290	0.057664
6303	-0.234591
6317	0.027801
6343	-0.150780
6350	-0.175151
6360	-0.265412
6367	0.001689
6383	-0.088369
6389	0.122692
6397	0.057301
6398	-0.141286
6406	0.010751
6407	-0.064614
6412	-0.057523
6413	-0.133284
6434	0.062311
6435	0.017217
6460	-0.028171
6463	-0.038759
6464	0.057516
6489	0.002366
6507	-0.069388
6510	0.186357
6516	0.100110
6518	-0.158345
6522	0.028905
6523	0.119119
6524	0.006686
6525	-0.055360
6531	-0.118967
6536	0.010219
6575	-0.064878
6584	0.022644
6585	-0.183015
6586	0.070767
6594	-0.006584
6595	0.035887
6610	0.045623
6612	-0.020167
6615	0.067690
6624	-0.016107
6628	-0.012667
6649	-0.168586
6698	0.175974
6706	0.047858
6718	0.103531
6719	-0.098410
6722	0.078054
6770	-0.033982
6780	0.147030
6781	-0.012804
6794	-0.139582
6795	-0.211147
6796	-0.209473
6799	0.109238
6809	-0.006227
6837	-0.076458
6838	-0.100538
6839	0.013619
6846	0.008474
6865	0.078475
6869	-0.024747
6870	0.099789
6871	-0.050476
6873	0.025665
6876	-0.003838
6885	0.072629
6895	-0.059222
6896	-0.192540
6897	-0.104644
6900	-0.025900
6903	-0.085759
6906	0.048075
6916	-0.166475
6917	-0.187546
6918	-0.118323
6919	-0.061288
6938	0.009276
6941	-0.057151
6942	-0.096764
6943	0.053197
6944	0.031038
6948	0.048254
6953	0.025149
6957	0.072017
6958	0.051889
6970	-0.062480
6971	0.000057
6976	0.087512
6977	0.028915
6990	0.108457
7014	-0.016763
7015	-0.114823
7016	-0.021374
7018	-0.065704
7019	-0.005682
7042	0.032376
7053	0.254483
7066	-0.127842
7067	0.107637
7083	-0.160277
7092	0.082568
7100	-0.134790
7103	-0.049822
7110	-0.150890
7111	0.008903
7112	-0.069927
7113	-0.058204
7116	-0.050151
7119	0.064113
7120	-0.048981
7121	0.042517
7122	-0.081360
7140	-0.027164
7143	0.849941
7157	0.152168
7165	-0.061631
7175	0.063838
7178	0.139403
7206	0.150401
7207	0.210913
7217	0.009102
7218	0.073988
7221	-0.022275
7227	-0.073652
7230	-0.038215
7236	-0.069211
7239	0.189005
7242	-0.167906
7260	0.288401
7268	0.141164
7269	0.004427
7304	0.025614
7326	-0.139578
7327	-0.182779
7336	-0.030107
7342	0.030768
7346	0.076463
7348	-0.067840
7355	-0.016204
7361	0.017880
7372	0.061935
7387	0.056949
7422	-0.045105
7423	-0.030032
7425	-0.022141
7436	0.030969
7442	-0.203993
7446	-0.109805
7448	-0.113899
7453	0.026758
7463	-0.038813
7492	0.061937
7493	0.240950
7494	0.074846
7495	0.099009
7518	-0.038178
7520	0.102517
7540	-0.099623
7546	-0.153185
7556	-0.034093
7559	-0.029970
7560	-0.057860
7561	-0.027370
7564	0.014799
7575	-0.066441
7583	0.019092
7585	-0.060276
7586	0.082294
7599	0.128899
7600	-0.183813
7606	0.113027
7614	-0.129073
7617	-0.056380
7622	0.027866
7629	0.067499
7637	-0.090758
7640	-0.065089
7657	-0.091289
7665	-0.147605
7666	0.010189
7667	0.044901
7668	0.012108
7669	-0.094349
7670	0.236460
7671	0.051397
7681	0.109752
7683	-0.084343
7684	0.017054
7696	-0.211788
7722	-0.038210
7723	-0.055174
7799	0.112113
7852	0.007837
7859	0.029591
7860	0.048913
7861	0.030556
7865	0.172085
7875	-0.074930
7876	-0.056103
7895	0.022961
7913	-0.206526
7917	-0.265995
7952	-0.029607
7969	0.343286
7971	0.091932
8000	0.061782
8002	-0.086153
8006	0.124793
8036	-0.028526
8056	-0.044037
8069	-0.057025
8103	-0.063672
8107	-0.047389
8120	-0.051502
8122	-0.204680
8125	0.065606
8127	-0.031386
8136	-0.101886
8149	-0.162480
8154	-0.086219
8197	0.099219
8208	0.279659
8223	0.067087
8232	0.200932
8241	-0.097757
8256	-0.041549
8262	-0.107831
8266	0.147265
8267	-0.076349
8268	-0.037106
8269	-0.052721
8271	-0.013268
8273	-0.037033
8280	-0.045181
8284	0.046476
8303	-0.014926
8304	0.021288
8305	0.048942
8308	0.069611
8332	-0.023712
8333	-0.188860
8334	-0.225557
8338	-0.117144
8363	-0.068958
8370	-0.036824
8398	0.211898
8465	-0.018227
8468	-0.118406
8469	-0.035302
8470	-0.065313
8507	-0.137889
8552	0.104054
8572	-0.087020
8574	0.011440
8577	-0.035594
8586	-0.100477
8592	-0.115965
8593	-0.060672
8594	0.056919
8597	0.087831
8599	-0.109202
8606	0.217192
8607	0.072821
8615	-0.078694
8617	-0.055430
8626	-0.052573
8636	0.084797
8669	-0.014034
8671	0.120723
8673	0.012544
8675	0.165013
8790	-0.048387
8791	-0.108794
8811	0.203682
8822	-0.049497
8841	0.046753
8849	0.093304
8856	-0.096548
8875	-0.069651
8884	0.102836
8906	-0.093190
8907	0.030672
8910	0.006698
8911	0.093511
8912	0.028160
8913	0.210919
8934	0.037364
8935	-0.012913
8954	-0.055856
8968	-0.023096
8972	-0.007437
9001	0.187642
9029	-0.127592
9032	0.276494
9058	0.107906
9059	-0.055757
9068	0.122793
9070	-0.059497
9108	0.040557
9139	0.022587
9140	0.056484
9158	-0.018739
9187	-0.293156
9188	-0.034038
9189	-0.014240
9190	-0.088858
9253	-0.038681
9259	0.080782
9268	-0.186728
9269	-0.001035
9271	-0.010145
9312	-0.096746
9323	0.070668
9329	-0.014206
9330	-0.067698
9331	0.031012
9356	0.115844
9376	-0.018056
9394	-0.018234
9424	0.176014
9428	0.055064
9429	0.032112
9496	0.083141
9536	0.031016
9543	-0.264647
9589	-0.162846
9614	-0.114272
9615	0.030105
9617	-0.117282
9631	-0.156415
9661	0.162632
9668	0.116902
9718	0.126168
9728	-0.033159
9734	0.051823
9788	0.044676
9791	0.122153
9793	0.084589
9804	-0.075592
9809	0.092608
9810	0.040537
9823	-0.178940
9828	-0.033012
9907	0.081274
9951	-0.037454
9968	-0.002749
9969	0.119032
10010	-0.061381
10011	0.030009
10012	-0.072420
10018	-0.115787
10021	-0.165942
10022	0.005168
10031	-0.077805
10032	0.012993
10033	-0.022969
10034	0.029418
10035	-0.023801
10039	0.112611
10044	0.086803
10045	0.078426
10060	0.036236
10065	-0.097637
10077	0.127877
10080	-0.038824
10130	-0.004098
10131	-0.034607
10149	-0.157107
10194	0.010466
10197	-0.082478
10221	0.019141
10226	-0.146895
10232	0.081585
10233	0.003866
10263	0.140080
10264	0.039855
10274	0.086546
10286	0.095041
10292	-0.003128
10299	0.057622
10302	-0.091707
10324	0.101389
10355	0.100699
10358	0.065429
10362	0.120761
10366	0.052260
10368	-0.069248
10370	0.088119
10392	-0.009995
10405	0.059150
10406	0.207618
10409	-0.039592
10419	-0.016674
10420	0.011417
10424	-0.084614
10434	0.022020
10455	0.007124
10478	0.089510
10480	0.069563
10484	0.069870
10510	0.105172
10519	0.347159
10520	-0.098679
10524	0.071484
10578	-0.283194
10630	0.111395
10643	-0.060225
10645	0.052714
10677	-0.034771
10678	0.055048
10690	-0.057195
10717	0.025450
10718	-0.071635
10719	0.226407
10721	0.074194
10723	-0.145438
10735	0.094753
10736	-0.109475
10829	0.062343
10837	0.203396
10846	0.048781
10921	0.108710
10922	0.200718
10923	0.163865
10924	0.074879
10964	-0.191907
10978	-0.101008
11017	0.230815
11018	0.311885
11019	-0.064082
11032	0.125051
11034	-0.058035
11035	0.062951
11036	0.005222
11052	-0.117637
11056	-0.122244
11060	0.077925
11063	-0.037938
11064	-0.195204
11068	-0.082052
11069	0.040638
11090	0.038887
11098	0.053048
11099	-0.058973
11100	-0.124324
11105	0.034822
11109	-0.101167
11122	0.236799
11123	0.072813
11125	-0.001988
11126	-0.100134
11149	-0.011504
11153	0.009033
11188	-0.041315
11193	0.015582
11230	0.039883
11233	0.009013
11236	0.097481
11243	-0.096508
11251	0.178773
11259	0.009654
11263	-0.012958
11272	0.265002
11321	0.098799
11322	0.112105
11326	0.139281
11327	0.043301
11335	-0.077280
11337	0.082150
11343	0.119714
11390	-0.022301
11444	0.068339
11464	0.101972
11471	0.171247
11472	0.090330
11473	0.091125
11492	-0.177182
11499	-0.138971
11500	-0.005778
11505	0.250060
11527	-0.020351
11528	-0.058338
11532	0.050925
11564	0.010394
11589	0.045053
11591	-0.084265
11592	0.070753
11599	0.087285
11605	0.044197
11617	-0.081585
11630	-0.042201
11631	-0.347501
11632	-0.242190
11656	-0.035723
11657	-0.209798
11777	-0.153779
11786	0.094369
11812	-0.241221
12020	0.063706
12061	0.206086
12115	0.214393
12154	-0.142724
12155	0.182944
12156	-0.013456
12159	0.019593
12174	-0.015079
12176	0.066466
12230	0.083329
12234	0.053498
12236	-0.019458
12237	-0.008392
12250	0.288430
12252	0.059984
12253	-0.002006
12315	0.086627
12381	-0.089807
12382	0.043908
12438	-0.257304
12455	-0.064270
12462	-0.093948
12478	0.182661
12603	0.070899
12711	0.005514
12714	-0.055711
12716	0.092858
12754	0.027256
12785	0.114141
12788	0.066054
12792	0.092320
12898	-0.026735
12944	-0.208587
12949	-0.106679
13062	-0.015421
13099	0.235655
13160	-0.074210
13198	-0.000949
13239	0.029134
13249	0.230250
13262	-0.046842
13263	0.090247
13272	-0.209925
13273	-0.088339
13277	-0.074517
13305	-0.131312
13342	0.100570
13343	0.193693
13345	0.107564
13351	0.126196
13357	-0.005939
13427	0.051692
13436	0.013315
13455	0.203379
13528	0.001145
13532	-0.250077
13553	-0.053719
13566	-0.057280
13651	0.076115
13653	0.073841
13675	0.240449
13676	0.111525
13677	0.172568
13678	0.154809
13681	0.194727
13688	-0.072439
13697	0.028443
13705	0.213418
13708	0.114927
13737	-0.212826
13760	-0.069722
13923	0.138284
13927	0.235400
13995	-0.005313
14002	-0.071999
14003	-0.105355
14021	-0.272633
14034	0.002734
14064	0.028849
14110	0.155425
14155	0.051379
14203	-0.031780
14208	0.099253
14340	-0.103953
14356	-0.217550
14389	-0.049333
14499	-0.014186
14625	0.037770
14632	-0.034997
14637	0.124992
14641	0.097921
14685	-0.122863
14694	-0.033737
14695	-0.050138
14699	0.040908
14700	0.030947
14749	0.046312
14760	0.033075
14790	-0.033682
14791	0.036148
14796	-0.161215
14797	0.002486
14891	-0.140791
14927	0.018738
15099	-0.072435
15182	0.335114
15243	-0.042031
15245	-0.030146
15254	0.088144
15322	-0.016773
15327	0.156520
15463	-0.178962
15496	0.009954
15499	-0.000709
15502	-0.005369
15514	-0.237348
15566	-0.066993
15580	-0.025912
15583	0.073412
15586	-0.304244
15601	-0.097340
15621	0.058183
15780	-0.257951
15869	-0.019532
16082	-0.040418
16281	0.055535
16293	0.177410
16300	-0.328206
16304	-0.096369
16360	0.174923
16361	0.013809
16367	-0.030297
16432	0.442047
16433	0.295985
16438	0.039743
16446	-0.097281
16453	0.091844
16463	0.207416
16466	-0.047014
16477	-0.127990
16482	0.181070
16605	0.123120
16606	-0.024453
16635	-0.097421
16638	0.121584
16655	0.063559
16673	0.149352
16676	-0.047984
16677	0.049513
16678	0.060970
16808	0.141812
16829	0.044004
17150	-0.017134
17182	-0.009916
17199	-0.021150
17273	0.116557
17431	-0.037867
17466	0.105891
17472	0.086022
17485	0.016308
17585	-0.012918
17620	0.019736
17647	0.487986
17690	0.034993
17772	-0.164830
18410	0.030167
19647	-0.185535
21458	-0.132773
21885	-0.149401
21973	-0.023007
21976	-0.091644
21977	-0.094127
22084	-0.095852
23475	0.056131
23754	-0.154451
23764	0.192683
24372	-0.030896
24918	-0.041154
24944	-0.046425
25022	-0.005154
25140	0.063921
26484	-0.169523
27764	0.108342
28424	-0.240412
28845	0.159065
29861	0.210168
30684	0.001122
31288	-0.044412
31704	-0.109863
32421	-0.015505
32520	-0.244113
32893	-0.023838
34340	-0.321982
35227	0.128917
35334	-0.063317
36499	-0.040068
36843	-0.040239
36844	-0.007636
36955	-0.077280
36970	-0.087078
39336	-0.069258
39353	0.058731
40538	0.137075
40541	0.007740
40542	-0.109381
40599	-0.294897
40601	-0.018318
40602	0.129075
40656	0.140864
40657	0.081887
42157	-0.086299
42203	0.005133
42204	-0.125267
42851	0.022821
43061	-0.049435
44144	-0.056048
45195	-0.027915
47030	-0.112241
47285	0.248755
47317	-0.006766
47457	-0.097042
47460	-0.274718
48147	0.031385
48297	-0.286898
48474	0.012295
48696	0.158927
49516	0.169782
49630	0.074511
49927	-0.073724
50199	0.246514
50249	-0.094868
50259	0.066968
50904	-0.219803
53231	0.097872
53471	0.052102
53531	-0.016321
53986	0.009453
55057	-0.086832
56431	-0.007210
56432	0.058092
56466	-0.142833
56478	-0.083074
56621	-0.166934
57644	-0.098923
57756	-0.181505
58783	0.040849
59657	-0.002986
59715	0.372118
64825	0.125110
64947	0.034075
65950	-0.037769
70102	0.068261
75003	0.198177
75099	0.234949
75742	-0.458941
75823	-0.174491
75824	-0.074794
78157	-0.007096
78181	0.100660
78191	-0.082949
80479	-0.020318
80480	0.060109
80715	-0.028856
80719	0.037436
80750	0.172376
81231	-0.330108
84436	0.097411
84780	0.133786
84844	-0.019512
85002	-0.094204
85003	-0.015942
85659	0.000954
85663	-0.013641
85710	0.038387
92185	-0.009526
96142	-0.167649
96144	-0.013728
96482	-0.280185
98871	-0.049237
