# 1342 minima projected onto PC109
# Min	PC
3	-0.009181
4	-0.006305
5	0.012901
6	-0.000738
7	-0.004528
9	0.032500
16	-0.005354
17	-0.008002
21	-0.014201
23	0.016416
31	0.008813
44	0.007829
47	-0.001455
48	0.001819
51	-0.037753
52	-0.037185
55	0.001005
56	0.031727
57	0.001611
58	0.044554
60	-0.016060
67	0.017953
68	-0.009236
71	0.011247
72	0.010127
74	-0.015581
79	0.091272
82	0.022999
85	-0.012075
86	-0.014216
87	-0.002936
88	0.006598
91	0.001194
92	0.015523
94	-0.007909
95	-0.002927
97	0.023315
104	0.035862
106	-0.014252
109	0.024978
111	-0.006238
115	0.072302
120	-0.001234
126	0.097805
129	-0.001002
136	0.030801
137	-0.015894
188	-0.000732
189	-0.004201
196	0.026927
199	0.004383
200	-0.040867
202	-0.003849
211	-0.011957
213	0.028621
214	-0.004144
219	0.007733
221	0.002104
276	0.001998
279	-0.042412
283	0.014105
295	-0.010668
308	0.001499
312	0.012297
315	-0.080187
318	-0.039375
319	-0.016988
321	-0.011611
324	-0.007156
328	-0.011447
334	0.001323
336	-0.004607
338	0.004979
347	-0.002541
351	0.077302
352	0.008997
354	0.023256
357	0.007787
359	0.002125
362	-0.003436
364	-0.014090
365	-0.018623
368	-0.003262
376	0.015394
377	-0.002296
380	-0.002146
386	-0.012033
388	-0.005238
390	-0.008702
396	0.000778
404	-0.011223
410	-0.013919
413	-0.004726
420	0.000180
423	0.018349
424	0.012707
437	0.005117
438	0.032340
444	-0.020580
452	0.014095
473	0.002188
474	0.009532
475	0.002873
476	-0.009349
478	-0.010110
479	0.012327
480	-0.004833
483	0.072717
503	-0.009342
508	-0.011431
509	0.005775
530	-0.005160
536	0.002049
556	-0.011357
581	0.006241
583	0.006993
603	0.001402
606	-0.004572
607	0.008643
620	-0.001064
628	0.035211
636	0.019617
637	-0.011906
639	-0.014137
640	-0.007659
644	0.004230
645	-0.016989
677	0.014142
678	0.003054
679	0.050504
682	0.006405
698	-0.003384
700	-0.006989
710	-0.001934
722	-0.009000
723	-0.003858
724	0.004852
725	0.003028
726	-0.010006
747	-0.048649
753	-0.001176
755	-0.015300
757	-0.011018
765	-0.012519
782	0.003501
783	-0.000452
793	0.012658
808	-0.013650
814	-0.023477
840	0.008474
848	-0.024040
859	0.008010
864	0.012490
867	0.001094
878	0.001382
888	0.001510
890	0.020562
892	-0.007283
899	-0.006626
918	-0.011848
926	0.001692
933	0.015969
934	0.012645
981	0.000425
1028	-0.005619
1034	-0.015146
1051	-0.031924
1054	-0.012351
1058	0.023659
1062	-0.034322
1063	0.031908
1064	-0.020497
1066	-0.003056
1068	0.015178
1073	-0.014491
1082	-0.013528
1083	-0.003013
1086	-0.003769
1089	-0.029498
1090	-0.035875
1091	-0.026297
1092	0.036927
1164	-0.008590
1165	-0.001275
1174	-0.022814
1176	-0.021612
1184	-0.016934
1191	0.004045
1192	0.002081
1201	0.022686
1230	-0.006295
1339	0.005889
1341	-0.022743
1370	-0.004354
1385	-0.075115
1405	-0.007250
1437	-0.007910
1441	-0.019906
1443	-0.007434
1521	-0.004459
1522	0.039272
1523	0.009038
1524	-0.028499
1525	0.015517
1541	0.010788
1542	-0.002571
1550	-0.000399
1551	0.001111
1596	0.005966
1597	-0.013710
1628	0.002299
1629	-0.012944
1633	0.009801
1636	0.005290
1637	-0.055664
1765	0.018864
1766	0.031157
1780	0.003841
1862	-0.002037
1865	-0.003411
1870	-0.018258
1885	-0.015433
1910	0.004465
1911	-0.007586
2007	-0.008074
2060	0.031670
2062	-0.012304
2090	-0.018804
2093	-0.020067
2094	-0.000639
2095	0.028209
2096	-0.015264
2100	0.006912
2101	0.013048
2102	-0.014277
2103	0.009976
2104	-0.016985
2105	0.011196
2128	-0.025442
2129	0.009008
2135	0.015318
2190	-0.005917
2195	-0.019614
2197	-0.037435
2198	-0.017430
2199	-0.012183
2200	-0.013053
2201	-0.004382
2202	-0.004044
2205	-0.006234
2217	-0.006073
2218	0.073731
2221	-0.004314
2272	0.004788
2273	0.000880
2275	-0.023432
2288	0.044152
2293	0.000662
2298	-0.010816
2299	-0.002205
2300	-0.008029
2301	-0.018219
2338	0.011997
2342	0.023431
2343	-0.001313
2358	0.038656
2384	-0.001149
2385	-0.005121
2399	-0.015050
2435	-0.019569
2436	0.024390
2465	-0.013562
2467	-0.013288
2468	-0.028201
2469	-0.008265
2470	-0.017079
2471	-0.030850
2474	-0.012475
2620	0.014791
2650	-0.005885
2651	-0.002158
2685	0.048103
2688	-0.010148
2730	0.003991
2843	-0.002184
2951	0.020699
2959	-0.008287
3236	0.013770
3305	0.011989
3318	0.015052
3340	0.018829
3352	-0.005973
3355	-0.022792
3356	-0.016212
3365	0.013836
3366	0.010523
3367	-0.016471
3368	-0.026985
3401	0.003784
3405	-0.023096
3434	0.019828
3448	0.022912
3454	-0.006814
3481	-0.009036
3495	-0.036548
3504	-0.004817
3532	0.018548
3540	0.036264
3549	0.011580
3550	0.020181
3569	0.035340
3595	-0.027751
3596	-0.002150
3603	0.008814
3621	-0.014974
3622	0.002609
3647	-0.011017
3649	-0.002636
3651	0.016852
3652	0.000620
3723	-0.009512
3757	0.014193
3772	0.011942
3787	-0.001555
3798	-0.022389
3799	0.034167
3889	0.010425
3897	-0.013888
3898	-0.007972
3904	-0.019425
3945	0.002795
3990	-0.022325
4024	-0.000222
4039	0.004065
4048	0.020564
4050	0.031436
4076	-0.007317
4094	-0.011890
4170	0.005170
4251	-0.031508
4252	-0.001375
4299	0.004235
4302	-0.031121
4318	-0.039189
4319	-0.002961
4320	-0.020686
4360	0.012995
4388	-0.000426
4414	-0.010179
4426	-0.018449
4446	-0.026254
4527	0.014227
4545	-0.001781
4546	-0.002061
4554	-0.009618
4564	0.004845
4567	-0.010068
4634	-0.013398
4693	-0.038636
4736	0.007809
4761	0.001894
4879	0.003392
5071	-0.027068
5138	-0.007844
5164	-0.005689
5182	0.008824
5183	-0.035613
5184	0.011068
5187	0.007836
5188	0.027498
5189	0.009430
5193	0.017217
5194	0.013147
5195	0.010877
5197	-0.080271
5203	-0.019216
5205	0.032402
5212	-0.004723
5213	-0.007660
5222	0.038535
5223	0.036215
5228	-0.000839
5232	0.022054
5244	0.002086
5245	0.003463
5246	0.016530
5248	0.015836
5292	0.020053
5293	-0.071657
5299	0.071578
5300	0.009756
5315	0.005469
5316	-0.007936
5319	0.006433
5320	0.005121
5321	-0.013322
5322	0.026790
5323	0.019880
5324	-0.005925
5325	0.007661
5329	0.048457
5342	-0.025419
5343	0.004171
5374	-0.040942
5376	0.023866
5378	-0.003913
5379	0.001111
5382	0.000214
5390	-0.006357
5398	0.024000
5402	0.000070
5404	0.013033
5407	-0.000932
5408	0.023848
5409	-0.008359
5411	0.020161
5412	0.036042
5413	0.008511
5416	-0.016944
5418	-0.018966
5422	0.009385
5425	-0.001668
5427	-0.003802
5428	-0.001951
5432	-0.051641
5436	0.013316
5443	0.026723
5444	0.033931
5458	0.056991
5462	-0.001891
5465	-0.010963
5468	-0.008072
5471	-0.006590
5480	0.010680
5481	0.010096
5485	-0.035148
5486	-0.043197
5488	-0.002623
5489	0.009640
5495	-0.027668
5513	0.003030
5515	-0.003739
5516	0.009841
5521	-0.003710
5527	-0.024592
5528	0.010658
5536	0.005505
5537	-0.004372
5547	0.006857
5565	-0.002623
5573	-0.021992
5579	-0.004800
5583	-0.009303
5586	0.044270
5589	-0.022162
5590	-0.002543
5593	0.003453
5599	-0.017710
5604	-0.012305
5605	0.021960
5606	0.057672
5625	0.003389
5649	0.004518
5656	0.011383
5657	0.007040
5658	-0.004304
5686	0.002914
5695	-0.030167
5705	0.051069
5706	0.002070
5716	-0.005462
5717	0.001840
5718	-0.000694
5719	0.007359
5720	-0.049697
5724	0.025440
5738	0.029956
5742	0.056239
5750	0.007697
5751	0.009787
5756	-0.000761
5761	0.037615
5768	0.008446
5773	-0.009914
5792	0.008286
5793	-0.026721
5794	0.006303
5806	0.003310
5811	0.001034
5812	-0.003629
5813	0.007368
5814	0.008602
5821	-0.000015
5823	0.036026
5825	-0.002666
5831	0.004298
5832	0.003900
5833	-0.011137
5847	0.013352
5849	-0.013374
5851	-0.042841
5854	-0.022756
5858	0.032630
5862	0.012425
5875	0.007564
5876	-0.006652
5903	0.003082
5910	0.041518
5912	0.002073
5913	-0.019739
5925	0.020930
5926	0.008520
5927	0.018264
5928	-0.025804
5930	-0.019983
5931	-0.016990
5933	-0.020028
5934	0.002319
5937	-0.030951
5939	-0.094368
5940	0.043894
5941	0.002665
5943	0.009223
5963	0.003047
5964	0.004573
5965	-0.001853
5966	0.002557
5968	0.003232
5969	0.014839
5970	0.009506
5971	0.002824
5975	-0.024841
6006	0.004187
6011	-0.020955
6017	-0.002220
6019	-0.002495
6022	-0.003854
6032	0.028909
6095	-0.017134
6115	-0.049258
6116	0.009377
6119	-0.001444
6127	0.006968
6128	0.002340
6130	-0.022021
6140	-0.003191
6141	0.009823
6147	0.008691
6148	0.007596
6163	0.015192
6164	-0.007034
6170	0.001789
6171	0.005211
6177	0.007745
6184	-0.007415
6200	-0.006192
6204	0.036194
6206	-0.019035
6223	0.010055
6240	-0.029979
6245	-0.000558
6253	0.007705
6267	0.077349
6269	-0.028168
6290	0.094255
6303	0.007849
6317	0.036630
6343	0.008902
6350	-0.013123
6360	-0.032320
6367	-0.079822
6383	-0.014441
6389	-0.039978
6397	0.032661
6398	-0.004579
6406	0.007190
6407	-0.154747
6412	0.017479
6413	-0.009658
6434	-0.017937
6435	-0.017086
6460	0.009780
6463	0.004335
6464	-0.005586
6489	0.023045
6507	-0.004864
6510	0.017223
6516	0.004307
6518	0.053738
6522	0.027032
6523	0.004933
6524	0.027648
6525	0.024519
6531	-0.000429
6536	-0.005686
6575	-0.022682
6584	0.004804
6585	-0.022794
6586	-0.006000
6594	-0.013838
6595	-0.011301
6610	0.018287
6612	-0.023136
6615	-0.005874
6624	-0.031363
6628	-0.029569
6649	-0.008007
6698	-0.034730
6706	0.008749
6718	0.012429
6719	-0.004239
6722	0.004029
6770	0.002632
6780	-0.002334
6781	-0.018480
6794	-0.023529
6795	-0.013686
6796	-0.033619
6799	0.008539
6809	0.023549
6837	0.005577
6838	-0.001448
6839	-0.051117
6846	-0.034568
6865	0.009097
6869	0.050298
6870	-0.001655
6871	0.044239
6873	-0.001008
6876	0.013840
6885	0.009368
6895	-0.015400
6896	-0.001439
6897	-0.006102
6900	-0.002362
6903	-0.009986
6906	-0.028035
6916	-0.038347
6917	0.018487
6918	0.000589
6919	0.041691
6938	-0.006325
6941	0.001545
6942	0.014669
6943	0.014750
6944	0.004643
6948	0.022291
6953	0.029000
6957	-0.007079
6958	-0.000994
6970	0.016190
6971	0.002079
6976	-0.029346
6977	-0.002596
6990	-0.010005
7014	-0.004034
7015	0.004089
7016	-0.015697
7018	0.033606
7019	0.018615
7042	0.027739
7053	-0.019603
7066	-0.000983
7067	-0.064429
7083	-0.031031
7092	0.008850
7100	-0.004424
7103	-0.000076
7110	0.008253
7111	-0.021493
7112	-0.022778
7113	0.006156
7116	0.002103
7119	-0.028104
7120	0.012254
7121	-0.031568
7122	-0.007721
7140	0.005421
7143	-0.110691
7157	0.006554
7165	0.008354
7175	-0.010666
7178	-0.005519
7206	0.016341
7207	-0.011693
7217	-0.000121
7218	-0.015045
7221	-0.021832
7227	0.007500
7230	-0.014797
7236	-0.007253
7239	0.028067
7242	0.009680
7260	0.022715
7268	0.011410
7269	0.006611
7304	-0.017303
7326	-0.001952
7327	-0.041388
7336	-0.005324
7342	-0.016802
7346	0.002539
7348	0.043477
7355	-0.005093
7361	-0.024161
7372	-0.013158
7387	0.031411
7422	0.026460
7423	-0.014535
7425	-0.028327
7436	-0.009291
7442	-0.038481
7446	-0.040585
7448	0.020143
7453	-0.002462
7463	0.014795
7492	0.035256
7493	-0.018497
7494	-0.030888
7495	-0.025814
7518	-0.026783
7520	0.006405
7540	-0.017864
7546	-0.018697
7556	-0.007489
7559	-0.027175
7560	0.006840
7561	-0.032787
7564	-0.009400
7575	0.003498
7583	0.000610
7585	-0.011228
7586	0.012992
7599	-0.014329
7600	0.071527
7606	-0.018635
7614	-0.017311
7617	-0.022242
7622	0.004297
7629	0.006973
7637	-0.016017
7640	-0.017510
7657	-0.034447
7665	-0.034681
7666	0.010348
7667	-0.030781
7668	-0.017265
7669	0.002974
7670	-0.033577
7671	0.007568
7681	0.020070
7683	-0.036363
7684	-0.021467
7696	-0.004806
7722	-0.015878
7723	-0.025446
7799	0.035321
7852	-0.018866
7859	0.012817
7860	-0.020341
7861	0.007706
7865	0.020949
7875	-0.014005
7876	0.025642
7895	-0.016231
7913	-0.022997
7917	0.009569
7952	-0.033460
7969	0.010467
7971	0.001654
8000	0.019179
8002	0.001766
8006	-0.026388
8036	0.015089
8056	0.020461
8069	-0.121165
8103	-0.014998
8107	-0.000429
8120	0.005178
8122	0.010695
8125	-0.019098
8127	0.048140
8136	-0.015258
8149	-0.002062
8154	0.026901
8197	-0.002754
8208	0.020210
8223	0.054749
8232	-0.032648
8241	-0.007886
8256	-0.004785
8262	-0.008977
8266	0.008908
8267	0.028335
8268	-0.010589
8269	-0.024183
8271	-0.002537
8273	-0.003802
8280	-0.017763
8284	-0.023298
8303	-0.000903
8304	-0.003942
8305	0.002758
8308	-0.029443
8332	0.038457
8333	0.014778
8334	-0.050239
8338	0.052978
8363	0.008773
8370	-0.018808
8398	0.005821
8465	-0.000405
8468	0.022916
8469	-0.004939
8470	-0.012767
8507	-0.005274
8552	-0.011568
8572	-0.003702
8574	-0.016480
8577	-0.002294
8586	-0.039878
8592	-0.012532
8593	-0.008844
8594	-0.004213
8597	-0.006474
8599	0.001673
8606	0.045154
8607	0.023032
8615	-0.000126
8617	-0.004360
8626	0.013583
8636	-0.013691
8669	0.028518
8671	0.034386
8673	0.003641
8675	-0.023556
8790	0.000599
8791	0.008329
8811	-0.010674
8822	0.006361
8841	0.005575
8849	0.018041
8856	0.057328
8875	0.013159
8884	0.052953
8906	0.018603
8907	-0.010463
8910	-0.009329
8911	-0.139752
8912	0.043443
8913	0.002196
8934	-0.007200
8935	-0.010106
8954	-0.001703
8968	0.017007
8972	-0.018366
9001	0.014607
9029	-0.013178
9032	0.016930
9058	0.050618
9059	-0.009517
9068	0.001666
9070	-0.012548
9108	-0.021284
9139	0.000433
9140	0.017557
9158	0.010179
9187	-0.037716
9188	0.021505
9189	-0.006969
9190	0.028096
9253	-0.010120
9259	0.003802
9268	0.024130
9269	0.002240
9271	0.003503
9312	0.018913
9323	-0.002740
9329	-0.027623
9330	-0.037276
9331	0.005863
9356	0.008633
9376	-0.008468
9394	0.033390
9424	0.019775
9428	0.006179
9429	-0.002780
9496	0.025682
9536	-0.001038
9543	-0.013463
9589	0.007802
9614	0.051814
9615	0.007156
9617	-0.036992
9631	-0.008458
9661	0.011278
9668	0.050880
9718	0.028207
9728	0.015861
9734	0.031491
9788	0.006643
9791	-0.000368
9793	0.027479
9804	0.050384
9809	-0.016116
9810	-0.016249
9823	-0.020201
9828	-0.038523
9907	0.004516
9951	0.021742
9968	-0.000909
9969	0.015129
10010	0.030051
10011	0.053117
10012	0.017761
10018	0.004256
10021	0.030329
10022	0.000515
10031	0.025415
10032	0.026591
10033	0.009052
10034	0.022607
10035	0.021133
10039	0.023878
10044	0.009106
10045	0.037715
10060	-0.214972
10065	0.031741
10077	0.005882
10080	0.030814
10130	0.003478
10131	-0.005308
10149	-0.007779
10194	0.003668
10197	-0.000419
10221	-0.008975
10226	0.023949
10232	-0.024587
10233	-0.006817
10263	0.007247
10264	0.027632
10274	0.018087
10286	0.030760
10292	0.060956
10299	-0.008194
10302	0.014012
10324	0.003841
10355	0.010612
10358	0.026924
10362	-0.016491
10366	-0.008753
10368	-0.012754
10370	-0.052829
10392	0.021906
10405	-0.005620
10406	0.004811
10409	0.006441
10419	-0.007523
10420	-0.013555
10424	-0.009840
10434	0.018704
10455	0.007222
10478	0.007851
10480	-0.038528
10484	0.012202
10510	-0.003187
10519	0.069075
10520	0.008766
10524	-0.007511
10578	0.034185
10630	0.000949
10643	0.007709
10645	0.000109
10677	-0.011277
10678	-0.021115
10690	-0.019345
10717	-0.033380
10718	-0.027596
10719	-0.009348
10721	-0.011529
10723	-0.003397
10735	0.013277
10736	0.011349
10829	-0.014010
10837	-0.032344
10846	0.020865
10921	0.000147
10922	-0.004902
10923	0.007876
10924	0.007295
10964	0.020393
10978	-0.015736
11017	0.009532
11018	0.009276
11019	-0.016537
11032	-0.012223
11034	-0.010284
11035	-0.018436
11036	-0.006402
11052	-0.014248
11056	-0.002859
11060	0.042496
11063	0.015908
11064	-0.007547
11068	0.000181
11069	0.014411
11090	-0.015718
11098	-0.009481
11099	-0.024113
11100	0.004970
11105	0.017741
11109	-0.006562
11122	-0.010587
11123	-0.036915
11125	0.007318
11126	0.021164
11149	-0.013894
11153	0.011227
11188	0.006396
11193	-0.021858
11230	-0.027582
11233	-0.021405
11236	0.085159
11243	0.009008
11251	-0.026438
11259	-0.007992
11263	0.072178
11272	-0.009510
11321	-0.006260
11322	0.038909
11326	0.008860
11327	0.041705
11335	0.009558
11337	0.005311
11343	0.013584
11390	0.008811
11444	-0.021602
11464	0.019475
11471	-0.028536
11472	-0.008794
11473	-0.009589
11492	0.010683
11499	-0.024041
11500	0.022836
11505	0.020850
11527	0.006741
11528	0.037880
11532	0.002218
11564	-0.030350
11589	0.003936
11591	0.001157
11592	0.033227
11599	-0.007326
11605	-0.003357
11617	-0.045757
11630	0.026040
11631	0.027700
11632	0.054071
11656	-0.055412
11657	0.018769
11777	-0.016123
11786	-0.003270
11812	-0.026582
12020	0.004252
12061	0.008753
12115	0.004739
12154	0.013611
12155	-0.000233
12156	-0.026409
12159	-0.002882
12174	-0.011027
12176	0.000293
12230	0.001827
12234	-0.011252
12236	-0.016372
12237	0.003516
12250	-0.021392
12252	0.009976
12253	-0.008275
12315	-0.000524
12381	-0.017012
12382	-0.027573
12438	-0.024184
12455	-0.015262
12462	-0.019653
12478	-0.001462
12603	0.021969
12711	-0.035854
12714	-0.024020
12716	0.011662
12754	-0.012364
12785	0.022567
12788	-0.018685
12792	0.029172
12898	-0.020033
12944	-0.050359
12949	0.012294
13062	0.023806
13099	0.007658
13160	-0.006120
13198	0.029147
13239	0.028341
13249	-0.016613
13262	-0.003866
13263	0.012265
13272	-0.025988
13273	-0.071773
13277	0.004138
13305	0.094827
13342	0.020725
13343	0.028094
13345	-0.043518
13351	0.026332
13357	0.014717
13427	0.036722
13436	-0.020645
13455	0.021166
13528	-0.010827
13532	0.046406
13553	0.020339
13566	-0.004919
13651	-0.002147
13653	0.007366
13675	0.007861
13676	-0.012729
13677	0.008026
13678	-0.008026
13681	0.029739
13688	0.014720
13697	0.028749
13705	0.046700
13708	0.028009
13737	0.028798
13760	0.015296
13923	0.006799
13927	-0.006221
13995	-0.011683
14002	0.033524
14003	0.026487
14021	-0.013000
14034	0.004601
14064	-0.013778
14110	0.008400
14155	0.019938
14203	0.009163
14208	-0.006422
14340	-0.023492
14356	0.057488
14389	0.041242
14499	0.003433
14625	0.011628
14632	0.048492
14637	0.028228
14641	0.031470
14685	-0.010510
14694	-0.012816
14695	-0.016859
14699	0.032832
14700	0.011198
14749	-0.004438
14760	0.011579
14790	-0.012511
14791	-0.005945
14796	0.000533
14797	0.006779
14891	0.018128
14927	-0.028929
15099	0.005613
15182	0.045469
15243	0.027527
15245	-0.036482
15254	-0.018540
15322	0.015239
15327	-0.008140
15463	-0.022355
15496	-0.005605
15499	-0.037870
15502	-0.015207
15514	0.002599
15566	-0.021592
15580	-0.012917
15583	-0.016895
15586	-0.007039
15601	0.028991
15621	-0.002499
15780	0.007546
15869	0.014505
16082	0.039385
16281	-0.010402
16293	0.013220
16300	0.009717
16304	-0.006234
16360	0.025261
16361	0.024133
16367	0.020852
16432	-0.007830
16433	0.022068
16438	-0.000860
16446	0.005328
16453	0.012613
16463	-0.013352
16466	-0.002187
16477	-0.016663
16482	0.024552
16605	0.002616
16606	-0.079844
16635	0.004125
16638	-0.037611
16655	-0.024707
16673	-0.028189
16676	-0.018677
16677	-0.032073
16678	0.012604
16808	-0.034348
16829	-0.023892
17150	-0.027659
17182	0.017492
17199	-0.001697
17273	0.007426
17431	0.012801
17466	-0.006824
17472	-0.016080
17485	-0.004992
17585	0.010438
17620	0.003274
17647	0.042536
17690	0.029719
17772	-0.005732
18410	0.041642
19647	-0.033806
21458	0.042263
21885	-0.007393
21973	0.015654
21976	0.018106
21977	0.018593
22084	0.001838
23475	-0.003673
23754	0.038226
23764	-0.007629
24372	0.049718
24918	-0.091957
24944	0.016482
25022	-0.017618
25140	-0.045066
26484	0.009889
27764	0.017450
28424	0.001563
28845	-0.023725
29861	0.006385
30684	0.010227
31288	-0.027063
31704	0.007121
32421	0.006540
32520	-0.036299
32893	0.013564
34340	0.047048
35227	-0.024100
35334	0.004078
36499	0.052805
36843	0.017861
36844	0.032163
36955	0.024575
36970	0.028459
39336	-0.003061
39353	0.044977
40538	-0.000779
40541	-0.022033
40542	-0.036399
40599	0.031590
40601	-0.014664
40602	-0.010635
40656	-0.000777
40657	-0.016536
42157	0.007109
42203	-0.010883
42204	-0.004143
42851	-0.037080
43061	0.004705
44144	-0.025354
45195	-0.001353
47030	0.005557
47285	0.024749
47317	-0.010182
47457	0.001949
47460	-0.023169
48147	-0.025082
48297	-0.042418
48474	0.036909
48696	0.014929
49516	0.171499
49630	-0.001708
49927	-0.042488
50199	-0.056080
50249	0.022900
50259	0.027438
50904	-0.012949
53231	0.010793
53471	-0.003076
53531	0.004265
53986	0.001054
55057	-0.019158
56431	-0.031111
56432	-0.031914
56466	-0.041532
56478	-0.044033
56621	0.003088
57644	-0.002787
57756	-0.004736
58783	-0.012010
59657	0.006371
59715	-0.059857
64825	-0.022520
64947	-0.030679
65950	0.006361
70102	0.002507
75003	-0.038181
75099	-0.088291
75742	-0.038021
75823	-0.001286
75824	0.000139
78157	0.006656
78181	-0.019406
78191	0.008439
80479	0.022920
80480	0.011353
80715	0.009635
80719	0.007477
80750	-0.041745
81231	0.000730
84436	0.030298
84780	0.005068
84844	0.034849
85002	-0.017055
85003	0.013441
85659	-0.058622
85663	-0.000986
85710	0.011748
92185	-0.033566
96142	-0.019105
96144	-0.004670
96482	0.057256
98871	-0.013298
