# 1342 minima projected onto PC78
# Min	PC
3	0.074785
4	0.064018
5	-0.074696
6	-0.072797
7	-0.032864
9	0.072333
16	0.002183
17	-0.072351
21	0.034129
23	-0.014126
31	-0.004699
44	0.046822
47	0.062701
48	-0.050557
51	0.033622
52	-0.028320
55	-0.058926
56	0.144327
57	0.073261
58	0.057731
60	-0.103234
67	0.027099
68	0.061737
71	-0.046259
72	-0.067845
74	0.007441
79	-0.045952
82	-0.027775
85	-0.006802
86	0.054805
87	-0.043625
88	0.065999
91	-0.023944
92	0.050167
94	0.104063
95	0.009772
97	0.029207
104	0.117166
106	0.180903
109	0.087530
111	0.174903
115	-0.214703
120	0.027420
126	-0.069292
129	0.278284
136	0.009383
137	0.017546
188	0.033480
189	-0.036154
196	-0.002744
199	0.047026
200	0.048322
202	-0.009849
211	0.010004
213	-0.044421
214	0.045673
219	0.048647
221	0.131949
276	0.042041
279	0.095361
283	-0.029623
295	-0.031681
308	-0.048970
312	-0.010131
315	-0.108142
318	-0.090530
319	0.110644
321	0.009415
324	0.061891
328	-0.033209
334	-0.061613
336	-0.134590
338	-0.054276
347	-0.039109
351	-0.094741
352	0.021975
354	-0.023661
357	0.150425
359	-0.004776
362	-0.135169
364	-0.017831
365	-0.011420
368	-0.116265
376	-0.080307
377	-0.100592
380	-0.041626
386	-0.046549
388	0.030078
390	0.127864
396	0.058286
404	0.098012
410	-0.006078
413	0.077984
420	0.025611
423	0.028166
424	0.023836
437	0.017521
438	0.160308
444	-0.091580
452	-0.063557
473	0.054213
474	-0.017380
475	-0.058560
476	0.015342
478	-0.074315
479	-0.060809
480	-0.001064
483	-0.062040
503	0.164305
508	0.069452
509	0.264368
530	-0.045422
536	-0.089390
556	-0.019187
581	-0.077860
583	-0.039098
603	-0.047380
606	-0.060031
607	-0.080426
620	-0.019431
628	-0.048417
636	-0.076346
637	0.110504
639	-0.022037
640	-0.010495
644	0.057940
645	0.045703
677	-0.095722
678	0.082989
679	0.144149
682	0.075223
698	-0.025108
700	-0.004737
710	0.128823
722	-0.015010
723	0.008365
724	0.102639
725	0.006062
726	0.070831
747	0.009151
753	-0.095727
755	0.036038
757	-0.084373
765	-0.023177
782	-0.015278
783	0.055071
793	0.042885
808	-0.003696
814	0.103829
840	0.044939
848	-0.046481
859	-0.048025
864	-0.028353
867	-0.008817
878	-0.031635
888	0.045934
890	0.276435
892	-0.057278
899	-0.014151
918	-0.030831
926	-0.030148
933	0.015998
934	-0.026103
981	0.040378
1028	-0.003304
1034	0.043883
1051	-0.037536
1054	-0.134949
1058	-0.051569
1062	-0.120360
1063	-0.001569
1064	-0.104816
1066	0.017514
1068	-0.069872
1073	0.041794
1082	0.067243
1083	-0.009068
1086	-0.025081
1089	0.008828
1090	0.041204
1091	0.096099
1092	0.097585
1164	-0.087091
1165	0.122183
1174	-0.104476
1176	0.026682
1184	-0.114588
1191	-0.051230
1192	-0.013845
1201	-0.289230
1230	0.054766
1339	-0.013670
1341	-0.057122
1370	-0.034175
1385	0.161168
1405	0.177298
1437	-0.014055
1441	-0.023539
1443	0.030325
1521	0.100688
1522	0.094578
1523	-0.095605
1524	-0.089034
1525	-0.023332
1541	0.079564
1542	-0.004069
1550	0.046957
1551	-0.059142
1596	-0.037065
1597	0.006073
1628	0.091648
1629	0.038919
1633	-0.062361
1636	-0.020893
1637	0.165219
1765	0.035858
1766	0.072124
1780	0.009445
1862	0.177211
1865	0.100588
1870	0.153237
1885	0.200746
1910	-0.029691
1911	0.015986
2007	-0.020531
2060	0.119833
2062	0.108775
2090	0.099249
2093	0.085999
2094	0.103007
2095	-0.050949
2096	-0.084404
2100	0.026626
2101	0.067043
2102	0.058350
2103	0.039531
2104	0.034030
2105	0.004768
2128	0.097308
2129	0.113228
2135	0.071188
2190	-0.080781
2195	-0.001269
2197	-0.124777
2198	-0.086527
2199	-0.002799
2200	0.052337
2201	0.050275
2202	-0.045419
2205	0.057343
2217	-0.103600
2218	-0.354088
2221	-0.096350
2272	0.098789
2273	0.020973
2275	0.032035
2288	0.015874
2293	-0.062542
2298	-0.021730
2299	-0.084385
2300	-0.008585
2301	-0.000937
2338	-0.001764
2342	-0.061548
2343	-0.055623
2358	0.082689
2384	0.098230
2385	-0.018351
2399	-0.001812
2435	0.054052
2436	0.014158
2465	0.047686
2467	0.029312
2468	-0.114964
2469	-0.064977
2470	-0.059314
2471	-0.114539
2474	0.054393
2620	-0.086437
2650	0.090742
2651	-0.039744
2685	0.142512
2688	-0.063875
2730	0.026519
2843	0.032395
2951	0.024710
2959	0.059409
3236	0.015075
3305	-0.001711
3318	0.142124
3340	0.061619
3352	0.071491
3355	0.086142
3356	0.006028
3365	-0.074628
3366	-0.023592
3367	-0.009015
3368	-0.059407
3401	0.044102
3405	0.215887
3434	-0.051399
3448	-0.022709
3454	0.115761
3481	0.064774
3495	-0.028143
3504	-0.015209
3532	0.156416
3540	0.125242
3549	0.042812
3550	0.137882
3569	-0.047481
3595	0.200250
3596	0.064786
3603	0.038958
3621	0.008034
3622	-0.007732
3647	-0.061953
3649	0.026532
3651	0.015426
3652	0.008767
3723	0.052200
3757	0.032559
3772	0.068847
3787	0.149087
3798	-0.095225
3799	-0.022876
3889	-0.039609
3897	-0.022160
3898	-0.011160
3904	0.015222
3945	-0.044925
3990	0.042801
4024	0.022299
4039	-0.113264
4048	-0.011826
4050	-0.062817
4076	0.076203
4094	-0.069385
4170	-0.021953
4251	-0.028099
4252	-0.022269
4299	-0.066062
4302	-0.071087
4318	0.044019
4319	-0.167989
4320	0.090055
4360	-0.103946
4388	-0.068394
4414	0.048795
4426	0.009549
4446	0.008190
4527	0.018918
4545	0.038313
4546	0.051659
4554	0.019757
4564	-0.035041
4567	-0.010523
4634	0.062948
4693	0.056575
4736	0.048586
4761	0.042487
4879	0.079395
5071	-0.069048
5138	0.048914
5164	-0.046796
5182	0.150984
5183	0.156628
5184	-0.021950
5187	-0.086157
5188	-0.010780
5189	-0.124866
5193	0.084282
5194	0.145029
5195	-0.029088
5197	-0.016812
5203	0.020616
5205	0.065239
5212	0.007079
5213	-0.001113
5222	0.062788
5223	-0.003233
5228	0.144404
5232	-0.006322
5244	0.102039
5245	0.111736
5246	0.021023
5248	0.073019
5292	0.049662
5293	0.016826
5299	-0.162077
5300	0.136916
5315	-0.072562
5316	-0.159413
5319	-0.060572
5320	-0.078063
5321	-0.087375
5322	0.142868
5323	0.102333
5324	-0.108198
5325	-0.111579
5329	0.150449
5342	-0.024838
5343	-0.019765
5374	-0.035422
5376	-0.025211
5378	0.057362
5379	-0.014559
5382	0.004504
5390	0.168625
5398	-0.086515
5402	-0.070865
5404	0.019663
5407	-0.074178
5408	-0.073084
5409	0.029633
5411	-0.077351
5412	-0.154956
5413	-0.082388
5416	0.056482
5418	-0.000760
5422	-0.050959
5425	-0.195541
5427	-0.069288
5428	-0.068367
5432	-0.235920
5436	-0.065130
5443	-0.050051
5444	0.041796
5458	-0.082430
5462	0.138678
5465	-0.030230
5468	0.080265
5471	-0.000906
5480	0.061920
5481	0.087745
5485	-0.047756
5486	-0.052624
5488	-0.195125
5489	-0.106445
5495	-0.195332
5513	-0.057869
5515	-0.066689
5516	-0.078849
5521	-0.013374
5527	-0.077731
5528	-0.075300
5536	-0.047147
5537	-0.027915
5547	0.055982
5565	0.001236
5573	0.058407
5579	0.010222
5583	-0.107985
5586	-0.052344
5589	-0.004511
5590	0.093596
5593	-0.007259
5599	0.163002
5604	0.056678
5605	0.070365
5606	0.112707
5625	0.004423
5649	0.022847
5656	-0.028500
5657	-0.008493
5658	-0.004149
5686	-0.089751
5695	0.003653
5705	0.084340
5706	-0.005693
5716	0.048055
5717	-0.082639
5718	-0.007364
5719	-0.105193
5720	-0.020777
5724	-0.192294
5738	0.053049
5742	0.008282
5750	0.068455
5751	0.156647
5756	0.061923
5761	-0.033262
5768	0.105328
5773	-0.002347
5792	-0.023104
5793	0.025999
5794	-0.013721
5806	-0.153141
5811	-0.088793
5812	-0.071623
5813	-0.041972
5814	-0.030844
5821	-0.111590
5823	-0.121780
5825	-0.040911
5831	0.174254
5832	0.086406
5833	0.058542
5847	-0.011731
5849	0.077828
5851	-0.002889
5854	0.008154
5858	0.243542
5862	-0.061737
5875	-0.025101
5876	0.026942
5903	-0.011761
5910	-0.133596
5912	0.026366
5913	0.095421
5925	0.038729
5926	0.053495
5927	-0.034227
5928	0.063417
5930	0.073461
5931	0.042047
5933	0.059375
5934	0.006503
5937	0.157280
5939	0.024408
5940	0.317342
5941	-0.072477
5943	-0.118658
5963	-0.061434
5964	-0.006226
5965	0.003646
5966	-0.158260
5968	0.037401
5969	-0.035196
5970	-0.069591
5971	0.033413
5975	0.049670
6006	-0.066343
6011	-0.085554
6017	0.026889
6019	-0.041872
6022	0.067100
6032	0.431161
6095	0.000430
6115	-0.138846
6116	-0.140907
6119	-0.005906
6127	0.013076
6128	-0.049955
6130	0.086953
6140	0.001432
6141	0.103785
6147	-0.181564
6148	-0.193174
6163	0.011775
6164	0.070926
6170	0.069999
6171	0.035649
6177	0.062959
6184	0.057498
6200	0.040611
6204	-0.034167
6206	-0.013939
6223	-0.040031
6240	0.082456
6245	0.034462
6253	0.015160
6267	0.040822
6269	0.074426
6290	0.059382
6303	0.088711
6317	-0.034490
6343	0.022472
6350	-0.010156
6360	0.055543
6367	-0.046230
6383	0.008300
6389	-0.142783
6397	0.190847
6398	0.062553
6406	-0.082101
6407	-0.152358
6412	0.060332
6413	0.053141
6434	-0.008325
6435	-0.003527
6460	0.005465
6463	0.037594
6464	0.034434
6489	-0.013646
6507	-0.047663
6510	-0.053173
6516	-0.070156
6518	0.099673
6522	-0.233985
6523	-0.121888
6524	-0.048982
6525	0.041697
6531	0.290107
6536	-0.049140
6575	-0.117542
6584	0.001825
6585	-0.050133
6586	0.041927
6594	0.097562
6595	0.037767
6610	0.007743
6612	-0.161267
6615	-0.006757
6624	0.033027
6628	0.156583
6649	0.071521
6698	0.422032
6706	-0.156297
6718	0.099362
6719	-0.051671
6722	0.167838
6770	-0.049900
6780	0.026156
6781	0.001925
6794	-0.064846
6795	-0.197797
6796	-0.037164
6799	0.049193
6809	0.027088
6837	0.144040
6838	0.018165
6839	-0.075115
6846	-0.140793
6865	0.006830
6869	0.020392
6870	-0.122319
6871	-0.082552
6873	0.086734
6876	0.037250
6885	0.006313
6895	0.062003
6896	-0.062874
6897	-0.076157
6900	-0.007782
6903	0.023419
6906	0.015894
6916	0.073662
6917	-0.076335
6918	-0.013704
6919	-0.087583
6938	-0.061164
6941	-0.164676
6942	-0.008014
6943	0.002426
6944	0.136687
6948	0.044259
6953	-0.172931
6957	-0.048810
6958	-0.030581
6970	0.117543
6971	0.040801
6976	0.115111
6977	0.004528
6990	0.023232
7014	0.082169
7015	0.085243
7016	0.167597
7018	-0.025737
7019	-0.011796
7042	-0.021289
7053	0.039695
7066	-0.031665
7067	-0.135677
7083	0.004029
7092	-0.076603
7100	-0.009958
7103	0.055229
7110	-0.038202
7111	-0.137290
7112	-0.126940
7113	0.114023
7116	-0.110867
7119	-0.058358
7120	0.013487
7121	-0.021252
7122	-0.085894
7140	-0.083633
7143	0.196156
7157	0.011969
7165	0.126120
7175	-0.071686
7178	0.036308
7206	-0.190197
7207	-0.131016
7217	-0.146774
7218	-0.170515
7221	-0.136681
7227	0.041560
7230	-0.038671
7236	0.049798
7239	-0.131878
7242	0.000059
7260	-0.067286
7268	-0.044870
7269	-0.058571
7304	0.033484
7326	0.004377
7327	-0.014536
7336	-0.053543
7342	-0.067839
7346	0.077790
7348	-0.120846
7355	0.131165
7361	-0.263008
7372	-0.157229
7387	0.040265
7422	-0.000904
7423	-0.127689
7425	-0.000631
7436	0.041658
7442	0.120518
7446	-0.299828
7448	-0.041099
7453	0.035964
7463	0.037085
7492	0.533601
7493	-0.008691
7494	-0.004663
7495	-0.009610
7518	-0.059338
7520	0.153717
7540	-0.000416
7546	-0.051523
7556	0.025589
7559	0.072131
7560	-0.012947
7561	-0.205615
7564	-0.120812
7575	0.031272
7583	0.168262
7585	-0.047187
7586	-0.042511
7599	-0.087448
7600	-0.041791
7606	-0.155195
7614	0.012273
7617	-0.024064
7622	-0.124794
7629	0.102603
7637	0.014221
7640	-0.018203
7657	-0.097397
7665	-0.085397
7666	0.070509
7667	-0.099451
7668	0.112535
7669	0.140248
7670	0.042605
7671	0.012054
7681	0.147219
7683	-0.025766
7684	-0.014302
7696	-0.027370
7722	0.013705
7723	0.014920
7799	-0.123134
7852	0.016361
7859	0.029588
7860	0.049347
7861	-0.072201
7865	-0.193549
7875	-0.040364
7876	0.056981
7895	0.042747
7913	-0.050574
7917	-0.133335
7952	-0.185758
7969	-0.101851
7971	0.133635
8000	0.034436
8002	0.094697
8006	-0.124783
8036	0.154236
8056	0.108326
8069	-0.080028
8103	-0.199878
8107	0.009443
8120	0.031155
8122	0.008986
8125	-0.069148
8127	0.042320
8136	-0.050214
8149	0.009291
8154	0.038991
8197	-0.151155
8208	-0.256332
8223	0.133371
8232	-0.095837
8241	0.022102
8256	-0.087827
8262	0.024085
8266	-0.070351
8267	-0.065092
8268	-0.024097
8269	-0.052403
8271	-0.034398
8273	0.107038
8280	-0.088884
8284	-0.067516
8303	-0.104180
8304	-0.007033
8305	-0.062171
8308	-0.045376
8332	-0.018511
8333	-0.074842
8334	0.078517
8338	0.118551
8363	0.183060
8370	-0.075515
8398	0.007360
8465	0.224077
8468	-0.087551
8469	-0.031309
8470	-0.013773
8507	-0.047876
8552	0.004679
8572	0.083971
8574	0.073363
8577	0.081887
8586	0.065078
8592	-0.003631
8593	-0.032658
8594	-0.052862
8597	-0.154725
8599	-0.006807
8606	-0.027150
8607	0.040171
8615	-0.145448
8617	-0.133199
8626	0.044918
8636	-0.027365
8669	-0.039498
8671	-0.020693
8673	-0.003516
8675	-0.087306
8790	0.102482
8791	-0.014734
8811	-0.134448
8822	0.053075
8841	-0.020273
8849	0.039999
8856	0.021929
8875	0.024723
8884	-0.220144
8906	0.106200
8907	0.097975
8910	-0.047006
8911	0.164633
8912	0.036375
8913	-0.025214
8934	-0.024838
8935	0.038008
8954	0.172606
8968	0.015547
8972	-0.018639
9001	-0.175819
9029	-0.161786
9032	0.050123
9058	0.080659
9059	-0.062664
9068	-0.075293
9070	-0.080555
9108	-0.037380
9139	-0.106327
9140	-0.161984
9158	-0.116778
9187	-0.106164
9188	-0.045842
9189	-0.086238
9190	-0.042224
9253	0.070830
9259	0.049988
9268	0.004785
9269	0.088377
9271	0.023671
9312	0.024054
9323	0.090037
9329	0.074255
9330	0.017294
9331	0.071402
9356	0.026743
9376	0.039732
9394	0.023456
9424	-0.044282
9428	-0.015777
9429	-0.088148
9496	-0.090242
9536	-0.074174
9543	-0.095753
9589	0.041430
9614	0.117695
9615	-0.103313
9617	-0.227759
9631	-0.109396
9661	-0.028260
9668	0.128004
9718	0.081388
9728	0.060404
9734	-0.007997
9788	-0.031263
9791	0.027433
9793	0.014314
9804	0.016516
9809	-0.015349
9810	-0.066680
9823	0.106703
9828	-0.134929
9907	-0.098010
9951	0.056316
9968	0.074940
9969	0.013977
10010	0.017904
10011	0.056381
10012	0.013032
10018	-0.174885
10021	-0.018656
10022	0.101260
10031	0.013565
10032	0.025432
10033	-0.015755
10034	-0.043270
10035	-0.016893
10039	0.043103
10044	-0.090179
10045	0.048237
10060	-0.007912
10065	-0.148614
10077	-0.129587
10080	-0.098009
10130	0.019440
10131	0.091892
10149	0.051722
10194	-0.064495
10197	0.187942
10221	-0.033142
10226	-0.042488
10232	0.075466
10233	0.555893
10263	-0.092872
10264	-0.042769
10274	-0.069473
10286	-0.066166
10292	0.041620
10299	-0.009995
10302	-0.044672
10324	-0.162583
10355	0.111227
10358	-0.027720
10362	0.089724
10366	0.202985
10368	-0.119840
10370	-0.035176
10392	-0.034002
10405	-0.077179
10406	-0.080002
10409	-0.044563
10419	-0.067450
10420	0.102971
10424	0.015735
10434	0.146972
10455	0.030688
10478	-0.030854
10480	-0.015031
10484	0.032703
10510	0.099952
10519	0.149230
10520	-0.133479
10524	0.054555
10578	-0.037882
10630	-0.088595
10643	-0.023577
10645	0.040609
10677	0.131761
10678	0.081459
10690	0.132833
10717	0.056268
10718	0.091924
10719	0.015349
10721	0.027257
10723	0.008568
10735	-0.049649
10736	-0.091367
10829	0.095638
10837	-0.072819
10846	0.016423
10921	-0.104080
10922	0.003625
10923	0.047550
10924	0.035052
10964	0.074904
10978	0.021986
11017	0.050396
11018	0.107669
11019	0.133866
11032	0.049292
11034	-0.038530
11035	-0.007960
11036	0.014480
11052	-0.104298
11056	0.012780
11060	0.195305
11063	-0.010927
11064	-0.059130
11068	-0.062776
11069	-0.015136
11090	0.010334
11098	0.056759
11099	-0.035789
11100	0.012886
11105	-0.039428
11109	-0.082878
11122	-0.008051
11123	-0.025204
11125	0.050060
11126	0.034022
11149	-0.001328
11153	-0.049535
11188	0.158619
11193	-0.040091
11230	-0.033059
11233	-0.018602
11236	-0.107110
11243	0.081543
11251	0.040177
11259	0.089190
11263	-0.225967
11272	0.105728
11321	-0.011824
11322	0.117095
11326	0.147194
11327	0.099506
11335	-0.056433
11337	-0.076049
11343	0.018774
11390	-0.069467
11444	0.340402
11464	-0.099911
11471	-0.106759
11472	-0.076654
11473	-0.017511
11492	0.021397
11499	0.076353
11500	0.077052
11505	0.141207
11527	-0.145871
11528	-0.185934
11532	-0.066945
11564	0.055425
11589	-0.011308
11591	-0.092643
11592	-0.097782
11599	-0.019172
11605	0.102286
11617	0.126949
11630	0.005016
11631	0.040395
11632	-0.038767
11656	-0.131491
11657	0.053990
11777	0.298902
11786	0.083328
11812	-0.018265
12020	-0.003346
12061	-0.034831
12115	0.012911
12154	0.013112
12155	0.052303
12156	-0.000941
12159	0.029142
12174	-0.076661
12176	-0.047115
12230	0.045600
12234	-0.004269
12236	-0.000051
12237	-0.047702
12250	0.180983
12252	0.053495
12253	0.016496
12315	-0.010412
12381	-0.223396
12382	-0.067310
12438	0.063333
12455	-0.016548
12462	0.087634
12478	-0.076576
12603	-0.242695
12711	0.005762
12714	0.079823
12716	-0.052888
12754	0.105581
12785	-0.167438
12788	-0.345210
12792	-0.563215
12898	-0.043371
12944	0.036892
12949	-0.288470
13062	0.381954
13099	-0.040522
13160	-0.014370
13198	-0.016363
13239	0.000446
13249	0.025344
13262	-0.181012
13263	0.146975
13272	-0.005682
13273	-0.117814
13277	-0.007140
13305	-0.023132
13342	0.084256
13343	-0.016396
13345	-0.039379
13351	-0.027233
13357	-0.053843
13427	-0.063231
13436	0.094232
13455	0.023697
13528	-0.077180
13532	0.047322
13553	-0.020945
13566	0.103360
13651	-0.069866
13653	-0.107250
13675	0.121694
13676	0.056203
13677	0.046040
13678	0.083720
13681	0.118496
13688	-0.064895
13697	0.135656
13705	0.217474
13708	-0.032745
13737	0.052683
13760	-0.008179
13923	0.176904
13927	0.140570
13995	0.133007
14002	-0.157785
14003	-0.054825
14021	-0.024019
14034	-0.039198
14064	-0.010263
14110	0.042380
14155	0.001924
14203	-0.049408
14208	-0.006126
14340	-0.092842
14356	-0.051679
14389	-0.075572
14499	0.025302
14625	0.055793
14632	-0.003771
14637	0.156109
14641	0.081661
14685	-0.030326
14694	0.008175
14695	0.051560
14699	0.074148
14700	-0.111892
14749	0.009131
14760	-0.063736
14790	0.054774
14791	0.116338
14796	-0.073304
14797	0.072209
14891	-0.003045
14927	0.087098
15099	0.151919
15182	-0.093773
15243	0.084423
15245	0.113187
15254	-0.013858
15322	0.033023
15327	0.035493
15463	-0.077007
15496	-0.026884
15499	0.046288
15502	-0.025160
15514	-0.013475
15566	0.115343
15580	-0.036291
15583	-0.104355
15586	-0.005840
15601	-0.009721
15621	0.036153
15780	0.028841
15869	0.136898
16082	-0.016511
16281	-0.019585
16293	-0.205014
16300	-0.068456
16304	-0.065452
16360	0.088268
16361	-0.183992
16367	-0.032048
16432	-0.026969
16433	0.200178
16438	-0.119030
16446	-0.180583
16453	-0.228566
16463	0.234079
16466	-0.098066
16477	-0.145600
16482	0.068662
16605	-0.045782
16606	0.022989
16635	0.048326
16638	-0.154464
16655	0.090095
16673	-0.141026
16676	0.089288
16677	0.047879
16678	-0.002501
16808	0.086757
16829	0.104573
17150	0.108584
17182	0.002958
17199	-0.187912
17273	-0.004335
17431	-0.086681
17466	0.083639
17472	0.006103
17485	0.040244
17585	-0.014713
17620	-0.099793
17647	-0.153576
17690	0.071097
17772	0.030080
18410	0.130592
19647	0.101957
21458	-0.126768
21885	0.026777
21973	0.100205
21976	0.033810
21977	-0.027904
22084	0.121815
23475	0.071373
23754	0.111780
23764	0.036928
24372	-0.231106
24918	0.011026
24944	-0.050081
25022	-0.061422
25140	0.193254
26484	0.011896
27764	0.008374
28424	0.106925
28845	0.118576
29861	0.030954
30684	-0.178198
31288	-0.075126
31704	0.103484
32421	0.136797
32520	0.105321
32893	-0.033565
34340	0.041854
35227	0.032340
35334	-0.046879
36499	-0.181236
36843	-0.040453
36844	-0.070644
36955	0.089046
36970	0.056214
39336	0.196640
39353	-0.100039
40538	-0.015830
40541	-0.048182
40542	-0.053810
40599	-0.071539
40601	0.011366
40602	0.089714
40656	0.014370
40657	-0.006738
42157	0.048696
42203	-0.068463
42204	-0.043625
42851	-0.178570
43061	0.146962
44144	-0.072905
45195	-0.001652
47030	0.029080
47285	-0.255435
47317	-0.031547
47457	0.043260
47460	-0.019149
48147	-0.168318
48297	0.358973
48474	-0.088787
48696	-0.119548
49516	-0.032560
49630	-0.057235
49927	-0.058496
50199	-0.144430
50249	-0.418787
50259	-0.063819
50904	0.106370
53231	0.176971
53471	-0.151716
53531	0.020896
53986	-0.037267
55057	-0.095966
56431	-0.084887
56432	-0.097563
56466	-0.048566
56478	0.039363
56621	0.037416
57644	0.057839
57756	-0.014910
58783	-0.020494
59657	0.040210
59715	-0.280100
64825	0.200824
64947	-0.048403
65950	-0.098764
70102	-0.031532
75003	0.096508
75099	0.061235
75742	0.220885
75823	-0.022945
75824	-0.112570
78157	0.272626
78181	-0.037396
78191	-0.029565
80479	-0.000993
80480	0.178989
80715	0.031048
80719	0.096011
80750	-0.077462
81231	0.043929
84436	-0.027289
84780	-0.020422
84844	-0.059594
85002	-0.077261
85003	0.293874
85659	-0.134425
85663	-0.023543
85710	-0.131424
92185	-0.177735
96142	0.055617
96144	0.134334
96482	0.079023
98871	0.046468
