# 1342 minima projected onto PC42
Min	PC
3	0.304684
4	0.024072
5	0.028569
6	-0.147950
7	0.369100
9	-0.175230
16	-0.189929
17	-0.063076
21	0.294943
23	-0.378487
31	-0.466140
44	0.171314
47	-0.238850
48	0.026525
51	-0.077627
52	-0.277942
55	-0.115028
56	0.211444
57	0.268339
58	-0.122814
60	0.313370
67	0.236754
68	0.273161
71	0.430702
72	0.084675
74	0.110598
79	1.059612
82	-0.526751
85	0.036897
86	-0.105679
87	0.012075
88	0.075384
91	0.051794
92	-0.165891
94	-0.027020
95	0.097029
97	0.042796
104	-0.650384
106	-0.647181
109	0.081946
111	-0.446158
115	-0.297511
120	0.158261
126	0.820564
129	0.159528
136	0.937279
137	0.188111
188	0.198344
189	-0.097864
196	0.397180
199	0.019814
200	0.216861
202	-0.512385
211	-0.164663
213	-0.370603
214	0.555507
219	-0.239006
221	-0.025496
276	-0.008309
279	0.373674
283	0.100585
295	0.006969
308	-0.217276
312	-0.198776
315	-0.140205
318	-0.033974
319	0.146331
321	0.166999
324	0.154119
328	0.177731
334	0.210931
336	0.071726
338	-0.150670
347	-0.119761
351	0.150304
352	0.149639
354	0.121251
357	0.362987
359	0.353312
362	-0.252328
364	-0.245471
365	0.010412
368	0.075101
376	-0.176020
377	-0.021916
380	-0.181395
386	-0.121793
388	-0.091891
390	0.933161
396	0.339257
404	0.202905
410	-0.104555
413	0.366595
420	-0.521649
423	0.197869
424	0.067990
437	0.188251
438	0.345003
444	0.729607
452	0.463956
473	0.133032
474	0.116651
475	-0.392306
476	0.103470
478	-0.020035
479	0.095582
480	0.127034
483	0.349642
503	-0.662667
508	-0.023023
509	0.007896
530	0.055857
536	0.071165
556	-0.393534
581	0.036778
583	-0.274131
603	0.194383
606	-0.316344
607	-0.070040
620	0.326041
628	-0.498290
636	-0.062907
637	-0.191146
639	-0.334596
640	0.185563
644	0.306759
645	0.200211
677	-0.284609
678	-0.088070
679	0.258651
682	-0.079264
698	-0.110830
700	0.209095
710	0.775744
722	-0.142654
723	-0.227767
724	-0.097866
725	-0.447004
726	0.185634
747	0.651168
753	-0.485626
755	-0.659069
757	-0.175818
765	-0.530523
782	0.279613
783	-0.107638
793	0.605773
808	0.020783
814	-1.030423
840	-0.079161
848	-0.139902
859	0.121559
864	-0.021650
867	-0.261845
878	0.407509
888	0.368235
890	-0.074131
892	-0.059606
899	0.082323
918	0.843736
926	-0.025710
933	0.100793
934	0.020414
981	-0.096529
1028	-0.375008
1034	0.327344
1051	-0.027541
1054	-0.181733
1058	-0.701260
1062	0.199201
1063	-0.013340
1064	0.004762
1066	-0.094763
1068	-0.290294
1073	0.319554
1082	0.428811
1083	0.623621
1086	0.141627
1089	0.487801
1090	0.188242
1091	0.320140
1092	0.127682
1164	0.188973
1165	0.063577
1174	0.288291
1176	-0.037857
1184	-0.062238
1191	0.026832
1192	0.072605
1201	0.459816
1230	-0.247731
1339	0.185896
1341	-0.034602
1370	-0.023838
1385	0.251544
1405	-0.229527
1437	0.019495
1441	-0.323817
1443	-0.081982
1521	0.000609
1522	-0.008660
1523	0.413010
1524	0.292329
1525	0.194493
1541	-0.077154
1542	0.148496
1550	0.483540
1551	0.460924
1596	0.005632
1597	-0.142078
1628	-0.465896
1629	-0.020484
1633	0.179055
1636	-0.605239
1637	-0.847996
1765	0.360711
1766	0.107261
1780	-0.384371
1862	0.300819
1865	0.116656
1870	0.201479
1885	-0.133612
1910	0.019970
1911	0.250899
2007	0.358791
2060	-0.010937
2062	-0.255691
2090	-0.236310
2093	0.375545
2094	0.386827
2095	0.060380
2096	0.612930
2100	-0.149657
2101	0.034287
2102	-0.030479
2103	0.196822
2104	0.137887
2105	-0.056146
2128	-0.043775
2129	0.513215
2135	0.071437
2190	0.003277
2195	0.133899
2197	0.217384
2198	0.181660
2199	0.127021
2200	-0.286530
2201	-0.188765
2202	0.245917
2205	-0.222720
2217	0.204443
2218	-0.133024
2221	-0.115974
2272	0.222737
2273	0.104124
2275	0.359330
2288	-1.196107
2293	-0.291863
2298	0.188707
2299	-0.209326
2300	0.410069
2301	0.223110
2338	0.081176
2342	0.188850
2343	0.625500
2358	-0.143854
2384	-0.107237
2385	-0.153983
2399	-0.566569
2435	-0.444654
2436	0.330093
2465	0.053491
2467	-0.304886
2468	0.430414
2469	0.495795
2470	0.471116
2471	0.406196
2474	-0.168898
2620	0.391550
2650	0.026175
2651	-0.066999
2685	0.443243
2688	-0.246759
2730	-0.483997
2843	-0.263294
2951	-0.739408
2959	-0.021572
3236	0.120626
3305	0.665651
3318	0.088716
3340	-0.005939
3352	-0.226474
3355	-0.348935
3356	-0.910607
3365	0.348982
3366	0.369396
3367	-0.049104
3368	-0.112695
3401	-0.416953
3405	-0.011676
3434	0.054181
3448	-0.062914
3454	0.278131
3481	-0.271877
3495	0.067050
3504	-0.381556
3532	-0.112446
3540	-0.150663
3549	-0.381178
3550	-0.191133
3569	0.334950
3595	0.318337
3596	-0.106925
3603	0.724491
3621	-0.189935
3622	-0.011448
3647	-0.045929
3649	0.142866
3651	0.670995
3652	-0.232567
3723	-0.535839
3757	-0.409899
3772	0.009524
3787	0.543418
3798	-0.065332
3799	0.136464
3889	0.033592
3897	0.042454
3898	0.006381
3904	-0.126430
3945	-0.169517
3990	0.345362
4024	0.134590
4039	0.191297
4048	-0.318002
4050	-0.399664
4076	-0.329702
4094	-0.135373
4170	0.140596
4251	-0.129814
4252	-0.149384
4299	-0.150708
4302	-0.144007
4318	0.141884
4319	0.361818
4320	0.240083
4360	-0.040140
4388	0.043063
4414	0.068090
4426	0.115357
4446	0.301928
4527	-0.460845
4545	-0.168846
4546	-0.138389
4554	0.019443
4564	0.341513
4567	-0.182578
4634	-0.122014
4693	0.083993
4736	-0.120112
4761	0.515059
4879	0.042279
5071	-0.382562
5138	0.011501
5164	-0.316926
5182	0.070927
5183	0.101927
5184	0.330114
5187	0.049855
5188	0.211799
5189	0.391251
5193	0.449225
5194	0.403585
5195	-0.339559
5197	0.182805
5203	-0.081022
5205	-0.393004
5212	0.290681
5213	0.403977
5222	0.201959
5223	0.094260
5228	0.430503
5232	0.073173
5244	-0.109333
5245	-0.001991
5246	-0.193858
5248	-0.006376
5292	0.087870
5293	0.175122
5299	-0.266290
5300	-0.543163
5315	-0.119453
5316	-0.064743
5319	-0.058301
5320	-0.065171
5321	-0.067062
5322	-0.023491
5323	0.007439
5324	-0.244810
5325	-0.333337
5329	1.090011
5342	-0.101506
5343	0.088648
5374	0.096419
5376	0.378237
5378	-0.134018
5379	0.558489
5382	0.254940
5390	-0.132238
5398	0.465609
5402	-0.206884
5404	0.327123
5407	-0.342261
5408	-0.255258
5409	0.124252
5411	-0.137807
5412	0.015117
5413	-0.138920
5416	-0.852698
5418	0.447099
5422	0.262061
5425	-0.309274
5427	-0.324028
5428	0.054672
5432	-0.446165
5436	0.492945
5443	-0.472015
5444	0.077774
5458	-0.488693
5462	0.465308
5465	0.100255
5468	0.282544
5471	-0.222736
5480	0.008836
5481	0.323079
5485	0.625599
5486	0.348636
5488	0.331036
5489	0.196650
5495	0.254505
5513	0.323981
5515	-0.220894
5516	-0.465504
5521	0.341375
5527	0.040192
5528	0.157613
5536	0.243424
5537	0.279317
5547	0.305842
5565	-0.028779
5573	0.129557
5579	-0.463963
5583	0.005414
5586	-0.234449
5589	0.737566
5590	0.263800
5593	0.422112
5599	-0.928132
5604	-0.613459
5605	0.134822
5606	0.028307
5625	-0.493675
5649	-0.368339
5656	0.024966
5657	-0.142100
5658	0.146801
5686	-0.095483
5695	-0.412305
5705	-0.435115
5706	-0.035873
5716	0.096655
5717	0.180076
5718	0.202037
5719	0.080303
5720	-0.169935
5724	-0.476459
5738	-0.935011
5742	0.486333
5750	0.350993
5751	-0.081985
5756	-0.043489
5761	-0.376414
5768	0.195974
5773	0.269233
5792	-0.534005
5793	0.558492
5794	-0.234572
5806	0.336349
5811	0.121898
5812	-0.063339
5813	-0.067469
5814	0.110927
5821	0.526735
5823	0.085591
5825	0.325187
5831	0.102535
5832	0.030156
5833	-0.336756
5847	-0.225229
5849	0.245460
5851	-0.279724
5854	-0.946020
5858	0.254959
5862	-0.073445
5875	-0.193578
5876	-0.102723
5903	0.348643
5910	0.363187
5912	-0.330858
5913	-0.494832
5925	0.290101
5926	-0.311203
5927	0.629838
5928	0.468036
5930	-0.254194
5931	0.417791
5933	-0.389159
5934	-0.359613
5937	0.647804
5939	-0.009106
5940	0.035132
5941	0.239738
5943	0.129435
5963	0.148496
5964	-0.104413
5965	-0.049963
5966	0.603405
5968	-0.704537
5969	-0.083167
5970	-0.020100
5971	0.402494
5975	0.456512
6006	-0.353688
6011	0.319601
6017	-0.477979
6019	0.005869
6022	-0.616726
6032	-0.941014
6095	-0.246805
6115	0.137542
6116	0.565961
6119	-0.448123
6127	-0.342937
6128	0.014557
6130	0.078157
6140	-0.006087
6141	-0.342867
6147	-0.750401
6148	-0.484362
6163	-1.016399
6164	-0.219452
6170	-0.490947
6171	-0.252970
6177	-0.270543
6184	-0.796272
6200	-0.006861
6204	-0.461042
6206	-0.442009
6223	0.070545
6240	-0.417938
6245	-0.002183
6253	0.621767
6267	-0.215399
6269	-0.384348
6290	0.122747
6303	-0.289879
6317	0.234464
6343	0.059984
6350	-0.093144
6360	-0.117070
6367	0.040592
6383	0.241775
6389	-0.615416
6397	0.542101
6398	-0.037714
6406	-0.212314
6407	0.155868
6412	-0.090119
6413	0.202204
6434	-0.131899
6435	-0.048611
6460	0.174167
6463	-0.145493
6464	-0.297949
6489	0.378387
6507	0.147957
6510	-0.877944
6516	-0.204985
6518	-0.302578
6522	-0.274120
6523	-0.167779
6524	0.594059
6525	-0.179350
6531	-0.632007
6536	0.323167
6575	0.063160
6584	0.057438
6585	0.250091
6586	0.279223
6594	-0.276063
6595	0.558984
6610	-0.048760
6612	0.293839
6615	0.459926
6624	0.621886
6628	0.550526
6649	0.259391
6698	0.314785
6706	0.388175
6718	0.285744
6719	-0.268091
6722	-0.425288
6770	0.300662
6780	0.219723
6781	-0.282664
6794	0.026147
6795	-0.690776
6796	-0.046456
6799	0.659637
6809	0.085583
6837	0.114785
6838	-0.095874
6839	-0.775850
6846	-0.669952
6865	0.569358
6869	-0.147262
6870	0.228316
6871	-0.012351
6873	0.413919
6876	-0.060546
6885	0.271958
6895	0.045402
6896	0.028311
6897	0.249106
6900	0.356749
6903	0.108756
6906	-0.026812
6916	-0.358247
6917	0.552854
6918	-0.029996
6919	0.327819
6938	-0.170288
6941	-0.117936
6942	-0.051617
6943	0.017165
6944	0.052542
6948	-0.033061
6953	0.012071
6957	-0.018204
6958	0.076715
6970	0.112556
6971	-0.214388
6976	-0.606394
6977	-0.892034
6990	0.198517
7014	0.001633
7015	0.102200
7016	-0.389936
7018	-0.080384
7019	0.063225
7042	0.340406
7053	-0.078794
7066	0.334141
7067	-0.458975
7083	0.046518
7092	0.054343
7100	-0.090904
7103	-0.555165
7110	-0.029228
7111	-0.215875
7112	0.043592
7113	-0.363979
7116	0.101984
7119	0.104302
7120	-0.607501
7121	0.516908
7122	-0.143333
7140	0.610683
7143	0.262660
7157	-0.093758
7165	-0.545403
7175	-0.214159
7178	0.563375
7206	-0.243847
7207	0.036075
7217	-0.033939
7218	-0.116264
7221	0.292995
7227	-0.309407
7230	-0.340346
7236	0.371961
7239	0.273210
7242	0.237397
7260	0.275432
7268	-0.156788
7269	-0.123887
7304	-0.636864
7326	0.223614
7327	0.619733
7336	0.372030
7342	-0.170494
7346	0.225007
7348	0.233560
7355	0.081558
7361	0.534047
7372	-0.146279
7387	-0.315930
7422	-0.084739
7423	0.949924
7425	0.159862
7436	-0.074494
7442	-0.206839
7446	-0.004275
7448	-0.207454
7453	-0.027060
7463	0.039532
7492	1.284734
7493	0.418381
7494	0.463610
7495	0.469108
7518	-0.068329
7520	0.228551
7540	0.221068
7546	0.033429
7556	0.117502
7559	0.509008
7560	0.275415
7561	0.714764
7564	0.098980
7575	0.067508
7583	0.246868
7585	-0.639570
7586	0.108984
7599	-1.273200
7600	-1.168958
7606	-0.968935
7614	0.256823
7617	-0.758786
7622	-0.636999
7629	0.231860
7637	0.584852
7640	-0.235858
7657	0.078163
7665	0.107398
7666	-0.112682
7667	-0.099834
7668	-0.140435
7669	-0.123912
7670	-0.443040
7671	-0.124203
7681	0.001371
7683	0.378216
7684	-0.108366
7696	-0.045339
7722	-0.005870
7723	-0.217320
7799	0.159740
7852	-0.497748
7859	-0.260178
7860	-0.186018
7861	0.018658
7865	0.661179
7875	-0.338495
7876	-0.155454
7895	-0.403480
7913	0.098103
7917	-0.505697
7952	0.483844
7969	-0.354055
7971	0.069414
8000	-0.047304
8002	0.478424
8006	0.000931
8036	0.339128
8056	0.163798
8069	-0.286266
8103	0.570778
8107	0.086616
8120	-0.289006
8122	0.012460
8125	0.320012
8127	0.135146
8136	-0.279342
8149	-0.304554
8154	-0.378590
8197	-0.746364
8208	-0.102526
8223	0.901886
8232	-0.031747
8241	0.242166
8256	-0.559875
8262	-0.059241
8266	-0.177308
8267	-0.032249
8268	-0.020328
8269	-0.065547
8271	-0.186530
8273	0.013966
8280	0.499772
8284	0.246805
8303	-0.183301
8304	0.309933
8305	-0.030422
8308	-0.000157
8332	-0.174073
8333	-0.159709
8334	-0.055182
8338	-0.372517
8363	-0.376135
8370	-0.055935
8398	0.454323
8465	0.315122
8468	-0.373675
8469	0.025680
8470	0.226975
8507	-0.241870
8552	-0.824365
8572	0.069999
8574	-0.089233
8577	-0.285589
8586	0.284486
8592	-0.028209
8593	0.099834
8594	0.014140
8597	-0.185802
8599	0.031647
8606	-1.277735
8607	0.096740
8615	0.295323
8617	0.616449
8626	-0.092250
8636	-0.302346
8669	0.070808
8671	-0.070965
8673	0.182317
8675	0.406521
8790	-0.223588
8791	-0.481666
8811	0.385851
8822	0.470207
8841	-0.078668
8849	0.098459
8856	-0.354498
8875	-0.125836
8884	-0.334673
8906	-0.118628
8907	-0.435457
8910	0.020811
8911	1.046935
8912	0.029218
8913	-0.140644
8934	-0.120897
8935	-0.111273
8954	0.011993
8968	-0.148784
8972	-0.213385
9001	-0.234041
9029	0.254884
9032	-0.000354
9058	-0.032437
9059	-0.125957
9068	0.508995
9070	0.232848
9108	0.188774
9139	0.489108
9140	0.192931
9158	-0.179907
9187	0.246053
9188	-0.232640
9189	0.138014
9190	-0.139211
9253	-0.031424
9259	0.225052
9268	0.118644
9269	0.181702
9271	-0.391259
9312	-0.067520
9323	-0.150243
9329	-0.304256
9330	0.002034
9331	-0.303513
9356	-0.433983
9376	-0.652723
9394	-0.076048
9424	0.132871
9428	-0.136286
9429	-0.202612
9496	0.324443
9536	-0.318418
9543	0.757013
9589	0.421856
9614	0.034802
9615	0.287636
9617	0.165009
9631	-0.235790
9661	-0.202133
9668	-0.109826
9718	-0.723602
9728	0.622877
9734	0.166707
9788	0.165838
9791	-0.019640
9793	0.284533
9804	0.266604
9809	0.650936
9810	0.490604
9823	0.202792
9828	-0.339638
9907	0.057262
9951	0.476181
9968	-0.013725
9969	-0.041721
10010	0.380688
10011	-0.365209
10012	0.520486
10018	0.270676
10021	0.271522
10022	0.583101
10031	0.088609
10032	-0.439418
10033	0.207192
10034	0.399786
10035	0.059557
10039	-0.143574
10044	-0.280237
10045	0.335403
10060	1.273248
10065	-0.199656
10077	0.567882
10080	-0.290661
10130	0.429630
10131	0.376924
10149	0.350284
10194	-0.310654
10197	-0.094844
10221	-0.171038
10226	-0.204567
10232	0.145871
10233	0.934192
10263	-0.223620
10264	-0.242619
10274	-0.356714
10286	0.268803
10292	-0.241197
10299	0.607023
10302	-0.138358
10324	0.192822
10355	-0.218502
10358	0.000581
10362	0.032784
10366	0.050252
10368	-0.047387
10370	0.079445
10392	-0.026707
10405	-0.040444
10406	-0.031945
10409	-0.060870
10419	-0.194374
10420	-0.389817
10424	0.176695
10434	0.002828
10455	0.089144
10478	-0.152399
10480	-0.295074
10484	-0.134688
10510	-0.239441
10519	-0.189347
10520	0.176866
10524	0.051186
10578	0.549083
10630	-0.104158
10643	-0.115787
10645	0.005594
10677	-0.181618
10678	-0.160383
10690	-0.029051
10717	-0.087461
10718	-0.176508
10719	0.121653
10721	0.069483
10723	-0.736644
10735	-0.393184
10736	0.015879
10829	0.234881
10837	-0.099114
10846	-0.346236
10921	0.235708
10922	0.172276
10923	0.062367
10924	-0.135151
10964	-0.189936
10978	0.387911
11017	-1.076203
11018	-1.074528
11019	0.841002
11032	-0.349288
11034	0.061475
11035	0.123111
11036	-0.366717
11052	0.234615
11056	-0.113781
11060	-0.378885
11063	0.751609
11064	0.593947
11068	0.353412
11069	0.330405
11090	-0.401001
11098	0.051749
11099	0.425473
11100	0.547899
11105	-0.078547
11109	0.563191
11122	0.228321
11123	-0.271371
11125	0.308584
11126	0.246499
11149	0.533720
11153	-0.082892
11188	-0.050808
11193	0.011870
11230	-0.540230
11233	-0.551349
11236	0.362626
11243	-0.512455
11251	-0.528181
11259	-0.786993
11263	-0.509643
11272	0.459483
11321	0.309209
11322	-0.019984
11326	-0.505672
11327	-0.119923
11335	0.285918
11337	-0.092037
11343	-0.367049
11390	-0.144038
11444	0.315744
11464	0.100290
11471	-0.021846
11472	-0.056069
11473	0.418028
11492	0.027883
11499	0.348711
11500	0.013383
11505	-0.432081
11527	-0.223428
11528	-0.549571
11532	0.305750
11564	0.278062
11589	-0.086028
11591	-0.106184
11592	0.122750
11599	-0.061949
11605	-0.827746
11617	0.131972
11630	0.109218
11631	0.882272
11632	-0.479895
11656	-0.616912
11657	-0.491928
11777	-0.642069
11786	0.224516
11812	0.002514
12020	-0.254611
12061	-0.152075
12115	0.558306
12154	0.051726
12155	0.549842
12156	-0.150739
12159	-0.053372
12174	-0.041222
12176	0.595496
12230	-0.160936
12234	-0.306826
12236	-0.248322
12237	0.240949
12250	0.056747
12252	0.318651
12253	-0.176734
12315	-0.330288
12381	0.156349
12382	-0.066740
12438	0.135979
12455	-0.035679
12462	0.070657
12478	0.302843
12603	-0.106762
12711	0.186238
12714	0.176657
12716	-0.158218
12754	0.046145
12785	0.279814
12788	0.464776
12792	0.036300
12898	0.433532
12944	-0.375252
12949	-0.819247
13062	0.214546
13099	0.460731
13160	-0.094951
13198	0.244709
13239	-0.077254
13249	0.663866
13262	0.619390
13263	0.074120
13272	0.291035
13273	-0.914445
13277	0.228253
13305	0.559951
13342	0.177896
13343	0.047911
13345	-0.328383
13351	0.013891
13357	-0.074893
13427	0.507209
13436	-0.116640
13455	-0.118898
13528	-0.464378
13532	-0.627854
13553	-0.030669
13566	0.721550
13651	0.372207
13653	0.313406
13675	-0.322695
13676	0.245029
13677	-0.010948
13678	-0.159075
13681	-0.346984
13688	-0.077644
13697	0.280186
13705	0.128704
13708	-0.058694
13737	-0.463256
13760	0.191702
13923	0.573822
13927	0.535337
13995	0.635967
14002	-0.232348
14003	-0.189082
14021	-0.200534
14034	0.053834
14064	-0.027641
14110	-0.326446
14155	0.216374
14203	0.731668
14208	-0.276702
14340	0.247845
14356	0.140516
14389	0.044544
14499	0.136089
14625	-0.151343
14632	-0.034148
14637	-0.405024
14641	0.109996
14685	-0.084740
14694	0.289446
14695	0.409090
14699	-0.253242
14700	-0.042085
14749	0.379501
14760	-0.185758
14790	-0.196827
14791	-0.560606
14796	0.736754
14797	0.010449
14891	0.213953
14927	-0.418246
15099	-0.099495
15182	-0.552804
15243	-0.065955
15245	-0.044952
15254	0.095157
15322	0.169195
15327	-0.294107
15463	0.477390
15496	-0.295802
15499	-0.174233
15502	-0.077439
15514	-0.234394
15566	0.371536
15580	-0.915994
15583	-0.701937
15586	-0.252985
15601	0.750241
15621	-0.801801
15780	-0.041927
15869	0.281230
16082	0.862570
16281	-0.002406
16293	0.182811
16300	0.089940
16304	0.223288
16360	0.226261
16361	1.076074
16367	-0.193638
16432	0.110792
16433	-0.160918
16438	-0.282673
16446	-0.599281
16453	0.099876
16463	-1.909382
16466	-0.434855
16477	0.313450
16482	0.288064
16605	-0.148414
16606	-0.050205
16635	-0.130326
16638	-0.460948
16655	-0.906561
16673	-0.538365
16676	-0.357835
16677	-0.347921
16678	0.288813
16808	0.617619
16829	0.076187
17150	0.010948
17182	-0.379740
17199	-0.405061
17273	-0.711706
17431	0.339546
17466	-0.047053
17472	0.663176
17485	0.057801
17585	0.085790
17620	-0.561189
17647	0.131917
17690	0.387828
17772	0.169595
18410	0.242129
19647	-1.485297
21458	0.687922
21885	-0.396815
21973	0.089654
21976	-0.429728
21977	-0.249760
22084	-0.047637
23475	0.144578
23754	-1.149844
23764	0.278885
24372	-0.334160
24918	0.542405
24944	-0.396349
25022	0.597190
25140	-0.561222
26484	0.592454
27764	-0.513671
28424	-1.052977
28845	-0.558836
29861	-0.268573
30684	0.301702
31288	0.160373
31704	-0.065155
32421	0.475560
32520	0.255196
32893	0.385648
34340	0.865183
35227	-1.049068
35334	-0.229420
36499	-0.652168
36843	0.317172
36844	0.050774
36955	-0.679721
36970	-0.657676
39336	-0.504461
39353	0.093191
40538	-0.615829
40541	-0.058400
40542	0.033090
40599	0.666878
40601	-0.070189
40602	-0.138343
40656	-0.762190
40657	-0.919017
42157	-0.072330
42203	-0.180778
42204	0.249531
42851	-0.226864
43061	0.364558
44144	0.262085
45195	0.210253
47030	0.060652
47285	0.095616
47317	-0.207832
47457	-0.758757
47460	-0.094429
48147	0.141037
48297	-0.369071
48474	0.032285
48696	0.084709
49516	1.377770
49630	-0.108532
49927	0.113309
50199	-0.307391
50249	-0.250291
50259	-0.021346
50904	0.068422
53231	-0.203840
53471	-0.374122
53531	0.163743
53986	-0.049700
55057	0.460473
56431	0.151406
56432	0.075779
56466	-0.443939
56478	-0.516315
56621	-0.153197
57644	0.265966
57756	-0.087530
58783	0.597973
59657	-0.060485
59715	-0.627646
64825	0.096490
64947	0.015138
65950	-0.917646
70102	0.358445
75003	0.831516
75099	0.783236
75742	-0.438813
75823	-0.902127
75824	-0.777854
78157	0.224911
78181	0.245809
78191	0.547892
80479	0.097064
80480	0.596753
80715	0.231386
80719	-0.145596
80750	0.518418
81231	-0.072454
84436	-0.098781
84780	-0.163764
84844	0.467000
85002	0.547123
85003	-0.064372
85659	0.012074
85663	0.188471
85710	-0.259752
92185	-0.786915
96142	-0.364093
96144	0.049815
96482	0.096091
98871	0.362475
