# 1342 minima projected onto PC95
Min	PC
3	0.004971
4	-0.014920
5	-0.001953
6	-0.024075
7	0.052258
9	-0.073957
16	-0.034409
17	0.004553
21	0.036166
23	0.069537
31	-0.013925
44	0.005062
47	0.025581
48	0.007139
51	-0.023571
52	-0.045078
55	0.009241
56	-0.020707
57	0.028610
58	0.068211
60	-0.055582
67	-0.023756
68	0.043646
71	-0.028013
72	-0.013432
74	0.029825
79	-0.004982
82	0.064816
85	0.032776
86	0.016481
87	-0.025351
88	-0.054970
91	-0.008499
92	-0.063152
94	-0.015526
95	-0.003596
97	0.026465
104	0.035910
106	0.009362
109	-0.065678
111	-0.016677
115	-0.124195
120	0.025134
126	0.029080
129	0.018175
136	0.025730
137	0.037589
188	-0.011916
189	-0.002205
196	0.100016
199	0.020522
200	0.000349
202	0.114433
211	-0.067071
213	0.027741
214	0.004258
219	-0.027644
221	-0.093936
276	0.035043
279	0.004933
283	-0.015245
295	-0.005426
308	0.007737
312	-0.005702
315	0.242174
318	-0.002524
319	-0.013522
321	0.034215
324	0.026722
328	-0.026922
334	-0.056066
336	0.049869
338	-0.090649
347	-0.014087
351	-0.074625
352	0.035790
354	-0.043109
357	0.054233
359	-0.023564
362	-0.040194
364	-0.021504
365	-0.007870
368	-0.056907
376	-0.004535
377	0.011200
380	0.000707
386	0.039977
388	0.021031
390	0.020509
396	-0.003361
404	-0.030481
410	-0.005825
413	0.020846
420	0.004014
423	-0.043939
424	0.004333
437	0.015881
438	-0.024462
444	0.010806
452	-0.039193
473	0.016389
474	0.010082
475	-0.066488
476	0.008129
478	-0.005504
479	0.005145
480	-0.012289
483	-0.096247
503	-0.046575
508	0.001832
509	0.013293
530	0.054003
536	0.024593
556	-0.013728
581	-0.054815
583	-0.011195
603	-0.030286
606	-0.032419
607	-0.018467
620	0.013078
628	0.032667
636	0.011505
637	-0.053806
639	0.068400
640	-0.057767
644	-0.017363
645	-0.005758
677	-0.024854
678	-0.010637
679	-0.050261
682	0.037424
698	0.006909
700	-0.001635
710	0.027752
722	0.037181
723	-0.053621
724	-0.016531
725	0.044417
726	-0.095596
747	-0.058595
753	-0.052205
755	0.018923
757	0.006036
765	-0.002956
782	-0.033164
783	-0.041747
793	0.068357
808	-0.013734
814	-0.025618
840	0.045716
848	-0.015994
859	-0.069579
864	0.031407
867	-0.015009
878	0.038024
888	-0.022565
890	0.049968
892	-0.001191
899	0.022668
918	-0.061235
926	0.005193
933	0.035391
934	-0.021990
981	0.033885
1028	-0.008206
1034	0.062118
1051	0.001039
1054	-0.014413
1058	-0.034026
1062	-0.045332
1063	-0.055770
1064	-0.030020
1066	0.033467
1068	-0.024200
1073	0.041904
1082	0.012541
1083	0.016795
1086	0.003874
1089	-0.000874
1090	-0.051034
1091	0.008290
1092	0.078733
1164	-0.147804
1165	-0.019631
1174	-0.072154
1176	0.009947
1184	-0.060981
1191	-0.032423
1192	0.048034
1201	0.104427
1230	-0.016692
1339	0.024134
1341	0.001197
1370	0.032302
1385	-0.081889
1405	-0.078828
1437	0.027681
1441	-0.003917
1443	0.025309
1521	-0.020735
1522	0.001889
1523	0.044420
1524	0.004402
1525	0.023147
1541	-0.049107
1542	0.030614
1550	0.014542
1551	-0.041119
1596	0.011113
1597	-0.049813
1628	-0.082255
1629	-0.044056
1633	-0.011012
1636	0.113894
1637	-0.094354
1765	-0.018642
1766	-0.067915
1780	0.020620
1862	0.025525
1865	0.010929
1870	0.024986
1885	-0.007233
1910	-0.020778
1911	0.011251
2007	0.064271
2060	-0.041240
2062	0.059249
2090	0.028670
2093	0.048876
2094	0.030781
2095	0.108764
2096	-0.015056
2100	0.058156
2101	-0.023730
2102	0.041725
2103	0.003046
2104	0.067916
2105	-0.014561
2128	-0.016507
2129	-0.014482
2135	0.022614
2190	0.052347
2195	0.032456
2197	-0.045075
2198	0.000184
2199	-0.003458
2200	-0.032852
2201	-0.065701
2202	0.019578
2205	-0.043012
2217	-0.035267
2218	0.112193
2221	-0.006450
2272	-0.018642
2273	0.032328
2275	-0.003686
2288	0.097622
2293	-0.008769
2298	-0.018570
2299	0.008799
2300	-0.025884
2301	0.028156
2338	-0.027500
2342	0.090192
2343	-0.003480
2358	0.089375
2384	-0.012176
2385	-0.010902
2399	0.055557
2435	-0.039107
2436	0.033181
2465	0.032408
2467	-0.077354
2468	-0.029557
2469	-0.037016
2470	-0.013086
2471	-0.020206
2474	-0.090637
2620	-0.090412
2650	-0.008767
2651	-0.020695
2685	-0.018239
2688	-0.026929
2730	-0.010104
2843	0.020270
2951	0.001651
2959	0.031880
3236	0.014528
3305	0.040307
3318	-0.008979
3340	0.023398
3352	0.029241
3355	0.040397
3356	0.063137
3365	-0.036996
3366	-0.042635
3367	0.005733
3368	0.013967
3401	0.060707
3405	0.002686
3434	-0.035126
3448	-0.056213
3454	-0.028148
3481	-0.026837
3495	-0.019047
3504	0.000230
3532	-0.043056
3540	-0.030906
3549	0.028274
3550	-0.022834
3569	0.031005
3595	0.014666
3596	-0.004910
3603	-0.048776
3621	0.000691
3622	0.027530
3647	0.005122
3649	0.037503
3651	0.094172
3652	0.055882
3723	-0.073141
3757	0.026205
3772	-0.023930
3787	-0.038465
3798	-0.059852
3799	-0.032743
3889	0.039646
3897	0.020095
3898	0.060302
3904	0.016113
3945	-0.009034
3990	0.033065
4024	-0.033492
4039	0.050205
4048	0.019811
4050	-0.029170
4076	-0.067991
4094	0.004973
4170	0.020000
4251	0.000052
4252	0.007252
4299	-0.020989
4302	-0.010096
4318	0.031616
4319	-0.098532
4320	-0.009707
4360	0.023743
4388	0.041583
4414	-0.007829
4426	0.006322
4446	-0.017891
4527	-0.021899
4545	-0.016349
4546	0.007676
4554	-0.026064
4564	0.028429
4567	0.003835
4634	-0.030028
4693	0.021371
4736	0.036779
4761	0.039134
4879	0.011810
5071	0.015017
5138	0.027738
5164	-0.015717
5182	0.039453
5183	0.008655
5184	0.025667
5187	0.036795
5188	0.004293
5189	0.019280
5193	-0.046357
5194	-0.041592
5195	-0.028462
5197	0.031797
5203	0.016421
5205	-0.033219
5212	0.006997
5213	-0.008344
5222	0.064738
5223	-0.043154
5228	-0.015383
5232	0.033744
5244	0.032999
5245	0.020633
5246	-0.037841
5248	0.025057
5292	0.044090
5293	0.042241
5299	0.259951
5300	0.100231
5315	-0.016980
5316	-0.037592
5319	-0.023185
5320	-0.033003
5321	-0.053493
5322	-0.046988
5323	0.040439
5324	0.001529
5325	-0.006460
5329	-0.022074
5342	0.024192
5343	0.006938
5374	-0.054049
5376	-0.034589
5378	0.034644
5379	-0.017240
5382	0.037566
5390	-0.039086
5398	0.034359
5402	-0.024180
5404	0.040513
5407	-0.023224
5408	-0.007864
5409	0.021592
5411	0.005316
5412	0.000020
5413	0.063346
5416	0.148084
5418	0.032546
5422	-0.036046
5425	-0.010424
5427	-0.003867
5428	0.030826
5432	0.035803
5436	0.047828
5443	0.000377
5444	-0.044102
5458	0.022485
5462	0.005547
5465	0.022614
5468	0.055018
5471	0.015574
5480	0.089691
5481	0.005487
5485	0.057775
5486	0.021903
5488	0.146209
5489	0.087371
5495	0.077838
5513	0.010422
5515	-0.062627
5516	-0.034386
5521	0.041258
5527	0.022010
5528	0.058700
5536	-0.088144
5537	-0.012354
5547	0.033360
5565	-0.005003
5573	-0.080471
5579	-0.075201
5583	-0.070787
5586	-0.051937
5589	-0.001932
5590	0.018847
5593	0.000245
5599	0.036291
5604	0.029932
5605	0.019342
5606	-0.113441
5625	-0.113382
5649	-0.025233
5656	0.041206
5657	-0.069050
5658	0.008230
5686	0.005151
5695	0.004414
5705	-0.111379
5706	0.031559
5716	0.016797
5717	0.017991
5718	0.042565
5719	0.012422
5720	-0.028915
5724	0.009277
5738	0.003959
5742	-0.018966
5750	0.098619
5751	-0.016350
5756	0.007130
5761	0.076484
5768	0.027315
5773	0.028701
5792	-0.000381
5793	0.007226
5794	0.010528
5806	0.071074
5811	-0.050461
5812	0.024619
5813	0.021386
5814	-0.045869
5821	0.062965
5823	-0.054518
5825	0.039407
5831	0.050421
5832	0.059849
5833	0.044041
5847	0.017768
5849	0.035105
5851	-0.037277
5854	0.015197
5858	-0.013600
5862	-0.068137
5875	-0.017598
5876	-0.013806
5903	0.000439
5910	-0.087465
5912	-0.077374
5913	-0.197309
5925	0.035086
5926	0.026017
5927	0.064599
5928	0.047308
5930	0.016067
5931	0.046007
5933	-0.005137
5934	-0.020721
5937	-0.082503
5939	0.054046
5940	-0.051955
5941	-0.017113
5943	-0.034221
5963	-0.022822
5964	0.045067
5965	0.021259
5966	-0.088567
5968	0.028902
5969	-0.071261
5970	-0.091841
5971	0.016086
5975	-0.019898
6006	-0.021409
6011	-0.050619
6017	-0.026573
6019	0.003032
6022	-0.033926
6032	0.111352
6095	-0.025780
6115	-0.003952
6116	-0.090963
6119	0.003585
6127	0.037556
6128	0.009038
6130	0.003543
6140	0.021828
6141	0.025748
6147	-0.042422
6148	-0.023196
6163	0.015458
6164	-0.015584
6170	-0.010930
6171	-0.016292
6177	-0.022956
6184	-0.031327
6200	-0.030139
6204	-0.009621
6206	-0.073758
6223	-0.040399
6240	0.001791
6245	-0.010124
6253	-0.000081
6267	-0.027606
6269	0.002364
6290	-0.042563
6303	-0.093172
6317	-0.004699
6343	0.049635
6350	0.046224
6360	0.021225
6367	-0.118172
6383	0.041337
6389	-0.085450
6397	0.015897
6398	0.047078
6406	-0.038629
6407	-0.101875
6412	-0.069976
6413	-0.065643
6434	0.042806
6435	0.042336
6460	0.041717
6463	0.054217
6464	0.020750
6489	-0.033871
6507	0.015043
6510	0.102993
6516	0.009034
6518	-0.053892
6522	0.055639
6523	0.029658
6524	0.058692
6525	0.014893
6531	0.051683
6536	0.058731
6575	0.021271
6584	-0.025299
6585	0.008514
6586	0.047130
6594	-0.024346
6595	0.000553
6610	0.029130
6612	0.061173
6615	0.056375
6624	0.043301
6628	-0.023466
6649	-0.010409
6698	-0.022342
6706	0.062163
6718	-0.018855
6719	-0.058756
6722	-0.048125
6770	0.012134
6780	-0.009174
6781	0.117976
6794	-0.026219
6795	-0.009285
6796	-0.055595
6799	0.007282
6809	-0.035162
6837	-0.010744
6838	-0.012721
6839	0.015580
6846	0.031938
6865	-0.025509
6869	0.035106
6870	-0.064558
6871	0.092371
6873	0.022557
6876	0.039627
6885	0.055611
6895	0.017256
6896	-0.018746
6897	0.008179
6900	-0.046300
6903	-0.151911
6906	-0.071139
6916	-0.044307
6917	-0.037592
6918	-0.036545
6919	-0.010994
6938	0.004121
6941	0.020676
6942	-0.010216
6943	-0.068982
6944	0.019901
6948	0.015041
6953	-0.007884
6957	-0.043884
6958	-0.090766
6970	0.016344
6971	0.020280
6976	0.024468
6977	-0.039176
6990	-0.002373
7014	0.029934
7015	0.021674
7016	0.022570
7018	-0.021220
7019	-0.046006
7042	-0.019032
7053	-0.062125
7066	0.017693
7067	-0.005565
7083	0.004142
7092	-0.004053
7100	-0.018722
7103	-0.072847
7110	0.038329
7111	-0.022523
7112	-0.028112
7113	0.021524
7116	0.008418
7119	0.015887
7120	0.063356
7121	0.023892
7122	0.003024
7140	0.003786
7143	0.084588
7157	0.028931
7165	-0.032424
7175	-0.001762
7178	-0.030413
7206	0.107090
7207	-0.013712
7217	-0.008118
7218	-0.069130
7221	-0.020744
7227	-0.161027
7230	0.006751
7236	0.048536
7239	0.057208
7242	0.037957
7260	0.032636
7268	0.040885
7269	0.026765
7304	-0.097938
7326	-0.021153
7327	-0.227120
7336	-0.030491
7342	-0.039120
7346	0.055158
7348	0.121806
7355	0.047703
7361	0.007411
7372	-0.042206
7387	0.020806
7422	0.017204
7423	-0.052932
7425	0.028934
7436	0.001814
7442	0.013773
7446	-0.050101
7448	-0.010657
7453	0.033556
7463	0.025072
7492	-0.074036
7493	0.012437
7494	-0.021382
7495	-0.068765
7518	-0.070416
7520	-0.044816
7540	0.007273
7546	-0.050559
7556	0.044381
7559	-0.042616
7560	0.013924
7561	0.069167
7564	0.074155
7575	-0.023506
7583	-0.057222
7585	-0.004294
7586	-0.040048
7599	0.122002
7600	-0.014801
7606	0.129368
7614	0.030401
7617	-0.024906
7622	-0.006512
7629	0.057383
7637	0.015183
7640	0.009920
7657	-0.043329
7665	-0.016495
7666	0.020511
7667	-0.070797
7668	0.072263
7669	0.012653
7670	-0.006916
7671	-0.021441
7681	0.007170
7683	0.021656
7684	0.010414
7696	0.050760
7722	-0.009260
7723	-0.012718
7799	0.030101
7852	0.104434
7859	0.027091
7860	-0.011282
7861	-0.016320
7865	0.009674
7875	-0.005286
7876	0.024474
7895	0.034791
7913	-0.020413
7917	0.010157
7952	0.104436
7969	0.040967
7971	-0.026439
8000	0.006203
8002	0.020133
8006	-0.023521
8036	-0.040727
8056	-0.035370
8069	-0.124443
8103	-0.003899
8107	0.050992
8120	0.070050
8122	-0.018756
8125	-0.003283
8127	-0.060886
8136	-0.025679
8149	-0.006239
8154	-0.009899
8197	0.050195
8208	-0.012431
8223	0.173217
8232	-0.030209
8241	-0.054460
8256	-0.048349
8262	-0.002762
8266	-0.017445
8267	-0.036224
8268	-0.015734
8269	0.004593
8271	0.035112
8273	0.027986
8280	-0.020194
8284	-0.023816
8303	-0.034725
8304	0.042409
8305	0.007688
8308	0.004906
8332	0.106113
8333	-0.059574
8334	-0.021485
8338	0.064845
8363	0.074241
8370	-0.021440
8398	-0.010104
8465	-0.026950
8468	-0.026564
8469	-0.028145
8470	-0.003971
8507	0.004185
8552	-0.027131
8572	0.034475
8574	-0.026619
8577	-0.066735
8586	-0.006361
8592	-0.019432
8593	-0.057891
8594	-0.020747
8597	-0.000626
8599	0.021934
8606	0.064218
8607	-0.029260
8615	0.055107
8617	0.044371
8626	0.013942
8636	0.021491
8669	-0.002380
8671	-0.024892
8673	0.061636
8675	-0.013307
8790	0.018885
8791	0.044260
8811	0.033627
8822	0.025567
8841	0.059911
8849	-0.078848
8856	-0.020302
8875	-0.010669
8884	0.066516
8906	-0.038722
8907	-0.043014
8910	0.004634
8911	0.087685
8912	0.048018
8913	-0.013972
8934	0.001040
8935	0.009364
8954	0.081924
8968	0.002741
8972	-0.017051
9001	0.089109
9029	-0.069129
9032	-0.102724
9058	-0.057339
9059	-0.048551
9068	0.011296
9070	0.028209
9108	0.000654
9139	-0.054571
9140	-0.070339
9158	-0.040744
9187	-0.083621
9188	0.019393
9189	0.055044
9190	0.023924
9253	-0.007066
9259	-0.076169
9268	-0.025566
9269	-0.063745
9271	0.006310
9312	0.028642
9323	-0.016733
9329	-0.016050
9330	-0.010691
9331	-0.020237
9356	-0.006594
9376	0.038311
9394	0.084323
9424	-0.005352
9428	-0.039455
9429	-0.034066
9496	0.056951
9536	0.049237
9543	0.022639
9589	-0.004236
9614	0.092211
9615	0.068963
9617	-0.019120
9631	0.034844
9661	-0.017859
9668	0.044252
9718	0.047614
9728	-0.011091
9734	0.014579
9788	0.003646
9791	-0.070627
9793	0.028031
9804	-0.083467
9809	-0.038035
9810	-0.030023
9823	0.027245
9828	0.170038
9907	0.026129
9951	-0.012371
9968	0.039384
9969	-0.055880
10010	-0.019983
10011	0.002172
10012	-0.014486
10018	-0.014440
10021	-0.021866
10022	-0.021682
10031	0.008561
10032	0.025653
10033	0.008984
10034	0.052771
10035	0.003028
10039	-0.021955
10044	0.027055
10045	0.097360
10060	0.028711
10065	-0.053679
10077	-0.112513
10080	-0.021816
10130	0.048030
10131	-0.050457
10149	0.048321
10194	0.063288
10197	0.039179
10221	0.002819
10226	-0.072037
10232	-0.021804
10233	-0.050447
10263	0.004203
10264	0.029246
10274	-0.013256
10286	0.034614
10292	-0.088897
10299	0.026579
10302	-0.028958
10324	-0.054527
10355	0.043693
10358	0.116628
10362	-0.009898
10366	0.069513
10368	0.067200
10370	0.040086
10392	-0.013606
10405	-0.059364
10406	-0.130493
10409	-0.001301
10419	-0.027258
10420	0.026431
10424	0.036545
10434	-0.047872
10455	0.007972
10478	0.046609
10480	0.033293
10484	0.039561
10510	0.064695
10519	0.101253
10520	-0.020137
10524	0.067975
10578	-0.087305
10630	-0.032996
10643	-0.007524
10645	0.004945
10677	-0.009673
10678	-0.024553
10690	0.000050
10717	-0.004721
10718	0.025372
10719	-0.046992
10721	0.025777
10723	0.026484
10735	0.022708
10736	-0.016234
10829	0.067589
10837	0.034289
10846	-0.035042
10921	-0.053778
10922	-0.028528
10923	-0.044109
10924	-0.032177
10964	0.000186
10978	-0.026168
11017	-0.005459
11018	-0.022127
11019	-0.031810
11032	0.000261
11034	0.099192
11035	0.070339
11036	0.034613
11052	0.039492
11056	0.012664
11060	0.010040
11063	0.065541
11064	-0.052289
11068	0.110879
11069	0.084870
11090	0.004922
11098	-0.022251
11099	0.073132
11100	0.087037
11105	0.037784
11109	0.035034
11122	-0.000170
11123	0.122544
11125	0.033775
11126	0.003158
11149	0.045906
11153	-0.015422
11188	0.004439
11193	0.096238
11230	0.005234
11233	-0.043413
11236	0.089184
11243	-0.059329
11251	-0.037593
11259	0.019239
11263	-0.019786
11272	0.051710
11321	0.028661
11322	0.019538
11326	-0.064228
11327	-0.004466
11335	0.071668
11337	-0.031554
11343	-0.068371
11390	-0.047746
11444	0.047613
11464	-0.044630
11471	-0.003946
11472	0.003606
11473	-0.115329
11492	0.018771
11499	-0.019043
11500	0.016104
11505	-0.089521
11527	0.013801
11528	0.011840
11532	-0.056439
11564	-0.052489
11589	0.096052
11591	-0.032454
11592	0.045602
11599	0.025774
11605	0.095385
11617	0.008248
11630	0.001661
11631	-0.062625
11632	-0.071204
11656	0.021971
11657	-0.000774
11777	0.074202
11786	0.030818
11812	0.003518
12020	0.088611
12061	-0.087659
12115	-0.018046
12154	-0.001978
12155	-0.020471
12156	0.010845
12159	-0.003738
12174	-0.057198
12176	-0.018427
12230	0.017204
12234	0.026132
12236	-0.023087
12237	-0.028227
12250	0.020651
12252	-0.000284
12253	0.048514
12315	0.037048
12381	-0.009747
12382	0.025670
12438	-0.010109
12455	0.037706
12462	-0.019615
12478	-0.017577
12603	-0.034255
12711	-0.008671
12714	-0.002555
12716	0.035366
12754	0.007239
12785	0.031373
12788	0.062072
12792	-0.099581
12898	-0.036036
12944	0.018868
12949	0.143410
13062	0.054829
13099	-0.067567
13160	0.044936
13198	-0.037447
13239	0.042889
13249	-0.043315
13262	-0.021188
13263	0.052096
13272	-0.067283
13273	-0.030992
13277	-0.088616
13305	-0.110157
13342	-0.074700
13343	-0.061811
13345	0.182236
13351	-0.051801
13357	-0.088760
13427	0.015977
13436	0.185570
13455	-0.066103
13528	0.207818
13532	-0.026506
13553	-0.115032
13566	-0.047497
13651	0.034424
13653	0.004979
13675	0.050105
13676	0.056181
13677	0.032705
13678	0.054668
13681	0.025121
13688	-0.074735
13697	-0.045423
13705	-0.039358
13708	-0.000389
13737	-0.005663
13760	-0.067572
13923	-0.042638
13927	-0.053996
13995	0.035476
14002	-0.115114
14003	-0.111745
14021	0.016724
14034	-0.012587
14064	-0.011262
14110	-0.020976
14155	0.008454
14203	0.054320
14208	-0.036972
14340	-0.031629
14356	-0.089328
14389	0.016389
14499	0.010704
14625	-0.088396
14632	-0.019489
14637	-0.080967
14641	-0.056200
14685	0.029694
14694	-0.029425
14695	0.040950
14699	-0.102750
14700	0.021121
14749	-0.043276
14760	0.021736
14790	-0.006549
14791	-0.070071
14796	0.076090
14797	0.011393
14891	-0.098259
14927	0.025309
15099	0.004847
15182	0.070077
15243	-0.110857
15245	-0.015728
15254	0.020979
15322	0.040928
15327	0.026248
15463	-0.013713
15496	0.023383
15499	0.028882
15502	0.005546
15514	-0.010257
15566	0.038199
15580	-0.020638
15583	0.114449
15586	-0.009616
15601	-0.030770
15621	-0.002710
15780	-0.048690
15869	0.034952
16082	0.032693
16281	0.065404
16293	0.002593
16300	0.102928
16304	0.052046
16360	-0.017722
16361	-0.095103
16367	-0.004855
16432	0.014072
16433	0.054232
16438	0.054801
16446	-0.021584
16453	-0.097955
16463	0.019750
16466	0.082003
16477	0.075195
16482	0.021926
16605	-0.030215
16606	0.054159
16635	-0.013522
16638	0.006880
16655	-0.031459
16673	0.004222
16676	0.009088
16677	-0.038180
16678	-0.001388
16808	0.021881
16829	-0.042982
17150	-0.003658
17182	0.033003
17199	0.011711
17273	0.011414
17431	0.009735
17466	0.096430
17472	-0.023851
17485	0.036499
17585	0.008803
17620	0.054390
17647	-0.019618
17690	-0.060243
17772	-0.015076
18410	-0.010054
19647	-0.029175
21458	0.118456
21885	0.038629
21973	-0.012937
21976	0.014525
21977	-0.027292
22084	-0.038658
23475	0.035928
23754	-0.028620
23764	0.066375
24372	0.009953
24918	0.095518
24944	0.056081
25022	0.012457
25140	-0.108571
26484	0.051782
27764	-0.025330
28424	-0.010120
28845	0.003892
29861	-0.145896
30684	0.060696
31288	0.034101
31704	0.042599
32421	0.038418
32520	0.059507
32893	0.057694
34340	-0.056449
35227	-0.104334
35334	0.003077
36499	-0.018924
36843	0.020729
36844	0.012739
36955	-0.099330
36970	-0.081890
39336	-0.001171
39353	0.124969
40538	-0.093502
40541	-0.035391
40542	-0.003850
40599	0.101501
40601	0.020226
40602	0.000462
40656	-0.029159
40657	-0.025547
42157	0.003511
42203	0.019260
42204	0.001863
42851	-0.065850
43061	0.012218
44144	-0.001061
45195	0.050521
47030	-0.003483
47285	0.013985
47317	0.027895
47457	0.032299
47460	-0.019132
48147	-0.001911
48297	0.062889
48474	0.005342
48696	-0.059195
49516	0.007712
49630	-0.027815
49927	0.093356
50199	0.059307
50249	0.000830
50259	-0.081798
50904	0.081465
53231	0.053110
53471	-0.021909
53531	-0.022449
53986	-0.023537
55057	-0.049215
56431	-0.030482
56432	-0.055463
56466	-0.003897
56478	-0.092240
56621	-0.040673
57644	0.013125
57756	-0.018487
58783	0.124265
59657	-0.030346
59715	-0.139122
64825	-0.008577
64947	0.023050
65950	-0.030505
70102	0.058507
75003	-0.153140
75099	-0.145054
75742	0.036812
75823	-0.032773
75824	-0.065749
78157	0.084170
78181	-0.052691
78191	-0.010528
80479	0.044448
80480	-0.029014
80715	-0.054971
80719	-0.019110
80750	-0.036502
81231	-0.049757
84436	-0.026374
84780	0.009998
84844	0.092599
85002	0.016599
85003	0.058047
85659	-0.055620
85663	-0.007676
85710	-0.034400
92185	0.091283
96142	-0.147519
96144	-0.065780
96482	-0.099569
98871	-0.059719
