# 1342 minima projected onto PC122
Min	PC
3	-0.000111
4	0.003877
5	-0.001080
6	0.009506
7	-0.012364
9	0.016139
16	0.002723
17	0.003639
21	-0.000320
23	-0.014500
31	0.008720
44	0.004353
47	-0.013609
48	-0.000511
51	0.003237
52	-0.000389
55	-0.011715
56	-0.018067
57	0.003200
58	-0.002311
60	0.015123
67	0.000648
68	0.006009
71	-0.015270
72	-0.021269
74	0.008861
79	0.005256
82	-0.003070
85	0.005876
86	-0.006057
87	0.006885
88	0.008285
91	-0.028176
92	0.013963
94	0.005737
95	0.012520
97	0.006905
104	0.034429
106	-0.002306
109	0.011357
111	-0.006477
115	-0.083364
120	-0.003009
126	-0.002675
129	-0.015398
136	0.000143
137	-0.004534
188	0.002631
189	-0.010952
196	0.010371
199	0.010293
200	0.000655
202	-0.024289
211	-0.013054
213	-0.008184
214	-0.006383
219	0.000180
221	0.016666
276	-0.004302
279	0.001306
283	0.002916
295	-0.004835
308	0.005009
312	0.006322
315	0.022833
318	-0.003953
319	-0.004075
321	-0.006705
324	0.004685
328	-0.000956
334	-0.006119
336	0.015231
338	0.002946
347	-0.013150
351	-0.054650
352	-0.008946
354	0.017294
357	-0.001983
359	-0.023143
362	-0.029366
364	0.008794
365	0.001738
368	-0.024374
376	-0.013168
377	-0.016574
380	-0.003410
386	-0.013713
388	-0.014888
390	-0.013598
396	0.002934
404	0.012507
410	-0.003960
413	0.012195
420	-0.003051
423	0.003316
424	-0.013618
437	0.000079
438	-0.007367
444	0.008024
452	0.003177
473	0.000517
474	-0.003862
475	0.008103
476	-0.005121
478	-0.011250
479	-0.009968
480	0.002003
483	-0.048072
503	-0.000056
508	-0.001591
509	-0.002804
530	0.024961
536	-0.002355
556	0.006363
581	-0.004065
583	0.012610
603	-0.000460
606	-0.003050
607	-0.015780
620	-0.028836
628	0.003079
636	0.001178
637	0.017045
639	0.002207
640	-0.004267
644	0.023657
645	0.018481
677	0.007421
678	-0.010924
679	0.002578
682	0.005196
698	-0.006065
700	0.016499
710	-0.002771
722	0.013151
723	-0.001671
724	0.008881
725	0.004530
726	0.014936
747	0.012899
753	0.010120
755	-0.016982
757	0.006571
765	0.004492
782	-0.008648
783	-0.008243
793	-0.001953
808	-0.002046
814	0.031146
840	0.002799
848	-0.000427
859	-0.005968
864	0.009469
867	0.002933
878	0.010482
888	0.012325
890	-0.005882
892	0.012112
899	0.001017
918	-0.007750
926	-0.016933
933	-0.007113
934	0.011971
981	-0.004465
1028	-0.004269
1034	-0.006012
1051	-0.008865
1054	-0.002345
1058	0.028506
1062	-0.003402
1063	-0.016313
1064	-0.006348
1066	0.002268
1068	-0.014261
1073	-0.002245
1082	-0.005676
1083	-0.002014
1086	0.000470
1089	0.008625
1090	0.009212
1091	-0.012846
1092	-0.014948
1164	-0.014996
1165	0.000367
1174	0.013458
1176	-0.008727
1184	-0.002439
1191	0.000943
1192	-0.002949
1201	-0.009919
1230	-0.000399
1339	-0.004000
1341	-0.007357
1370	0.012433
1385	0.029178
1405	-0.017651
1437	0.012722
1441	-0.000440
1443	0.005398
1521	-0.002053
1522	0.000973
1523	0.001659
1524	-0.002521
1525	0.004267
1541	-0.008248
1542	0.011351
1550	0.001689
1551	0.000535
1596	0.002769
1597	0.006387
1628	0.000554
1629	0.000909
1633	-0.001623
1636	-0.011919
1637	-0.002336
1765	-0.020079
1766	-0.002466
1780	-0.009752
1862	0.007289
1865	-0.002627
1870	0.003091
1885	0.028112
1910	0.001336
1911	-0.001934
2007	-0.008841
2060	0.010981
2062	-0.004627
2090	-0.025164
2093	0.011419
2094	0.015127
2095	-0.012058
2096	-0.005741
2100	-0.001424
2101	-0.019298
2102	-0.019541
2103	-0.003081
2104	-0.003467
2105	-0.012105
2128	0.005622
2129	-0.000788
2135	0.002838
2190	-0.009762
2195	-0.006973
2197	0.001519
2198	-0.009978
2199	-0.016323
2200	-0.018028
2201	-0.015119
2202	-0.018297
2205	-0.012826
2217	-0.004002
2218	-0.018256
2221	-0.016613
2272	0.016861
2273	0.000790
2275	0.003610
2288	0.028871
2293	0.001033
2298	-0.000030
2299	0.008344
2300	-0.012556
2301	0.001042
2338	0.011013
2342	-0.007159
2343	0.006431
2358	-0.010561
2384	0.005075
2385	0.007419
2399	-0.012668
2435	0.011212
2436	-0.007825
2465	0.004239
2467	-0.004968
2468	-0.009251
2469	-0.022099
2470	-0.003557
2471	-0.001486
2474	-0.021690
2620	0.005832
2650	0.012346
2651	0.017419
2685	-0.020500
2688	0.009888
2730	-0.001545
2843	0.015088
2951	-0.009464
2959	0.000065
3236	0.014459
3305	0.010274
3318	-0.003096
3340	0.020045
3352	0.016450
3355	-0.010672
3356	0.002246
3365	0.009301
3366	0.012514
3367	0.004987
3368	0.001090
3401	-0.012701
3405	0.021135
3434	-0.009571
3448	-0.002442
3454	0.017927
3481	0.004017
3495	0.000651
3504	-0.011098
3532	-0.000992
3540	-0.026374
3549	0.006903
3550	0.002863
3569	0.003427
3595	-0.007059
3596	-0.005210
3603	-0.013942
3621	0.020655
3622	-0.004451
3647	-0.005930
3649	0.006994
3651	0.006928
3652	-0.013181
3723	-0.006531
3757	0.012154
3772	0.002971
3787	-0.010591
3798	0.000791
3799	-0.005826
3889	0.005336
3897	0.009937
3898	-0.004974
3904	0.013099
3945	0.004628
3990	0.006964
4024	-0.000735
4039	-0.027360
4048	-0.000510
4050	0.016294
4076	-0.016342
4094	0.011720
4170	-0.012198
4251	-0.007138
4252	-0.002942
4299	0.012240
4302	0.002536
4318	0.000581
4319	-0.011551
4320	0.007524
4360	-0.014637
4388	-0.001676
4414	-0.001907
4426	-0.004939
4446	0.010710
4527	-0.001417
4545	0.004062
4546	0.007641
4554	-0.018122
4564	0.002455
4567	-0.004950
4634	-0.009034
4693	0.004797
4736	0.011144
4761	-0.006727
4879	0.017372
5071	-0.017070
5138	0.000319
5164	0.008930
5182	-0.017809
5183	-0.044203
5184	-0.006654
5187	0.000800
5188	-0.010432
5189	-0.000661
5193	0.013147
5194	0.006705
5195	-0.002100
5197	-0.005925
5203	-0.002496
5205	-0.026660
5212	0.008573
5213	-0.013581
5222	-0.008933
5223	0.010194
5228	0.020720
5232	0.031717
5244	-0.027585
5245	-0.010979
5246	-0.010454
5248	-0.005118
5292	-0.011741
5293	-0.009941
5299	-0.005211
5300	-0.004712
5315	0.000795
5316	0.002291
5319	-0.000532
5320	-0.000169
5321	-0.004486
5322	-0.005630
5323	-0.010057
5324	0.005315
5325	-0.014429
5329	0.018274
5342	-0.001671
5343	0.015013
5374	0.031861
5376	0.022220
5378	0.012908
5379	-0.017262
5382	0.002855
5390	0.006623
5398	-0.010508
5402	0.006838
5404	-0.027325
5407	0.003053
5408	-0.001591
5409	0.008889
5411	-0.002072
5412	0.008209
5413	-0.003746
5416	-0.037277
5418	0.012753
5422	0.004954
5425	0.010449
5427	0.008543
5428	0.004678
5432	0.000444
5436	0.001293
5443	-0.009011
5444	0.062415
5458	-0.005264
5462	0.028001
5465	0.000044
5468	-0.008299
5471	-0.000282
5480	-0.011816
5481	-0.001400
5485	0.036930
5486	0.024115
5488	0.012084
5489	0.025170
5495	0.006667
5513	-0.000007
5515	0.001801
5516	-0.005238
5521	-0.015398
5527	0.011295
5528	0.031336
5536	-0.019839
5537	0.005769
5547	0.002936
5565	-0.014459
5573	0.006426
5579	0.001235
5583	0.004415
5586	0.010517
5589	0.006538
5590	0.007422
5593	-0.006139
5599	0.018869
5604	-0.005805
5605	0.012471
5606	-0.016635
5625	0.021628
5649	0.008160
5656	0.004384
5657	0.031291
5658	-0.000862
5686	0.009774
5695	0.008366
5705	0.006629
5706	-0.001731
5716	-0.010621
5717	0.008071
5718	-0.004133
5719	-0.006584
5720	-0.012633
5724	-0.001406
5738	0.003206
5742	0.004354
5750	0.017852
5751	-0.000490
5756	-0.015824
5761	0.085152
5768	0.000559
5773	-0.002302
5792	0.008904
5793	-0.005858
5794	0.005632
5806	0.019263
5811	-0.004970
5812	-0.016543
5813	-0.010078
5814	-0.001591
5821	0.003659
5823	-0.000435
5825	-0.006116
5831	0.008173
5832	0.023154
5833	0.004063
5847	-0.011145
5849	-0.000124
5851	-0.015896
5854	0.039042
5858	-0.014924
5862	-0.003102
5875	-0.015238
5876	0.021328
5903	-0.002528
5910	0.024961
5912	-0.011965
5913	0.006863
5925	0.006962
5926	0.008732
5927	0.001171
5928	0.002992
5930	0.011381
5931	0.009153
5933	-0.017552
5934	-0.005849
5937	-0.010259
5939	-0.015029
5940	0.019070
5941	-0.016371
5943	-0.014175
5963	0.000218
5964	-0.011119
5965	-0.008596
5966	-0.010945
5968	-0.010217
5969	-0.003318
5970	-0.004833
5971	-0.006081
5975	0.004259
6006	0.001618
6011	-0.011594
6017	-0.006946
6019	0.005203
6022	-0.002994
6032	0.006835
6095	0.020420
6115	-0.007563
6116	-0.002588
6119	-0.012125
6127	-0.011346
6128	-0.014302
6130	-0.001358
6140	-0.003597
6141	-0.002416
6147	0.020682
6148	0.018307
6163	0.000090
6164	-0.001011
6170	0.001278
6171	0.005232
6177	-0.004677
6184	-0.003028
6200	0.002086
6204	-0.006393
6206	0.021204
6223	-0.014149
6240	-0.022409
6245	0.019395
6253	-0.006075
6267	0.006454
6269	-0.028051
6290	0.003526
6303	0.005771
6317	0.008098
6343	0.006416
6350	0.000063
6360	-0.004689
6367	0.000954
6383	-0.002185
6389	0.005331
6397	0.014666
6398	0.010087
6406	-0.008145
6407	0.002280
6412	0.012560
6413	0.010879
6434	0.003044
6435	0.004951
6460	0.005770
6463	-0.012664
6464	-0.012143
6489	0.001049
6507	0.007440
6510	0.046206
6516	0.005861
6518	0.014167
6522	-0.003197
6523	0.005628
6524	-0.005038
6525	-0.011003
6531	-0.004972
6536	0.003109
6575	0.006821
6584	0.017093
6585	0.016136
6586	-0.020443
6594	0.003070
6595	0.011702
6610	-0.021165
6612	0.037843
6615	0.003229
6624	0.015727
6628	0.000344
6649	0.003628
6698	0.037351
6706	-0.041105
6718	0.000094
6719	-0.006803
6722	0.003201
6770	-0.005345
6780	0.005976
6781	0.004666
6794	0.005921
6795	0.009385
6796	-0.022507
6799	-0.003862
6809	-0.006097
6837	-0.014714
6838	-0.007636
6839	-0.023460
6846	-0.006365
6865	-0.000931
6869	0.005368
6870	0.018324
6871	-0.008949
6873	-0.013039
6876	0.000242
6885	-0.008435
6895	-0.002756
6896	-0.040236
6897	-0.004174
6900	-0.001783
6903	-0.010775
6906	-0.013961
6916	0.014210
6917	0.010155
6918	-0.002700
6919	0.007897
6938	0.000303
6941	-0.018046
6942	-0.034301
6943	-0.004463
6944	-0.003986
6948	-0.001369
6953	0.012029
6957	-0.015031
6958	-0.010758
6970	-0.001312
6971	-0.012141
6976	0.028811
6977	-0.001166
6990	-0.002153
7014	-0.008429
7015	0.006361
7016	-0.005247
7018	0.009590
7019	0.010603
7042	-0.026560
7053	-0.027392
7066	0.002151
7067	-0.024436
7083	0.017150
7092	-0.031859
7100	0.000480
7103	-0.012325
7110	-0.010518
7111	0.006396
7112	-0.007771
7113	0.021237
7116	0.002783
7119	0.004298
7120	0.012839
7121	0.006992
7122	0.003816
7140	0.019394
7143	-0.031180
7157	-0.016030
7165	-0.000621
7175	-0.008197
7178	-0.033670
7206	-0.050741
7207	-0.002094
7217	0.010011
7218	0.006081
7221	0.012481
7227	-0.010322
7230	-0.014762
7236	-0.003049
7239	0.021581
7242	-0.013315
7260	-0.010734
7268	-0.004230
7269	-0.009344
7304	0.009694
7326	-0.005311
7327	0.004849
7336	-0.002635
7342	-0.005472
7346	-0.011307
7348	-0.015495
7355	-0.001492
7361	-0.001240
7372	0.009509
7387	-0.001690
7422	0.004649
7423	-0.018237
7425	0.009131
7436	-0.005398
7442	-0.012625
7446	-0.002449
7448	-0.006643
7453	0.010905
7463	-0.010349
7492	0.027496
7493	-0.002460
7494	0.010779
7495	-0.001194
7518	0.005000
7520	0.001636
7540	-0.008368
7546	-0.018846
7556	0.005167
7559	0.009341
7560	-0.004584
7561	-0.002802
7564	-0.021128
7575	0.005174
7583	-0.008290
7585	0.004849
7586	-0.009209
7599	-0.004272
7600	-0.021549
7606	-0.003541
7614	-0.020885
7617	0.005050
7622	0.004533
7629	0.020255
7637	0.011409
7640	-0.003071
7657	0.004982
7665	-0.008846
7666	-0.011474
7667	0.020022
7668	-0.011183
7669	0.004580
7670	-0.001544
7671	0.017500
7681	-0.057963
7683	0.012475
7684	0.005854
7696	-0.013024
7722	-0.003495
7723	-0.003570
7799	-0.011387
7852	-0.011360
7859	-0.009892
7860	-0.010321
7861	0.010333
7865	0.021501
7875	-0.016359
7876	0.017932
7895	-0.008184
7913	-0.031576
7917	-0.000142
7952	0.003135
7969	-0.003996
7971	0.011915
8000	0.015246
8002	0.002514
8006	0.013094
8036	0.000539
8056	0.011423
8069	0.000872
8103	-0.013071
8107	-0.007531
8120	0.012395
8122	0.005716
8125	0.006697
8127	-0.017762
8136	0.001845
8149	-0.004675
8154	-0.009578
8197	0.021628
8208	-0.032626
8223	0.005409
8232	-0.002511
8241	0.007613
8256	-0.006074
8262	0.003628
8266	0.006386
8267	-0.007331
8268	-0.012835
8269	-0.014525
8271	0.009743
8273	0.019092
8280	0.008696
8284	0.013560
8303	0.007371
8304	0.004041
8305	0.006623
8308	0.008609
8332	-0.068795
8333	0.011390
8334	0.011975
8338	0.017798
8363	0.001352
8370	0.004328
8398	0.011590
8465	0.010039
8468	-0.012367
8469	0.008619
8470	0.011170
8507	-0.010607
8552	-0.005363
8572	-0.006362
8574	-0.001792
8577	0.013150
8586	0.008345
8592	0.004326
8593	0.014723
8594	0.010383
8597	0.008182
8599	0.007819
8606	0.036672
8607	0.002243
8615	0.022306
8617	0.007920
8626	0.000336
8636	0.013240
8669	-0.032906
8671	0.000161
8673	0.013202
8675	0.011456
8790	-0.008829
8791	-0.004814
8811	0.000321
8822	0.042280
8841	-0.009153
8849	0.004223
8856	-0.000463
8875	-0.021127
8884	0.026724
8906	0.031912
8907	-0.005000
8910	-0.007685
8911	0.000171
8912	0.000776
8913	-0.000752
8934	-0.000019
8935	0.003385
8954	0.002506
8968	0.000805
8972	0.000022
9001	-0.025915
9029	-0.003456
9032	-0.010861
9058	0.004338
9059	-0.002283
9068	-0.018669
9070	0.038246
9108	-0.010535
9139	-0.003636
9140	0.010769
9158	0.003813
9187	0.027389
9188	-0.005948
9189	-0.003370
9190	0.006225
9253	-0.004178
9259	-0.000657
9268	-0.011654
9269	0.009513
9271	0.010011
9312	0.000509
9323	-0.008825
9329	-0.012190
9330	-0.009591
9331	-0.000483
9356	0.003315
9376	0.001957
9394	0.008616
9424	0.034294
9428	0.009577
9429	0.009225
9496	0.002690
9536	0.014777
9543	-0.004684
9589	0.006016
9614	0.002536
9615	0.019584
9617	0.043183
9631	-0.006576
9661	0.003492
9668	-0.024971
9718	0.033039
9728	-0.000741
9734	-0.007069
9788	-0.005433
9791	0.001662
9793	-0.005286
9804	-0.026283
9809	0.003163
9810	-0.001413
9823	0.016328
9828	0.005722
9907	0.016430
9951	-0.005670
9968	-0.004985
9969	-0.004944
10010	0.004760
10011	0.008023
10012	0.006642
10018	0.000255
10021	0.006920
10022	0.007667
10031	0.003733
10032	0.009211
10033	0.013952
10034	-0.002049
10035	0.011627
10039	0.010608
10044	0.009874
10045	0.019143
10060	-0.018970
10065	-0.004726
10077	-0.008444
10080	-0.001766
10130	-0.006266
10131	0.007356
10149	-0.000185
10194	0.004782
10197	-0.004270
10221	0.002628
10226	0.001398
10232	0.010348
10233	-0.020309
10263	0.011550
10264	0.002268
10274	0.004347
10286	-0.008776
10292	-0.000099
10299	0.014059
10302	-0.008617
10324	0.008090
10355	-0.007980
10358	-0.016627
10362	-0.006263
10366	-0.000871
10368	-0.030130
10370	-0.020835
10392	-0.005149
10405	-0.017156
10406	-0.007681
10409	-0.002828
10419	0.009001
10420	-0.000353
10424	0.008386
10434	0.000209
10455	0.003225
10478	0.000335
10480	0.028519
10484	0.000270
10510	0.031667
10519	0.026438
10520	0.002095
10524	0.028746
10578	0.016778
10630	0.008929
10643	-0.023132
10645	0.012815
10677	0.004450
10678	0.005291
10690	-0.006645
10717	-0.000323
10718	-0.003395
10719	-0.024676
10721	0.001610
10723	0.003682
10735	0.010841
10736	-0.010609
10829	-0.030428
10837	0.028347
10846	-0.002020
10921	0.001375
10922	-0.007791
10923	-0.017334
10924	-0.003556
10964	0.014637
10978	-0.001499
11017	-0.014681
11018	-0.017868
11019	0.037261
11032	-0.014305
11034	-0.004222
11035	-0.009847
11036	-0.007098
11052	-0.001854
11056	-0.006395
11060	0.004936
11063	-0.016978
11064	0.021824
11068	-0.006667
11069	-0.011612
11090	0.008891
11098	-0.020043
11099	-0.011126
11100	-0.002963
11105	0.002527
11109	-0.008768
11122	-0.000165
11123	-0.003202
11125	0.002819
11126	-0.006862
11149	-0.016989
11153	-0.005502
11188	0.048116
11193	-0.004830
11230	0.010689
11233	-0.003225
11236	0.033395
11243	0.002022
11251	0.001718
11259	-0.027469
11263	0.000896
11272	-0.008074
11321	-0.024804
11322	0.003128
11326	0.002819
11327	0.000837
11335	-0.013416
11337	-0.019970
11343	0.009842
11390	-0.023883
11444	0.009485
11464	0.019714
11471	0.007026
11472	0.013002
11473	-0.011635
11492	-0.016121
11499	0.002477
11500	-0.011823
11505	-0.013518
11527	-0.005890
11528	-0.001868
11532	0.007265
11564	-0.003196
11589	0.010402
11591	-0.012449
11592	0.000104
11599	-0.000660
11605	-0.053635
11617	0.009433
11630	0.003539
11631	0.004550
11632	0.033343
11656	0.027905
11657	-0.014288
11777	-0.008252
11786	0.009467
11812	-0.006221
12020	0.000271
12061	-0.007566
12115	0.026923
12154	0.001253
12155	0.023679
12156	0.003980
12159	0.005647
12174	-0.013257
12176	-0.026688
12230	-0.009241
12234	-0.000462
12236	0.001952
12237	0.014001
12250	0.016801
12252	-0.002389
12253	0.001378
12315	-0.001539
12381	-0.021346
12382	-0.008811
12438	-0.031642
12455	0.001872
12462	0.015737
12478	0.008427
12603	-0.007951
12711	0.002661
12714	0.009075
12716	-0.008499
12754	-0.003039
12785	0.041005
12788	-0.020281
12792	0.000152
12898	0.003499
12944	-0.006337
12949	0.008611
13062	-0.037794
13099	0.014293
13160	0.024778
13198	-0.002692
13239	0.002532
13249	-0.022042
13262	-0.024072
13263	0.022634
13272	0.005791
13273	-0.036841
13277	-0.008125
13305	-0.013806
13342	-0.009984
13343	-0.009806
13345	0.012163
13351	-0.027268
13357	-0.000009
13427	-0.014249
13436	-0.037945
13455	-0.004759
13528	0.007299
13532	-0.004936
13553	-0.011672
13566	0.007419
13651	-0.010860
13653	0.021435
13675	0.014626
13676	-0.005195
13677	0.022375
13678	0.003109
13681	0.009014
13688	-0.016437
13697	0.003667
13705	-0.000647
13708	0.006633
13737	0.004253
13760	-0.014843
13923	-0.018509
13927	-0.018544
13995	-0.001851
14002	0.007845
14003	0.009056
14021	-0.017581
14034	0.016706
14064	0.020985
14110	0.024474
14155	0.004601
14203	-0.004849
14208	0.002750
14340	-0.010834
14356	0.000720
14389	0.018845
14499	-0.001644
14625	-0.011726
14632	0.007917
14637	-0.013270
14641	-0.017497
14685	-0.010989
14694	-0.006417
14695	-0.001717
14699	-0.012045
14700	-0.007576
14749	0.006213
14760	0.022439
14790	0.006320
14791	-0.004324
14796	-0.013554
14797	-0.005909
14891	-0.002279
14927	-0.006062
15099	0.020210
15182	0.001791
15243	-0.000765
15245	0.006315
15254	-0.004583
15322	0.002436
15327	0.025181
15463	-0.014179
15496	-0.017988
15499	-0.001764
15502	0.005721
15514	0.007036
15566	0.002535
15580	-0.013235
15583	0.006170
15586	-0.003632
15601	0.005586
15621	0.012707
15780	0.013886
15869	0.009262
16082	0.011177
16281	0.004502
16293	-0.038001
16300	0.024889
16304	-0.021487
16360	-0.000979
16361	-0.023498
16367	-0.020420
16432	-0.018914
16433	0.012228
16438	0.034821
16446	0.038295
16453	0.025143
16463	-0.029428
16466	0.027263
16477	-0.017477
16482	-0.017410
16605	0.005753
16606	-0.022425
16635	-0.016569
16638	0.002038
16655	-0.022755
16673	-0.004449
16676	0.007227
16677	0.004375
16678	-0.010531
16808	0.008374
16829	-0.000033
17150	-0.022076
17182	0.015963
17199	-0.027338
17273	-0.004785
17431	-0.008563
17466	0.068687
17472	0.007296
17485	0.024974
17585	0.041967
17620	0.034629
17647	0.005433
17690	0.014088
17772	-0.003542
18410	-0.003804
19647	-0.005999
21458	-0.006858
21885	-0.010004
21973	0.006055
21976	0.002183
21977	-0.000396
22084	0.007863
23475	0.005976
23754	-0.002394
23764	0.012221
24372	-0.004068
24918	0.014904
24944	0.005378
25022	-0.009349
25140	0.016846
26484	0.003776
27764	0.014037
28424	-0.006104
28845	-0.012012
29861	0.015066
30684	0.026417
31288	-0.041364
31704	0.003966
32421	0.003857
32520	0.001117
32893	0.001021
34340	-0.008112
35227	0.001307
35334	-0.003028
36499	0.002295
36843	-0.013257
36844	-0.007396
36955	0.010308
36970	0.006938
39336	-0.012057
39353	-0.009405
40538	0.016513
40541	0.011691
40542	-0.004601
40599	0.017656
40601	-0.000466
40602	0.001106
40656	-0.004522
40657	-0.002674
42157	-0.011709
42203	-0.017817
42204	-0.006825
42851	0.013542
43061	0.000827
44144	0.015024
45195	-0.003846
47030	0.000079
47285	0.016218
47317	-0.037217
47457	0.003987
47460	0.004774
48147	0.004566
48297	-0.001218
48474	0.021313
48696	0.022508
49516	0.011515
49630	0.022932
49927	0.002632
50199	0.009497
50249	0.016432
50259	0.015816
50904	0.001795
53231	-0.010579
53471	-0.013678
53531	0.009979
53986	-0.012603
55057	0.002231
56431	0.006586
56432	0.012642
56466	-0.019133
56478	-0.029326
56621	0.005243
57644	0.008744
57756	0.006176
58783	0.008431
59657	0.027417
59715	0.046052
64825	-0.017174
64947	0.011045
65950	0.019954
70102	0.026376
75003	-0.001413
75099	0.014555
75742	0.008786
75823	0.019038
75824	0.010982
78157	-0.019879
78181	0.009804
78191	-0.009592
80479	-0.016567
80480	-0.010974
80715	0.011007
80719	0.006961
80750	-0.010364
81231	0.002526
84436	-0.016384
84780	-0.012374
84844	-0.017800
85002	0.006425
85003	-0.050965
85659	0.000272
85663	0.002536
85710	-0.006311
92185	-0.009529
96142	-0.000962
96144	-0.008707
96482	0.015214
98871	0.020427
