# 1342 minima projected onto PC136
# Min	PC
3	0.000000
4	-0.000000
5	0.000000
6	-0.000000
7	0.000000
9	-0.000000
16	0.000000
17	-0.000000
21	0.000000
23	-0.000000
31	0.000000
44	0.000000
47	0.000000
48	0.000000
51	-0.000000
52	0.000000
55	0.000000
56	0.000000
57	-0.000000
58	0.000000
60	0.000000
67	0.000000
68	-0.000000
71	-0.000000
72	-0.000000
74	-0.000000
79	-0.000000
82	-0.000000
85	0.000000
86	0.000000
87	-0.000000
88	-0.000000
91	0.000000
92	-0.000000
94	0.000000
95	-0.000000
97	-0.000000
104	-0.000000
106	0.000000
109	-0.000000
111	0.000000
115	0.000000
120	0.000000
126	0.000000
129	-0.000000
136	0.000000
137	-0.000000
188	-0.000000
189	0.000000
196	-0.000000
199	0.000000
200	-0.000000
202	0.000000
211	-0.000000
213	-0.000000
214	0.000000
219	-0.000000
221	0.000000
276	-0.000000
279	0.000000
283	-0.000000
295	0.000000
308	-0.000000
312	0.000000
315	-0.000000
318	0.000000
319	-0.000000
321	0.000000
324	-0.000000
328	0.000000
334	-0.000000
336	-0.000000
338	0.000000
347	0.000000
351	-0.000000
352	0.000000
354	-0.000000
357	0.000000
359	0.000000
362	0.000000
364	-0.000000
365	-0.000000
368	-0.000000
376	-0.000000
377	-0.000000
380	0.000000
386	0.000000
388	-0.000000
390	-0.000000
396	-0.000000
404	0.000000
410	-0.000000
413	-0.000000
420	-0.000000
423	-0.000000
424	-0.000000
437	-0.000000
438	-0.000000
444	0.000000
452	0.000000
473	0.000000
474	-0.000000
475	-0.000000
476	0.000000
478	-0.000000
479	0.000000
480	-0.000000
483	-0.000000
503	-0.000000
508	0.000000
509	-0.000000
530	-0.000000
536	0.000000
556	0.000000
581	0.000000
583	0.000000
603	-0.000000
606	-0.000000
607	-0.000000
620	-0.000000
628	-0.000000
636	-0.000000
637	0.000000
639	0.000000
640	-0.000000
644	0.000000
645	0.000000
677	0.000000
678	-0.000000
679	0.000000
682	-0.000000
698	0.000000
700	-0.000000
710	0.000000
722	-0.000000
723	0.000000
724	0.000000
725	0.000000
726	0.000000
747	-0.000000
753	-0.000000
755	-0.000000
757	0.000000
765	0.000000
782	0.000000
783	0.000000
793	-0.000000
808	-0.000000
814	-0.000000
840	0.000000
848	-0.000000
859	-0.000000
864	-0.000000
867	0.000000
878	-0.000000
888	-0.000000
890	-0.000000
892	-0.000000
899	0.000000
918	-0.000000
926	0.000000
933	0.000000
934	0.000000
981	0.000000
1028	0.000000
1034	-0.000000
1051	0.000000
1054	0.000000
1058	-0.000000
1062	-0.000000
1063	0.000000
1064	-0.000000
1066	-0.000000
1068	-0.000000
1073	0.000000
1082	0.000000
1083	0.000000
1086	0.000000
1089	0.000000
1090	0.000000
1091	-0.000000
1092	0.000000
1164	-0.000000
1165	-0.000000
1174	0.000000
1176	-0.000000
1184	0.000000
1191	0.000000
1192	-0.000000
1201	-0.000000
1230	-0.000000
1339	0.000000
1341	0.000000
1370	0.000000
1385	-0.000000
1405	-0.000000
1437	-0.000000
1441	-0.000000
1443	0.000000
1521	-0.000000
1522	0.000000
1523	0.000000
1524	0.000000
1525	0.000000
1541	0.000000
1542	0.000000
1550	0.000000
1551	-0.000000
1596	0.000000
1597	0.000000
1628	0.000000
1629	-0.000000
1633	0.000000
1636	0.000000
1637	0.000000
1765	-0.000000
1766	0.000000
1780	-0.000000
1862	0.000000
1865	0.000000
1870	0.000000
1885	0.000000
1910	-0.000000
1911	0.000000
2007	0.000000
2060	0.000000
2062	-0.000000
2090	-0.000000
2093	0.000000
2094	0.000000
2095	0.000000
2096	0.000000
2100	0.000000
2101	0.000000
2102	-0.000000
2103	0.000000
2104	0.000000
2105	0.000000
2128	0.000000
2129	0.000000
2135	0.000000
2190	-0.000000
2195	-0.000000
2197	0.000000
2198	-0.000000
2199	0.000000
2200	-0.000000
2201	0.000000
2202	-0.000000
2205	-0.000000
2217	-0.000000
2218	0.000000
2221	0.000000
2272	0.000000
2273	-0.000000
2275	0.000000
2288	0.000000
2293	0.000000
2298	0.000000
2299	-0.000000
2300	0.000000
2301	0.000000
2338	0.000000
2342	-0.000000
2343	0.000000
2358	0.000000
2384	-0.000000
2385	0.000000
2399	0.000000
2435	-0.000000
2436	-0.000000
2465	0.000000
2467	-0.000000
2468	0.000000
2469	0.000000
2470	0.000000
2471	0.000000
2474	-0.000000
2620	0.000000
2650	-0.000000
2651	0.000000
2685	-0.000000
2688	0.000000
2730	0.000000
2843	-0.000000
2951	0.000000
2959	-0.000000
3236	0.000000
3305	0.000000
3318	0.000000
3340	-0.000000
3352	0.000000
3355	-0.000000
3356	-0.000000
3365	-0.000000
3366	0.000000
3367	0.000000
3368	0.000000
3401	0.000000
3405	-0.000000
3434	0.000000
3448	-0.000000
3454	-0.000000
3481	-0.000000
3495	0.000000
3504	0.000000
3532	0.000000
3540	0.000000
3549	-0.000000
3550	-0.000000
3569	0.000000
3595	0.000000
3596	0.000000
3603	-0.000000
3621	0.000000
3622	0.000000
3647	0.000000
3649	0.000000
3651	-0.000000
3652	0.000000
3723	0.000000
3757	-0.000000
3772	-0.000000
3787	-0.000000
3798	0.000000
3799	0.000000
3889	0.000000
3897	0.000000
3898	0.000000
3904	0.000000
3945	0.000000
3990	0.000000
4024	-0.000000
4039	0.000000
4048	0.000000
4050	0.000000
4076	-0.000000
4094	-0.000000
4170	-0.000000
4251	0.000000
4252	-0.000000
4299	0.000000
4302	-0.000000
4318	0.000000
4319	0.000000
4320	0.000000
4360	0.000000
4388	-0.000000
4414	-0.000000
4426	-0.000000
4446	-0.000000
4527	0.000000
4545	-0.000000
4546	-0.000000
4554	-0.000000
4564	0.000000
4567	0.000000
4634	-0.000000
4693	0.000000
4736	-0.000000
4761	-0.000000
4879	-0.000000
5071	0.000000
5138	-0.000000
5164	0.000000
5182	-0.000000
5183	0.000000
5184	-0.000000
5187	0.000000
5188	0.000000
5189	0.000000
5193	0.000000
5194	-0.000000
5195	-0.000000
5197	-0.000000
5203	0.000000
5205	0.000000
5212	-0.000000
5213	0.000000
5222	-0.000000
5223	-0.000000
5228	0.000000
5232	0.000000
5244	-0.000000
5245	-0.000000
5246	-0.000000
5248	0.000000
5292	-0.000000
5293	-0.000000
5299	-0.000000
5300	0.000000
5315	-0.000000
5316	0.000000
5319	0.000000
5320	0.000000
5321	-0.000000
5322	0.000000
5323	0.000000
5324	0.000000
5325	0.000000
5329	0.000000
5342	-0.000000
5343	-0.000000
5374	0.000000
5376	-0.000000
5378	-0.000000
5379	-0.000000
5382	0.000000
5390	0.000000
5398	0.000000
5402	0.000000
5404	0.000000
5407	0.000000
5408	-0.000000
5409	-0.000000
5411	-0.000000
5412	-0.000000
5413	0.000000
5416	0.000000
5418	-0.000000
5422	0.000000
5425	0.000000
5427	-0.000000
5428	-0.000000
5432	0.000000
5436	-0.000000
5443	0.000000
5444	-0.000000
5458	0.000000
5462	0.000000
5465	0.000000
5468	0.000000
5471	0.000000
5480	-0.000000
5481	0.000000
5485	-0.000000
5486	0.000000
5488	-0.000000
5489	-0.000000
5495	-0.000000
5513	0.000000
5515	0.000000
5516	0.000000
5521	0.000000
5527	0.000000
5528	-0.000000
5536	-0.000000
5537	0.000000
5547	0.000000
5565	0.000000
5573	-0.000000
5579	0.000000
5583	-0.000000
5586	-0.000000
5589	-0.000000
5590	0.000000
5593	-0.000000
5599	-0.000000
5604	0.000000
5605	0.000000
5606	-0.000000
5625	0.000000
5649	0.000000
5656	0.000000
5657	0.000000
5658	-0.000000
5686	0.000000
5695	-0.000000
5705	0.000000
5706	-0.000000
5716	-0.000000
5717	-0.000000
5718	0.000000
5719	-0.000000
5720	0.000000
5724	0.000000
5738	0.000000
5742	-0.000000
5750	0.000000
5751	-0.000000
5756	-0.000000
5761	0.000000
5768	-0.000000
5773	0.000000
5792	0.000000
5793	0.000000
5794	-0.000000
5806	-0.000000
5811	0.000000
5812	-0.000000
5813	-0.000000
5814	-0.000000
5821	-0.000000
5823	-0.000000
5825	0.000000
5831	0.000000
5832	-0.000000
5833	-0.000000
5847	0.000000
5849	0.000000
5851	-0.000000
5854	-0.000000
5858	-0.000000
5862	0.000000
5875	0.000000
5876	-0.000000
5903	-0.000000
5910	-0.000000
5912	0.000000
5913	-0.000000
5925	0.000000
5926	0.000000
5927	0.000000
5928	0.000000
5930	0.000000
5931	-0.000000
5933	-0.000000
5934	-0.000000
5937	-0.000000
5939	-0.000000
5940	-0.000000
5941	-0.000000
5943	-0.000000
5963	-0.000000
5964	0.000000
5965	0.000000
5966	-0.000000
5968	-0.000000
5969	-0.000000
5970	-0.000000
5971	0.000000
5975	0.000000
6006	0.000000
6011	-0.000000
6017	-0.000000
6019	0.000000
6022	-0.000000
6032	0.000000
6095	-0.000000
6115	0.000000
6116	0.000000
6119	0.000000
6127	0.000000
6128	0.000000
6130	0.000000
6140	0.000000
6141	-0.000000
6147	0.000000
6148	-0.000000
6163	-0.000000
6164	0.000000
6170	-0.000000
6171	0.000000
6177	-0.000000
6184	-0.000000
6200	0.000000
6204	-0.000000
6206	-0.000000
6223	-0.000000
6240	0.000000
6245	0.000000
6253	0.000000
6267	0.000000
6269	-0.000000
6290	-0.000000
6303	0.000000
6317	-0.000000
6343	0.000000
6350	0.000000
6360	-0.000000
6367	0.000000
6383	0.000000
6389	0.000000
6397	0.000000
6398	0.000000
6406	-0.000000
6407	0.000000
6412	-0.000000
6413	0.000000
6434	0.000000
6435	0.000000
6460	0.000000
6463	-0.000000
6464	0.000000
6489	-0.000000
6507	0.000000
6510	0.000000
6516	-0.000000
6518	-0.000000
6522	-0.000000
6523	-0.000000
6524	-0.000000
6525	-0.000000
6531	0.000000
6536	0.000000
6575	-0.000000
6584	-0.000000
6585	0.000000
6586	-0.000000
6594	0.000000
6595	-0.000000
6610	0.000000
6612	0.000000
6615	0.000000
6624	-0.000000
6628	-0.000000
6649	0.000000
6698	-0.000000
6706	0.000000
6718	-0.000000
6719	-0.000000
6722	-0.000000
6770	0.000000
6780	0.000000
6781	0.000000
6794	-0.000000
6795	-0.000000
6796	-0.000000
6799	0.000000
6809	-0.000000
6837	-0.000000
6838	-0.000000
6839	-0.000000
6846	-0.000000
6865	0.000000
6869	-0.000000
6870	0.000000
6871	0.000000
6873	-0.000000
6876	-0.000000
6885	0.000000
6895	0.000000
6896	-0.000000
6897	0.000000
6900	0.000000
6903	-0.000000
6906	0.000000
6916	-0.000000
6917	-0.000000
6918	-0.000000
6919	0.000000
6938	-0.000000
6941	0.000000
6942	0.000000
6943	-0.000000
6944	0.000000
6948	-0.000000
6953	-0.000000
6957	0.000000
6958	-0.000000
6970	-0.000000
6971	-0.000000
6976	0.000000
6977	0.000000
6990	-0.000000
7014	-0.000000
7015	0.000000
7016	0.000000
7018	-0.000000
7019	-0.000000
7042	-0.000000
7053	0.000000
7066	0.000000
7067	0.000000
7083	-0.000000
7092	0.000000
7100	-0.000000
7103	0.000000
7110	-0.000000
7111	0.000000
7112	0.000000
7113	-0.000000
7116	-0.000000
7119	0.000000
7120	-0.000000
7121	0.000000
7122	0.000000
7140	0.000000
7143	0.000000
7157	-0.000000
7165	0.000000
7175	-0.000000
7178	-0.000000
7206	-0.000000
7207	-0.000000
7217	-0.000000
7218	0.000000
7221	-0.000000
7227	-0.000000
7230	0.000000
7236	-0.000000
7239	0.000000
7242	0.000000
7260	-0.000000
7268	-0.000000
7269	0.000000
7304	0.000000
7326	-0.000000
7327	0.000000
7336	0.000000
7342	-0.000000
7346	-0.000000
7348	0.000000
7355	0.000000
7361	0.000000
7372	-0.000000
7387	-0.000000
7422	0.000000
7423	0.000000
7425	0.000000
7436	-0.000000
7442	0.000000
7446	-0.000000
7448	0.000000
7453	-0.000000
7463	-0.000000
7492	-0.000000
7493	0.000000
7494	-0.000000
7495	-0.000000
7518	0.000000
7520	-0.000000
7540	-0.000000
7546	0.000000
7556	0.000000
7559	0.000000
7560	-0.000000
7561	0.000000
7564	0.000000
7575	0.000000
7583	-0.000000
7585	0.000000
7586	-0.000000
7599	-0.000000
7600	0.000000
7606	0.000000
7614	-0.000000
7617	-0.000000
7622	0.000000
7629	-0.000000
7637	0.000000
7640	-0.000000
7657	-0.000000
7665	-0.000000
7666	0.000000
7667	0.000000
7668	-0.000000
7669	-0.000000
7670	-0.000000
7671	-0.000000
7681	-0.000000
7683	-0.000000
7684	0.000000
7696	0.000000
7722	0.000000
7723	-0.000000
7799	-0.000000
7852	-0.000000
7859	0.000000
7860	0.000000
7861	-0.000000
7865	0.000000
7875	0.000000
7876	0.000000
7895	-0.000000
7913	-0.000000
7917	0.000000
7952	0.000000
7969	0.000000
7971	-0.000000
8000	0.000000
8002	-0.000000
8006	-0.000000
8036	-0.000000
8056	-0.000000
8069	-0.000000
8103	-0.000000
8107	-0.000000
8120	-0.000000
8122	-0.000000
8125	-0.000000
8127	0.000000
8136	-0.000000
8149	0.000000
8154	0.000000
8197	-0.000000
8208	0.000000
8223	0.000000
8232	0.000000
8241	0.000000
8256	-0.000000
8262	-0.000000
8266	0.000000
8267	-0.000000
8268	0.000000
8269	-0.000000
8271	0.000000
8273	-0.000000
8280	-0.000000
8284	0.000000
8303	-0.000000
8304	-0.000000
8305	0.000000
8308	-0.000000
8332	-0.000000
8333	0.000000
8334	-0.000000
8338	-0.000000
8363	0.000000
8370	0.000000
8398	-0.000000
8465	0.000000
8468	0.000000
8469	0.000000
8470	-0.000000
8507	-0.000000
8552	-0.000000
8572	-0.000000
8574	-0.000000
8577	0.000000
8586	-0.000000
8592	-0.000000
8593	0.000000
8594	-0.000000
8597	-0.000000
8599	0.000000
8606	-0.000000
8607	0.000000
8615	-0.000000
8617	0.000000
8626	-0.000000
8636	0.000000
8669	0.000000
8671	0.000000
8673	-0.000000
8675	-0.000000
8790	0.000000
8791	-0.000000
8811	-0.000000
8822	-0.000000
8841	-0.000000
8849	-0.000000
8856	-0.000000
8875	0.000000
8884	-0.000000
8906	-0.000000
8907	-0.000000
8910	-0.000000
8911	-0.000000
8912	-0.000000
8913	-0.000000
8934	0.000000
8935	0.000000
8954	-0.000000
8968	-0.000000
8972	0.000000
9001	0.000000
9029	-0.000000
9032	-0.000000
9058	-0.000000
9059	-0.000000
9068	0.000000
9070	-0.000000
9108	0.000000
9139	-0.000000
9140	-0.000000
9158	-0.000000
9187	0.000000
9188	-0.000000
9189	0.000000
9190	0.000000
9253	-0.000000
9259	0.000000
9268	0.000000
9269	0.000000
9271	0.000000
9312	-0.000000
9323	-0.000000
9329	0.000000
9330	0.000000
9331	-0.000000
9356	-0.000000
9376	0.000000
9394	-0.000000
9424	0.000000
9428	0.000000
9429	-0.000000
9496	0.000000
9536	-0.000000
9543	-0.000000
9589	0.000000
9614	0.000000
9615	0.000000
9617	0.000000
9631	0.000000
9661	0.000000
9668	0.000000
9718	-0.000000
9728	-0.000000
9734	-0.000000
9788	-0.000000
9791	0.000000
9793	-0.000000
9804	-0.000000
9809	-0.000000
9810	-0.000000
9823	-0.000000
9828	0.000000
9907	-0.000000
9951	-0.000000
9968	0.000000
9969	-0.000000
10010	0.000000
10011	0.000000
10012	0.000000
10018	0.000000
10021	-0.000000
10022	-0.000000
10031	-0.000000
10032	-0.000000
10033	-0.000000
10034	0.000000
10035	0.000000
10039	0.000000
10044	-0.000000
10045	-0.000000
10060	0.000000
10065	-0.000000
10077	0.000000
10080	-0.000000
10130	0.000000
10131	0.000000
10149	0.000000
10194	-0.000000
10197	-0.000000
10221	0.000000
10226	0.000000
10232	0.000000
10233	-0.000000
10263	0.000000
10264	-0.000000
10274	-0.000000
10286	-0.000000
10292	-0.000000
10299	-0.000000
10302	-0.000000
10324	0.000000
10355	-0.000000
10358	-0.000000
10362	0.000000
10366	0.000000
10368	-0.000000
10370	-0.000000
10392	-0.000000
10405	0.000000
10406	0.000000
10409	0.000000
10419	-0.000000
10420	-0.000000
10424	0.000000
10434	-0.000000
10455	-0.000000
10478	0.000000
10480	-0.000000
10484	0.000000
10510	-0.000000
10519	0.000000
10520	0.000000
10524	-0.000000
10578	0.000000
10630	-0.000000
10643	-0.000000
10645	0.000000
10677	0.000000
10678	0.000000
10690	-0.000000
10717	-0.000000
10718	0.000000
10719	0.000000
10721	-0.000000
10723	0.000000
10735	0.000000
10736	0.000000
10829	-0.000000
10837	0.000000
10846	0.000000
10921	0.000000
10922	0.000000
10923	0.000000
10924	-0.000000
10964	-0.000000
10978	-0.000000
11017	-0.000000
11018	-0.000000
11019	-0.000000
11032	0.000000
11034	0.000000
11035	-0.000000
11036	0.000000
11052	-0.000000
11056	0.000000
11060	0.000000
11063	-0.000000
11064	0.000000
11068	-0.000000
11069	-0.000000
11090	-0.000000
11098	-0.000000
11099	0.000000
11100	0.000000
11105	-0.000000
11109	-0.000000
11122	0.000000
11123	-0.000000
11125	-0.000000
11126	0.000000
11149	0.000000
11153	0.000000
11188	-0.000000
11193	0.000000
11230	0.000000
11233	-0.000000
11236	0.000000
11243	0.000000
11251	-0.000000
11259	0.000000
11263	0.000000
11272	-0.000000
11321	-0.000000
11322	0.000000
11326	-0.000000
11327	-0.000000
11335	0.000000
11337	0.000000
11343	-0.000000
11390	0.000000
11444	0.000000
11464	0.000000
11471	0.000000
11472	0.000000
11473	0.000000
11492	-0.000000
11499	-0.000000
11500	0.000000
11505	0.000000
11527	0.000000
11528	-0.000000
11532	0.000000
11564	-0.000000
11589	0.000000
11591	-0.000000
11592	0.000000
11599	-0.000000
11605	-0.000000
11617	-0.000000
11630	0.000000
11631	0.000000
11632	0.000000
11656	-0.000000
11657	-0.000000
11777	0.000000
11786	-0.000000
11812	0.000000
12020	0.000000
12061	-0.000000
12115	0.000000
12154	-0.000000
12155	0.000000
12156	0.000000
12159	-0.000000
12174	-0.000000
12176	-0.000000
12230	0.000000
12234	0.000000
12236	-0.000000
12237	0.000000
12250	0.000000
12252	-0.000000
12253	0.000000
12315	0.000000
12381	0.000000
12382	-0.000000
12438	-0.000000
12455	-0.000000
12462	-0.000000
12478	0.000000
12603	0.000000
12711	0.000000
12714	0.000000
12716	-0.000000
12754	-0.000000
12785	-0.000000
12788	0.000000
12792	-0.000000
12898	-0.000000
12944	0.000000
12949	0.000000
13062	0.000000
13099	-0.000000
13160	-0.000000
13198	0.000000
13239	0.000000
13249	0.000000
13262	0.000000
13263	0.000000
13272	0.000000
13273	-0.000000
13277	-0.000000
13305	-0.000000
13342	0.000000
13343	-0.000000
13345	0.000000
13351	0.000000
13357	-0.000000
13427	0.000000
13436	-0.000000
13455	0.000000
13528	-0.000000
13532	0.000000
13553	-0.000000
13566	-0.000000
13651	-0.000000
13653	-0.000000
13675	-0.000000
13676	-0.000000
13677	0.000000
13678	0.000000
13681	0.000000
13688	-0.000000
13697	0.000000
13705	-0.000000
13708	0.000000
13737	-0.000000
13760	0.000000
13923	-0.000000
13927	-0.000000
13995	0.000000
14002	0.000000
14003	-0.000000
14021	0.000000
14034	-0.000000
14064	-0.000000
14110	0.000000
14155	0.000000
14203	0.000000
14208	0.000000
14340	-0.000000
14356	-0.000000
14389	-0.000000
14499	0.000000
14625	-0.000000
14632	-0.000000
14637	0.000000
14641	-0.000000
14685	0.000000
14694	-0.000000
14695	-0.000000
14699	-0.000000
14700	0.000000
14749	-0.000000
14760	0.000000
14790	-0.000000
14791	-0.000000
14796	-0.000000
14797	-0.000000
14891	-0.000000
14927	0.000000
15099	-0.000000
15182	-0.000000
15243	-0.000000
15245	-0.000000
15254	0.000000
15322	-0.000000
15327	0.000000
15463	0.000000
15496	-0.000000
15499	-0.000000
15502	0.000000
15514	0.000000
15566	-0.000000
15580	0.000000
15583	0.000000
15586	0.000000
15601	0.000000
15621	0.000000
15780	-0.000000
15869	-0.000000
16082	-0.000000
16281	0.000000
16293	-0.000000
16300	-0.000000
16304	-0.000000
16360	0.000000
16361	0.000000
16367	0.000000
16432	-0.000000
16433	0.000000
16438	0.000000
16446	0.000000
16453	-0.000000
16463	0.000000
16466	0.000000
16477	0.000000
16482	-0.000000
16605	-0.000000
16606	-0.000000
16635	-0.000000
16638	0.000000
16655	0.000000
16673	-0.000000
16676	-0.000000
16677	0.000000
16678	-0.000000
16808	-0.000000
16829	-0.000000
17150	0.000000
17182	0.000000
17199	-0.000000
17273	0.000000
17431	-0.000000
17466	-0.000000
17472	-0.000000
17485	0.000000
17585	0.000000
17620	-0.000000
17647	0.000000
17690	-0.000000
17772	-0.000000
18410	0.000000
19647	0.000000
21458	-0.000000
21885	-0.000000
21973	-0.000000
21976	0.000000
21977	-0.000000
22084	-0.000000
23475	-0.000000
23754	-0.000000
23764	0.000000
24372	0.000000
24918	-0.000000
24944	-0.000000
25022	-0.000000
25140	-0.000000
26484	-0.000000
27764	0.000000
28424	0.000000
28845	0.000000
29861	0.000000
30684	0.000000
31288	-0.000000
31704	0.000000
32421	0.000000
32520	0.000000
32893	-0.000000
34340	0.000000
35227	-0.000000
35334	0.000000
36499	0.000000
36843	-0.000000
36844	0.000000
36955	-0.000000
36970	0.000000
39336	0.000000
39353	0.000000
40538	-0.000000
40541	0.000000
40542	-0.000000
40599	-0.000000
40601	0.000000
40602	-0.000000
40656	-0.000000
40657	0.000000
42157	-0.000000
42203	-0.000000
42204	-0.000000
42851	-0.000000
43061	-0.000000
44144	0.000000
45195	0.000000
47030	-0.000000
47285	-0.000000
47317	-0.000000
47457	-0.000000
47460	-0.000000
48147	-0.000000
48297	0.000000
48474	0.000000
48696	0.000000
49516	-0.000000
49630	-0.000000
49927	-0.000000
50199	0.000000
50249	-0.000000
50259	0.000000
50904	0.000000
53231	0.000000
53471	-0.000000
53531	-0.000000
53986	0.000000
55057	-0.000000
56431	-0.000000
56432	-0.000000
56466	-0.000000
56478	-0.000000
56621	0.000000
57644	0.000000
57756	-0.000000
58783	0.000000
59657	-0.000000
59715	0.000000
64825	-0.000000
64947	-0.000000
65950	-0.000000
70102	-0.000000
75003	-0.000000
75099	-0.000000
75742	0.000000
75823	-0.000000
75824	0.000000
78157	0.000000
78181	0.000000
78191	0.000000
80479	-0.000000
80480	0.000000
80715	-0.000000
80719	0.000000
80750	-0.000000
81231	-0.000000
84436	-0.000000
84780	-0.000000
84844	0.000000
85002	-0.000000
85003	0.000000
85659	0.000000
85663	0.000000
85710	0.000000
92185	-0.000000
96142	0.000000
96144	0.000000
96482	-0.000000
98871	-0.000000
