# 1342 minima projected onto PC10
Min	PC
3	-1.813159
4	-1.763953
5	-1.210127
6	-0.586216
7	-1.665712
9	-1.943540
16	-1.104324
17	-1.071900
21	-1.437494
23	-1.809607
31	-1.251292
44	-0.356047
47	0.600708
48	3.583024
51	-1.903300
52	-1.328617
55	2.484975
56	0.364254
57	-0.458782
58	0.906305
60	-2.445933
67	0.086033
68	0.234144
71	-1.349319
72	-1.376698
74	-1.334113
79	2.401565
82	-1.736640
85	-0.891160
86	1.720827
87	0.804658
88	-1.869611
91	-0.763494
92	-1.800814
94	-1.013325
95	1.258808
97	0.385035
104	-0.034157
106	0.302400
109	-2.005885
111	-3.088531
115	-2.724080
120	-0.482435
126	2.383786
129	-1.994815
136	0.829974
137	-0.959221
188	-0.450844
189	0.466132
196	-1.585822
199	-1.432638
200	-1.954519
202	-1.478239
211	-1.291729
213	-1.809859
214	-2.226297
219	-2.052988
221	-1.518549
276	1.304103
279	0.354098
283	-1.002596
295	0.508503
308	0.412684
312	0.857319
315	5.769283
318	-1.419079
319	-1.053969
321	-0.745970
324	-1.400690
328	0.646425
334	0.837552
336	-2.776891
338	-1.498854
347	-1.326106
351	1.520759
352	-1.686365
354	0.565795
357	-1.001794
359	-0.726463
362	-0.862458
364	-1.617376
365	-1.686453
368	-0.838219
376	-0.972150
377	-1.721210
380	-0.724358
386	-1.968326
388	0.476151
390	-1.738910
396	-2.126329
404	0.846700
410	0.080992
413	-0.355212
420	1.533071
423	1.268161
424	-1.935376
437	-2.332381
438	0.444942
444	2.735939
452	0.724768
473	-1.559353
474	-0.863953
475	1.312596
476	-0.591743
478	0.369946
479	-1.142848
480	-1.154852
483	1.544746
503	-3.005660
508	-2.298345
509	-1.916979
530	2.811296
536	-1.491630
556	-0.592637
581	1.205189
583	1.007549
603	1.318687
606	-0.813046
607	-1.450378
620	-1.904926
628	-1.719547
636	-0.744861
637	-2.152971
639	-1.377583
640	-1.028288
644	0.563335
645	0.358540
677	-0.221482
678	3.525616
679	1.447495
682	3.829651
698	0.781272
700	0.582392
710	-1.666900
722	-0.089499
723	-1.234498
724	-1.129896
725	-0.983394
726	0.269803
747	1.285336
753	-0.868458
755	-0.170776
757	1.338511
765	-1.161750
782	-1.307451
783	-2.136742
793	-0.556426
808	0.888651
814	-0.610058
840	-1.469491
848	-0.121950
859	0.583430
864	-0.554451
867	-1.293493
878	-1.591750
888	-1.596151
890	-1.916856
892	3.526030
899	0.064286
918	-2.069984
926	0.389425
933	-1.605398
934	0.434765
981	1.208055
1028	1.407737
1034	-1.980669
1051	-0.122170
1054	0.590254
1058	1.206060
1062	-0.397450
1063	3.058140
1064	0.930043
1066	0.425803
1068	-1.917068
1073	-0.686321
1082	-0.681451
1083	-1.458640
1086	-0.146258
1089	-1.265043
1090	-0.254887
1091	-0.444119
1092	-1.429345
1164	-0.353271
1165	0.730099
1174	5.521786
1176	1.563952
1184	1.093743
1191	1.616294
1192	1.639899
1201	4.504237
1230	-2.048971
1339	-1.677213
1341	0.142172
1370	-1.610701
1385	1.098068
1405	4.134100
1437	0.749294
1441	-1.223591
1443	-1.996127
1521	-1.202221
1522	2.356051
1523	2.214459
1524	0.600950
1525	-0.371062
1541	-2.238361
1542	1.190159
1550	-1.225039
1551	0.484445
1596	-0.329225
1597	-1.880095
1628	-1.592928
1629	-2.125414
1633	1.908716
1636	-1.391029
1637	0.319951
1765	1.516562
1766	1.886177
1780	1.292770
1862	-0.881361
1865	-2.509747
1870	-1.127986
1885	0.054517
1910	1.729309
1911	0.776244
2007	-1.647975
2060	0.947521
2062	2.969438
2090	2.162651
2093	1.390626
2094	0.985877
2095	-0.070851
2096	-3.465672
2100	1.724473
2101	-2.203840
2102	-2.224537
2103	-1.957454
2104	-1.985143
2105	1.559192
2128	1.989933
2129	1.250095
2135	1.897986
2190	0.432130
2195	1.561260
2197	1.226264
2198	2.134592
2199	3.390919
2200	1.939049
2201	3.852223
2202	2.351194
2205	1.660875
2217	1.148088
2218	1.680170
2221	2.302407
2272	-0.693108
2273	0.192181
2275	-2.318951
2288	-1.375645
2293	-0.057006
2298	0.453334
2299	1.943251
2300	0.139585
2301	1.262338
2338	0.546337
2342	-0.521827
2343	-2.786448
2358	2.752895
2384	-2.440163
2385	0.591122
2399	-1.611226
2435	-1.765547
2436	2.293916
2465	-0.674263
2467	0.970144
2468	1.479550
2469	1.311674
2470	1.788764
2471	2.875214
2474	0.695127
2620	-0.346069
2650	-0.837199
2651	-1.291755
2685	-0.042925
2688	0.258934
2730	1.758468
2843	-1.918016
2951	-1.237060
2959	3.076570
3236	0.776129
3305	-1.888459
3318	-1.109248
3340	-1.610999
3352	3.815942
3355	2.873123
3356	-0.136009
3365	1.253944
3366	1.518574
3367	1.043160
3368	0.804936
3401	0.598637
3405	-0.006766
3434	-1.900497
3448	3.002745
3454	0.789995
3481	-2.219215
3495	-1.381543
3504	1.207634
3532	-1.603976
3540	0.584565
3549	-1.421723
3550	-1.064122
3569	-1.531150
3595	-1.873001
3596	-0.225736
3603	-2.467266
3621	0.687301
3622	-0.231415
3647	0.706508
3649	-2.554349
3651	-1.634093
3652	0.481967
3723	2.339685
3757	-1.933238
3772	-1.564814
3787	-1.809931
3798	0.614876
3799	-0.587923
3889	-0.619645
3897	1.062178
3898	0.016781
3904	0.743747
3945	-0.233111
3990	-0.570128
4024	0.890793
4039	1.153725
4048	-1.106069
4050	-0.022340
4076	2.331404
4094	0.561577
4170	-1.969410
4251	-0.044875
4252	-0.151015
4299	0.743898
4302	1.084961
4318	0.329132
4319	-0.321009
4320	0.960516
4360	-1.103914
4388	-0.789981
4414	-0.689190
4426	1.998139
4446	-1.753584
4527	-1.268720
4545	-0.638980
4546	-1.363608
4554	-0.992680
4564	-2.348733
4567	1.201610
4634	-2.137542
4693	1.657480
4736	-1.983153
4761	-1.904449
4879	1.333091
5071	-1.334915
5138	-1.054615
5164	0.734600
5182	0.582221
5183	0.241808
5184	-0.020930
5187	0.055432
5188	2.129688
5189	1.824074
5193	1.883697
5194	1.536239
5195	2.387774
5197	-1.269357
5203	-2.451936
5205	-2.817316
5212	-3.196043
5213	-3.819022
5222	-1.422753
5223	-0.622987
5228	1.352441
5232	-1.653066
5244	-1.087892
5245	-2.488117
5246	-2.942044
5248	-1.663383
5292	-1.619777
5293	-1.278580
5299	-1.483768
5300	-1.109869
5315	0.588547
5316	0.128831
5319	2.198110
5320	2.087473
5321	1.267344
5322	1.465357
5323	-1.660894
5324	-1.914063
5325	-1.812932
5329	-1.518878
5342	0.115017
5343	0.319449
5374	1.150673
5376	1.922037
5378	3.155910
5379	1.583287
5382	-1.450660
5390	2.744798
5398	2.059175
5402	0.403089
5404	1.789224
5407	0.862562
5408	0.959876
5409	0.727935
5411	1.227837
5412	0.643381
5413	0.320624
5416	0.070333
5418	-1.815990
5422	-2.051946
5425	2.679532
5427	1.821743
5428	0.655030
5432	-1.508556
5436	1.100862
5443	-3.497617
5444	3.808232
5458	-1.508513
5462	-1.943109
5465	-2.180263
5468	-2.106055
5471	-2.579053
5480	-1.776810
5481	-0.389749
5485	1.213524
5486	1.577306
5488	0.137930
5489	0.918174
5495	0.692339
5513	-1.043396
5515	1.234369
5516	-0.447183
5521	2.537311
5527	0.309976
5528	2.044630
5536	0.430307
5537	0.352557
5547	-2.324555
5565	0.779414
5573	-0.248861
5579	-2.170930
5583	-1.590202
5586	-0.539788
5589	-1.323262
5590	-1.302918
5593	-0.096107
5599	-0.328640
5604	-1.345379
5605	-1.711934
5606	2.505166
5625	2.618677
5649	0.328297
5656	1.258579
5657	2.608273
5658	0.605157
5686	-2.178176
5695	-0.082663
5705	0.303515
5706	0.329623
5716	-2.280301
5717	-2.375194
5718	1.824030
5719	-1.617949
5720	-2.322155
5724	-0.674577
5738	-1.391226
5742	-0.538669
5750	-1.984977
5751	0.972197
5756	-2.689950
5761	-1.771708
5768	-2.297817
5773	-2.423039
5792	-2.594367
5793	-2.405859
5794	-2.768417
5806	0.046421
5811	0.894614
5812	-1.019948
5813	-0.850696
5814	1.066815
5821	0.245364
5823	-0.402926
5825	1.711629
5831	-1.169232
5832	-1.255685
5833	0.574952
5847	-1.780389
5849	-1.114509
5851	-2.730060
5854	0.889674
5858	0.018808
5862	0.952180
5875	2.714806
5876	5.362616
5903	-1.387276
5910	-0.387523
5912	0.064223
5913	0.740271
5925	1.081177
5926	0.834521
5927	1.217428
5928	-1.060080
5930	3.064637
5931	-1.080806
5933	0.034877
5934	-2.710083
5937	0.735074
5939	4.355179
5940	2.794921
5941	-1.397616
5943	-1.248570
5963	0.756392
5964	-2.598599
5965	-1.773644
5966	-0.500448
5968	-1.221634
5969	-1.652301
5970	-1.574680
5971	-1.379653
5975	0.342888
6006	-1.829539
6011	1.046808
6017	-0.001718
6019	0.726725
6022	0.164330
6032	2.519902
6095	-2.308740
6115	-2.623327
6116	0.090234
6119	-1.930930
6127	-2.996385
6128	-2.600392
6130	-2.729279
6140	1.944835
6141	0.761029
6147	0.115467
6148	0.072235
6163	0.539167
6164	3.500480
6170	-2.086454
6171	-1.097689
6177	-1.714522
6184	-0.969301
6200	-0.491023
6204	2.992446
6206	-1.922124
6223	-1.572890
6240	0.105154
6245	0.328525
6253	4.395720
6267	-0.798449
6269	2.104216
6290	-0.927481
6303	-0.614470
6317	-0.380054
6343	-2.410188
6350	-2.387069
6360	-2.556551
6367	-1.666866
6383	-2.213742
6389	-0.293181
6397	-2.101916
6398	-2.249394
6406	-1.669958
6407	-1.208211
6412	-0.022493
6413	0.288587
6434	-1.386932
6435	-1.895785
6460	-2.716006
6463	-3.326880
6464	-3.195431
6489	1.011254
6507	-0.537654
6510	-1.981506
6516	0.315743
6518	-0.831544
6522	1.145742
6523	-0.020170
6524	2.274327
6525	2.743126
6531	2.414543
6536	2.426416
6575	1.897260
6584	-0.954809
6585	-0.999072
6586	-0.152919
6594	1.588920
6595	0.446697
6610	1.345268
6612	0.764586
6615	0.570576
6624	-1.975277
6628	0.988418
6649	1.045763
6698	1.914767
6706	1.246860
6718	0.885880
6719	1.174915
6722	2.372074
6770	-4.245397
6780	-0.523962
6781	-0.906281
6794	2.537756
6795	-1.991231
6796	1.760342
6799	1.511637
6809	-1.337110
6837	-0.596154
6838	-0.908263
6839	-1.885452
6846	-0.780747
6865	-1.186607
6869	0.698935
6870	-2.547379
6871	-0.207847
6873	-0.535097
6876	1.198256
6885	0.498768
6895	-0.993247
6896	1.418349
6897	-0.484429
6900	-2.935126
6903	2.879297
6906	1.106153
6916	-0.597419
6917	-0.076615
6918	1.856584
6919	0.186866
6938	-0.438080
6941	1.369224
6942	1.771369
6943	1.651778
6944	1.279301
6948	1.509484
6953	0.467218
6957	1.572789
6958	0.262276
6970	4.480687
6971	-2.180813
6976	0.441810
6977	-0.705302
6990	0.675348
7014	-0.858931
7015	-0.927182
7016	-0.179307
7018	-1.415806
7019	-1.261926
7042	-0.591881
7053	0.223221
7066	-1.725588
7067	1.413350
7083	-1.569880
7092	-1.235817
7100	1.659194
7103	2.123048
7110	-0.576712
7111	-1.429967
7112	-1.963806
7113	-0.478896
7116	-1.300324
7119	-1.271230
7120	0.026624
7121	-1.817964
7122	0.377761
7140	-3.729355
7143	-1.350493
7157	1.832665
7165	-3.164250
7175	-1.288353
7178	1.225510
7206	4.719840
7207	2.834942
7217	-2.547793
7218	-1.811269
7221	-1.876984
7227	2.434850
7230	0.762006
7236	-2.343808
7239	-1.968185
7242	-0.297483
7260	-1.673450
7268	-1.389746
7269	-1.803117
7304	-1.919023
7326	0.691701
7327	-2.030512
7336	3.925548
7342	-0.642608
7346	-2.498134
7348	-1.967838
7355	-1.859630
7361	2.535646
7372	-0.039006
7387	1.131501
7422	-0.339231
7423	1.665531
7425	-1.683298
7436	-1.820205
7442	3.626943
7446	-0.094778
7448	0.478019
7453	-0.932154
7463	-1.954400
7492	-0.045366
7493	0.066357
7494	-0.283397
7495	-0.539245
7518	-1.216143
7520	-1.775496
7540	-0.217561
7546	-0.349873
7556	-1.395300
7559	-0.411614
7560	-0.415274
7561	3.013367
7564	2.635428
7575	-0.835488
7583	-1.452435
7585	0.762788
7586	-1.461910
7599	-0.852296
7600	0.035505
7606	-0.556346
7614	0.016796
7617	0.969186
7622	0.915079
7629	0.939688
7637	-0.593374
7640	0.688841
7657	-0.688124
7665	-0.475852
7666	-1.523688
7667	-1.354570
7668	1.310119
7669	-0.216131
7670	2.605099
7671	-0.800687
7681	-1.178858
7683	-1.768791
7684	-0.765386
7696	-0.471916
7722	-2.138595
7723	0.976978
7799	-1.228646
7852	-1.132685
7859	-1.817977
7860	-0.438612
7861	-2.637702
7865	-2.326970
7875	-1.507331
7876	2.258583
7895	1.047952
7913	-0.154025
7917	-3.454382
7952	2.366193
7969	-2.964466
7971	1.092865
8000	0.488512
8002	-0.644614
8006	2.972629
8036	2.318725
8056	0.472966
8069	-1.625488
8103	2.725932
8107	-1.924853
8120	0.285060
8122	-1.007979
8125	-0.793863
8127	0.521732
8136	2.605964
8149	2.819694
8154	2.606858
8197	-0.182461
8208	-0.338946
8223	0.834093
8232	-0.805929
8241	-0.802821
8256	1.377252
8262	1.259123
8266	-2.011574
8267	-2.001568
8268	-1.467493
8269	-1.294998
8271	0.796202
8273	-0.218496
8280	-1.639903
8284	-0.727388
8303	-0.922785
8304	0.265744
8305	0.370680
8308	-0.039312
8332	0.767286
8333	1.701363
8334	3.482345
8338	1.198612
8363	1.537385
8370	-1.182497
8398	-2.191437
8465	-3.242825
8468	-2.028316
8469	-0.104575
8470	0.716673
8507	-1.516428
8552	0.611463
8572	2.242293
8574	2.823061
8577	0.786881
8586	1.147403
8592	0.690478
8593	0.206120
8594	-0.190475
8597	-1.906772
8599	0.493655
8606	-1.430244
8607	-0.206259
8615	-0.010474
8617	0.216606
8626	1.480146
8636	-1.306866
8669	-0.613278
8671	1.824242
8673	1.381774
8675	0.218144
8790	1.806971
8791	1.872767
8811	0.592749
8822	-0.349873
8841	0.196766
8849	1.792778
8856	0.243004
8875	1.833172
8884	-2.877870
8906	0.612472
8907	2.408617
8910	0.230244
8911	6.465674
8912	0.816084
8913	2.698100
8934	1.254048
8935	1.586827
8954	1.793230
8968	-1.333047
8972	-1.530871
9001	4.575848
9029	-0.862491
9032	3.938035
9058	1.414699
9059	1.967450
9068	-1.002217
9070	-0.759071
9108	0.201669
9139	-3.112721
9140	-2.611482
9158	0.944701
9187	0.660470
9188	-0.914760
9189	0.901312
9190	-0.695349
9253	-1.701143
9259	-2.143325
9268	2.667047
9269	-1.699483
9271	-1.735985
9312	-0.231493
9323	-2.108247
9329	-2.183042
9330	-1.767104
9331	-2.155389
9356	-2.131682
9376	0.271249
9394	-0.617393
9424	5.057541
9428	-2.620993
9429	-2.526019
9496	1.281033
9536	0.473928
9543	-1.167567
9589	1.288547
9614	-1.038938
9615	0.056753
9617	-0.613053
9631	-3.438964
9661	-2.025211
9668	-1.039803
9718	-0.168081
9728	0.895116
9734	0.997984
9788	0.110372
9791	-0.317084
9793	0.026446
9804	0.565338
9809	-0.405189
9810	-0.671206
9823	-1.809729
9828	2.741551
9907	-1.856569
9951	0.962287
9968	-2.537357
9969	0.700890
10010	0.811177
10011	0.968008
10012	0.755708
10018	-0.108866
10021	1.464131
10022	1.441874
10031	1.411650
10032	1.104278
10033	0.777217
10034	1.590108
10035	0.836276
10039	1.650052
10044	0.109599
10045	-0.834324
10060	5.356935
10065	1.609484
10077	-0.230261
10080	1.511999
10130	-0.740765
10131	2.217971
10149	-0.991040
10194	0.144745
10197	-4.467740
10221	0.024229
10226	1.816431
10232	-0.650337
10233	-1.185407
10263	-0.170823
10264	0.220608
10274	0.762803
10286	3.238548
10292	-1.273882
10299	4.101405
10302	-1.366165
10324	-0.093030
10355	0.146041
10358	1.539299
10362	2.524677
10366	2.057209
10368	1.898976
10370	0.925084
10392	1.755707
10405	0.012615
10406	-2.297310
10409	-0.157326
10419	0.298119
10420	0.479817
10424	0.175662
10434	1.948022
10455	-2.113240
10478	1.134592
10480	1.963952
10484	1.097246
10510	0.089149
10519	-0.698226
10520	0.007929
10524	0.373125
10578	-0.511564
10630	-1.995906
10643	-0.760901
10645	0.181059
10677	-1.594587
10678	-2.658098
10690	-1.633880
10717	-2.493335
10718	-1.607275
10719	1.524729
10721	-1.405662
10723	2.555468
10735	0.222036
10736	-1.790581
10829	0.784270
10837	1.899997
10846	1.325113
10921	-0.976806
10922	-0.773970
10923	0.083919
10924	0.375250
10964	2.380292
10978	1.175370
11017	-0.857578
11018	-0.637779
11019	1.588439
11032	0.515172
11034	0.416069
11035	0.029261
11036	0.887716
11052	2.134642
11056	2.958930
11060	2.601661
11063	1.319013
11064	1.310421
11068	1.683147
11069	1.389747
11090	-2.224146
11098	0.428874
11099	0.310135
11100	0.512233
11105	-1.114486
11109	0.820918
11122	-0.696585
11123	-1.056649
11125	-1.814323
11126	2.836202
11149	-0.074512
11153	-1.665505
11188	3.560436
11193	0.376865
11230	-2.096040
11233	-1.451758
11236	-0.175670
11243	-3.598356
11251	5.014917
11259	0.043232
11263	-0.090190
11272	1.092596
11321	-1.883314
11322	2.024795
11326	1.403583
11327	1.876607
11335	1.156661
11337	-1.886302
11343	0.935015
11390	-1.597500
11444	2.124085
11464	1.547778
11471	1.113672
11472	1.214966
11473	-0.607495
11492	3.270516
11499	-0.388600
11500	-1.912473
11505	3.839970
11527	0.135528
11528	-0.106910
11532	-2.784334
11564	0.150340
11589	-1.169695
11591	1.428666
11592	1.636704
11599	-0.649192
11605	0.169677
11617	-2.220451
11630	-1.084817
11631	-1.610604
11632	0.665775
11656	-3.868070
11657	2.893704
11777	2.725916
11786	-1.565190
11812	-0.763419
12020	-1.403642
12061	-2.383767
12115	-0.853922
12154	2.145139
12155	-0.535104
12156	-0.514662
12159	-0.696398
12174	0.453093
12176	2.123199
12230	1.474721
12234	-0.308418
12236	0.166592
12237	-0.917498
12250	1.325879
12252	1.460870
12253	1.595838
12315	1.211692
12381	0.481271
12382	1.027304
12438	-2.330132
12455	-2.708005
12462	3.383661
12478	0.889730
12603	3.584174
12711	1.218471
12714	1.407245
12716	-1.328015
12754	1.297373
12785	4.847523
12788	4.359797
12792	3.839463
12898	-2.614157
12944	-0.942650
12949	0.779995
13062	0.830097
13099	-0.710791
13160	-2.361706
13198	1.073649
13239	1.647017
13249	0.362853
13262	-1.541522
13263	-0.717443
13272	0.327807
13273	-2.475901
13277	0.127645
13305	0.460922
13342	-0.527225
13343	0.009256
13345	2.079037
13351	0.532474
13357	0.568134
13427	0.242946
13436	2.342310
13455	0.447756
13528	2.733580
13532	-2.567332
13553	0.469472
13566	-2.873419
13651	-0.250199
13653	-1.883197
13675	-0.810882
13676	0.099950
13677	-1.450199
13678	-0.569149
13681	-1.583503
13688	1.059191
13697	4.031784
13705	3.535781
13708	-2.019952
13737	-1.996539
13760	0.553381
13923	-1.879471
13927	-2.085976
13995	2.435484
14002	0.033875
14003	1.055727
14021	-1.051238
14034	-3.737826
14064	-3.537013
14110	4.123024
14155	-0.651081
14203	-2.644022
14208	-0.480196
14340	-1.709679
14356	3.075139
14389	1.766949
14499	-0.715504
14625	0.934707
14632	-0.969062
14637	0.329549
14641	-0.047133
14685	-3.576753
14694	-1.106774
14695	-0.990292
14699	-0.166298
14700	-2.360961
14749	-1.496792
14760	0.683562
14790	1.327395
14791	1.713195
14796	1.552360
14797	2.314618
14891	0.706458
14927	1.522934
15099	1.743826
15182	-1.199990
15243	1.462250
15245	2.704121
15254	0.732087
15322	-2.592885
15327	-0.514665
15463	-0.338816
15496	0.616062
15499	-1.078254
15502	-0.623680
15514	0.014771
15566	-1.245168
15580	0.637789
15583	-1.568179
15586	0.345214
15601	1.315428
15621	-1.449114
15780	-0.034670
15869	0.688543
16082	0.923254
16281	0.531937
16293	-0.669973
16300	-2.261856
16304	0.303274
16360	-1.435317
16361	-4.127936
16367	-1.356643
16432	3.705110
16433	3.309112
16438	0.661754
16446	2.333002
16453	2.627299
16463	5.408960
16466	0.532224
16477	4.283254
16482	-1.158938
16605	-2.005426
16606	-2.743288
16635	-0.607901
16638	-0.817915
16655	-0.968215
16673	-0.728399
16676	-1.566575
16677	-2.414063
16678	-1.307464
16808	-0.841193
16829	0.230585
17150	-1.099154
17182	1.337318
17199	0.453915
17273	4.833215
17431	-1.072749
17466	-1.218641
17472	0.935043
17485	2.481340
17585	1.243217
17620	1.215334
17647	-0.970046
17690	1.441481
17772	0.848607
18410	-0.214447
19647	2.009439
21458	-1.243802
21885	4.778030
21973	1.062091
21976	1.679366
21977	3.293671
22084	0.199169
23475	-0.049269
23754	-0.501025
23764	0.361250
24372	-0.765024
24918	-0.209048
24944	0.379404
25022	2.950460
25140	0.202730
26484	-1.095352
27764	0.747868
28424	-1.123187
28845	3.711803
29861	-0.700566
30684	0.297977
31288	2.269544
31704	1.639897
32421	0.578178
32520	3.714470
32893	-3.028693
34340	-1.592945
35227	0.256496
35334	-2.022563
36499	0.037501
36843	2.688665
36844	2.789727
36955	2.140892
36970	2.363551
39336	-3.283776
39353	-2.357222
40538	0.505270
40541	-0.893224
40542	-0.531332
40599	-1.648008
40601	-0.972875
40602	-1.980191
40656	0.366639
40657	0.537400
42157	-1.061548
42203	0.525293
42204	-1.940200
42851	-1.477671
43061	0.991610
44144	3.522603
45195	-3.654600
47030	3.146076
47285	0.273255
47317	1.746613
47457	-1.060091
47460	0.561352
48147	-0.824147
48297	3.939440
48474	1.580624
48696	1.365902
49516	2.800903
49630	-0.508042
49927	-2.079693
50199	-1.622848
50249	2.143385
50259	3.950127
50904	4.602692
53231	0.334737
53471	-1.337376
53531	-0.055231
53986	-1.813751
55057	1.057947
56431	0.304252
56432	0.462702
56466	5.075045
56478	0.958644
56621	3.743841
57644	-2.320429
57756	1.941985
58783	-1.777735
59657	-0.056162
59715	-0.571734
64825	1.923922
64947	-0.497082
65950	-0.823180
70102	0.276684
75003	1.598622
75099	1.997135
75742	0.081255
75823	2.018442
75824	2.066334
78157	1.066023
78181	3.567145
78191	4.135608
80479	-0.015181
80480	-1.607838
80715	-2.240218
80719	-1.860155
80750	-0.446927
81231	0.304617
84436	-2.237789
84780	1.143356
84844	-1.698496
85002	3.777895
85003	1.639521
85659	1.120751
85663	1.759719
85710	1.907415
92185	0.686952
96142	-2.008951
96144	-3.115574
96482	-0.695950
98871	-1.893097
