# 1342 minima projected onto PC16
# Min	PC
3	0.636925
4	-0.448365
5	-0.308993
6	-1.128484
7	-2.129957
9	-2.127083
16	-1.204521
17	-1.383535
21	0.960945
23	0.898145
31	-2.974907
44	0.047268
47	-0.310006
48	-1.316980
51	-0.267677
52	-0.967759
55	-1.228158
56	-0.713883
57	0.137826
58	0.043347
60	-0.913705
67	0.196646
68	0.197686
71	0.630586
72	-0.369100
74	-0.203883
79	0.291505
82	-0.216856
85	0.321751
86	0.049864
87	0.026592
88	-0.833390
91	0.251621
92	-1.920670
94	0.226441
95	0.409520
97	-0.315829
104	-0.531568
106	-0.126079
109	-1.060730
111	2.642953
115	-0.229182
120	1.572516
126	-0.690293
129	0.822517
136	1.167314
137	1.501318
188	-0.874160
189	-1.110036
196	-0.518050
199	-0.049351
200	0.820916
202	1.663669
211	1.075575
213	0.999452
214	0.906907
219	-1.946276
221	-1.990800
276	0.547050
279	0.166174
283	-0.987253
295	-0.147986
308	0.311945
312	-0.351394
315	-0.225973
318	0.934406
319	1.356211
321	0.977500
324	0.691098
328	1.154756
334	0.304480
336	0.460476
338	-0.526682
347	-0.354244
351	-0.321963
352	-1.508807
354	0.596386
357	-0.564954
359	1.275516
362	-0.963650
364	-0.936064
365	0.160798
368	0.021835
376	1.333532
377	0.543359
380	-0.876581
386	0.943384
388	1.163287
390	0.584461
396	-0.283621
404	0.322585
410	-0.607652
413	-0.690903
420	-1.111276
423	0.554959
424	-0.770504
437	-1.210600
438	-1.512541
444	0.556543
452	0.008811
473	1.154379
474	0.222133
475	-0.765225
476	0.667496
478	0.381300
479	0.614236
480	-0.147239
483	0.705983
503	1.479076
508	0.742786
509	-0.302657
530	0.157612
536	-0.614539
556	-1.138903
581	0.849014
583	0.985685
603	0.211001
606	-0.008103
607	0.781881
620	-1.023692
628	-0.136571
636	0.275294
637	0.256935
639	-0.141695
640	0.059585
644	-0.217563
645	1.345857
677	-0.585612
678	-1.898223
679	-1.113939
682	-2.219191
698	-0.643243
700	-0.474770
710	-0.581335
722	-1.338643
723	-0.085730
724	0.289723
725	0.474857
726	0.342056
747	0.296440
753	-1.761310
755	1.196026
757	-0.495534
765	-2.741728
782	0.590800
783	-0.826580
793	-0.142082
808	0.038276
814	1.512027
840	-0.008227
848	1.258400
859	1.735201
864	1.331626
867	-1.894287
878	1.014979
888	0.809267
890	0.854388
892	0.017182
899	1.118030
918	1.129140
926	1.280082
933	0.462348
934	2.067702
981	1.753608
1028	0.348665
1034	1.868413
1051	0.980392
1054	0.721866
1058	-1.586875
1062	0.311837
1063	-0.882416
1064	-0.547044
1066	0.451159
1068	-0.455841
1073	1.738022
1082	-1.830624
1083	-1.511204
1086	-1.825607
1089	-1.470422
1090	-1.914968
1091	-1.886556
1092	-1.518034
1164	1.142891
1165	1.668686
1174	-0.836363
1176	1.499527
1184	1.577053
1191	1.671116
1192	1.284635
1201	-2.156732
1230	-1.720685
1339	0.003643
1341	1.691723
1370	0.120031
1385	0.264818
1405	-1.436333
1437	1.658329
1441	-1.648031
1443	0.324103
1521	1.450380
1522	-0.894952
1523	-0.487485
1524	0.247152
1525	-0.064402
1541	0.374271
1542	-0.068579
1550	0.723545
1551	1.135188
1596	0.835805
1597	0.583334
1628	-0.396681
1629	0.578526
1633	1.753640
1636	0.564828
1637	0.839790
1765	-0.708618
1766	-1.258472
1780	-1.196754
1862	0.139875
1865	0.616172
1870	1.732920
1885	-0.034412
1910	0.386285
1911	-0.385567
2007	-1.999643
2060	-0.727522
2062	-2.149613
2090	-1.238498
2093	-0.005495
2094	-0.319663
2095	-0.215848
2096	-1.826329
2100	-0.037204
2101	-0.804800
2102	-0.765624
2103	-1.925016
2104	-1.892089
2105	-0.273784
2128	-0.775547
2129	-1.199039
2135	-1.043169
2190	-0.360852
2195	-0.436631
2197	1.210575
2198	2.004433
2199	-0.340177
2200	-0.046021
2201	0.015453
2202	1.030715
2205	-0.293558
2217	0.208190
2218	-1.228806
2221	0.135462
2272	0.127780
2273	-0.353846
2275	-0.078567
2288	-0.154369
2293	-0.340291
2298	-1.077935
2299	0.389083
2300	-1.396122
2301	-0.692038
2338	-0.034957
2342	-0.600811
2343	-1.351804
2358	0.154990
2384	-0.509955
2385	0.521116
2399	0.921916
2435	-0.274550
2436	-0.352603
2465	-0.552897
2467	-0.707514
2468	0.175393
2469	-0.121454
2470	-1.054960
2471	-2.086734
2474	-1.006484
2620	-0.343003
2650	1.576358
2651	1.721997
2685	-0.718914
2688	1.989436
2730	0.011655
2843	-0.827626
2951	0.572982
2959	-1.330926
3236	0.641445
3305	-0.425754
3318	0.426436
3340	-0.742803
3352	-0.891668
3355	-0.790122
3356	0.615918
3365	0.136734
3366	0.146325
3367	0.428825
3368	0.420314
3401	-0.243874
3405	1.095259
3434	0.556709
3448	0.493316
3454	-0.610787
3481	-0.355419
3495	0.081400
3504	0.236196
3532	0.696865
3540	-1.511893
3549	-1.059392
3550	-0.638639
3569	0.967320
3595	-0.015555
3596	-0.575297
3603	-2.362686
3621	1.490160
3622	0.151260
3647	0.842388
3649	1.409140
3651	0.556397
3652	1.241964
3723	-0.905206
3757	-2.166960
3772	1.532538
3787	-1.123249
3798	0.412225
3799	0.053269
3889	-0.463817
3897	1.352761
3898	1.259026
3904	0.785004
3945	1.429175
3990	0.940949
4024	2.088198
4039	-0.548861
4048	-0.347763
4050	0.441581
4076	0.063530
4094	0.488577
4170	0.771859
4251	0.564575
4252	0.714066
4299	1.383861
4302	1.603311
4318	-0.091104
4319	0.646609
4320	0.584444
4360	-0.429722
4388	-0.465589
4414	0.629747
4426	-0.373091
4446	0.986294
4527	-1.341834
4545	-0.461416
4546	-0.371461
4554	0.988684
4564	0.320122
4567	-0.069511
4634	-0.583613
4693	-0.015488
4736	-1.130487
4761	1.000466
4879	-0.252721
5071	0.336616
5138	1.660461
5164	0.068494
5182	0.175530
5183	0.449563
5184	-0.862833
5187	-0.646197
5188	0.766419
5189	1.846722
5193	-0.234431
5194	0.530874
5195	0.956037
5197	0.183997
5203	0.426769
5205	-0.435535
5212	-0.683887
5213	-1.261306
5222	-0.002773
5223	-1.047137
5228	-0.755466
5232	0.778252
5244	-2.159157
5245	-0.003220
5246	-0.724599
5248	0.005971
5292	-1.042591
5293	-1.311431
5299	-0.041481
5300	0.438456
5315	-0.926047
5316	-1.157485
5319	0.720376
5320	2.002579
5321	0.253257
5322	-0.248143
5323	-1.503625
5324	-1.297925
5325	-0.262998
5329	0.449409
5342	1.606552
5343	1.361807
5374	2.152104
5376	0.680452
5378	-0.022357
5379	-1.329382
5382	-2.806244
5390	-0.262680
5398	0.822804
5402	0.221164
5404	-0.638365
5407	-1.121670
5408	-0.452552
5409	0.246762
5411	-1.035993
5412	-1.323715
5413	-1.008816
5416	-0.682150
5418	-0.355463
5422	-1.851227
5425	0.580109
5427	1.625609
5428	-1.078667
5432	-3.585685
5436	-0.724060
5443	2.443947
5444	-1.532051
5458	2.016553
5462	0.534522
5465	-0.212058
5468	-0.146931
5471	1.291393
5480	0.215774
5481	0.255037
5485	0.604760
5486	0.576272
5488	0.088819
5489	0.382859
5495	-0.013149
5513	-1.540881
5515	0.348175
5516	0.514253
5521	-0.120298
5527	1.523719
5528	0.657517
5536	-1.203920
5537	-1.473708
5547	0.334861
5565	1.438432
5573	-0.099596
5579	0.371114
5583	-1.841833
5586	-3.423981
5589	-0.756912
5590	-0.478271
5593	-1.160234
5599	-0.064533
5604	-0.064223
5605	1.026852
5606	0.611237
5625	0.382607
5649	1.899598
5656	-0.415268
5657	1.275447
5658	1.277750
5686	-0.170902
5695	0.472720
5705	-3.548787
5706	1.784632
5716	-0.609836
5717	-0.475292
5718	-0.108505
5719	-1.147770
5720	-0.479198
5724	1.518949
5738	1.849345
5742	-0.692035
5750	0.435854
5751	2.243136
5756	1.032563
5761	-0.813772
5768	-1.202949
5773	-1.635599
5792	1.299000
5793	1.109088
5794	1.034581
5806	-0.065861
5811	1.645816
5812	0.652084
5813	0.644900
5814	1.631573
5821	-1.694503
5823	0.779969
5825	1.226206
5831	-0.501575
5832	1.042060
5833	-2.381001
5847	-1.744851
5849	0.255016
5851	1.188660
5854	-2.694305
5858	-0.815219
5862	2.267403
5875	1.680439
5876	-1.383741
5903	-1.763291
5910	-1.219684
5912	0.021478
5913	0.020373
5925	0.346928
5926	0.321819
5927	0.476369
5928	-0.063515
5930	-0.095701
5931	-0.177471
5933	-0.152698
5934	-0.474760
5937	-0.085370
5939	-3.509658
5940	-0.955558
5941	-0.932017
5943	-0.555212
5963	1.242294
5964	-0.440862
5965	-1.455493
5966	-1.907984
5968	1.465109
5969	-1.889124
5970	-1.688175
5971	-1.688887
5975	0.696670
6006	0.640119
6011	0.930252
6017	1.352884
6019	-1.838470
6022	-0.087873
6032	-1.733970
6095	0.546569
6115	-0.308708
6116	-1.361998
6119	0.545699
6127	1.104982
6128	0.194629
6130	0.737802
6140	0.634916
6141	-0.439976
6147	-0.439722
6148	0.644299
6163	0.895641
6164	-0.542410
6170	-1.576268
6171	-0.095087
6177	0.092186
6184	-1.213489
6200	0.009834
6204	1.411694
6206	0.327956
6223	1.857384
6240	0.014905
6245	0.901804
6253	-0.103608
6267	0.632616
6269	0.043617
6290	0.671031
6303	1.247319
6317	-0.689212
6343	-0.179531
6350	-0.029845
6360	-0.045758
6367	0.966455
6383	0.040160
6389	0.695430
6397	-1.277140
6398	-0.166010
6406	0.962005
6407	-0.476681
6412	1.554630
6413	0.197663
6434	1.568432
6435	1.029799
6460	1.409522
6463	0.816600
6464	0.992540
6489	-1.523953
6507	-0.900417
6510	-0.458221
6516	1.640528
6518	-0.474740
6522	0.958199
6523	1.635939
6524	-0.308536
6525	-1.085233
6531	-0.566162
6536	-0.147895
6575	2.071265
6584	1.608376
6585	0.630938
6586	1.598373
6594	0.859694
6595	0.041230
6610	0.951560
6612	1.960857
6615	0.399344
6624	-0.119406
6628	0.069214
6649	0.073499
6698	-0.626217
6706	1.017183
6718	0.466619
6719	-1.221283
6722	1.326465
6770	-2.383648
6780	-0.108176
6781	-0.378261
6794	-0.697023
6795	0.219246
6796	-0.541401
6799	0.352901
6809	-1.295496
6837	0.405151
6838	-0.171030
6839	-3.593507
6846	-3.040423
6865	-0.909685
6869	0.274836
6870	-0.633441
6871	0.046080
6873	-1.327224
6876	0.949862
6885	-1.382157
6895	-0.177906
6896	1.049760
6897	0.448889
6900	-0.781869
6903	-0.438347
6906	-1.174379
6916	-0.328438
6917	0.635835
6918	0.849259
6919	0.893113
6938	-0.176173
6941	1.229824
6942	0.885955
6943	0.865363
6944	0.748797
6948	0.686727
6953	-0.104114
6957	-1.020486
6958	-0.110197
6970	-0.555205
6971	0.195647
6976	-2.807413
6977	-2.682706
6990	0.920612
7014	0.315247
7015	0.669042
7016	-0.808632
7018	0.582528
7019	0.782960
7042	1.316002
7053	-1.203163
7066	0.132899
7067	0.274552
7083	0.134786
7092	2.229615
7100	-1.530718
7103	-1.099486
7110	0.512214
7111	-0.376445
7112	-0.419903
7113	-0.411804
7116	0.087944
7119	-0.071945
7120	-0.438493
7121	0.616734
7122	-0.243549
7140	-0.304807
7143	0.469306
7157	1.997569
7165	-0.860379
7175	-0.193186
7178	1.070038
7206	1.770247
7207	2.250619
7217	0.427003
7218	-0.235803
7221	-0.256125
7227	1.091427
7230	1.367422
7236	-1.452282
7239	1.067614
7242	-1.113782
7260	0.895780
7268	0.057216
7269	-0.205334
7304	-0.509573
7326	0.852932
7327	-0.044209
7336	2.109877
7342	-0.475152
7346	1.564046
7348	-0.362890
7355	-1.366378
7361	2.339406
7372	0.061062
7387	0.340398
7422	0.882275
7423	1.165240
7425	-0.464643
7436	0.468765
7442	-0.235755
7446	1.129990
7448	-0.229590
7453	0.480223
7463	0.807766
7492	-2.172071
7493	-2.520111
7494	-2.453673
7495	-1.607464
7518	0.253297
7520	2.019933
7540	-0.299749
7546	0.786513
7556	-0.271578
7559	0.524457
7560	0.026593
7561	0.098444
7564	0.113598
7575	0.380928
7583	0.669894
7585	-0.475793
7586	1.889947
7599	-1.149177
7600	0.869212
7606	-1.929445
7614	-0.102315
7617	-0.198351
7622	-1.650288
7629	-0.453038
7637	-1.081612
7640	1.057797
7657	1.878829
7665	2.108680
7666	0.599966
7667	1.507430
7668	1.443969
7669	1.664178
7670	-0.899435
7671	1.910341
7681	2.325616
7683	2.726729
7684	-0.693124
7696	-0.690861
7722	-0.492884
7723	1.185347
7799	1.359157
7852	0.724987
7859	-0.171642
7860	1.002761
7861	0.211275
7865	0.955296
7875	0.125108
7876	-0.441437
7895	0.380625
7913	1.021915
7917	1.921715
7952	-0.248150
7969	1.424342
7971	0.915974
8000	2.014608
8002	-0.953487
8006	0.788727
8036	-0.680425
8056	0.512671
8069	0.925529
8103	1.286995
8107	-0.573575
8120	-2.066921
8122	-0.930864
8125	-1.459512
8127	-2.583727
8136	1.176351
8149	0.192871
8154	-0.034036
8197	-1.865120
8208	-0.457731
8223	0.397375
8232	1.560955
8241	-0.708502
8256	-1.769071
8262	-0.487419
8266	0.326269
8267	0.788320
8268	1.155336
8269	1.351141
8271	-0.290983
8273	-2.028266
8280	-1.876409
8284	-1.997416
8303	-0.706296
8304	-0.408924
8305	-1.923393
8308	0.107953
8332	-0.077113
8333	1.377236
8334	0.703998
8338	-0.266947
8363	-0.168437
8370	-1.985206
8398	-1.697641
8465	-1.693017
8468	-0.265593
8469	0.027916
8470	-0.101682
8507	-1.083063
8552	-1.161182
8572	-1.122946
8574	-0.730323
8577	-0.314028
8586	-0.308804
8592	-0.303389
8593	1.065713
8594	1.374906
8597	0.188105
8599	0.317236
8606	0.212137
8607	1.603786
8615	0.004883
8617	-1.608159
8626	-1.480666
8636	0.405375
8669	0.265290
8671	1.115136
8673	0.059123
8675	1.355714
8790	0.449991
8791	0.388511
8811	1.147964
8822	-0.930065
8841	0.271378
8849	-0.656661
8856	-2.977135
8875	-0.640509
8884	1.259574
8906	0.712757
8907	0.801677
8910	-1.195837
8911	-1.318659
8912	-1.010147
8913	1.483778
8934	-0.002463
8935	0.005853
8954	-1.788171
8968	-0.299472
8972	-0.021183
9001	0.335203
9029	-0.349449
9032	-2.103701
9058	-0.410482
9059	0.447691
9068	-1.995006
9070	0.765985
9108	-0.489356
9139	-1.523333
9140	-0.757308
9158	0.456150
9187	1.050845
9188	-0.217300
9189	0.834833
9190	-1.368163
9253	-0.459354
9259	-1.260845
9268	1.194688
9269	-0.939775
9271	-0.999088
9312	0.166867
9323	1.194811
9329	1.252478
9330	-0.327917
9331	-0.499711
9356	0.669417
9376	-0.734307
9394	1.539179
9424	-1.966440
9428	-1.305186
9429	-1.079811
9496	-1.048644
9536	0.860611
9543	-0.197274
9589	0.100123
9614	1.366618
9615	0.040608
9617	0.107055
9631	1.959108
9661	-1.160464
9668	-2.216568
9718	0.938002
9728	0.021138
9734	0.187670
9788	-0.334285
9791	-0.958050
9793	-0.860339
9804	-2.546499
9809	-1.267871
9810	-1.388674
9823	-0.604952
9828	0.392393
9907	0.187158
9951	0.483289
9968	-0.245562
9969	0.057887
10010	0.380989
10011	0.443733
10012	-0.022064
10018	0.327609
10021	0.565052
10022	0.249434
10031	0.754596
10032	0.682909
10033	0.101282
10034	0.891985
10035	0.509216
10039	1.490100
10044	0.399690
10045	0.010585
10060	0.113156
10065	-0.790157
10077	1.810308
10080	-0.703961
10130	0.187445
10131	0.389280
10149	0.300930
10194	0.158177
10197	-2.061289
10221	-0.080257
10226	0.338576
10232	-1.785309
10233	-1.614061
10263	-0.293913
10264	-0.137063
10274	0.685863
10286	-1.597426
10292	1.422156
10299	-0.120497
10302	-0.156292
10324	1.053881
10355	0.177263
10358	-0.027493
10362	1.300021
10366	1.231154
10368	1.606579
10370	2.046566
10392	0.358102
10405	-0.453875
10406	-1.832254
10409	0.800383
10419	-1.385958
10420	0.223385
10424	0.087432
10434	0.885176
10455	0.820847
10478	2.192174
10480	1.137663
10484	2.176165
10510	1.223064
10519	-0.809491
10520	-1.160823
10524	-0.077713
10578	-1.462721
10630	-0.035962
10643	1.069671
10645	1.233310
10677	0.135613
10678	-0.396576
10690	1.262053
10717	0.907870
10718	1.427723
10719	1.867037
10721	1.397015
10723	0.654728
10735	-1.084306
10736	0.735724
10829	1.998435
10837	2.332497
10846	0.443288
10921	0.528422
10922	0.923721
10923	-0.622717
10924	-0.392524
10964	0.402255
10978	-0.687228
11017	-0.282096
11018	-0.088883
11019	-0.479397
11032	-1.092872
11034	-1.189956
11035	-1.472753
11036	-0.819434
11052	1.021921
11056	-0.866531
11060	-1.402620
11063	-1.585267
11064	-1.256533
11068	-1.146138
11069	-1.417298
11090	-0.919439
11098	-1.235622
11099	-0.692523
11100	-0.573153
11105	-1.615129
11109	0.679092
11122	-0.122518
11123	-0.379376
11125	-0.176531
11126	0.074203
11149	-1.617354
11153	-0.440097
11188	-0.789495
11193	-0.564417
11230	-0.782833
11233	-1.056903
11236	2.374110
11243	-0.956096
11251	-2.465287
11259	1.199248
11263	0.746905
11272	-1.549049
11321	-0.884327
11322	-0.613146
11326	-0.514160
11327	0.506772
11335	-0.183914
11337	0.655592
11343	0.068234
11390	0.891406
11444	-1.675521
11464	-1.100303
11471	-1.115769
11472	-1.130309
11473	1.665777
11492	-0.275063
11499	-1.050395
11500	-0.737208
11505	-3.158037
11527	0.628647
11528	0.985367
11532	0.227956
11564	0.121217
11589	-0.001964
11591	-1.189431
11592	-0.654551
11599	-0.147509
11605	0.612227
11617	0.758088
11630	0.572143
11631	0.851894
11632	0.877213
11656	-1.773697
11657	1.167933
11777	-0.303692
11786	2.017147
11812	0.371139
12020	0.983156
12061	-2.001632
12115	0.733028
12154	-1.361026
12155	0.806015
12156	-0.588809
12159	-0.754454
12174	-0.174536
12176	-0.987893
12230	1.390582
12234	-0.200711
12236	-0.192052
12237	-0.035749
12250	-1.977638
12252	-1.534825
12253	-1.258692
12315	0.418433
12381	-1.162785
12382	-1.104374
12438	-0.169288
12455	1.574793
12462	-0.016467
12478	1.249541
12603	-2.091437
12711	0.047176
12714	0.061862
12716	-0.417721
12754	1.413853
12785	-1.656162
12788	-2.175407
12792	-1.978668
12898	-1.710580
12944	-0.055659
12949	-1.244963
13062	1.206878
13099	0.855386
13160	-0.007347
13198	-1.079427
13239	-0.623798
13249	1.148554
13262	-2.054066
13263	-1.032578
13272	0.726841
13273	-2.030777
13277	-0.553073
13305	0.876590
13342	1.685059
13343	1.775107
13345	-0.980603
13351	1.910336
13357	-0.524857
13427	0.932945
13436	-1.317254
13455	1.506198
13528	-0.854875
13532	-0.298909
13553	-0.643542
13566	-2.168172
13651	-0.238386
13653	-0.532043
13675	1.678425
13676	-0.038798
13677	-0.221456
13678	0.357876
13681	0.537476
13688	-0.320801
13697	-0.530485
13705	1.495118
13708	0.296567
13737	-0.617687
13760	-0.296063
13923	0.102609
13927	0.107141
13995	-0.316189
14002	-0.064376
14003	0.031098
14021	-0.172728
14034	2.533399
14064	2.551522
14110	-1.148770
14155	1.406699
14203	0.124965
14208	-0.451608
14340	-2.056834
14356	0.453460
14389	-1.205888
14499	0.104706
14625	-0.344106
14632	-3.392837
14637	1.648039
14641	1.854445
14685	1.875469
14694	-0.248689
14695	-0.197964
14699	1.434784
14700	0.939500
14749	-1.279425
14760	-0.213966
14790	-0.615807
14791	-0.238780
14796	-1.290836
14797	-0.335704
14891	-0.055776
14927	0.573332
15099	0.252527
15182	0.576581
15243	-0.245394
15245	-0.818734
15254	1.066627
15322	1.506796
15327	1.533250
15463	-1.243152
15496	-1.008327
15499	-1.359744
15502	-0.107141
15514	-0.076023
15566	0.433593
15580	-1.217870
15583	-1.596362
15586	0.239046
15601	0.575802
15621	-0.783419
15780	0.961614
15869	0.053625
16082	0.053830
16281	-0.606288
16293	-0.415649
16300	1.100794
16304	1.562129
16360	-1.189639
16361	-1.916633
16367	-1.806930
16432	2.376565
16433	1.799167
16438	1.008644
16446	-0.061018
16453	0.161329
16463	3.591193
16466	0.995191
16477	-2.262268
16482	-1.226008
16605	-1.530526
16606	-1.337826
16635	-0.338001
16638	-3.437516
16655	-3.557045
16673	-2.979307
16676	0.311658
16677	-0.195967
16678	-1.289999
16808	1.278512
16829	-1.517560
17150	0.451500
17182	0.152011
17199	0.376754
17273	-3.794585
17431	0.535823
17466	-2.300241
17472	1.584834
17485	1.745290
17585	-0.423469
17620	-2.732053
17647	-0.373385
17690	0.399968
17772	-0.584976
18410	0.620632
19647	-1.257993
21458	0.509528
21885	-0.884542
21973	-0.933903
21976	-0.674319
21977	-0.847350
22084	2.014867
23475	1.598421
23754	1.815345
23764	1.664594
24372	0.358428
24918	1.436479
24944	-0.897421
25022	-0.191888
25140	2.066845
26484	-1.426732
27764	2.354641
28424	1.550547
28845	2.640719
29861	-2.193457
30684	0.211224
31288	-0.734902
31704	0.808429
32421	1.179508
32520	0.053403
32893	1.709321
34340	1.121207
35227	0.752506
35334	0.378094
36499	1.865343
36843	0.915068
36844	-0.643721
36955	0.497189
36970	0.820174
39336	1.557543
39353	1.313355
40538	1.240514
40541	1.749975
40542	1.975450
40599	-1.072787
40601	1.511238
40602	0.435189
40656	0.899848
40657	1.189003
42157	0.706178
42203	0.488142
42204	-0.296905
42851	-0.146288
43061	0.622760
44144	2.147925
45195	2.523269
47030	0.674725
47285	1.894390
47317	0.358519
47457	-2.006119
47460	0.693391
48147	2.042689
48297	0.539605
48474	-0.051167
48696	0.058145
49516	0.365444
49630	2.110132
49927	1.311996
50199	-3.480538
50249	-0.932355
50259	-0.872500
50904	0.443033
53231	0.170857
53471	-0.387391
53531	2.274589
53986	0.625842
55057	0.879818
56431	-1.224310
56432	-1.213940
56466	-0.722147
56478	-1.766764
56621	0.700399
57644	0.704775
57756	-1.318167
58783	0.780446
59657	2.017665
59715	1.724553
64825	-0.363610
64947	2.244869
65950	-1.528141
70102	0.941869
75003	0.678751
75099	0.705941
75742	0.411164
75823	0.815051
75824	0.986525
78157	0.152735
78181	0.409123
78191	1.139416
80479	0.504695
80480	-1.104254
80715	0.605114
80719	0.750203
80750	0.843082
81231	1.297650
84436	-1.766753
84780	1.404617
84844	-0.170462
85002	1.122406
85003	1.124754
85659	0.454912
85663	0.355000
85710	-0.989269
92185	-0.957894
96142	1.402706
96144	1.283269
96482	-0.947538
98871	0.177733
