# 1342 minima projected onto PC13
Min	PC
3	-0.538112
4	-0.084014
5	0.764536
6	0.608470
7	0.843113
9	1.390042
16	-0.406977
17	-0.120881
21	0.196015
23	1.554988
31	1.365322
44	0.240862
47	0.970208
48	-0.353350
51	-0.653276
52	-1.135752
55	-0.658886
56	-0.222909
57	0.001319
58	0.017003
60	-0.031867
67	-2.174948
68	-1.214016
71	0.310501
72	0.707348
74	0.525440
79	2.164079
82	1.843881
85	-0.368446
86	1.024325
87	0.072883
88	0.336320
91	0.450134
92	0.737919
94	0.155008
95	-2.844521
97	-0.525068
104	2.204334
106	0.390776
109	0.976413
111	0.817643
115	-1.411287
120	0.220146
126	2.478585
129	1.541077
136	1.401531
137	-0.646668
188	0.153970
189	1.052661
196	-0.168736
199	0.241757
200	-1.137773
202	0.863491
211	0.453934
213	0.763760
214	-0.631970
219	1.289813
221	0.876082
276	1.223845
279	-0.975973
283	0.801535
295	-2.309897
308	-0.986517
312	-1.241672
315	-1.702803
318	-0.086024
319	-0.125892
321	0.629391
324	-0.037182
328	-0.224189
334	-0.739868
336	1.152193
338	-0.065613
347	-0.192212
351	1.878125
352	-0.859663
354	-0.411133
357	-0.198209
359	0.093603
362	1.570079
364	0.635787
365	0.253230
368	1.197915
376	0.227390
377	-0.017038
380	0.007390
386	1.709434
388	0.808710
390	-1.874886
396	-0.208508
404	-0.051237
410	0.689757
413	0.019142
420	1.930590
423	0.190689
424	-0.809214
437	-0.966922
438	-0.197294
444	-3.475756
452	-1.922733
473	-0.057770
474	-0.590555
475	-0.211951
476	0.044942
478	0.831649
479	0.606223
480	-0.933941
483	1.604484
503	1.253557
508	-0.068617
509	1.790307
530	-0.180586
536	0.050836
556	0.252844
581	-1.180436
583	-0.733561
603	-0.348183
606	0.566752
607	0.756182
620	0.817706
628	1.081997
636	0.205965
637	0.912196
639	0.877053
640	0.402115
644	0.210976
645	0.093632
677	-0.062261
678	-0.923635
679	-0.117508
682	-0.809011
698	0.602603
700	0.411487
710	-1.539310
722	1.259034
723	0.718910
724	-0.045833
725	0.257320
726	0.373733
747	-0.450260
753	0.312042
755	1.038015
757	2.213601
765	0.682936
782	-0.582391
783	0.962845
793	1.988643
808	-1.518704
814	0.733851
840	0.627739
848	0.277740
859	-0.926908
864	-0.261774
867	0.944486
878	-0.905242
888	-0.812009
890	1.077265
892	-0.079780
899	0.388017
918	-0.939580
926	-2.546293
933	-1.339179
934	-0.296875
981	0.991799
1028	1.773651
1034	1.111100
1051	0.500897
1054	-0.202416
1058	2.531045
1062	-1.274932
1063	-0.386273
1064	-1.294989
1066	-0.075188
1068	0.987604
1073	-0.165142
1082	-0.590482
1083	-0.450627
1086	-1.739352
1089	-0.386701
1090	-0.597896
1091	-0.275203
1092	-0.473423
1164	0.116696
1165	-0.248449
1174	1.233143
1176	0.979124
1184	-0.766495
1191	0.581593
1192	0.127761
1201	-5.509162
1230	0.617191
1339	-0.928163
1341	-0.606415
1370	-0.411477
1385	-0.726095
1405	-0.383368
1437	0.498920
1441	0.244022
1443	0.293228
1521	-0.356054
1522	-0.289085
1523	-1.977820
1524	-1.243110
1525	-0.648814
1541	0.005480
1542	0.495452
1550	-0.965288
1551	-1.306808
1596	-0.667056
1597	0.980630
1628	1.419779
1629	1.476746
1633	-1.092875
1636	1.063128
1637	-1.485243
1765	1.016057
1766	1.162387
1780	1.714892
1862	0.157653
1865	0.252260
1870	0.050771
1885	1.882214
1910	0.902918
1911	1.559612
2007	0.471926
2060	-0.780041
2062	-1.247915
2090	-0.544935
2093	2.936304
2094	1.903476
2095	-0.791642
2096	-0.420241
2100	0.736923
2101	0.715688
2102	0.358087
2103	0.767288
2104	0.421119
2105	-1.465745
2128	1.513732
2129	0.696663
2135	-0.509091
2190	-1.867939
2195	-1.139188
2197	1.461014
2198	-0.014149
2199	-0.870483
2200	-0.419286
2201	-0.283837
2202	0.666105
2205	-1.366934
2217	-0.830198
2218	-0.968806
2221	-0.794385
2272	0.070386
2273	0.526168
2275	-0.868786
2288	-0.512683
2293	-0.910278
2298	0.041296
2299	0.986844
2300	-0.944308
2301	-2.197110
2338	-2.855695
2342	-1.790018
2343	-0.765786
2358	-0.175778
2384	0.622449
2385	-0.328847
2399	0.869978
2435	0.219347
2436	1.251370
2465	-0.937486
2467	0.597212
2468	2.054091
2469	1.107149
2470	3.663204
2471	0.214759
2474	-0.283843
2620	-0.955165
2650	0.115208
2651	-0.369002
2685	-1.574958
2688	-1.176819
2730	-0.430766
2843	0.668281
2951	-1.711122
2959	-0.290918
3236	-1.941434
3305	-0.352559
3318	1.304619
3340	0.001271
3352	-0.673809
3355	-1.372544
3356	-2.638582
3365	-1.270291
3366	-0.713226
3367	0.024135
3368	-0.390456
3401	1.221259
3405	1.479026
3434	0.608379
3448	-0.087071
3454	1.786749
3481	0.290245
3495	-1.694459
3504	1.542489
3532	1.258241
3540	0.432627
3549	1.064654
3550	1.711466
3569	1.422092
3595	-0.666641
3596	0.804976
3603	-0.633910
3621	0.384847
3622	-0.003426
3647	0.424180
3649	-0.653237
3651	-0.577437
3652	1.001594
3723	-0.409161
3757	1.602749
3772	-0.473734
3787	-1.572907
3798	-1.254896
3799	-2.313881
3889	1.504512
3897	0.474053
3898	0.709907
3904	1.048452
3945	-0.794227
3990	-0.197294
4024	0.218968
4039	-1.760869
4048	0.025005
4050	-0.606335
4076	0.082884
4094	-0.897791
4170	-1.071705
4251	0.945559
4252	-0.117949
4299	-1.641043
4302	-0.730762
4318	-2.181012
4319	-0.793013
4320	-1.835231
4360	0.999219
4388	1.187906
4414	1.110854
4426	-0.674220
4446	-1.400808
4527	0.078500
4545	1.524182
4546	0.438491
4554	1.034513
4564	-1.327977
4567	-0.531307
4634	0.295686
4693	1.646187
4736	1.127881
4761	-0.184450
4879	0.774426
5071	0.533497
5138	-0.945837
5164	0.105565
5182	-0.033772
5183	-0.085753
5184	1.658018
5187	-2.734856
5188	-0.366064
5189	-0.938150
5193	0.470403
5194	0.122400
5195	-1.451933
5197	-0.728868
5203	0.845461
5205	-1.227756
5212	-0.445247
5213	0.085373
5222	-0.613886
5223	-2.227542
5228	2.048831
5232	0.015720
5244	0.649518
5245	0.929134
5246	-1.037904
5248	-1.444969
5292	-1.325931
5293	-0.733399
5299	1.221070
5300	0.089528
5315	1.114154
5316	0.291291
5319	0.167058
5320	-0.118576
5321	-0.454553
5322	0.806895
5323	-1.354635
5324	-0.961389
5325	0.841354
5329	-1.786003
5342	-0.401952
5343	-0.566717
5374	-1.401357
5376	-1.655200
5378	0.761573
5379	2.694628
5382	0.313304
5390	1.295992
5398	-0.234790
5402	1.087843
5404	-1.065312
5407	0.513232
5408	0.636868
5409	-0.093943
5411	1.229478
5412	-1.568521
5413	0.837104
5416	1.268345
5418	-1.432508
5422	-1.056996
5425	0.119801
5427	0.678307
5428	0.233608
5432	-0.502720
5436	-2.216378
5443	0.592652
5444	-6.491655
5458	-3.761547
5462	-0.605081
5465	0.063039
5468	0.013870
5471	0.033614
5480	1.039515
5481	0.226850
5485	4.101507
5486	2.645404
5488	0.605138
5489	1.749455
5495	-0.634217
5513	-1.775157
5515	-0.627277
5516	-0.077493
5521	2.299298
5527	-0.310192
5528	-0.789418
5536	2.162978
5537	1.805857
5547	-1.810509
5565	-1.724836
5573	0.923495
5579	-0.145665
5583	-1.598031
5586	-0.976968
5589	0.308953
5590	0.949355
5593	1.201407
5599	0.958948
5604	-1.944010
5605	0.652335
5606	-4.247427
5625	-2.987345
5649	-0.466716
5656	-1.121151
5657	-3.531200
5658	-0.471358
5686	-0.355247
5695	-0.033012
5705	-1.204225
5706	-0.369391
5716	0.227862
5717	0.185050
5718	0.691566
5719	0.869944
5720	-0.059991
5724	-1.742882
5738	-0.784382
5742	2.061179
5750	-1.038915
5751	-0.722311
5756	-0.025270
5761	0.215382
5768	-1.444379
5773	-1.756248
5792	-0.392690
5793	-1.270591
5794	0.146718
5806	-1.067149
5811	-1.041607
5812	1.137130
5813	1.459659
5814	-0.551874
5821	-0.836804
5823	1.227430
5825	0.086000
5831	-0.533514
5832	0.035099
5833	-0.631898
5847	0.554164
5849	-1.231103
5851	-0.385074
5854	1.755430
5858	-0.267626
5862	-1.353382
5875	0.262613
5876	-0.770559
5903	-0.821092
5910	1.687342
5912	2.607319
5913	3.469039
5925	0.574676
5926	0.633418
5927	0.346529
5928	-0.525179
5930	-0.054832
5931	-0.622231
5933	0.461177
5934	-0.121051
5937	-2.837374
5939	-5.802734
5940	-5.300384
5941	0.035744
5943	-0.424147
5963	0.958632
5964	0.347103
5965	-0.003122
5966	1.383158
5968	0.318531
5969	-0.673472
5970	-1.048833
5971	-0.807860
5975	1.838404
6006	0.262048
6011	0.460887
6017	0.997588
6019	1.950042
6022	1.038067
6032	0.656554
6095	1.266953
6115	-0.143071
6116	0.935945
6119	-0.755438
6127	0.267450
6128	-0.136280
6130	-0.323331
6140	-1.983784
6141	0.046333
6147	-1.290749
6148	-1.788501
6163	-2.816752
6164	-0.831449
6170	-1.446481
6171	0.772408
6177	-0.611931
6184	1.268866
6200	0.615366
6204	0.221169
6206	0.369380
6223	2.036649
6240	-0.062568
6245	0.278349
6253	2.645892
6267	1.627699
6269	-0.534721
6290	2.187026
6303	0.832638
6317	1.479358
6343	0.903368
6350	0.614669
6360	-0.444495
6367	0.961073
6383	0.576356
6389	-0.070794
6397	-1.569555
6398	0.016532
6406	-0.471061
6407	0.309087
6412	0.923082
6413	1.034090
6434	-0.301833
6435	0.557490
6460	0.200599
6463	0.763019
6464	0.341017
6489	2.223600
6507	-1.548103
6510	-1.075305
6516	-1.254969
6518	-1.723804
6522	-0.930575
6523	-1.109435
6524	1.375316
6525	0.956526
6531	-0.472738
6536	2.658637
6575	0.422614
6584	1.168894
6585	2.060281
6586	0.583385
6594	1.260687
6595	0.861981
6610	-1.025013
6612	1.440329
6615	-0.255032
6624	-1.286789
6628	-1.796538
6649	-1.397022
6698	-2.360834
6706	-1.931945
6718	0.418081
6719	-0.773984
6722	1.150453
6770	-2.322060
6780	0.998865
6781	1.573844
6794	0.628771
6795	-2.506609
6796	0.509898
6799	0.275337
6809	-0.937821
6837	-0.667645
6838	1.351005
6839	-0.341470
6846	-0.423286
6865	-0.201126
6869	-0.875022
6870	-1.171989
6871	-1.912911
6873	-1.008798
6876	0.277326
6885	-2.025783
6895	-0.959514
6896	1.146085
6897	1.524594
6900	-0.295726
6903	1.107841
6906	-1.152922
6916	-0.746664
6917	1.760650
6918	0.603741
6919	0.487211
6938	-2.048219
6941	-0.365233
6942	0.237601
6943	0.759037
6944	1.364805
6948	-0.882508
6953	-1.690397
6957	-0.750939
6958	2.171885
6970	-0.329542
6971	-0.360659
6976	2.844390
6977	2.147692
6990	1.185890
7014	-1.336717
7015	-0.683251
7016	0.329735
7018	0.979944
7019	0.506900
7042	-0.227499
7053	1.632835
7066	-1.009078
7067	1.208769
7083	-0.701954
7092	1.690735
7100	-2.381434
7103	-1.350559
7110	-2.316762
7111	-2.132595
7112	-0.860315
7113	0.757714
7116	-2.277241
7119	0.972311
7120	-0.656510
7121	0.317305
7122	2.303168
7140	0.077579
7143	0.431191
7157	-2.179439
7165	-1.406223
7175	-0.200370
7178	0.325333
7206	-2.157615
7207	-3.382354
7217	-1.443864
7218	-2.184248
7221	-1.120548
7227	1.189983
7230	-1.875165
7236	-1.302170
7239	1.838246
7242	-1.821840
7260	0.382698
7268	2.395273
7269	0.264467
7304	1.478514
7326	0.384754
7327	-1.664161
7336	0.394559
7342	2.022247
7346	-0.348666
7348	1.264862
7355	-1.637746
7361	0.406364
7372	0.200836
7387	-0.662004
7422	-1.194917
7423	-1.197271
7425	-1.863128
7436	-1.578302
7442	-1.034840
7446	0.407048
7448	0.427045
7453	-0.738005
7463	-1.526159
7492	-3.193543
7493	-1.175970
7494	0.007491
7495	-1.064904
7518	-0.005009
7520	0.426613
7540	1.485425
7546	-0.024848
7556	-0.670730
7559	0.704076
7560	-0.365586
7561	2.545870
7564	0.284680
7575	1.486945
7583	0.753133
7585	1.919078
7586	1.600721
7599	0.244425
7600	-0.136337
7606	0.001587
7614	2.692638
7617	0.547169
7622	0.874098
7629	-0.228702
7637	1.951489
7640	1.229995
7657	-0.800757
7665	0.436937
7666	-0.341060
7667	-0.275341
7668	1.601821
7669	0.578991
7670	0.091100
7671	0.427965
7681	-1.325659
7683	-1.014419
7684	0.914346
7696	2.183568
7722	-1.276997
7723	-0.154179
7799	-0.181019
7852	1.505447
7859	-0.259816
7860	0.676483
7861	-1.214322
7865	1.437012
7875	0.617543
7876	0.910762
7895	2.077371
7913	1.171286
7917	-0.428347
7952	-0.306472
7969	1.135445
7971	-0.542324
8000	-2.133314
8002	-0.226135
8006	-3.171560
8036	0.598916
8056	0.246857
8069	0.351907
8103	0.977118
8107	0.120080
8120	-0.273063
8122	1.258176
8125	0.977624
8127	0.747593
8136	-0.390399
8149	0.384479
8154	-0.662017
8197	2.043736
8208	0.702374
8223	2.309027
8232	-0.480290
8241	0.662465
8256	-0.357576
8262	-0.960592
8266	-1.244915
8267	-0.119158
8268	0.275293
8269	0.208927
8271	0.298928
8273	1.178488
8280	-0.575235
8284	-0.630521
8303	-0.177318
8304	1.933165
8305	2.362867
8308	1.018589
8332	-0.602492
8333	0.055841
8334	-1.465059
8338	-2.184068
8363	-0.675535
8370	-1.569812
8398	-0.996990
8465	-3.578552
8468	0.263037
8469	0.031614
8470	-0.269630
8507	-0.443538
8552	0.396662
8572	0.704028
8574	-0.112066
8577	0.959726
8586	2.740952
8592	0.636141
8593	-0.605920
8594	-0.226245
8597	-0.932969
8599	1.237391
8606	-1.639289
8607	-2.403791
8615	-0.983612
8617	-0.754933
8626	0.465899
8636	-0.073701
8669	0.127466
8671	0.546875
8673	1.121887
8675	-1.940252
8790	0.522456
8791	-0.933059
8811	0.552678
8822	0.320262
8841	-2.340531
8849	0.759527
8856	-1.095290
8875	0.575030
8884	0.553470
8906	-0.558231
8907	-0.231300
8910	-0.518214
8911	1.673424
8912	0.590547
8913	0.559249
8934	-1.375434
8935	-0.840982
8954	-0.306507
8968	-0.453408
8972	-1.153487
9001	-2.135422
9029	1.674387
9032	-0.122607
9058	0.590068
9059	1.178532
9068	1.485823
9070	0.222789
9108	2.558063
9139	-1.396312
9140	-1.741967
9158	0.090741
9187	0.687320
9188	0.500604
9189	0.701654
9190	0.564079
9253	0.669495
9259	-1.350132
9268	0.982471
9269	-0.572561
9271	0.268126
9312	-0.501343
9323	0.360195
9329	0.666758
9330	0.915900
9331	0.979214
9356	-0.086784
9376	-0.947825
9394	0.106976
9424	-0.587570
9428	-0.889988
9429	-1.133306
9496	0.702907
9536	0.916706
9543	2.978332
9589	-0.494191
9614	-0.144668
9615	-0.995203
9617	-1.835363
9631	-0.102584
9661	-1.297724
9668	0.524334
9718	2.256055
9728	1.861905
9734	-1.788955
9788	1.500373
9791	1.770468
9793	1.118388
9804	0.451191
9809	0.066311
9810	0.579309
9823	0.889256
9828	-1.397604
9907	0.369720
9951	1.018993
9968	0.318758
9969	-0.807767
10010	1.113040
10011	0.157195
10012	1.908840
10018	1.698232
10021	-0.982540
10022	-1.429888
10031	0.081195
10032	0.148443
10033	1.750801
10034	-0.094996
10035	0.947481
10039	-0.855156
10044	1.270308
10045	2.401382
10060	1.906872
10065	-0.331837
10077	-1.144832
10080	0.682305
10130	1.117710
10131	0.221821
10149	-1.076803
10194	0.789035
10197	-2.331945
10221	-0.436549
10226	0.701164
10232	0.274565
10233	-1.580899
10263	-0.151147
10264	0.669809
10274	0.604707
10286	-2.930044
10292	1.234179
10299	3.021643
10302	0.581873
10324	-2.058547
10355	-1.675296
10358	-0.738128
10362	0.604044
10366	1.119702
10368	-0.364423
10370	-0.460927
10392	-0.655084
10405	-2.190476
10406	-1.346108
10409	-1.450227
10419	1.562857
10420	-0.178424
10424	1.098864
10434	0.483909
10455	0.812255
10478	-0.857777
10480	1.168634
10484	0.060158
10510	-1.410295
10519	3.622406
10520	1.881174
10524	-1.281407
10578	-1.092425
10630	-0.772659
10643	1.456284
10645	-0.655132
10677	0.568404
10678	0.075343
10690	0.317920
10717	-0.642179
10718	0.112511
10719	-0.083542
10721	-0.046398
10723	-1.166732
10735	1.478118
10736	0.478215
10829	0.531862
10837	0.689123
10846	-0.427213
10921	-1.297080
10922	1.066471
10923	-0.506370
10924	0.491271
10964	-0.055216
10978	1.021956
11017	2.713002
11018	1.200158
11019	-1.826628
11032	0.116159
11034	0.404390
11035	-0.565400
11036	1.011428
11052	1.084297
11056	2.012897
11060	1.231603
11063	3.218724
11064	2.875872
11068	3.868797
11069	2.959005
11090	1.176495
11098	0.329931
11099	1.219588
11100	2.104833
11105	-0.185441
11109	0.966658
11122	0.676527
11123	1.264371
11125	0.228986
11126	2.621547
11149	-0.344760
11153	-0.058379
11188	-4.375142
11193	0.980702
11230	0.950742
11233	-0.595998
11236	-1.896383
11243	-1.563184
11251	0.504238
11259	1.108952
11263	-2.484539
11272	-3.231674
11321	0.438036
11322	1.492714
11326	-0.909467
11327	-0.127453
11335	1.351933
11337	-0.070039
11343	-0.209057
11390	0.611596
11444	-1.034561
11464	-0.173209
11471	1.550018
11472	1.813069
11473	-0.492157
11492	-0.316164
11499	-0.190149
11500	-1.247794
11505	0.626680
11527	3.051875
11528	3.302579
11532	-0.089584
11564	-1.864004
11589	-0.925738
11591	0.154115
11592	0.219793
11599	1.061757
11605	0.916705
11617	0.737167
11630	-0.379546
11631	-0.458182
11632	0.648296
11656	-2.336931
11657	-0.157051
11777	0.580733
11786	-0.398983
11812	1.510539
12020	-0.747582
12061	-0.940037
12115	0.833949
12154	-0.331292
12155	0.105898
12156	0.272493
12159	0.446766
12174	-1.319763
12176	-0.164339
12230	-1.067160
12234	1.178249
12236	0.656416
12237	-1.219954
12250	-1.697649
12252	1.111654
12253	1.184846
12315	0.917100
12381	2.654850
12382	1.511187
12438	-0.824552
12455	-0.080670
12462	-0.507642
12478	0.831699
12603	-2.957963
12711	-0.163746
12714	0.262138
12716	-0.286558
12754	0.047447
12785	-1.661760
12788	-4.979951
12792	-2.429544
12898	-1.690582
12944	-1.919655
12949	-2.496158
13062	-1.811999
13099	1.965536
13160	0.819035
13198	1.358304
13239	0.497086
13249	-1.613427
13262	2.390082
13263	4.011062
13272	-0.084749
13273	0.629660
13277	0.818187
13305	1.123050
13342	0.301757
13343	-0.720221
13345	0.540041
13351	0.298943
13357	-0.341602
13427	-0.689413
13436	-0.268112
13455	-1.012342
13528	0.412701
13532	-1.458264
13553	1.113742
13566	-3.769041
13651	1.682646
13653	-2.040038
13675	-0.317726
13676	2.696803
13677	-0.990113
13678	-0.181204
13681	-0.549808
13688	0.580711
13697	0.904678
13705	0.637920
13708	-1.604462
13737	-0.788566
13760	1.962468
13923	-1.031215
13927	-1.729663
13995	3.151902
14002	-0.237927
14003	0.854773
14021	-0.661610
14034	-0.204688
14064	-1.212096
14110	0.958827
14155	-0.558292
14203	-0.128800
14208	1.402450
14340	-0.222669
14356	-4.571840
14389	0.131455
14499	-1.332538
14625	1.895568
14632	0.073594
14637	1.648251
14641	1.565700
14685	-0.493096
14694	-1.735463
14695	-0.651128
14699	0.808139
14700	0.814245
14749	-1.476176
14760	0.639517
14790	-0.904657
14791	-0.141888
14796	4.092079
14797	2.403038
14891	2.181631
14927	0.696117
15099	1.937236
15182	-1.629839
15243	2.586515
15245	2.518592
15254	0.813569
15322	-0.213556
15327	0.906095
15463	1.113919
15496	1.362595
15499	0.647881
15502	-0.273821
15514	-0.195592
15566	-1.043409
15580	0.088111
15583	-1.329046
15586	0.793141
15601	1.146382
15621	-1.101640
15780	-0.652976
15869	-0.840094
16082	1.584582
16281	0.199501
16293	2.035331
16300	0.600179
16304	1.632390
16360	-0.829424
16361	-2.309900
16367	-1.038499
16432	-1.388467
16433	-2.312017
16438	0.565505
16446	1.846841
16453	2.095171
16463	-5.912242
16466	0.462329
16477	-5.050274
16482	-1.200051
16605	-0.777652
16606	-0.399962
16635	1.165989
16638	0.081811
16655	0.216694
16673	-0.444818
16676	0.325412
16677	-0.254456
16678	-1.319115
16808	-1.219668
16829	-0.914433
17150	0.722475
17182	-0.491770
17199	2.245369
17273	0.787670
17431	0.574911
17466	1.917615
17472	-1.277539
17485	0.663544
17585	0.523427
17620	2.556021
17647	-1.707559
17690	-0.121041
17772	0.387362
18410	-1.088964
19647	-1.926645
21458	-0.212149
21885	-1.691470
21973	1.768020
21976	0.747568
21977	0.798086
22084	0.297377
23475	-1.434308
23754	-1.700885
23764	0.308694
24372	-2.116947
24918	0.377912
24944	0.870603
25022	-2.028178
25140	-0.408851
26484	-0.022896
27764	-0.847252
28424	-1.249139
28845	-0.026566
29861	1.718757
30684	-1.064328
31288	-1.414416
31704	0.293853
32421	-1.173506
32520	-1.283404
32893	-0.102690
34340	-1.036850
35227	-1.929854
35334	0.698341
36499	-2.116879
36843	0.263052
36844	0.576912
36955	2.445896
36970	3.034013
39336	1.417465
39353	0.924386
40538	0.840083
40541	-1.121337
40542	-0.171626
40599	-3.166069
40601	-0.724871
40602	-1.812916
40656	1.400279
40657	1.264347
42157	0.066525
42203	1.098202
42204	0.741713
42851	2.146709
43061	1.414897
44144	0.849643
45195	-0.950660
47030	0.397757
47285	-2.019144
47317	-0.850087
47457	-1.595883
47460	1.510493
48147	-0.501605
48297	-3.682862
48474	0.049901
48696	-0.259899
49516	1.733312
49630	-0.806342
49927	0.721782
50199	-0.545147
50249	-0.856803
50259	1.207495
50904	-2.120944
53231	0.000134
53471	-0.367621
53531	-0.272870
53986	-0.089372
55057	-0.424525
56431	1.124018
56432	0.761871
56466	-2.034325
56478	-2.451616
56621	-0.449014
57644	-0.981968
57756	-1.237463
58783	-1.144742
59657	-0.397861
59715	0.463292
64825	-1.434742
64947	0.558597
65950	-1.410976
70102	2.462688
75003	1.837776
75099	1.144070
75742	-1.179062
75823	0.698909
75824	1.755268
78157	-1.022119
78181	-0.972364
78191	1.029229
80479	-0.697159
80480	-0.899889
80715	1.138857
80719	1.485013
80750	-1.160671
81231	0.346493
84436	-1.405927
84780	-1.613918
84844	0.301107
85002	1.438465
85003	-2.875781
85659	0.365031
85663	1.283391
85710	1.947462
92185	-0.956334
96142	1.399047
96144	0.626533
96482	-0.641247
98871	0.048989
