# 1342 minima projected onto PC126
# Min	PC
3	-0.000296
4	-0.002747
5	0.004134
6	-0.004711
7	0.011015
9	0.001203
16	-0.006670
17	-0.006040
21	0.002596
23	0.003435
31	-0.000269
44	-0.007315
47	-0.002856
48	0.003197
51	-0.003362
52	-0.008579
55	-0.002415
56	-0.014631
57	0.002038
58	-0.010280
60	-0.025053
67	0.007418
68	0.005448
71	0.003814
72	-0.001187
74	0.000160
79	-0.006303
82	0.001991
85	0.003893
86	-0.003366
87	0.000965
88	-0.002101
91	0.007015
92	-0.001756
94	0.005023
95	0.004106
97	-0.008100
104	-0.011276
106	0.022221
109	0.000603
111	0.011657
115	-0.014379
120	-0.013080
126	-0.009408
129	-0.010010
136	-0.000544
137	0.006295
188	0.005910
189	0.007538
196	-0.001719
199	-0.002047
200	-0.000792
202	0.006764
211	0.002141
213	0.004838
214	0.005140
219	-0.001265
221	-0.002762
276	0.003730
279	-0.005291
283	0.006418
295	-0.010012
308	0.017512
312	-0.002419
315	0.012164
318	-0.010905
319	0.007514
321	0.002884
324	0.000144
328	0.002419
334	-0.000785
336	0.001761
338	0.004809
347	-0.006188
351	-0.001815
352	-0.002275
354	0.000824
357	-0.007575
359	0.012154
362	0.006359
364	0.000876
365	0.003822
368	0.011073
376	0.006375
377	0.005355
380	-0.005845
386	-0.014752
388	-0.002989
390	-0.002970
396	0.000744
404	-0.009620
410	-0.010697
413	0.013789
420	-0.012230
423	-0.002583
424	-0.001345
437	-0.006269
438	-0.004457
444	0.000353
452	-0.017756
473	0.001611
474	0.000677
475	0.002435
476	-0.000914
478	0.005172
479	0.000324
480	-0.003306
483	0.000737
503	0.009021
508	-0.000436
509	-0.010584
530	0.018501
536	0.005534
556	-0.005648
581	-0.003036
583	-0.009741
603	0.004508
606	-0.004835
607	0.003944
620	0.011462
628	0.003110
636	0.006880
637	-0.007664
639	-0.004398
640	0.001260
644	0.009602
645	0.005189
677	0.001016
678	0.002474
679	-0.004540
682	0.017754
698	0.007747
700	-0.014823
710	-0.005124
722	-0.000990
723	0.001346
724	0.000330
725	0.001430
726	-0.007132
747	0.025006
753	-0.003634
755	0.020865
757	0.003904
765	-0.004549
782	-0.001277
783	-0.002711
793	-0.024883
808	-0.009119
814	-0.022623
840	0.008323
848	-0.001241
859	-0.000893
864	-0.005151
867	-0.000283
878	-0.006500
888	0.007262
890	-0.020633
892	-0.003098
899	0.004476
918	0.007519
926	-0.009257
933	-0.004007
934	-0.007218
981	-0.006423
1028	-0.013761
1034	-0.002650
1051	-0.012174
1054	-0.008536
1058	0.031648
1062	0.001804
1063	-0.016904
1064	-0.006225
1066	0.011642
1068	0.000469
1073	0.001569
1082	0.002509
1083	0.003051
1086	0.001102
1089	-0.002830
1090	-0.003788
1091	-0.007047
1092	-0.003720
1164	0.002272
1165	-0.011248
1174	0.010035
1176	-0.005019
1184	-0.007062
1191	-0.006293
1192	-0.014535
1201	-0.007012
1230	-0.002592
1339	-0.003099
1341	-0.002801
1370	-0.011044
1385	0.022889
1405	-0.011242
1437	-0.000790
1441	-0.004028
1443	-0.003475
1521	0.001993
1522	0.004746
1523	0.014570
1524	-0.000680
1525	-0.002620
1541	0.004988
1542	0.010489
1550	0.004231
1551	0.008004
1596	0.000114
1597	-0.001130
1628	-0.009057
1629	0.011962
1633	0.002365
1636	0.005743
1637	-0.029244
1765	-0.011436
1766	-0.025844
1780	0.011063
1862	0.013349
1865	-0.004423
1870	0.009402
1885	0.004296
1910	-0.005916
1911	-0.009596
2007	0.010150
2060	0.005103
2062	0.011733
2090	0.011092
2093	-0.023238
2094	-0.028203
2095	-0.014056
2096	0.002568
2100	0.000667
2101	-0.002370
2102	-0.000933
2103	-0.003403
2104	-0.001832
2105	0.004016
2128	-0.007319
2129	0.010245
2135	0.014833
2190	-0.029144
2195	0.005178
2197	0.010418
2198	0.002734
2199	0.002721
2200	0.006370
2201	0.003558
2202	0.007033
2205	0.003726
2217	0.004766
2218	-0.001133
2221	-0.009531
2272	0.006199
2273	0.008062
2275	0.001394
2288	0.015885
2293	-0.000916
2298	0.009206
2299	-0.013282
2300	0.010655
2301	0.007556
2338	0.001840
2342	-0.021621
2343	0.004396
2358	0.005713
2384	-0.007290
2385	-0.007657
2399	-0.002865
2435	-0.006268
2436	0.003063
2465	-0.013684
2467	0.015597
2468	0.012680
2469	0.012757
2470	0.010005
2471	0.002441
2474	0.011986
2620	-0.001068
2650	-0.002342
2651	0.002865
2685	-0.022632
2688	0.001489
2730	0.008624
2843	-0.006033
2951	0.012473
2959	0.023487
3236	0.007735
3305	0.001968
3318	0.002408
3340	0.004259
3352	0.010675
3355	0.002456
3356	0.000621
3365	-0.011462
3366	-0.011268
3367	0.000762
3368	-0.000248
3401	0.001186
3405	0.005285
3434	0.005790
3448	-0.019657
3454	-0.011186
3481	-0.002853
3495	-0.005207
3504	0.006291
3532	0.004365
3540	-0.002684
3549	0.005747
3550	-0.000105
3569	0.001557
3595	-0.002611
3596	0.010454
3603	0.003846
3621	0.003204
3622	-0.010072
3647	0.005377
3649	-0.002437
3651	0.000885
3652	0.001663
3723	0.011439
3757	-0.003358
3772	-0.008128
3787	0.004886
3798	0.000226
3799	-0.010939
3889	0.010372
3897	0.005367
3898	0.007647
3904	-0.009688
3945	0.000312
3990	0.012346
4024	-0.007732
4039	-0.073105
4048	-0.012669
4050	-0.003418
4076	0.005519
4094	0.001533
4170	-0.002428
4251	-0.012925
4252	-0.010870
4299	0.002875
4302	0.000860
4318	-0.001579
4319	0.006180
4320	-0.000397
4360	-0.007704
4388	0.010342
4414	0.005680
4426	0.009634
4446	0.003225
4527	-0.014368
4545	0.004412
4546	-0.001563
4554	0.008106
4564	-0.004574
4567	-0.003297
4634	-0.003475
4693	-0.021931
4736	-0.004808
4761	0.008395
4879	-0.024379
5071	0.005815
5138	0.003859
5164	-0.002005
5182	0.004175
5183	0.017080
5184	0.004093
5187	-0.031142
5188	0.007416
5189	0.001002
5193	-0.029614
5194	-0.023513
5195	0.009713
5197	-0.006696
5203	-0.008329
5205	0.016291
5212	-0.001893
5213	-0.002957
5222	-0.002970
5223	0.001373
5228	-0.001859
5232	-0.000594
5244	-0.008427
5245	-0.013245
5246	0.006125
5248	-0.004574
5292	-0.002213
5293	-0.003464
5299	-0.005135
5300	0.022761
5315	-0.002875
5316	0.000537
5319	-0.008671
5320	-0.007199
5321	-0.004979
5322	-0.020915
5323	-0.002543
5324	-0.005551
5325	0.000122
5329	0.050885
5342	-0.003300
5343	-0.000991
5374	-0.009406
5376	-0.038690
5378	0.001833
5379	0.008898
5382	-0.007625
5390	-0.013880
5398	0.004079
5402	-0.012343
5404	-0.007527
5407	0.002928
5408	-0.005057
5409	0.008271
5411	0.005421
5412	0.009439
5413	-0.001200
5416	-0.003333
5418	-0.001939
5422	-0.022177
5425	-0.015747
5427	-0.010736
5428	0.013126
5432	-0.009967
5436	0.004476
5443	-0.012741
5444	-0.011661
5458	-0.023036
5462	0.002506
5465	0.002692
5468	0.002913
5471	-0.002026
5480	0.012309
5481	-0.020151
5485	-0.004558
5486	0.003361
5488	-0.009515
5489	0.007771
5495	-0.018262
5513	0.004378
5515	0.004979
5516	0.000722
5521	0.003526
5527	-0.005534
5528	0.014665
5536	0.006556
5537	0.000176
5547	-0.001706
5565	-0.009870
5573	-0.006403
5579	0.011544
5583	-0.001558
5586	0.004982
5589	0.010928
5590	0.004601
5593	0.003918
5599	0.015202
5604	-0.022248
5605	0.006024
5606	0.016925
5625	-0.005456
5649	-0.005895
5656	0.002971
5657	-0.008973
5658	-0.005196
5686	-0.004060
5695	-0.013284
5705	-0.007853
5706	0.008787
5716	0.002750
5717	-0.002431
5718	0.003033
5719	0.001146
5720	-0.006729
5724	-0.012868
5738	-0.005389
5742	0.015920
5750	0.004779
5751	-0.005953
5756	-0.002769
5761	-0.010363
5768	-0.001864
5773	0.026245
5792	-0.006891
5793	0.005557
5794	-0.005527
5806	0.003268
5811	0.003727
5812	0.010898
5813	0.011079
5814	0.003908
5821	-0.003753
5823	-0.007376
5825	-0.009177
5831	-0.002698
5832	-0.014575
5833	0.002053
5847	0.001295
5849	-0.003825
5851	-0.012319
5854	-0.000073
5858	-0.004378
5862	-0.002541
5875	0.005468
5876	0.006307
5903	-0.015774
5910	0.020924
5912	0.028048
5913	-0.005026
5925	0.009934
5926	0.013862
5927	0.010380
5928	0.003246
5930	0.015718
5931	-0.002472
5933	0.025861
5934	0.002583
5937	-0.002271
5939	-0.015265
5940	0.008316
5941	0.005111
5943	0.008930
5963	-0.008950
5964	-0.000471
5965	-0.002682
5966	-0.000169
5968	0.002569
5969	-0.006009
5970	-0.006993
5971	-0.003101
5975	0.002702
6006	0.010704
6011	0.010007
6017	-0.002499
6019	-0.003902
6022	-0.005635
6032	-0.002550
6095	0.004289
6115	-0.006803
6116	0.000557
6119	-0.005046
6127	-0.007428
6128	-0.011950
6130	-0.007426
6140	0.010753
6141	0.006945
6147	-0.008051
6148	-0.003208
6163	0.006477
6164	-0.004532
6170	0.004713
6171	0.007917
6177	-0.001660
6184	-0.002583
6200	0.003427
6204	0.002119
6206	-0.014507
6223	-0.006760
6240	0.010948
6245	-0.013714
6253	-0.004172
6267	0.011750
6269	0.002284
6290	0.013041
6303	-0.006746
6317	0.015425
6343	0.007068
6350	0.015112
6360	0.004679
6367	0.008271
6383	-0.004675
6389	-0.001401
6397	0.013072
6398	0.008822
6406	0.003914
6407	0.006178
6412	0.000688
6413	0.000885
6434	0.004823
6435	0.000894
6460	-0.002601
6463	-0.006757
6464	-0.005045
6489	0.000561
6507	-0.019008
6510	-0.013371
6516	0.012414
6518	-0.002757
6522	-0.007013
6523	0.000101
6524	0.002106
6525	0.011012
6531	-0.002757
6536	0.003566
6575	0.002509
6584	0.000639
6585	0.001787
6586	0.005718
6594	0.004264
6595	0.000492
6610	-0.001311
6612	0.008912
6615	0.013357
6624	0.003399
6628	0.017190
6649	0.011195
6698	0.036073
6706	-0.013021
6718	0.018700
6719	0.007449
6722	-0.004611
6770	0.013198
6780	0.005268
6781	0.001230
6794	-0.003607
6795	-0.012136
6796	-0.026671
6799	-0.013780
6809	-0.019383
6837	0.038710
6838	0.006329
6839	0.013721
6846	-0.004648
6865	-0.008985
6869	-0.009941
6870	-0.021202
6871	-0.015555
6873	0.007587
6876	0.005932
6885	0.014043
6895	0.003531
6896	0.011578
6897	0.000930
6900	-0.001696
6903	-0.017180
6906	0.014681
6916	-0.005938
6917	0.020644
6918	0.002505
6919	0.012776
6938	-0.000084
6941	-0.006206
6942	0.011993
6943	-0.008297
6944	-0.003940
6948	0.025948
6953	0.000400
6957	0.020746
6958	-0.004751
6970	-0.004637
6971	-0.008162
6976	0.002566
6977	0.015152
6990	-0.012020
7014	0.006352
7015	0.000483
7016	0.004508
7018	0.012099
7019	0.004585
7042	0.012855
7053	-0.008377
7066	0.008470
7067	0.000858
7083	-0.004354
7092	0.000791
7100	0.018371
7103	0.009065
7110	0.019880
7111	-0.004532
7112	0.003864
7113	-0.006353
7116	0.007703
7119	0.002211
7120	0.010801
7121	0.008852
7122	-0.003911
7140	0.010753
7143	-0.006668
7157	0.010167
7165	0.015021
7175	-0.006542
7178	0.009948
7206	0.035188
7207	-0.000553
7217	-0.007560
7218	0.004176
7221	0.009588
7227	-0.010848
7230	-0.015427
7236	0.009570
7239	0.002054
7242	0.017931
7260	0.002721
7268	-0.000721
7269	-0.000254
7304	-0.012139
7326	-0.008258
7327	0.000865
7336	-0.005251
7342	0.004438
7346	-0.004361
7348	-0.008451
7355	0.014041
7361	0.007702
7372	-0.009372
7387	0.004178
7422	-0.011653
7423	0.007428
7425	0.012151
7436	0.006945
7442	-0.015262
7446	-0.029081
7448	-0.000422
7453	0.002013
7463	0.000307
7492	-0.016128
7493	0.021407
7494	0.002003
7495	-0.005464
7518	0.010714
7520	-0.006666
7540	-0.003541
7546	-0.010094
7556	0.010912
7559	0.013368
7560	0.004895
7561	0.019272
7564	0.001849
7575	0.002651
7583	-0.002199
7585	0.003889
7586	-0.010562
7599	-0.032171
7600	0.029629
7606	-0.028788
7614	-0.001027
7617	0.018025
7622	0.008773
7629	-0.018759
7637	-0.002662
7640	-0.006245
7657	-0.009450
7665	-0.007197
7666	0.006615
7667	0.006578
7668	-0.016498
7669	0.001032
7670	0.017191
7671	-0.001872
7681	-0.003126
7683	-0.009738
7684	0.015102
7696	0.007907
7722	0.009776
7723	0.005088
7799	-0.006275
7852	0.003343
7859	0.004480
7860	0.005824
7861	-0.004242
7865	0.003697
7875	0.006228
7876	0.021816
7895	-0.005583
7913	-0.009096
7917	-0.002355
7952	0.006116
7969	0.008552
7971	-0.003215
8000	0.008593
8002	-0.001263
8006	-0.007902
8036	0.000155
8056	0.013591
8069	0.002999
8103	0.011808
8107	0.000331
8120	0.008296
8122	0.009880
8125	0.002352
8127	-0.030735
8136	0.010607
8149	0.015308
8154	0.015020
8197	0.004628
8208	-0.005000
8223	0.009094
8232	-0.003314
8241	0.005990
8256	0.011795
8262	0.014925
8266	-0.002891
8267	0.002621
8268	0.012157
8269	0.011547
8271	0.012857
8273	-0.009475
8280	0.006925
8284	0.008098
8303	0.000343
8304	0.007132
8305	0.006069
8308	0.003755
8332	-0.012291
8333	0.013300
8334	-0.016484
8338	-0.047172
8363	-0.019276
8370	-0.009875
8398	-0.011879
8465	-0.013806
8468	-0.002694
8469	0.026507
8470	-0.003989
8507	0.000318
8552	0.008298
8572	0.000709
8574	-0.013048
8577	-0.023271
8586	-0.010651
8592	0.009433
8593	0.017957
8594	0.020420
8597	-0.005648
8599	0.016818
8606	0.009429
8607	0.008168
8615	-0.002997
8617	-0.007371
8626	0.013381
8636	0.002951
8669	0.008504
8671	0.010759
8673	-0.017977
8675	0.003470
8790	0.010039
8791	-0.015956
8811	-0.027709
8822	0.008218
8841	0.012838
8849	-0.032426
8856	0.018437
8875	-0.013560
8884	0.002990
8906	0.001725
8907	-0.003862
8910	-0.001775
8911	-0.034750
8912	-0.003318
8913	-0.007387
8934	-0.006323
8935	-0.000970
8954	-0.020122
8968	-0.011783
8972	-0.013023
9001	-0.020352
9029	-0.006549
9032	-0.007172
9058	-0.019474
9059	-0.001638
9068	-0.030127
9070	0.012186
9108	0.003390
9139	-0.012957
9140	-0.021870
9158	-0.000223
9187	0.000863
9188	-0.004579
9189	0.004958
9190	-0.002942
9253	-0.001071
9259	0.004627
9268	0.009445
9269	0.005602
9271	-0.001516
9312	-0.023581
9323	-0.006358
9329	-0.011697
9330	-0.008785
9331	-0.001748
9356	-0.008001
9376	0.002394
9394	0.001139
9424	0.004767
9428	-0.007534
9429	-0.011290
9496	0.012206
9536	-0.010012
9543	-0.018907
9589	0.013026
9614	-0.000832
9615	0.005171
9617	-0.001434
9631	0.004321
9661	-0.001660
9668	-0.008927
9718	-0.011269
9728	0.001319
9734	0.004271
9788	0.004511
9791	0.017941
9793	-0.006226
9804	-0.023385
9809	-0.001187
9810	0.005193
9823	0.011038
9828	0.025859
9907	-0.004231
9951	0.000115
9968	0.002793
9969	-0.006812
10010	-0.002405
10011	0.013789
10012	-0.001497
10018	0.000300
10021	0.012366
10022	0.023231
10031	0.011080
10032	0.015363
10033	-0.001986
10034	0.008810
10035	-0.003010
10039	0.001072
10044	-0.010619
10045	-0.030566
10060	-0.023103
10065	0.009197
10077	0.014662
10080	0.007241
10130	-0.019959
10131	-0.023931
10149	-0.001735
10194	-0.010997
10197	0.005311
10221	-0.008429
10226	0.007180
10232	-0.001790
10233	-0.023236
10263	-0.001837
10264	-0.003522
10274	-0.014544
10286	-0.015621
10292	0.003885
10299	-0.009044
10302	0.008370
10324	0.023275
10355	0.004836
10358	0.004024
10362	-0.011960
10366	-0.004123
10368	0.004189
10370	-0.002569
10392	0.027433
10405	-0.007624
10406	-0.012017
10409	0.005494
10419	-0.004741
10420	0.012721
10424	-0.001990
10434	0.006753
10455	-0.001298
10478	0.011406
10480	0.015639
10484	-0.004137
10510	-0.002818
10519	0.013832
10520	0.001639
10524	-0.004555
10578	-0.008777
10630	-0.003764
10643	-0.001018
10645	0.001469
10677	-0.003852
10678	-0.010506
10690	-0.001408
10717	-0.001987
10718	0.001615
10719	0.018798
10721	0.002613
10723	-0.020449
10735	-0.009413
10736	0.005358
10829	0.007614
10837	0.008602
10846	0.025368
10921	0.017218
10922	0.004338
10923	0.010184
10924	0.009314
10964	0.003504
10978	0.001797
11017	-0.005534
11018	0.008674
11019	0.006025
11032	0.007960
11034	-0.000785
11035	0.008187
11036	0.003837
11052	0.003378
11056	0.012601
11060	0.007839
11063	0.008454
11064	-0.000238
11068	0.000001
11069	0.003819
11090	-0.006940
11098	0.012621
11099	-0.011366
11100	-0.010151
11105	-0.001830
11109	0.010021
11122	0.005555
11123	0.000097
11125	0.004455
11126	0.005663
11149	0.011682
11153	0.008839
11188	0.026311
11193	-0.015599
11230	-0.003215
11233	-0.015795
11236	-0.012169
11243	0.014468
11251	-0.012099
11259	0.020702
11263	0.008971
11272	-0.003777
11321	0.010237
11322	0.002449
11326	0.001233
11327	0.007097
11335	0.009252
11337	0.006951
11343	-0.004546
11390	0.006464
11444	0.006674
11464	0.000415
11471	-0.002161
11472	-0.000942
11473	0.015587
11492	-0.026297
11499	-0.011138
11500	0.002362
11505	-0.000935
11527	0.002161
11528	-0.009612
11532	0.009871
11564	-0.008593
11589	0.001070
11591	0.010435
11592	0.011206
11599	0.000335
11605	-0.004154
11617	0.009448
11630	-0.007925
11631	-0.000545
11632	0.003385
11656	0.026812
11657	-0.017464
11777	-0.001897
11786	-0.000715
11812	-0.003827
12020	0.000460
12061	-0.012036
12115	0.014735
12154	0.016577
12155	0.007906
12156	0.010728
12159	0.009272
12174	-0.005135
12176	-0.011403
12230	-0.000724
12234	-0.000492
12236	0.000942
12237	-0.000631
12250	0.021381
12252	0.013205
12253	0.004010
12315	0.014606
12381	-0.024752
12382	-0.006927
12438	0.002117
12455	0.006604
12462	-0.020820
12478	-0.002905
12603	0.005667
12711	-0.004823
12714	-0.001819
12716	-0.003849
12754	-0.001492
12785	0.012220
12788	0.007583
12792	-0.002022
12898	0.017501
12944	-0.022882
12949	0.007561
13062	-0.004440
13099	0.002338
13160	0.002991
13198	-0.000888
13239	0.005435
13249	-0.006671
13262	-0.016234
13263	0.001032
13272	0.000273
13273	0.019739
13277	0.009927
13305	-0.000207
13342	0.017958
13343	0.012923
13345	-0.004472
13351	0.016503
13357	0.008661
13427	-0.000047
13436	-0.001549
13455	-0.007273
13528	0.021483
13532	-0.009528
13553	-0.010483
13566	-0.011629
13651	-0.000611
13653	0.004559
13675	0.000605
13676	-0.001956
13677	0.000344
13678	0.002711
13681	-0.004158
13688	0.017650
13697	-0.030817
13705	-0.022336
13708	0.000022
13737	-0.003242
13760	0.014830
13923	-0.000117
13927	0.006705
13995	-0.038826
14002	-0.011318
14003	-0.005879
14021	0.013148
14034	0.006854
14064	0.005522
14110	0.014158
14155	0.003288
14203	0.004400
14208	0.000331
14340	-0.003483
14356	0.006658
14389	0.006230
14499	0.003708
14625	-0.001094
14632	0.008177
14637	-0.004575
14641	0.015954
14685	-0.001216
14694	0.006466
14695	0.003981
14699	-0.009665
14700	-0.000891
14749	0.018989
14760	0.003953
14790	0.006220
14791	0.005488
14796	0.005410
14797	0.003592
14891	-0.002132
14927	-0.006899
15099	-0.026921
15182	-0.015223
15243	-0.022671
15245	-0.003882
15254	0.004017
15322	-0.007352
15327	-0.002543
15463	0.000354
15496	0.009806
15499	-0.005354
15502	-0.003150
15514	-0.000033
15566	-0.005649
15580	0.009463
15583	0.006298
15586	0.003488
15601	0.003220
15621	-0.006223
15780	0.004436
15869	-0.000481
16082	-0.000102
16281	0.000101
16293	-0.005025
16300	-0.017083
16304	0.003160
16360	-0.015186
16361	0.009928
16367	0.014146
16432	0.002174
16433	-0.007201
16438	-0.006456
16446	-0.022362
16453	-0.022329
16463	-0.016005
16466	-0.005910
16477	-0.006281
16482	0.000342
16605	-0.003447
16606	0.003360
16635	-0.005279
16638	-0.004536
16655	0.022132
16673	-0.003038
16676	-0.000878
16677	-0.004533
16678	-0.014287
16808	0.000148
16829	-0.001155
17150	-0.017153
17182	-0.012726
17199	-0.007097
17273	0.012577
17431	-0.003135
17466	0.004253
17472	-0.005256
17485	0.013797
17585	-0.014647
17620	-0.002978
17647	-0.017376
17690	-0.022967
17772	-0.009359
18410	-0.027121
19647	-0.007803
21458	-0.006889
21885	0.004624
21973	-0.003349
21976	0.003907
21977	-0.006997
22084	0.005934
23475	0.005544
23754	0.009319
23764	0.003327
24372	0.000193
24918	0.008268
24944	-0.002288
25022	-0.005068
25140	-0.012612
26484	-0.002157
27764	-0.007227
28424	-0.002737
28845	-0.007079
29861	0.021558
30684	-0.001371
31288	-0.002107
31704	0.004069
32421	0.001602
32520	0.020487
32893	-0.000578
34340	-0.003206
35227	-0.027151
35334	-0.000823
36499	-0.004937
36843	-0.000156
36844	0.002151
36955	0.021814
36970	0.012953
39336	0.000697
39353	-0.014485
40538	-0.006550
40541	0.005330
40542	0.009104
40599	0.004105
40601	0.004318
40602	0.019108
40656	-0.007640
40657	-0.005862
42157	0.000026
42203	0.007916
42204	-0.004630
42851	0.014883
43061	-0.002629
44144	-0.009622
45195	0.001235
47030	-0.005910
47285	-0.026418
47317	-0.002648
47457	-0.011867
47460	-0.004457
48147	-0.008175
48297	0.022377
48474	-0.001834
48696	-0.007934
49516	0.001229
49630	0.007332
49927	0.000048
50199	0.002568
50249	0.011009
50259	0.027889
50904	0.012102
53231	-0.000529
53471	-0.016390
53531	-0.001237
53986	0.000376
55057	0.008994
56431	-0.001956
56432	-0.003650
56466	-0.003524
56478	-0.022089
56621	-0.007707
57644	-0.003675
57756	0.015500
58783	0.000126
59657	0.004991
59715	0.004735
64825	-0.003180
64947	-0.007711
65950	-0.010624
70102	-0.023360
75003	0.006766
75099	0.004754
75742	-0.008280
75823	-0.004730
75824	0.024305
78157	0.005081
78181	-0.016741
78191	-0.004246
80479	0.012523
80480	-0.002814
80715	0.008364
80719	0.003689
80750	0.013184
81231	0.008074
84436	0.006290
84780	-0.005461
84844	-0.003171
85002	-0.011735
85003	0.001437
85659	-0.004117
85663	0.009734
85710	0.005905
92185	0.019582
96142	0.006436
96144	-0.007150
96482	-0.009589
98871	-0.001080
