# 1342 minima projected onto PC128
Min	PC
3	-0.003091
4	0.006223
5	0.002245
6	0.004611
7	-0.001659
9	0.010910
16	0.009275
17	0.001446
21	0.000900
23	0.002073
31	-0.001205
44	-0.011903
47	-0.004381
48	-0.000079
51	0.009714
52	0.013786
55	-0.011162
56	-0.005576
57	0.001095
58	0.000670
60	-0.013355
67	0.011646
68	0.012346
71	0.002717
72	-0.000112
74	0.009000
79	-0.004678
82	0.006758
85	0.003242
86	-0.011000
87	0.005413
88	0.001444
91	-0.004781
92	0.008817
94	0.000114
95	0.014283
97	-0.010890
104	-0.015319
106	-0.007389
109	0.004096
111	-0.000522
115	0.045721
120	-0.012347
126	-0.009267
129	-0.001197
136	-0.026333
137	-0.006977
188	-0.015555
189	0.003253
196	0.000218
199	0.011168
200	-0.001390
202	-0.008057
211	-0.010601
213	0.000059
214	-0.006846
219	-0.008869
221	0.005814
276	0.004547
279	0.004053
283	-0.001158
295	-0.010146
308	-0.011394
312	-0.015392
315	0.052991
318	0.001706
319	-0.007201
321	0.013782
324	-0.004622
328	-0.001459
334	0.001924
336	0.001703
338	0.002666
347	-0.004745
351	-0.000083
352	0.006281
354	-0.010434
357	-0.000960
359	-0.001202
362	0.003500
364	0.004790
365	-0.002133
368	0.007561
376	0.005096
377	-0.004564
380	0.003166
386	0.003769
388	-0.004796
390	-0.004160
396	0.001013
404	-0.001029
410	-0.001442
413	0.007420
420	-0.007886
423	0.002167
424	-0.011473
437	-0.003989
438	-0.003087
444	-0.008913
452	-0.003592
473	0.004787
474	-0.012300
475	-0.000102
476	-0.019616
478	-0.000094
479	-0.008936
480	-0.002406
483	0.003108
503	0.013715
508	-0.003812
509	0.001876
530	-0.001748
536	0.001033
556	0.008809
581	0.004325
583	0.005850
603	-0.005419
606	-0.001723
607	-0.001628
620	-0.001414
628	0.004957
636	0.008641
637	0.013355
639	0.000760
640	0.003483
644	0.004425
645	0.000898
677	0.008977
678	0.002120
679	0.001422
682	0.003914
698	0.002303
700	-0.002603
710	0.001349
722	0.001394
723	-0.004430
724	-0.003760
725	0.004574
726	-0.008181
747	0.036918
753	0.009178
755	-0.006066
757	0.004713
765	-0.000691
782	0.000077
783	-0.013257
793	-0.007308
808	-0.008760
814	0.006960
840	0.001677
848	-0.015633
859	0.002682
864	0.014643
867	-0.008966
878	0.002946
888	-0.009094
890	-0.006408
892	-0.002560
899	0.001496
918	0.005149
926	-0.006231
933	0.019162
934	-0.010941
981	0.009576
1028	-0.008299
1034	-0.006363
1051	-0.002758
1054	0.008403
1058	0.023209
1062	-0.009517
1063	-0.005461
1064	0.003465
1066	-0.020242
1068	-0.004824
1073	-0.000766
1082	-0.002041
1083	-0.005794
1086	-0.007316
1089	-0.009487
1090	-0.003070
1091	0.002769
1092	0.013140
1164	-0.009029
1165	0.002149
1174	0.072575
1176	-0.011118
1184	0.001138
1191	0.001530
1192	-0.008976
1201	0.002677
1230	-0.003315
1339	0.011515
1341	-0.000901
1370	0.003551
1385	0.010533
1405	-0.001879
1437	-0.000199
1441	-0.008354
1443	-0.004971
1521	-0.010156
1522	-0.003251
1523	0.001374
1524	0.003106
1525	0.012490
1541	0.000834
1542	-0.000067
1550	0.002486
1551	0.000133
1596	-0.006788
1597	0.012976
1628	0.003147
1629	0.001664
1633	0.004464
1636	-0.004021
1637	-0.002349
1765	-0.002263
1766	0.017394
1780	-0.002909
1862	0.004671
1865	-0.001470
1870	0.001986
1885	0.013201
1910	-0.002262
1911	0.000055
2007	0.000874
2060	-0.002051
2062	-0.003030
2090	0.000466
2093	-0.000382
2094	0.003464
2095	0.003372
2096	-0.007553
2100	0.003295
2101	-0.000930
2102	-0.003187
2103	0.003546
2104	0.002201
2105	0.003865
2128	0.004002
2129	-0.004481
2135	0.004465
2190	0.001277
2195	0.001023
2197	-0.002490
2198	0.002076
2199	-0.000343
2200	0.006818
2201	0.005449
2202	0.002068
2205	0.002974
2217	-0.000263
2218	-0.027796
2221	-0.015072
2272	-0.010565
2273	0.003464
2275	0.004770
2288	-0.005702
2293	0.001507
2298	0.000293
2299	0.000746
2300	-0.010442
2301	-0.002126
2338	0.012608
2342	0.004060
2343	-0.003120
2358	0.025852
2384	0.006883
2385	0.002510
2399	-0.007201
2435	0.005752
2436	0.002558
2465	-0.019151
2467	0.006460
2468	-0.001751
2469	-0.009694
2470	-0.000559
2471	0.023385
2474	-0.006821
2620	0.013776
2650	-0.014658
2651	0.000588
2685	-0.013200
2688	0.005838
2730	0.007069
2843	0.000978
2951	0.003971
2959	0.004048
3236	0.013526
3305	-0.003300
3318	0.001695
3340	0.003049
3352	-0.001197
3355	-0.009444
3356	-0.006816
3365	-0.001092
3366	-0.006038
3367	-0.002297
3368	0.003657
3401	-0.000225
3405	0.009011
3434	-0.001885
3448	-0.002557
3454	-0.005536
3481	0.004590
3495	0.000259
3504	-0.005446
3532	-0.003516
3540	-0.002202
3549	0.009133
3550	0.008328
3569	0.002804
3595	-0.001378
3596	0.000098
3603	0.007067
3621	-0.004074
3622	-0.004237
3647	-0.000748
3649	-0.006515
3651	-0.008013
3652	-0.001147
3723	0.007867
3757	0.007234
3772	0.005782
3787	-0.016321
3798	0.003221
3799	0.007388
3889	-0.001108
3897	-0.002437
3898	0.004265
3904	-0.002927
3945	-0.012305
3990	0.002953
4024	0.000381
4039	0.018351
4048	-0.002056
4050	-0.013179
4076	0.003388
4094	0.001246
4170	-0.007826
4251	-0.014789
4252	-0.009865
4299	0.002321
4302	-0.000269
4318	0.012012
4319	0.004420
4320	0.009246
4360	0.003919
4388	0.005706
4414	-0.001941
4426	-0.000024
4446	-0.007346
4527	0.014497
4545	0.005316
4546	0.004709
4554	-0.004418
4564	0.000469
4567	-0.014392
4634	-0.008012
4693	-0.004539
4736	0.000255
4761	-0.006005
4879	-0.000944
5071	-0.004944
5138	0.001441
5164	0.013752
5182	0.006862
5183	0.017159
5184	-0.004635
5187	-0.001553
5188	0.006776
5189	0.001685
5193	0.016789
5194	0.005760
5195	-0.000347
5197	-0.003057
5203	-0.007794
5205	0.009739
5212	-0.005239
5213	-0.006000
5222	0.018855
5223	0.017358
5228	0.020423
5232	-0.000203
5244	-0.002808
5245	-0.006175
5246	0.004077
5248	0.016504
5292	0.014297
5293	-0.007932
5299	-0.007926
5300	-0.015661
5315	0.007033
5316	0.004169
5319	0.000445
5320	0.004592
5321	0.000413
5322	0.007629
5323	0.012895
5324	0.002363
5325	0.002283
5329	-0.015529
5342	-0.001337
5343	0.002824
5374	0.011205
5376	-0.002594
5378	-0.012422
5379	-0.010493
5382	0.001095
5390	0.001795
5398	0.003966
5402	0.007122
5404	0.011581
5407	-0.001093
5408	0.015296
5409	-0.003578
5411	-0.003138
5412	-0.003914
5413	0.010239
5416	-0.004352
5418	0.010403
5422	-0.007987
5425	0.016138
5427	0.004270
5428	-0.006909
5432	-0.010195
5436	-0.002071
5443	-0.013360
5444	-0.019572
5458	-0.005493
5462	0.020090
5465	-0.003956
5468	-0.000169
5471	-0.008430
5480	-0.011886
5481	0.010036
5485	0.016467
5486	0.012024
5488	0.005260
5489	0.008351
5495	0.001611
5513	-0.010402
5515	-0.008488
5516	0.002694
5521	0.001293
5527	0.006979
5528	0.015141
5536	0.015112
5537	0.001440
5547	0.003441
5565	-0.003553
5573	-0.000456
5579	-0.017706
5583	-0.007781
5586	0.015807
5589	0.014623
5590	0.000410
5593	-0.001861
5599	0.039024
5604	-0.000525
5605	-0.009138
5606	0.022075
5625	0.002379
5649	0.001555
5656	-0.002530
5657	-0.003840
5658	-0.001075
5686	-0.001721
5695	0.010493
5705	0.013869
5706	-0.014261
5716	-0.008285
5717	-0.006355
5718	-0.002463
5719	-0.000321
5720	-0.012569
5724	-0.009093
5738	-0.016630
5742	0.000686
5750	-0.002653
5751	0.003062
5756	-0.008416
5761	-0.036264
5768	0.000289
5773	-0.019261
5792	-0.005588
5793	-0.003942
5794	-0.008615
5806	0.005478
5811	-0.000146
5812	0.000564
5813	-0.005957
5814	-0.005233
5821	-0.004980
5823	-0.023213
5825	-0.014454
5831	0.004033
5832	-0.000282
5833	-0.009543
5847	-0.010277
5849	0.010437
5851	-0.016375
5854	-0.000195
5858	-0.005802
5862	0.004868
5875	-0.003297
5876	-0.031371
5903	-0.005041
5910	0.004321
5912	0.003968
5913	-0.009762
5925	-0.008546
5926	-0.015648
5927	-0.011713
5928	0.013614
5930	-0.000596
5931	0.005951
5933	-0.012021
5934	-0.003410
5937	0.002143
5939	-0.025452
5940	0.019254
5941	0.005672
5943	0.006971
5963	-0.008644
5964	-0.000225
5965	-0.005869
5966	0.009750
5968	-0.002743
5969	-0.016787
5970	-0.014232
5971	0.005991
5975	0.010589
6006	-0.000000
6011	-0.011428
6017	0.002810
6019	-0.000848
6022	-0.000323
6032	-0.020394
6095	0.000398
6115	-0.010674
6116	0.010856
6119	-0.006494
6127	-0.002456
6128	-0.006660
6130	-0.004907
6140	-0.010205
6141	-0.007328
6147	0.005804
6148	-0.005504
6163	0.003868
6164	-0.002369
6170	0.008208
6171	0.003249
6177	0.000044
6184	-0.000491
6200	-0.004311
6204	0.013706
6206	0.007409
6223	-0.002528
6240	0.005420
6245	-0.003893
6253	-0.005413
6267	0.003139
6269	-0.004456
6290	0.008411
6303	-0.009860
6317	-0.005838
6343	-0.002416
6350	0.001112
6360	0.002338
6367	0.016986
6383	0.004681
6389	0.006516
6397	0.002050
6398	-0.001299
6406	0.005124
6407	0.009267
6412	-0.024283
6413	-0.013505
6434	-0.000781
6435	0.003866
6460	-0.008765
6463	0.006381
6464	-0.001156
6489	-0.009714
6507	-0.008004
6510	-0.026690
6516	-0.006866
6518	0.006244
6522	-0.012402
6523	0.000099
6524	0.000733
6525	-0.001238
6531	-0.006208
6536	0.000134
6575	-0.000727
6584	-0.002566
6585	0.003450
6586	0.011787
6594	-0.000558
6595	0.002303
6610	0.006707
6612	0.005133
6615	-0.003409
6624	0.014485
6628	-0.008334
6649	-0.005245
6698	-0.005939
6706	0.011115
6718	-0.009375
6719	-0.002949
6722	-0.002108
6770	0.005012
6780	-0.000766
6781	-0.002872
6794	0.013617
6795	-0.006605
6796	-0.001841
6799	-0.000549
6809	-0.007347
6837	-0.000073
6838	0.000522
6839	-0.008596
6846	-0.006473
6865	-0.000021
6869	-0.005799
6870	-0.003467
6871	0.005962
6873	0.006903
6876	0.004380
6885	0.002001
6895	0.003372
6896	0.010917
6897	-0.005212
6900	-0.002168
6903	0.013306
6906	-0.002924
6916	-0.000601
6917	0.011573
6918	0.017205
6919	-0.020250
6938	-0.000027
6941	-0.005998
6942	0.005206
6943	-0.001515
6944	-0.003434
6948	0.002065
6953	-0.002744
6957	0.012567
6958	0.013399
6970	-0.005776
6971	-0.008245
6976	0.005151
6977	0.011707
6990	0.004967
7014	0.011636
7015	0.000243
7016	-0.001539
7018	-0.005477
7019	-0.003941
7042	-0.004199
7053	0.003109
7066	-0.002036
7067	0.027529
7083	-0.007158
7092	-0.010704
7100	-0.003021
7103	-0.000125
7110	-0.013211
7111	-0.008374
7112	-0.012561
7113	0.010875
7116	-0.004289
7119	0.008002
7120	0.002845
7121	0.008306
7122	-0.005058
7140	-0.007502
7143	0.016410
7157	-0.004768
7165	0.007320
7175	-0.006373
7178	0.007233
7206	0.000047
7207	-0.013343
7217	0.001163
7218	0.000648
7221	-0.004378
7227	0.009348
7230	-0.001957
7236	-0.025448
7239	0.005313
7242	-0.018349
7260	0.010823
7268	0.017888
7269	-0.005943
7304	-0.003990
7326	-0.004023
7327	0.023046
7336	-0.006769
7342	-0.005417
7346	-0.003718
7348	0.009835
7355	0.000900
7361	-0.011185
7372	0.002518
7387	-0.003073
7422	-0.007690
7423	0.025312
7425	-0.001838
7436	0.002568
7442	0.009228
7446	0.008763
7448	-0.012255
7453	0.007291
7463	-0.005630
7492	0.007345
7493	-0.006998
7494	-0.003964
7495	-0.007693
7518	0.004988
7520	-0.019885
7540	0.005586
7546	0.009895
7556	-0.003398
7559	0.015681
7560	-0.002598
7561	0.021451
7564	0.010638
7575	-0.002780
7583	-0.017225
7585	0.014424
7586	-0.009813
7599	0.010199
7600	-0.013884
7606	0.006208
7614	0.001619
7617	0.007187
7622	-0.004514
7629	0.000845
7637	-0.005185
7640	0.006124
7657	0.010121
7665	0.004041
7666	-0.000838
7667	0.002370
7668	0.005690
7669	0.001522
7670	0.030095
7671	0.000162
7681	-0.037362
7683	0.009035
7684	-0.007745
7696	0.009391
7722	0.003257
7723	0.000687
7799	0.002636
7852	-0.011632
7859	-0.004686
7860	-0.002725
7861	0.004577
7865	0.001191
7875	-0.010773
7876	-0.010570
7895	0.009389
7913	0.002933
7917	0.001382
7952	-0.011771
7969	-0.011117
7971	-0.000861
8000	0.013665
8002	-0.002722
8006	-0.017402
8036	-0.000648
8056	0.003374
8069	0.013679
8103	-0.010481
8107	-0.001020
8120	-0.002332
8122	0.003056
8125	0.013765
8127	-0.003367
8136	0.002339
8149	0.003495
8154	0.003051
8197	-0.007208
8208	-0.005958
8223	0.005792
8232	-0.001888
8241	0.003885
8256	-0.005962
8262	-0.004675
8266	0.019781
8267	0.000512
8268	-0.007294
8269	-0.000830
8271	-0.003776
8273	0.006614
8280	-0.009502
8284	-0.002072
8303	-0.000537
8304	0.004163
8305	-0.001258
8308	0.001593
8332	0.019900
8333	-0.011905
8334	0.009562
8338	0.028849
8363	-0.001177
8370	-0.016525
8398	-0.003326
8465	0.009543
8468	-0.001796
8469	-0.009363
8470	-0.005928
8507	-0.003812
8552	-0.012942
8572	0.001379
8574	-0.013282
8577	0.008105
8586	-0.005321
8592	-0.016397
8593	-0.002285
8594	-0.004859
8597	0.011184
8599	-0.011748
8606	-0.004239
8607	0.011846
8615	-0.003338
8617	-0.011085
8626	-0.002159
8636	0.009473
8669	-0.006560
8671	-0.001117
8673	0.000760
8675	-0.004553
8790	-0.002546
8791	0.011369
8811	0.003164
8822	-0.013098
8841	0.008592
8849	-0.001180
8856	0.010144
8875	0.010859
8884	-0.013267
8906	0.014795
8907	-0.018528
8910	0.001112
8911	-0.025381
8912	0.016076
8913	-0.004378
8934	-0.006231
8935	-0.011557
8954	-0.005828
8968	0.002503
8972	0.006364
9001	0.009121
9029	0.005305
9032	0.005063
9058	0.007475
9059	-0.003758
9068	-0.015750
9070	-0.006599
9108	-0.011921
9139	-0.012150
9140	-0.009225
9158	0.000805
9187	0.011151
9188	0.007564
9189	-0.000867
9190	0.011380
9253	-0.004643
9259	-0.014302
9268	0.003735
9269	-0.012708
9271	0.000685
9312	-0.004130
9323	-0.006695
9329	-0.008585
9330	-0.004380
9331	-0.000412
9356	-0.001061
9376	-0.001509
9394	0.020590
9424	-0.024098
9428	-0.001867
9429	-0.006247
9496	-0.017387
9536	0.006602
9543	0.008811
9589	-0.007868
9614	0.028115
9615	0.010221
9617	-0.014643
9631	-0.000531
9661	0.012410
9668	0.009054
9718	-0.016499
9728	-0.004832
9734	-0.000639
9788	-0.008763
9791	-0.002477
9793	-0.004583
9804	-0.002338
9809	0.010905
9810	0.013992
9823	0.001293
9828	0.036728
9907	-0.002175
9951	-0.005539
9968	0.005556
9969	0.000969
10010	-0.008517
10011	-0.011477
10012	-0.006321
10018	-0.004337
10021	-0.004603
10022	0.000082
10031	-0.007282
10032	-0.011247
10033	-0.005638
10034	-0.002231
10035	-0.007313
10039	0.003842
10044	0.008508
10045	-0.000632
10060	-0.022452
10065	0.002296
10077	0.004730
10080	-0.003377
10130	-0.005773
10131	0.015666
10149	0.012046
10194	0.006972
10197	0.002963
10221	0.003890
10226	-0.011253
10232	-0.000160
10233	-0.004671
10263	-0.001950
10264	0.000001
10274	0.015259
10286	0.009637
10292	0.010649
10299	-0.005040
10302	0.004421
10324	0.002900
10355	0.001828
10358	0.016966
10362	0.000854
10366	-0.000655
10368	-0.005544
10370	-0.007199
10392	0.002550
10405	-0.003729
10406	-0.022394
10409	-0.014385
10419	-0.004204
10420	-0.012949
10424	-0.001051
10434	-0.004566
10455	0.005409
10478	-0.010350
10480	-0.007677
10484	0.009420
10510	-0.005534
10519	-0.003488
10520	-0.001716
10524	-0.003213
10578	-0.002214
10630	0.012396
10643	0.010663
10645	-0.009472
10677	0.001899
10678	0.005187
10690	-0.004126
10717	-0.004365
10718	-0.004369
10719	0.010785
10721	-0.004156
10723	0.016482
10735	0.010938
10736	0.005568
10829	0.007835
10837	-0.002464
10846	-0.001962
10921	-0.004195
10922	-0.001023
10923	-0.012626
10924	-0.003050
10964	0.000779
10978	-0.001633
11017	0.032454
11018	0.011900
11019	0.006017
11032	-0.002566
11034	0.000233
11035	-0.009322
11036	0.006357
11052	-0.000436
11056	0.002389
11060	0.012139
11063	-0.007979
11064	0.012038
11068	0.002322
11069	-0.001253
11090	0.006636
11098	-0.009579
11099	0.000480
11100	-0.000865
11105	0.007069
11109	-0.008188
11122	0.006760
11123	0.004497
11125	0.001045
11126	-0.000685
11149	-0.016321
11153	0.002630
11188	-0.022236
11193	0.006440
11230	0.003831
11233	0.020568
11236	0.037242
11243	0.001951
11251	-0.020777
11259	-0.002806
11263	0.018280
11272	0.007459
11321	0.000094
11322	0.001479
11326	-0.001297
11327	0.005789
11335	0.000800
11337	0.002925
11343	0.000747
11390	0.005803
11444	0.007431
11464	0.006536
11471	0.009960
11472	0.004754
11473	-0.006711
11492	0.005569
11499	-0.006250
11500	-0.007832
11505	0.020621
11527	-0.001203
11528	-0.009225
11532	-0.007574
11564	0.005829
11589	0.018407
11591	0.000356
11592	-0.007595
11599	0.024894
11605	-0.003317
11617	0.011315
11630	0.002344
11631	0.021614
11632	-0.002984
11656	-0.000792
11657	0.000300
11777	0.002133
11786	0.007935
11812	-0.002188
12020	0.018774
12061	-0.015351
12115	-0.004008
12154	0.003513
12155	0.001676
12156	-0.005825
12159	-0.018633
12174	-0.003212
12176	0.007368
12230	-0.007372
12234	-0.005788
12236	0.000019
12237	-0.008083
12250	-0.004532
12252	-0.001188
12253	-0.002000
12315	-0.005765
12381	0.007423
12382	-0.000632
12438	0.009122
12455	-0.007060
12462	0.014673
12478	-0.002744
12603	0.022646
12711	-0.002113
12714	-0.007667
12716	0.001926
12754	-0.005748
12785	-0.013533
12788	-0.012170
12792	0.007632
12898	-0.005157
12944	-0.009162
12949	-0.002755
13062	-0.007589
13099	-0.002510
13160	0.003714
13198	-0.010014
13239	-0.009618
13249	0.010550
13262	0.001371
13263	0.005986
13272	0.002097
13273	-0.011111
13277	0.002907
13305	-0.018353
13342	0.000486
13343	0.001510
13345	-0.005486
13351	0.003980
13357	0.002527
13427	-0.009900
13436	0.002131
13455	0.001907
13528	0.004318
13532	0.004150
13553	-0.008785
13566	0.001814
13651	0.007038
13653	0.010410
13675	0.003420
13676	0.005480
13677	0.006751
13678	0.005462
13681	0.006496
13688	0.004266
13697	0.007469
13705	-0.001502
13708	0.008837
13737	0.005440
13760	0.001814
13923	-0.017976
13927	-0.012283
13995	0.005407
14002	-0.000143
14003	0.002996
14021	0.001353
14034	0.012798
14064	0.015824
14110	-0.023789
14155	-0.003783
14203	-0.005516
14208	-0.002323
14340	-0.018695
14356	0.012879
14389	-0.002669
14499	0.009555
14625	-0.006274
14632	0.016683
14637	-0.006003
14641	0.001380
14685	0.003322
14694	0.012200
14695	0.008930
14699	-0.010811
14700	-0.003917
14749	0.017517
14760	-0.007210
14790	0.002411
14791	0.007602
14796	-0.005459
14797	0.005154
14891	0.002015
14927	0.007635
15099	-0.009158
15182	0.005185
15243	-0.002294
15245	0.007036
15254	0.005424
15322	-0.015941
15327	0.002547
15463	0.002978
15496	0.005157
15499	0.001484
15502	-0.002610
15514	-0.002134
15566	0.015950
15580	0.001324
15583	-0.004616
15586	-0.004250
15601	0.011549
15621	-0.000283
15780	0.002756
15869	0.005760
16082	-0.022904
16281	-0.001923
16293	-0.003427
16300	-0.012731
16304	-0.003845
16360	-0.000577
16361	0.044500
16367	-0.007516
16432	0.005405
16433	-0.001070
16438	-0.013452
16446	0.005367
16453	-0.001395
16463	-0.011341
16466	-0.006847
16477	0.002088
16482	0.015424
16605	0.004732
16606	0.013322
16635	0.004385
16638	-0.014210
16655	-0.007528
16673	-0.007826
16676	0.001815
16677	0.005762
16678	0.000983
16808	-0.006163
16829	0.003355
17150	-0.000065
17182	0.008187
17199	-0.007651
17273	0.011201
17431	0.006247
17466	0.012945
17472	0.000032
17485	0.006814
17585	-0.018080
17620	-0.001636
17647	-0.005100
17690	0.002329
17772	-0.007389
18410	-0.013102
19647	0.007587
21458	-0.006173
21885	-0.004458
21973	-0.002890
21976	-0.005803
21977	-0.010714
22084	0.000268
23475	0.013711
23754	0.013974
23764	-0.000731
24372	0.000673
24918	0.019984
24944	-0.003824
25022	-0.002375
25140	-0.006903
26484	-0.008108
27764	0.005523
28424	-0.006540
28845	0.010353
29861	0.033214
30684	0.008837
31288	-0.008448
31704	-0.002260
32421	-0.001331
32520	-0.002893
32893	-0.009239
34340	0.017193
35227	-0.000794
35334	-0.002536
36499	0.009947
36843	-0.009605
36844	-0.016630
36955	-0.001184
36970	-0.010726
39336	-0.002930
39353	0.003682
40538	0.011032
40541	0.009040
40542	0.006220
40599	0.014390
40601	0.007689
40602	0.000210
40656	0.011474
40657	0.004401
42157	0.007525
42203	0.001427
42204	-0.007932
42851	0.003511
43061	0.001931
44144	-0.007566
45195	0.009741
47030	-0.005879
47285	0.019897
47317	-0.012531
47457	-0.003564
47460	-0.004918
48147	0.007389
48297	0.016767
48474	-0.000737
48696	0.009424
49516	-0.001525
49630	0.003112
49927	0.018512
50199	-0.003369
50249	-0.019038
50259	-0.026782
50904	-0.004201
53231	0.020605
53471	-0.000741
53531	0.006136
53986	0.004787
55057	0.000203
56431	0.005526
56432	0.002960
56466	-0.011526
56478	-0.001990
56621	-0.000057
57644	-0.004910
57756	0.004341
58783	-0.009980
59657	-0.004670
59715	-0.040534
64825	-0.018123
64947	0.004191
65950	-0.002834
70102	0.018536
75003	-0.007592
75099	0.016843
75742	0.015633
75823	-0.038317
75824	-0.003137
78157	-0.007964
78181	-0.019784
78191	-0.007315
80479	-0.002810
80480	-0.022303
80715	-0.010717
80719	-0.007110
80750	-0.017609
81231	0.001061
84436	-0.013768
84780	-0.002537
84844	0.019381
85002	-0.008003
85003	-0.022128
85659	-0.015268
85663	-0.001351
85710	0.005792
92185	0.007567
96142	-0.009839
96144	-0.010657
96482	-0.009234
98871	-0.000666
