# 1342 minima projected onto PC27
# Min	PC
3	0.498463
4	-0.108834
5	0.185641
6	0.246157
7	0.328577
9	-0.184419
16	0.092370
17	-0.001815
21	0.325787
23	-0.737087
31	0.170498
44	-0.409777
47	-0.137746
48	-0.627253
51	-0.556813
52	-0.638627
55	-0.583632
56	-0.299055
57	-0.134488
58	-0.246917
60	0.720638
67	-1.172044
68	-0.692799
71	0.507231
72	0.044645
74	-0.235921
79	-0.691792
82	-1.301353
85	-0.448706
86	0.001029
87	0.584943
88	0.099924
91	-0.233628
92	-0.509615
94	0.118256
95	-0.512479
97	-0.631462
104	0.534064
106	1.556923
109	0.426648
111	-1.098557
115	-1.572072
120	0.150029
126	-1.179916
129	-1.022950
136	-0.439236
137	0.130839
188	-0.704400
189	-0.380404
196	-0.641218
199	-0.297064
200	0.061456
202	-0.909416
211	0.670417
213	-0.627072
214	0.439185
219	0.083481
221	0.653088
276	-0.706428
279	-1.072788
283	-1.558282
295	-0.513351
308	-0.496095
312	-0.082991
315	-0.534098
318	0.532907
319	0.712277
321	0.537044
324	0.770948
328	1.173228
334	-0.167736
336	-1.572516
338	0.297020
347	0.339292
351	-0.917435
352	0.359387
354	-0.287966
357	-1.836555
359	0.237138
362	-0.541913
364	-0.635442
365	-0.062903
368	-0.077755
376	0.744633
377	0.283719
380	-0.090378
386	-2.453445
388	0.460086
390	0.628394
396	-0.078490
404	-0.605802
410	-0.305077
413	-0.222898
420	-0.362293
423	0.527212
424	0.288242
437	0.267563
438	-0.402625
444	0.532688
452	0.201270
473	0.264154
474	0.549750
475	0.766152
476	-0.110976
478	0.245884
479	-0.915827
480	0.738865
483	-0.422032
503	-1.754675
508	0.472791
509	-1.536281
530	-0.832254
536	-0.050473
556	0.371557
581	0.087103
583	0.193751
603	-0.645226
606	0.602531
607	0.499580
620	0.652728
628	-1.189423
636	0.447659
637	-0.778567
639	0.186919
640	0.796628
644	0.043553
645	0.614573
677	0.512102
678	-0.221264
679	-0.128105
682	-0.875941
698	-0.853751
700	-0.373155
710	0.066295
722	-0.294076
723	0.115408
724	0.211823
725	0.437919
726	0.784305
747	-1.730846
753	-0.265107
755	1.911257
757	0.053512
765	-0.210500
782	0.770972
783	0.642768
793	0.390169
808	-0.193893
814	-0.312925
840	-0.046796
848	0.498293
859	0.194714
864	-0.330055
867	0.814293
878	0.194794
888	1.026219
890	-1.147075
892	-0.154893
899	0.182282
918	0.456459
926	-0.165106
933	0.377149
934	0.199088
981	-0.329398
1028	0.228206
1034	-1.815887
1051	0.266712
1054	-0.748026
1058	-0.861596
1062	-1.074376
1063	0.204673
1064	-1.001664
1066	-0.200167
1068	-0.002371
1073	0.450366
1082	-0.456718
1083	-0.546232
1086	0.192079
1089	-0.403694
1090	-0.367110
1091	-0.298961
1092	0.621071
1164	0.615900
1165	-0.228021
1174	-0.249943
1176	0.562194
1184	-0.262915
1191	0.101377
1192	0.487881
1201	-0.772987
1230	-0.383906
1339	0.967741
1341	0.538910
1370	-0.246057
1385	-2.180995
1405	-0.239947
1437	-0.225102
1441	0.422711
1443	-0.218587
1521	0.786964
1522	-0.097476
1523	-0.325533
1524	-0.542277
1525	-0.780039
1541	-1.030618
1542	-0.388906
1550	-0.770889
1551	-0.010580
1596	0.321200
1597	-0.886489
1628	-0.474061
1629	-0.554052
1633	-0.492625
1636	-1.457136
1637	-0.233312
1765	0.228199
1766	0.225924
1780	-0.577886
1862	-0.293844
1865	0.328301
1870	0.294520
1885	0.047050
1910	-0.257994
1911	-0.707816
2007	-0.097770
2060	0.426560
2062	-0.801408
2090	-0.694092
2093	0.247202
2094	-0.029589
2095	0.392625
2096	0.246456
2100	0.059932
2101	0.938480
2102	0.412294
2103	0.576533
2104	0.045378
2105	0.433377
2128	0.056392
2129	-0.455376
2135	0.233790
2190	0.951968
2195	0.836463
2197	-0.557079
2198	-0.146855
2199	1.190998
2200	0.245212
2201	0.623208
2202	-0.550508
2205	-0.112630
2217	-0.274113
2218	-0.398131
2221	-0.034375
2272	-0.463301
2273	-0.402520
2275	-0.500069
2288	-0.475994
2293	-0.262311
2298	0.364098
2299	-0.261741
2300	0.120710
2301	0.505264
2338	-0.938619
2342	0.087845
2343	-0.273331
2358	-0.042262
2384	-0.254611
2385	-0.103874
2399	0.544155
2435	-0.580794
2436	0.514601
2465	-1.761794
2467	-0.255683
2468	-0.936977
2469	-1.252059
2470	0.298912
2471	-0.804621
2474	-0.574627
2620	-0.120537
2650	0.068375
2651	-0.568583
2685	-1.259973
2688	-0.268879
2730	0.233769
2843	-0.786252
2951	-0.214891
2959	-0.887562
3236	-0.687651
3305	-0.662487
3318	-0.792017
3340	0.169843
3352	-0.340661
3355	-0.216489
3356	-0.126271
3365	0.322785
3366	-0.098342
3367	-0.486505
3368	-0.080255
3401	0.067392
3405	0.686058
3434	0.453401
3448	0.688196
3454	0.390718
3481	-0.091304
3495	0.013787
3504	0.024137
3532	-0.677195
3540	-0.591336
3549	-0.631053
3550	-1.382029
3569	-1.146802
3595	0.590848
3596	-0.442142
3603	0.528432
3621	0.589984
3622	0.008670
3647	-0.217585
3649	0.439366
3651	-0.061322
3652	0.675370
3723	0.291528
3757	-0.363430
3772	-1.102032
3787	0.123777
3798	-0.782489
3799	-1.282185
3889	-0.274438
3897	0.177232
3898	0.374779
3904	0.290381
3945	0.320237
3990	0.410617
4024	0.972732
4039	-0.602196
4048	0.651885
4050	-0.150448
4076	-0.134756
4094	-0.649290
4170	0.920478
4251	0.186088
4252	0.008394
4299	-0.049266
4302	0.266627
4318	-0.640221
4319	-0.399833
4320	-1.200277
4360	0.345303
4388	0.139725
4414	0.351593
4426	0.483782
4446	0.575967
4527	0.455619
4545	-0.257780
4546	0.155565
4554	0.198388
4564	0.903019
4567	0.224734
4634	0.177317
4693	0.789440
4736	0.272741
4761	0.604916
4879	0.508417
5071	-0.208122
5138	0.172507
5164	0.814965
5182	0.012629
5183	-0.178141
5184	1.241851
5187	0.622603
5188	-0.914503
5189	0.142455
5193	0.802899
5194	0.488078
5195	-0.547562
5197	1.022112
5203	-0.952239
5205	0.122326
5212	-0.139266
5213	0.176660
5222	1.236976
5223	0.470802
5228	0.220414
5232	0.785026
5244	-0.130054
5245	-0.471564
5246	0.696610
5248	1.198083
5292	-0.223418
5293	0.421903
5299	-0.477621
5300	-0.666383
5315	0.180137
5316	-0.001821
5319	-0.177343
5320	0.173590
5321	-0.603088
5322	-0.086549
5323	0.589061
5324	0.716027
5325	0.133162
5329	-1.071238
5342	-0.608929
5343	-0.538739
5374	-0.247569
5376	0.885330
5378	0.042786
5379	0.035439
5382	-0.224646
5390	0.329803
5398	-0.268492
5402	0.520229
5404	-0.442734
5407	-0.222981
5408	0.396219
5409	0.467730
5411	-0.275893
5412	0.201455
5413	0.433223
5416	-0.711427
5418	0.302606
5422	-0.450861
5425	-0.030974
5427	0.095644
5428	0.037445
5432	0.808867
5436	1.036576
5443	-1.380621
5444	-1.076448
5458	-0.646370
5462	-1.236537
5465	-0.446948
5468	0.034809
5471	-0.097977
5480	-0.060472
5481	0.771072
5485	-0.392157
5486	0.132519
5488	-0.275342
5489	-0.920655
5495	0.278139
5513	-0.175030
5515	1.382323
5516	0.850687
5521	0.831783
5527	-0.260698
5528	-0.182584
5536	0.055305
5537	-0.218864
5547	1.212667
5565	0.161185
5573	0.518021
5579	-2.325854
5583	-0.033194
5586	0.814071
5589	0.051418
5590	-0.273544
5593	0.079349
5599	-0.939086
5604	0.660356
5605	0.106216
5606	-0.890546
5625	-0.462269
5649	0.255684
5656	0.808750
5657	0.378647
5658	0.185485
5686	-0.525983
5695	0.104206
5705	0.940833
5706	0.140555
5716	-0.076108
5717	-0.397476
5718	0.403728
5719	0.619288
5720	0.002857
5724	0.019429
5738	-0.497767
5742	-1.082280
5750	1.072703
5751	-0.034889
5756	0.235439
5761	-0.119935
5768	0.577121
5773	0.562983
5792	-0.142087
5793	0.036220
5794	0.036345
5806	0.391197
5811	0.089427
5812	0.483455
5813	0.072334
5814	-0.277437
5821	-0.007569
5823	-0.249838
5825	0.827657
5831	0.025589
5832	0.496083
5833	-0.338030
5847	0.124598
5849	0.299471
5851	0.312747
5854	1.063187
5858	-0.536938
5862	0.438662
5875	0.292352
5876	-0.099327
5903	-0.178244
5910	-0.680723
5912	-1.118661
5913	-0.907273
5925	0.355467
5926	0.101490
5927	0.418619
5928	0.507239
5930	-0.402070
5931	0.450430
5933	1.619148
5934	-0.324579
5937	0.072648
5939	-1.960776
5940	-1.516787
5941	1.153309
5943	0.981207
5963	0.167059
5964	-0.297888
5965	-0.017990
5966	-0.131066
5968	0.763057
5969	-0.223882
5970	0.018538
5971	-0.141391
5975	-0.351387
6006	0.720900
6011	-0.856374
6017	0.540821
6019	-0.300802
6022	-0.011688
6032	0.306629
6095	-0.641684
6115	-0.255984
6116	-0.311322
6119	0.289878
6127	0.044464
6128	0.334761
6130	-0.249718
6140	0.213724
6141	0.250005
6147	-0.428999
6148	0.210552
6163	0.217771
6164	0.326672
6170	0.767898
6171	-0.042821
6177	-1.317012
6184	-0.218216
6200	0.295828
6204	0.205474
6206	-0.674217
6223	-1.073801
6240	-0.065332
6245	-0.003158
6253	1.200718
6267	-0.983209
6269	-0.126820
6290	-0.683393
6303	0.904616
6317	-1.437573
6343	-0.071896
6350	-0.285008
6360	-0.501067
6367	-0.520314
6383	0.274288
6389	-0.606350
6397	-0.223067
6398	0.145944
6406	1.291130
6407	-1.041048
6412	0.716496
6413	0.324009
6434	0.227289
6435	0.380335
6460	0.267369
6463	0.005281
6464	0.269088
6489	-0.358435
6507	0.337499
6510	-0.857114
6516	-0.167294
6518	0.466237
6522	-0.240686
6523	-0.105994
6524	1.115783
6525	0.481828
6531	0.594409
6536	0.922898
6575	0.026117
6584	-0.035133
6585	0.029782
6586	0.108678
6594	0.404981
6595	0.537168
6610	-0.073949
6612	-0.785981
6615	0.618029
6624	0.421061
6628	1.217240
6649	0.742252
6698	1.207494
6706	0.122744
6718	-0.113381
6719	0.067230
6722	0.675541
6770	-1.367404
6780	0.313029
6781	-0.212567
6794	-0.739755
6795	-0.630736
6796	-0.372051
6799	0.737284
6809	-0.459336
6837	0.271755
6838	-0.362598
6839	0.349294
6846	0.733631
6865	-0.111826
6869	-0.495149
6870	0.656025
6871	0.209540
6873	-0.869925
6876	-0.706106
6885	0.055572
6895	-0.057781
6896	0.144117
6897	0.178023
6900	0.675306
6903	0.462811
6906	0.589383
6916	-0.013726
6917	0.112514
6918	0.119935
6919	0.410978
6938	0.547964
6941	0.567752
6942	0.619998
6943	0.066929
6944	-0.410107
6948	0.508092
6953	0.516032
6957	0.201660
6958	0.406832
6970	0.987084
6971	0.307707
6976	0.412069
6977	1.450730
6990	-0.330228
7014	-0.495561
7015	-0.102878
7016	-0.531518
7018	-0.214364
7019	0.385880
7042	0.507002
7053	0.429623
7066	-0.141063
7067	-0.149380
7083	-0.022936
7092	-0.953044
7100	0.410315
7103	-0.231694
7110	0.009343
7111	-0.751747
7112	-1.060570
7113	-0.088873
7116	0.188453
7119	-0.224718
7120	0.187758
7121	0.097575
7122	-0.190168
7140	0.641525
7143	-1.980959
7157	0.558359
7165	0.545124
7175	0.383940
7178	-0.073339
7206	0.249005
7207	0.465715
7217	1.049041
7218	0.354316
7221	0.126209
7227	0.845728
7230	-0.213982
7236	0.737535
7239	-1.083926
7242	-0.324315
7260	-1.477793
7268	-1.048086
7269	0.750787
7304	-0.327245
7326	-0.164447
7327	0.507101
7336	0.290319
7342	0.698226
7346	0.349290
7348	0.587587
7355	0.220488
7361	-0.798712
7372	0.371931
7387	0.842208
7422	0.606858
7423	1.190272
7425	0.148026
7436	0.191864
7442	-0.079375
7446	0.190272
7448	-0.831460
7453	-0.370316
7463	1.175971
7492	-1.123534
7493	-0.058910
7494	0.150255
7495	-0.316227
7518	-0.762785
7520	-0.463952
7540	0.402062
7546	-1.010056
7556	0.440419
7559	-2.587275
7560	-0.394063
7561	0.163558
7564	-0.375846
7575	-0.461589
7583	-0.799505
7585	-0.200079
7586	-0.757682
7599	0.113475
7600	0.428878
7606	0.034991
7614	0.655290
7617	0.273117
7622	-0.710520
7629	0.866713
7637	-0.045088
7640	0.386375
7657	-0.590509
7665	-0.299730
7666	0.488699
7667	-0.353721
7668	0.513059
7669	0.280719
7670	0.048292
7671	-0.008249
7681	0.338441
7683	-0.351180
7684	0.599058
7696	0.091933
7722	0.232923
7723	0.790999
7799	-1.829824
7852	0.179195
7859	0.968199
7860	0.149334
7861	0.881483
7865	-1.507129
7875	-0.341171
7876	0.014191
7895	0.041500
7913	-0.710792
7917	0.002275
7952	0.144496
7969	-1.151066
7971	-0.400173
8000	-0.348113
8002	-0.481402
8006	0.009435
8036	-0.078411
8056	0.141842
8069	-0.659259
8103	-1.260875
8107	-0.407510
8120	-0.162108
8122	-0.587524
8125	-0.283642
8127	-0.450763
8136	-0.066587
8149	-0.492864
8154	-0.984354
8197	0.597912
8208	0.575513
8223	-1.092669
8232	-0.880032
8241	0.035230
8256	-0.256537
8262	0.379761
8266	0.417805
8267	-0.299162
8268	0.129211
8269	0.252983
8271	-0.070224
8273	-0.492497
8280	-0.285088
8284	-0.117816
8303	0.356907
8304	-0.229187
8305	-0.839723
8308	0.172791
8332	-0.605501
8333	-1.061388
8334	0.352767
8338	-0.645932
8363	0.731466
8370	-1.126224
8398	-0.351480
8465	-1.249109
8468	-0.780500
8469	-0.625666
8470	-0.190917
8507	-0.025900
8552	-0.509172
8572	-0.310945
8574	-0.242315
8577	0.609138
8586	0.701645
8592	0.048653
8593	-0.178498
8594	-0.295732
8597	1.298499
8599	-0.308494
8606	-0.579214
8607	-0.826779
8615	0.791143
8617	0.354791
8626	-0.130039
8636	-0.337388
8669	0.030596
8671	0.299502
8673	-0.746846
8675	0.304523
8790	0.031998
8791	-0.217220
8811	0.747337
8822	0.150023
8841	0.366236
8849	-0.460061
8856	0.589856
8875	-0.014522
8884	-1.358093
8906	-0.168897
8907	0.081357
8910	-0.531334
8911	-1.603694
8912	-0.072857
8913	0.370599
8934	-0.269800
8935	-0.705237
8954	0.403478
8968	1.110254
8972	0.475068
9001	-0.462496
9029	-0.043548
9032	-0.416557
9058	-0.612166
9059	-0.539435
9068	-0.050597
9070	0.183112
9108	1.406364
9139	1.005078
9140	1.094170
9158	-0.384918
9187	-0.476662
9188	1.251958
9189	-0.425785
9190	0.908554
9253	0.099299
9259	0.167337
9268	-0.900751
9269	0.082771
9271	-0.296599
9312	0.290880
9323	0.420019
9329	0.492613
9330	0.095337
9331	0.263811
9356	0.009872
9376	0.020319
9394	-0.102451
9424	-0.365331
9428	0.264554
9429	0.445894
9496	-0.126754
9536	0.164338
9543	0.185827
9589	0.792230
9614	-0.104584
9615	0.464812
9617	-0.095313
9631	0.056507
9661	-0.163941
9668	-0.204175
9718	1.106092
9728	0.240800
9734	1.054856
9788	1.227886
9791	1.268648
9793	1.550432
9804	0.029029
9809	0.427819
9810	0.263889
9823	-0.072771
9828	0.149310
9907	-0.310625
9951	-0.186369
9968	0.147223
9969	-0.073380
10010	0.148204
10011	-0.107244
10012	0.659394
10018	0.489284
10021	0.256500
10022	0.854139
10031	0.172464
10032	-0.097911
10033	0.631524
10034	0.429454
10035	0.116165
10039	-0.545912
10044	0.595113
10045	0.476111
10060	-0.334051
10065	-0.412020
10077	0.104392
10080	-0.492761
10130	-0.543696
10131	0.502597
10149	-0.068878
10194	0.810672
10197	-1.640718
10221	-0.234921
10226	-1.487714
10232	0.122364
10233	-1.087017
10263	0.323180
10264	0.609305
10274	0.719068
10286	-0.959514
10292	-0.733547
10299	1.211731
10302	0.643653
10324	-0.367218
10355	0.534294
10358	0.570039
10362	-0.103055
10366	-0.687260
10368	0.473395
10370	0.564065
10392	0.517785
10405	-0.161448
10406	-0.294943
10409	0.395913
10419	0.039622
10420	0.145638
10424	0.665542
10434	0.261453
10455	0.149299
10478	0.249919
10480	-0.334313
10484	-0.339031
10510	-0.683431
10519	-0.366205
10520	-0.132349
10524	-1.029535
10578	0.372516
10630	1.115220
10643	0.358831
10645	-0.224631
10677	0.086882
10678	-0.838451
10690	0.672957
10717	-0.035012
10718	0.644794
10719	0.364009
10721	0.144833
10723	-0.102305
10735	-0.018866
10736	0.581252
10829	-0.082450
10837	-0.024993
10846	-0.072458
10921	-0.672231
10922	0.609041
10923	0.095929
10924	0.362210
10964	0.396320
10978	0.258807
11017	-0.568044
11018	-0.287881
11019	1.004847
11032	-0.186347
11034	0.849046
11035	0.440805
11036	0.233839
11052	-0.371869
11056	0.952885
11060	0.929337
11063	0.426411
11064	0.343453
11068	0.828490
11069	0.457118
11090	-0.820643
11098	-0.215967
11099	-0.580123
11100	-0.254721
11105	0.550666
11109	-0.432401
11122	0.727989
11123	0.195962
11125	0.077749
11126	0.502610
11149	0.423957
11153	0.362836
11188	0.162061
11193	-0.596031
11230	-0.737604
11233	-0.172212
11236	0.744050
11243	0.300131
11251	-0.415682
11259	1.787185
11263	0.051389
11272	0.429237
11321	0.225523
11322	0.455307
11326	-0.253498
11327	-0.960642
11335	-0.816946
11337	0.645280
11343	-0.664106
11390	0.919364
11444	-0.021757
11464	0.867545
11471	0.066601
11472	-0.288784
11473	0.785126
11492	0.139134
11499	-0.180604
11500	0.538788
11505	-0.981887
11527	-2.318127
11528	-2.517665
11532	-0.986504
11564	-1.640105
11589	-0.234090
11591	0.159532
11592	-0.140916
11599	-0.057414
11605	-0.179835
11617	0.358844
11630	1.073375
11631	-0.392134
11632	-0.787459
11656	1.518342
11657	0.522437
11777	0.955118
11786	-0.501127
11812	0.302946
12020	0.024316
12061	-0.505400
12115	1.034830
12154	0.222823
12155	1.279349
12156	0.822947
12159	0.991903
12174	0.209224
12176	-0.565853
12230	-0.342648
12234	0.097045
12236	0.564886
12237	1.258340
12250	0.555894
12252	-0.830667
12253	-0.610117
12315	-0.265382
12381	1.095967
12382	1.431013
12438	-0.016543
12455	0.064075
12462	0.595887
12478	0.349205
12603	-1.495333
12711	-0.670815
12714	-1.075265
12716	0.905734
12754	-0.689911
12785	-0.613365
12788	-1.127609
12792	-0.853557
12898	0.583591
12944	0.679948
12949	0.759119
13062	-0.315592
13099	1.150120
13160	-0.066252
13198	-0.791503
13239	0.309634
13249	0.391537
13262	-0.268840
13263	-0.941596
13272	-0.463381
13273	0.740360
13277	-0.201157
13305	-0.107180
13342	0.196143
13343	0.462409
13345	-1.483660
13351	0.935883
13357	0.142290
13427	-0.429375
13436	-1.389062
13455	0.297165
13528	-1.061987
13532	-0.019405
13553	-0.056393
13566	-0.941681
13651	0.656189
13653	0.404948
13675	0.186177
13676	0.608252
13677	0.335817
13678	-0.211214
13681	0.393057
13688	0.584244
13697	0.830848
13705	1.252006
13708	0.459129
13737	0.022755
13760	0.124878
13923	0.761202
13927	0.465149
13995	1.043316
14002	0.199941
14003	0.027062
14021	-0.109252
14034	-0.072347
14064	0.047066
14110	0.542911
14155	0.007678
14203	-0.433988
14208	0.955723
14340	-1.479411
14356	-0.709995
14389	0.252883
14499	-0.955977
14625	0.050875
14632	0.300138
14637	0.539500
14641	0.566300
14685	0.180691
14694	-1.355204
14695	-0.833033
14699	0.418479
14700	-0.192443
14749	-0.241035
14760	-0.349804
14790	0.787445
14791	0.196206
14796	0.765394
14797	0.831593
14891	-0.336053
14927	0.450274
15099	0.428949
15182	0.841313
15243	-0.281314
15245	-0.394879
15254	0.459204
15322	0.732117
15327	0.003315
15463	0.188608
15496	-0.089570
15499	0.099565
15502	1.025235
15514	-0.085800
15566	0.539537
15580	0.831285
15583	0.756554
15586	0.116208
15601	0.047973
15621	0.680328
15780	0.303652
15869	0.161834
16082	-0.977913
16281	-0.045837
16293	0.268129
16300	-2.290158
16304	-1.872955
16360	-0.229810
16361	1.100373
16367	-0.684733
16432	0.438122
16433	0.090875
16438	-0.821307
16446	-1.056368
16453	-0.153632
16463	-1.295793
16466	-0.647676
16477	-0.797988
16482	-0.572100
16605	0.526128
16606	-0.542161
16635	-0.120178
16638	0.851314
16655	0.354778
16673	0.317325
16676	0.061616
16677	-0.603025
16678	-0.690112
16808	0.075703
16829	-0.672125
17150	0.266607
17182	1.714795
17199	-2.539872
17273	-1.378010
17431	0.799323
17466	-0.431202
17472	0.700021
17485	0.017050
17585	0.866578
17620	1.503105
17647	0.933748
17690	-0.022412
17772	-0.694994
18410	-0.837138
19647	0.648439
21458	-0.272384
21885	0.307803
21973	-0.064411
21976	0.125823
21977	0.574699
22084	0.655886
23475	-0.340778
23754	0.416793
23764	0.488485
24372	-0.338799
24918	0.112133
24944	0.139848
25022	0.451388
25140	0.029610
26484	-0.295280
27764	0.537021
28424	0.072177
28845	1.206952
29861	1.820952
30684	0.201251
31288	-0.774810
31704	0.777186
32421	0.759092
32520	1.156883
32893	0.094788
34340	-0.968110
35227	-0.671316
35334	0.955052
36499	0.353091
36843	1.289862
36844	0.705210
36955	-0.401793
36970	-0.377221
39336	-1.833125
39353	0.953909
40538	0.719147
40541	-0.474906
40542	-0.165862
40599	0.622395
40601	-0.693454
40602	0.243187
40656	0.306383
40657	0.118131
42157	-0.265320
42203	0.546711
42204	-0.130351
42851	0.334970
43061	0.568550
44144	0.385786
45195	0.216250
47030	1.198981
47285	0.205456
47317	-0.631322
47457	0.458440
47460	0.297079
48147	-0.244509
48297	-0.458086
48474	0.561355
48696	1.176687
49516	-0.244543
49630	-0.408073
49927	-0.189504
50199	0.813106
50249	-0.608966
50259	-0.227556
50904	1.121723
53231	0.310057
53471	1.010937
53531	0.061277
53986	1.466251
55057	0.655924
56431	-0.634498
56432	-0.551329
56466	0.721419
56478	-0.608371
56621	1.694058
57644	0.261876
57756	0.923965
58783	-0.518342
59657	0.069469
59715	-0.603070
64825	0.900633
64947	-0.249967
65950	0.988219
70102	0.346383
75003	-0.242169
75099	0.194960
75742	0.436040
75823	-1.703758
75824	-1.280916
78157	-0.314440
78181	-1.408176
78191	-0.099437
80479	-0.043823
80480	0.424826
80715	-0.902048
80719	-0.586252
80750	0.242948
81231	0.510073
84436	-1.158922
84780	0.085727
84844	1.166572
85002	0.010325
85003	-0.948699
85659	0.429840
85663	0.462318
85710	-0.179202
92185	1.432205
96142	-0.111700
96144	-0.432956
96482	0.369778
98871	-0.457525
