# 1342 minima projected onto PC65
# Min	PC
3	-0.148477
4	-0.059097
5	-0.071389
6	0.023976
7	-0.004954
9	0.080140
16	-0.025986
17	0.020401
21	-0.147980
23	-0.365524
31	0.133104
44	0.037609
47	-0.072315
48	-0.141387
51	-0.006126
52	0.002325
55	-0.015744
56	0.076087
57	0.123982
58	-0.185251
60	0.157209
67	-0.032775
68	-0.039041
71	0.050819
72	0.111944
74	-0.002294
79	0.001984
82	-0.251405
85	0.028947
86	0.014506
87	-0.161358
88	-0.046498
91	0.113868
92	0.091242
94	-0.057953
95	0.020882
97	-0.040525
104	0.221737
106	-0.076681
109	-0.065697
111	-0.025989
115	-0.098435
120	-0.003285
126	0.145174
129	0.139946
136	0.339697
137	-0.111654
188	0.102100
189	-0.090396
196	0.176263
199	0.075751
200	-0.101572
202	-0.335525
211	-0.243009
213	-0.511455
214	-0.240563
219	0.085002
221	0.131188
276	-0.073360
279	-0.005730
283	0.033023
295	0.049880
308	0.085762
312	0.103069
315	0.124954
318	-0.120680
319	-0.134564
321	0.041337
324	-0.100273
328	-0.274907
334	-0.037578
336	0.186692
338	0.187619
347	0.203867
351	0.010467
352	-0.002299
354	0.052470
357	0.203432
359	0.050329
362	0.030547
364	-0.124942
365	-0.191741
368	-0.036925
376	0.026442
377	-0.016239
380	0.046624
386	0.187945
388	-0.025686
390	-0.211839
396	-0.108225
404	-0.063826
410	0.058170
413	0.154365
420	0.028579
423	0.072231
424	-0.024780
437	-0.032791
438	0.087826
444	-0.188140
452	-0.043836
473	-0.153962
474	-0.195752
475	-0.090947
476	0.037777
478	-0.065571
479	-0.014674
480	-0.177126
483	-0.133829
503	0.091710
508	-0.100379
509	0.220162
530	-0.479167
536	-0.073980
556	0.050775
581	-0.049533
583	0.078552
603	0.055865
606	0.073372
607	-0.022345
620	0.026134
628	-0.340951
636	-0.020623
637	-0.208474
639	0.034942
640	0.011744
644	0.144373
645	0.106283
677	0.069313
678	0.082753
679	0.062076
682	0.005337
698	-0.107997
700	0.089994
710	-0.087978
722	0.113469
723	-0.062030
724	-0.002392
725	0.085410
726	-0.026888
747	-0.098375
753	-0.161506
755	-0.173243
757	-0.043521
765	0.168829
782	0.183964
783	-0.102383
793	-0.021502
808	0.026578
814	-0.068376
840	-0.223541
848	0.032417
859	-0.079209
864	-0.197380
867	-0.050126
878	0.126704
888	-0.043919
890	0.163084
892	-0.245859
899	-0.081642
918	0.142823
926	0.024333
933	0.032562
934	-0.013961
981	-0.112374
1028	0.044140
1034	-0.048777
1051	0.061469
1054	-0.215360
1058	0.644861
1062	0.039392
1063	-0.062425
1064	-0.140662
1066	0.019603
1068	0.206426
1073	0.136720
1082	-0.242596
1083	-0.299725
1086	-0.179620
1089	-0.063384
1090	0.002729
1091	-0.013780
1092	0.165344
1164	-0.062667
1165	-0.109437
1174	0.009085
1176	0.032727
1184	-0.087462
1191	-0.042192
1192	-0.182038
1201	-0.083449
1230	0.117453
1339	0.014629
1341	-0.288924
1370	0.059515
1385	-0.016069
1405	0.176638
1437	-0.201798
1441	-0.013957
1443	-0.097371
1521	-0.155418
1522	0.043469
1523	-0.165494
1524	-0.159863
1525	-0.155547
1541	-0.076294
1542	0.025639
1550	0.141116
1551	-0.023163
1596	0.024561
1597	0.149258
1628	-0.156436
1629	-0.024749
1633	-0.097153
1636	-0.228877
1637	0.092540
1765	0.140978
1766	-0.018662
1780	0.023048
1862	0.278516
1865	-0.069122
1870	0.169687
1885	0.371510
1910	-0.015346
1911	0.145575
2007	-0.002436
2060	0.083349
2062	0.146951
2090	0.019358
2093	-0.325144
2094	-0.181948
2095	-0.054738
2096	0.142913
2100	-0.141685
2101	0.054346
2102	0.091601
2103	0.062677
2104	0.097982
2105	-0.079547
2128	-0.096521
2129	0.001250
2135	-0.062194
2190	0.024231
2195	-0.118904
2197	0.014805
2198	-0.168588
2199	0.021071
2200	-0.152123
2201	-0.043545
2202	-0.218098
2205	-0.093994
2217	0.060550
2218	0.171032
2221	-0.144885
2272	0.162751
2273	-0.014878
2275	-0.100816
2288	-0.282561
2293	0.079866
2298	0.145137
2299	0.084918
2300	0.138301
2301	-0.089142
2338	0.091235
2342	0.030033
2343	0.098146
2358	-0.110265
2384	-0.003705
2385	0.073619
2399	0.031872
2435	0.527123
2436	-0.037101
2465	0.197030
2467	0.042740
2468	-0.073268
2469	-0.011458
2470	-0.110643
2471	-0.074559
2474	0.059481
2620	0.022750
2650	-0.013646
2651	-0.171338
2685	0.024472
2688	0.379537
2730	-0.001842
2843	0.028209
2951	0.187311
2959	-0.053714
3236	-0.047585
3305	0.145496
3318	-0.108707
3340	-0.040036
3352	-0.148996
3355	-0.027995
3356	0.167610
3365	0.044398
3366	0.060826
3367	0.136513
3368	0.144136
3401	-0.074986
3405	0.205294
3434	0.159122
3448	-0.121643
3454	0.019881
3481	-0.035788
3495	-0.145796
3504	-0.049375
3532	0.032807
3540	-0.001096
3549	-0.151305
3550	-0.028318
3569	0.137869
3595	0.083891
3596	0.107621
3603	-0.111914
3621	0.206731
3622	0.094129
3647	-0.081392
3649	0.090543
3651	0.109405
3652	-0.012584
3723	-0.034663
3757	0.165795
3772	0.248710
3787	-0.028418
3798	-0.002482
3799	-0.300947
3889	-0.005004
3897	-0.065268
3898	-0.012537
3904	0.289829
3945	0.062636
3990	0.142871
4024	0.051600
4039	-0.146576
4048	0.286723
4050	-0.103035
4076	0.046540
4094	0.415928
4170	0.019619
4251	0.113737
4252	0.132020
4299	0.030951
4302	-0.083350
4318	0.027385
4319	0.300695
4320	0.029637
4360	0.180803
4388	0.017273
4414	-0.089208
4426	0.062045
4446	-0.004730
4527	-0.021392
4545	0.039945
4546	0.009567
4554	-0.241144
4564	0.054174
4567	-0.022441
4634	-0.071090
4693	-0.151622
4736	-0.013364
4761	-0.209600
4879	-0.030260
5071	0.135238
5138	-0.150794
5164	-0.130727
5182	0.007593
5183	0.068518
5184	0.402656
5187	0.114182
5188	-0.138904
5189	-0.126588
5193	0.060473
5194	0.112981
5195	0.065313
5197	-0.017493
5203	-0.365591
5205	0.138440
5212	0.114727
5213	0.068005
5222	0.197609
5223	0.223995
5228	-0.215115
5232	0.017321
5244	0.093433
5245	-0.361739
5246	-0.016988
5248	0.043267
5292	0.027873
5293	-0.007832
5299	0.693001
5300	0.192182
5315	-0.136356
5316	-0.196494
5319	-0.059712
5320	-0.077019
5321	-0.064092
5322	-0.089561
5323	0.078260
5324	-0.062078
5325	0.133234
5329	-0.432315
5342	-0.059076
5343	-0.072692
5374	-0.297281
5376	-0.027915
5378	0.143367
5379	-0.023285
5382	0.096265
5390	-0.113217
5398	-0.172427
5402	-0.075115
5404	-0.056010
5407	0.096504
5408	-0.110751
5409	-0.079737
5411	0.074187
5412	-0.172599
5413	-0.185887
5416	-0.176883
5418	0.024289
5422	-0.069798
5425	0.003824
5427	0.037637
5428	0.061944
5432	-0.144480
5436	-0.026854
5443	0.112063
5444	0.368788
5458	-0.065290
5462	-0.016971
5465	-0.148330
5468	-0.053252
5471	-0.047187
5480	-0.027325
5481	-0.119196
5485	-0.009181
5486	0.177144
5488	0.017944
5489	-0.056011
5495	0.146429
5513	-0.179327
5515	-0.245528
5516	0.123077
5521	-0.134461
5527	-0.210309
5528	-0.292873
5536	-0.067367
5537	-0.017006
5547	0.101427
5565	-0.007054
5573	0.011943
5579	-0.063416
5583	-0.212935
5586	-0.568905
5589	0.240753
5590	0.024082
5593	0.053332
5599	-0.101739
5604	-0.277803
5605	0.185795
5606	0.089558
5625	0.148668
5649	0.008689
5656	0.087770
5657	-0.102323
5658	0.046264
5686	-0.182308
5695	-0.278815
5705	-0.851142
5706	-0.006940
5716	-0.220990
5717	-0.224177
5718	-0.024596
5719	-0.061837
5720	-0.152444
5724	-0.055229
5738	-0.328931
5742	0.049141
5750	0.200731
5751	-0.116518
5756	-0.146307
5761	-0.034219
5768	0.063573
5773	0.029432
5792	-0.071446
5793	-0.215874
5794	-0.117110
5806	0.047018
5811	0.003913
5812	0.051493
5813	0.028491
5814	-0.004344
5821	-0.195324
5823	-0.079059
5825	-0.074392
5831	0.042656
5832	0.050921
5833	-0.165590
5847	-0.049920
5849	-0.004800
5851	-0.079553
5854	-0.203573
5858	0.165569
5862	-0.086700
5875	0.184823
5876	0.129706
5903	-0.109214
5910	0.073996
5912	-0.523781
5913	-0.251311
5925	-0.148156
5926	0.071987
5927	-0.088314
5928	0.025603
5930	-0.292389
5931	-0.018705
5933	-0.110757
5934	-0.139736
5937	-0.047889
5939	0.133478
5940	0.191445
5941	-0.084331
5943	-0.102799
5963	0.071653
5964	-0.067528
5965	-0.196610
5966	0.015188
5968	0.082714
5969	0.065148
5970	-0.021139
5971	0.074303
5975	0.185421
6006	0.053393
6011	0.066816
6017	-0.038135
6019	0.011795
6022	-0.130081
6032	0.025243
6095	-0.010662
6115	-0.181721
6116	-0.018949
6119	-0.036406
6127	0.041695
6128	0.005572
6130	-0.058133
6140	0.012515
6141	0.045658
6147	-0.210558
6148	-0.340607
6163	0.162632
6164	-0.054311
6170	0.016594
6171	-0.068241
6177	-0.050448
6184	-0.128736
6200	-0.103709
6204	0.259752
6206	0.120087
6223	0.146051
6240	0.088936
6245	0.052591
6253	-0.065590
6267	0.043930
6269	-0.264697
6290	0.073895
6303	0.142795
6317	0.016335
6343	-0.006661
6350	0.046494
6360	0.342082
6367	0.223126
6383	-0.103830
6389	0.100078
6397	-0.116755
6398	0.110722
6406	0.007819
6407	0.152533
6412	0.107029
6413	-0.034461
6434	-0.086638
6435	-0.108300
6460	-0.004334
6463	-0.019414
6464	-0.112001
6489	0.099218
6507	0.236432
6510	-0.073095
6516	0.058412
6518	0.084710
6522	-0.464108
6523	-0.397930
6524	-0.087897
6525	0.137049
6531	-0.054027
6536	-0.125934
6575	-0.072182
6584	-0.046817
6585	0.174467
6586	-0.339358
6594	0.035630
6595	-0.103849
6610	0.061334
6612	-0.066296
6615	-0.045664
6624	0.053791
6628	0.156083
6649	0.085160
6698	-0.300777
6706	-0.065639
6718	0.160839
6719	0.251438
6722	0.012450
6770	0.387128
6780	0.068352
6781	0.093387
6794	0.039085
6795	0.221576
6796	0.086148
6799	0.184652
6809	-0.046628
6837	-0.408940
6838	-0.047310
6839	-0.147297
6846	-0.195865
6865	0.035464
6869	-0.111284
6870	0.204924
6871	-0.000451
6873	-0.236407
6876	-0.080620
6885	-0.149202
6895	-0.005297
6896	-0.217620
6897	0.185483
6900	0.160313
6903	-0.047979
6906	0.310647
6916	0.224505
6917	-0.018525
6918	0.030494
6919	-0.093239
6938	0.039724
6941	-0.286729
6942	-0.019024
6943	0.223639
6944	0.301383
6948	0.057025
6953	-0.080741
6957	0.376752
6958	-0.008005
6970	-0.081553
6971	-0.097592
6976	-0.341927
6977	0.130550
6990	0.131221
7014	-0.001151
7015	0.036841
7016	-0.013808
7018	0.086151
7019	0.122440
7042	0.059098
7053	-0.421301
7066	-0.006580
7067	-0.019776
7083	0.199648
7092	0.119118
7100	-0.024532
7103	0.050323
7110	0.147535
7111	0.132433
7112	-0.034979
7113	-0.014831
7116	0.109533
7119	0.269517
7120	0.122093
7121	0.429752
7122	0.129735
7140	0.262441
7143	0.319245
7157	-0.023771
7165	0.122769
7175	0.080751
7178	0.387445
7206	-0.011750
7207	-0.129610
7217	0.074932
7218	0.101261
7221	0.183271
7227	0.036724
7230	0.399347
7236	-0.007748
7239	0.075433
7242	-0.138589
7260	0.161611
7268	-0.019618
7269	-0.008554
7304	-0.180772
7326	0.250005
7327	0.250527
7336	-0.020369
7342	0.117033
7346	0.036496
7348	0.170733
7355	0.023305
7361	0.178796
7372	-0.124991
7387	-0.082771
7422	0.080686
7423	0.062575
7425	-0.114106
7436	-0.194390
7442	-0.182386
7446	-0.050178
7448	-0.004107
7453	0.068035
7463	0.023603
7492	-0.282557
7493	0.103015
7494	0.022282
7495	-0.037164
7518	-0.029596
7520	-0.198586
7540	0.025462
7546	0.000603
7556	-0.179000
7559	-0.108391
7560	-0.062724
7561	0.311525
7564	0.040448
7575	-0.041636
7583	-0.197442
7585	0.072042
7586	0.156479
7599	0.094940
7600	0.096706
7606	0.080857
7614	-0.133870
7617	0.188432
7622	-0.029418
7629	0.065063
7637	-0.076093
7640	0.033740
7657	0.004713
7665	-0.114945
7666	-0.295223
7667	-0.028444
7668	0.073822
7669	0.032091
7670	0.161125
7671	-0.044843
7681	0.156697
7683	-0.427528
7684	0.190682
7696	-0.169450
7722	0.197042
7723	0.179102
7799	0.066962
7852	0.081047
7859	-0.044935
7860	0.010477
7861	0.140056
7865	0.054883
7875	0.198236
7876	0.139993
7895	0.029273
7913	-0.128592
7917	0.040689
7952	0.086684
7969	0.147723
7971	-0.075431
8000	-0.081931
8002	-0.237057
8006	-0.103232
8036	-0.005516
8056	0.196840
8069	0.210849
8103	0.146925
8107	-0.073505
8120	-0.124586
8122	-0.064192
8125	0.085716
8127	-0.114174
8136	-0.006695
8149	-0.024358
8154	0.049034
8197	0.103778
8208	-0.027128
8223	-0.119029
8232	-0.046671
8241	0.001753
8256	0.155679
8262	0.019955
8266	0.104526
8267	0.166284
8268	0.155821
8269	0.102530
8271	-0.167056
8273	-0.266388
8280	-0.120263
8284	-0.073179
8303	-0.294449
8304	-0.146546
8305	-0.065684
8308	0.009160
8332	-0.110560
8333	-0.122962
8334	-0.162529
8338	0.306224
8363	0.102992
8370	-0.161296
8398	0.057740
8465	0.035366
8468	0.215890
8469	0.163346
8470	0.076964
8507	-0.149031
8552	0.315079
8572	-0.092560
8574	-0.069615
8577	-0.037137
8586	-0.119195
8592	0.051530
8593	0.138933
8594	0.146743
8597	0.019996
8599	0.105324
8606	-0.197648
8607	-0.056751
8615	0.100061
8617	-0.113894
8626	-0.079071
8636	0.033105
8669	0.160605
8671	0.210553
8673	0.130056
8675	-0.100405
8790	0.020198
8791	0.039591
8811	-0.176900
8822	0.048778
8841	0.072177
8849	0.218086
8856	-0.566567
8875	0.001520
8884	0.008160
8906	-0.051307
8907	0.055129
8910	-0.034127
8911	0.055365
8912	-0.065456
8913	0.223849
8934	0.103221
8935	0.126538
8954	-0.138032
8968	-0.197733
8972	-0.154986
9001	0.034138
9029	0.220840
9032	0.034201
9058	-0.170797
9059	0.047495
9068	0.074347
9070	0.270980
9108	0.377885
9139	0.088310
9140	0.100118
9158	-0.109507
9187	-0.060624
9188	0.009334
9189	0.016330
9190	-0.069022
9253	0.013755
9259	-0.059856
9268	0.025233
9269	-0.016177
9271	-0.082022
9312	0.158921
9323	0.078122
9329	0.096504
9330	0.014184
9331	0.030860
9356	-0.027982
9376	0.031262
9394	-0.110562
9424	0.000468
9428	0.015424
9429	-0.069567
9496	0.041069
9536	-0.108071
9543	-0.128334
9589	-0.052932
9614	-0.206973
9615	0.273879
9617	0.088437
9631	0.030916
9661	0.047514
9668	0.196347
9718	0.247214
9728	-0.044026
9734	-0.174774
9788	0.403986
9791	0.489816
9793	0.410875
9804	-0.169216
9809	0.130881
9810	0.056351
9823	0.145738
9828	0.037802
9907	-0.053441
9951	-0.010932
9968	-0.047241
9969	-0.011466
10010	0.027490
10011	0.071021
10012	-0.015581
10018	-0.033252
10021	-0.020988
10022	0.133237
10031	-0.094903
10032	0.122984
10033	-0.057566
10034	-0.079641
10035	-0.012460
10039	-0.021486
10044	-0.103048
10045	-0.107540
10060	0.033763
10065	0.198128
10077	0.057913
10080	0.119877
10130	-0.013338
10131	0.058505
10149	-0.020988
10194	-0.156253
10197	0.392212
10221	0.017105
10226	-0.162574
10232	0.044594
10233	-0.048401
10263	0.049337
10264	0.039762
10274	-0.049846
10286	-0.064250
10292	-0.139379
10299	-0.089654
10302	-0.111701
10324	-0.142905
10355	0.026948
10358	0.067999
10362	0.262281
10366	0.322328
10368	-0.201468
10370	-0.120694
10392	-0.052360
10405	-0.052298
10406	0.054303
10409	-0.152194
10419	0.015347
10420	0.150700
10424	-0.077577
10434	0.143840
10455	-0.041737
10478	0.010078
10480	0.022227
10484	-0.105507
10510	0.102487
10519	-0.377088
10520	-0.085360
10524	0.125868
10578	0.109254
10630	0.091633
10643	-0.020136
10645	0.083079
10677	0.002646
10678	0.003822
10690	-0.051568
10717	-0.070764
10718	-0.095562
10719	-0.060629
10721	-0.020974
10723	0.039278
10735	-0.158167
10736	0.095028
10829	-0.113417
10837	-0.027254
10846	0.129726
10921	-0.078547
10922	0.107679
10923	0.004012
10924	-0.017643
10964	-0.133240
10978	0.084344
11017	0.053018
11018	0.193533
11019	-0.459849
11032	0.010404
11034	-0.003545
11035	0.079302
11036	-0.088977
11052	-0.122271
11056	0.050678
11060	0.140569
11063	-0.018181
11064	-0.239369
11068	-0.198492
11069	-0.067660
11090	0.005381
11098	0.080571
11099	0.113778
11100	0.117038
11105	-0.059139
11109	0.085959
11122	0.087910
11123	0.119311
11125	-0.080073
11126	0.156137
11149	0.157124
11153	-0.102914
11188	0.514898
11193	0.035766
11230	-0.062329
11233	0.019584
11236	0.346510
11243	0.014841
11251	0.082010
11259	-0.127405
11263	0.097740
11272	0.307465
11321	0.033631
11322	0.010947
11326	-0.007908
11327	-0.069613
11335	-0.075442
11337	-0.021439
11343	-0.010532
11390	-0.040260
11444	-0.259389
11464	0.000563
11471	-0.021607
11472	-0.061866
11473	0.005303
11492	-0.125145
11499	-0.052485
11500	0.032128
11505	-0.034652
11527	-0.129832
11528	-0.112575
11532	-0.193970
11564	0.113708
11589	0.031058
11591	0.179074
11592	0.063004
11599	0.227951
11605	-0.321184
11617	0.427264
11630	0.275010
11631	-0.182876
11632	-0.018682
11656	0.129608
11657	-0.013786
11777	-0.166186
11786	0.066996
11812	0.176013
12020	0.062623
12061	0.107651
12115	-0.173926
12154	-0.143210
12155	-0.084442
12156	0.241588
12159	0.198095
12174	-0.093109
12176	0.050227
12230	0.076424
12234	0.143375
12236	-0.127803
12237	-0.084453
12250	-0.247116
12252	-0.003274
12253	-0.151280
12315	-0.033647
12381	-0.125731
12382	0.040668
12438	0.050312
12455	0.061035
12462	-0.127577
12478	0.144148
12603	-0.114335
12711	0.042367
12714	0.038752
12716	0.028921
12754	-0.022269
12785	-0.051589
12788	0.006753
12792	-0.357088
12898	-0.175703
12944	-0.196356
12949	-0.121397
13062	0.009730
13099	-0.272652
13160	0.041970
13198	0.126396
13239	0.009927
13249	-0.139776
13262	0.032542
13263	-0.478385
13272	0.200430
13273	0.434463
13277	0.059388
13305	0.170486
13342	0.095701
13343	0.168434
13345	-0.329666
13351	0.016305
13357	0.238336
13427	-0.474052
13436	-0.177123
13455	-0.045896
13528	-0.314239
13532	0.036802
13553	0.145163
13566	0.017365
13651	-0.106291
13653	-0.011693
13675	-0.027055
13676	-0.157915
13677	0.010887
13678	0.001810
13681	-0.141050
13688	0.106642
13697	0.372613
13705	0.325332
13708	-0.154993
13737	0.121059
13760	-0.070879
13923	0.057914
13927	0.031989
13995	0.004214
14002	0.131540
14003	0.339316
14021	0.131767
14034	-0.617818
14064	-0.628419
14110	0.234734
14155	-0.064843
14203	-0.134117
14208	0.146666
14340	-0.332457
14356	0.047509
14389	-0.054652
14499	-0.012027
14625	0.089932
14632	-0.607856
14637	0.081777
14641	-0.065817
14685	-0.359475
14694	0.055417
14695	-0.021433
14699	0.155815
14700	-0.029353
14749	-0.077403
14760	0.136035
14790	-0.103956
14791	-0.112927
14796	-0.135616
14797	-0.101877
14891	0.154691
14927	0.241019
15099	0.128918
15182	-0.299061
15243	0.350262
15245	0.004265
15254	0.150929
15322	-0.011454
15327	0.003205
15463	0.013516
15496	-0.016022
15499	0.096679
15502	-0.130788
15514	0.252860
15566	0.027849
15580	0.434018
15583	0.279465
15586	0.210073
15601	0.258168
15621	-0.291289
15780	0.173620
15869	0.054235
16082	0.521950
16281	0.142364
16293	-0.202660
16300	-0.029466
16304	-0.092763
16360	0.093241
16361	0.433437
16367	0.280299
16432	0.183741
16433	0.349572
16438	0.232390
16446	0.129400
16453	0.097149
16463	0.124802
16466	0.148073
16477	-0.018104
16482	0.134041
16605	0.027403
16606	0.031852
16635	-0.107829
16638	-0.220152
16655	-0.158597
16673	-0.230838
16676	-0.055904
16677	-0.006195
16678	-0.093447
16808	0.124110
16829	0.062825
17150	0.124896
17182	-0.225554
17199	0.196661
17273	-0.079783
17431	0.124996
17466	0.146900
17472	0.014016
17485	-0.115175
17585	-0.150450
17620	-0.164964
17647	-0.392142
17690	0.043358
17772	0.220683
18410	-0.098108
19647	-0.102580
21458	0.225751
21885	0.429096
21973	-0.020433
21976	0.003260
21977	-0.046816
22084	0.058229
23475	-0.071148
23754	-0.131832
23764	0.239861
24372	0.127063
24918	0.363635
24944	-0.034407
25022	-0.198622
25140	0.179108
26484	-0.239025
27764	0.016898
28424	-0.142651
28845	-0.065456
29861	0.072010
30684	0.037239
31288	-0.232201
31704	-0.100160
32421	-0.032991
32520	0.147984
32893	-0.027861
34340	-0.218051
35227	0.070875
35334	0.066189
36499	-0.062253
36843	-0.223168
36844	-0.127879
36955	0.009857
36970	-0.068712
39336	0.008673
39353	0.300392
40538	0.054008
40541	0.118816
40542	0.027857
40599	0.070427
40601	0.141945
40602	-0.063902
40656	0.192074
40657	0.329236
42157	0.001690
42203	0.014171
42204	-0.031887
42851	0.228164
43061	-0.091613
44144	0.033419
45195	-0.263872
47030	-0.159011
47285	0.322440
47317	-0.410945
47457	-0.126154
47460	0.108424
48147	-0.072474
48297	-0.114304
48474	0.011664
48696	0.065220
49516	0.021209
49630	-0.228328
49927	0.363715
50199	-0.126627
50249	0.261875
50259	0.093594
50904	0.175110
53231	0.038556
53471	-0.115628
53531	-0.110143
53986	0.020658
55057	-0.048536
56431	0.006371
56432	0.008237
56466	0.470580
56478	0.455862
56621	-0.024956
57644	-0.105674
57756	-0.077433
58783	0.178732
59657	-0.078623
59715	-0.331492
64825	-0.417712
64947	-0.066957
65950	-0.394863
70102	0.035660
75003	-0.795150
75099	-0.753370
75742	-0.012543
75823	-0.491051
75824	-0.233939
78157	0.232778
78181	0.203647
78191	-0.070255
80479	-0.080490
80480	0.003282
80715	-0.024779
80719	-0.013815
80750	-0.123821
81231	0.112803
84436	0.276584
84780	0.060075
84844	0.108074
85002	-0.021316
85003	0.110828
85659	-0.077469
85663	0.092140
85710	0.357379
92185	0.169151
96142	-0.241643
96144	-0.126735
96482	0.012276
98871	-0.042647
