# 1342 minima projected onto PC85
# Min	PC
3	0.009657
4	-0.007244
5	-0.015409
6	-0.000766
7	-0.038969
9	0.027588
16	0.032311
17	0.021704
21	0.074878
23	0.032936
31	-0.013272
44	0.003203
47	-0.013694
48	-0.030437
51	0.018167
52	0.050076
55	-0.059135
56	-0.028264
57	-0.085122
58	-0.024864
60	-0.132512
67	0.005909
68	-0.006991
71	0.036035
72	0.023828
74	0.054391
79	0.161742
82	0.001733
85	0.010711
86	-0.036380
87	-0.026011
88	0.003826
91	0.011690
92	-0.020245
94	0.006980
95	-0.022201
97	-0.012787
104	0.016385
106	-0.010627
109	0.053095
111	0.029757
115	-0.065928
120	0.050279
126	0.131247
129	-0.073300
136	-0.065952
137	0.038082
188	0.027777
189	-0.006166
196	0.002677
199	0.045439
200	0.032062
202	-0.002425
211	0.066841
213	0.082273
214	0.052378
219	-0.030654
221	-0.013039
276	0.002818
279	-0.050149
283	-0.041354
295	-0.048980
308	0.023496
312	0.037732
315	0.036334
318	0.057366
319	0.045916
321	-0.058454
324	0.015725
328	0.011366
334	0.019826
336	-0.054873
338	-0.016488
347	0.013596
351	0.011563
352	0.052993
354	-0.034817
357	-0.112985
359	0.029032
362	0.066369
364	-0.014031
365	0.010609
368	0.083640
376	-0.056409
377	-0.002983
380	0.147739
386	0.056278
388	0.039402
390	0.098622
396	0.032584
404	-0.028273
410	-0.074666
413	-0.051572
420	-0.014847
423	-0.044125
424	0.038576
437	-0.059810
438	0.001221
444	-0.039422
452	-0.010946
473	0.075318
474	0.144975
475	0.030750
476	0.059915
478	0.035537
479	-0.009169
480	0.041331
483	0.042367
503	0.023402
508	0.001317
509	-0.097989
530	-0.086306
536	0.002457
556	0.024875
581	0.026062
583	0.013142
603	0.050763
606	-0.016705
607	-0.018337
620	-0.022022
628	0.050062
636	-0.051343
637	0.020662
639	-0.010917
640	-0.015660
644	-0.021728
645	0.004943
677	-0.054569
678	0.010131
679	0.015140
682	-0.039728
698	-0.038076
700	-0.009118
710	0.076015
722	-0.029901
723	0.031748
724	0.046216
725	-0.019672
726	0.139199
747	0.131728
753	0.037821
755	0.018725
757	0.055978
765	-0.047380
782	0.026317
783	0.007729
793	-0.008627
808	-0.032580
814	0.255801
840	0.053520
848	-0.084288
859	0.001916
864	0.066606
867	0.010173
878	-0.097270
888	-0.098525
890	-0.057647
892	0.031241
899	0.066774
918	-0.047177
926	-0.040122
933	0.038405
934	0.004230
981	0.005260
1028	0.040883
1034	0.044700
1051	-0.028896
1054	0.035825
1058	-0.157517
1062	-0.055374
1063	0.024291
1064	-0.006023
1066	-0.023960
1068	0.057070
1073	-0.045068
1082	0.071808
1083	-0.064855
1086	0.034031
1089	0.010090
1090	0.136422
1091	-0.044670
1092	-0.056008
1164	-0.021208
1165	-0.025056
1174	-0.034444
1176	0.019585
1184	0.066995
1191	-0.002314
1192	-0.016148
1201	-0.130909
1230	-0.054313
1339	0.090150
1341	-0.027634
1370	-0.092178
1385	0.119624
1405	0.035878
1437	-0.025065
1441	-0.023497
1443	0.036460
1521	0.085051
1522	0.024328
1523	-0.018463
1524	0.028670
1525	0.045268
1541	0.017827
1542	0.014803
1550	-0.091349
1551	-0.035807
1596	-0.035753
1597	-0.061196
1628	0.115612
1629	-0.020774
1633	0.060167
1636	-0.038091
1637	0.056319
1765	0.004262
1766	0.012011
1780	0.014800
1862	-0.059957
1865	0.019890
1870	-0.040500
1885	-0.134985
1910	0.001022
1911	-0.016704
2007	-0.046328
2060	0.110392
2062	-0.032925
2090	-0.078153
2093	-0.095378
2094	-0.079519
2095	-0.008958
2096	-0.085649
2100	0.004914
2101	0.024179
2102	-0.017970
2103	0.034723
2104	-0.008330
2105	0.015439
2128	-0.022215
2129	-0.000925
2135	-0.070678
2190	0.034673
2195	0.007708
2197	-0.034118
2198	0.031920
2199	0.074066
2200	-0.043407
2201	0.009111
2202	0.029381
2205	0.011675
2217	0.002558
2218	0.100729
2221	0.016580
2272	0.018964
2273	0.030684
2275	0.048268
2288	-0.129139
2293	0.082468
2298	-0.021073
2299	-0.000151
2300	0.057755
2301	0.067198
2338	-0.001334
2342	0.031910
2343	-0.054113
2358	0.053171
2384	-0.002271
2385	0.017507
2399	-0.031796
2435	0.012388
2436	0.009506
2465	-0.093186
2467	-0.109165
2468	-0.018490
2469	0.039267
2470	-0.075580
2471	-0.047799
2474	-0.037016
2620	0.006226
2650	0.036955
2651	-0.018482
2685	-0.003814
2688	-0.055223
2730	-0.073906
2843	0.006255
2951	0.028450
2959	-0.052977
3236	-0.034330
3305	0.009656
3318	-0.062200
3340	-0.006605
3352	0.022161
3355	0.037356
3356	0.102922
3365	0.015567
3366	0.046950
3367	0.026135
3368	-0.006516
3401	-0.007463
3405	-0.108165
3434	0.071734
3448	0.085782
3454	-0.134270
3481	-0.019889
3495	0.056202
3504	0.058647
3532	0.030189
3540	0.025353
3549	0.035647
3550	-0.083823
3569	0.198409
3595	-0.067083
3596	-0.027089
3603	0.043622
3621	-0.014279
3622	-0.017786
3647	0.003897
3649	-0.041733
3651	0.020114
3652	0.050330
3723	-0.083791
3757	-0.072166
3772	0.040022
3787	0.034699
3798	0.020521
3799	0.212940
3889	-0.014706
3897	0.050243
3898	0.037099
3904	0.011140
3945	-0.057015
3990	-0.021806
4024	-0.000428
4039	-0.277338
4048	0.029772
4050	0.047568
4076	0.023512
4094	-0.016736
4170	0.070802
4251	-0.064196
4252	-0.034890
4299	0.071408
4302	0.047077
4318	0.014441
4319	-0.018447
4320	-0.087528
4360	-0.030906
4388	-0.053514
4414	-0.018183
4426	0.061938
4446	-0.083321
4527	0.008752
4545	-0.043135
4546	0.001399
4554	-0.020659
4564	-0.034109
4567	0.011631
4634	-0.017300
4693	-0.035699
4736	-0.053355
4761	0.028250
4879	-0.018520
5071	0.031976
5138	0.055722
5164	-0.039391
5182	-0.138656
5183	-0.136205
5184	-0.098358
5187	0.080301
5188	0.054899
5189	0.072430
5193	-0.001275
5194	-0.022321
5195	-0.008088
5197	0.157894
5203	0.080074
5205	-0.042222
5212	-0.097455
5213	-0.117502
5222	-0.016448
5223	0.146702
5228	0.041253
5232	0.036155
5244	0.076544
5245	0.098113
5246	0.045781
5248	0.095596
5292	0.002668
5293	0.118302
5299	0.249211
5300	0.078432
5315	-0.000013
5316	0.026184
5319	0.000402
5320	-0.008118
5321	0.069341
5322	-0.007571
5323	0.063535
5324	0.089324
5325	0.049921
5329	-0.028430
5342	0.050354
5343	-0.000496
5374	0.101346
5376	0.003250
5378	-0.019961
5379	-0.012384
5382	-0.034493
5390	0.004551
5398	0.074198
5402	-0.001224
5404	0.033702
5407	0.053226
5408	-0.020554
5409	-0.020029
5411	0.105839
5412	0.035361
5413	0.038350
5416	0.057750
5418	-0.108667
5422	-0.075108
5425	-0.032658
5427	-0.018451
5428	0.050465
5432	-0.011045
5436	0.093709
5443	-0.035999
5444	0.004805
5458	0.065079
5462	0.030947
5465	-0.002331
5468	-0.043061
5471	-0.043406
5480	0.007942
5481	0.014174
5485	0.032802
5486	0.070873
5488	0.104853
5489	0.092681
5495	0.132515
5513	-0.090957
5515	0.059655
5516	-0.071866
5521	-0.022971
5527	0.055685
5528	-0.024000
5536	0.002918
5537	0.003225
5547	-0.024221
5565	-0.022787
5573	0.113058
5579	-0.021657
5583	-0.159734
5586	-0.080137
5589	-0.095961
5590	0.001196
5593	-0.064192
5599	0.139164
5604	0.020928
5605	0.019769
5606	-0.056897
5625	0.061774
5649	-0.017064
5656	0.008077
5657	0.076663
5658	-0.036489
5686	-0.030858
5695	-0.023686
5705	-0.037194
5706	-0.007893
5716	0.019154
5717	-0.022237
5718	0.026230
5719	-0.001449
5720	0.041317
5724	0.072723
5738	-0.155132
5742	-0.066169
5750	0.008407
5751	-0.018646
5756	0.004456
5761	-0.020363
5768	-0.048291
5773	-0.077259
5792	-0.087249
5793	0.067681
5794	-0.070352
5806	-0.019710
5811	-0.009883
5812	-0.048779
5813	-0.008107
5814	0.038766
5821	-0.021201
5823	-0.117935
5825	0.001690
5831	0.024541
5832	0.046609
5833	0.082489
5847	0.077952
5849	-0.062661
5851	0.030007
5854	-0.020461
5858	0.006709
5862	0.005912
5875	-0.098541
5876	-0.015390
5903	-0.005506
5910	-0.044124
5912	-0.089754
5913	-0.108371
5925	0.049599
5926	0.038838
5927	0.069834
5928	-0.045078
5930	-0.009149
5931	-0.034733
5933	0.001653
5934	0.034105
5937	-0.020130
5939	-0.273200
5940	-0.173837
5941	0.013091
5943	-0.028636
5963	0.002844
5964	0.070333
5965	0.003059
5966	0.034832
5968	-0.045372
5969	0.039196
5970	0.032328
5971	-0.015972
5975	0.009930
6006	-0.097694
6011	0.025508
6017	0.037617
6019	-0.075599
6022	-0.025935
6032	-0.110229
6095	-0.037252
6115	-0.032945
6116	-0.022675
6119	-0.036877
6127	0.040383
6128	0.027960
6130	0.037182
6140	-0.020209
6141	-0.104031
6147	-0.077827
6148	-0.061811
6163	0.065101
6164	0.071774
6170	0.000495
6171	-0.053405
6177	-0.079396
6184	0.092859
6200	-0.048710
6204	-0.081181
6206	-0.063088
6223	0.014107
6240	-0.095168
6245	-0.043297
6253	0.027608
6267	-0.168180
6269	-0.020024
6290	-0.124828
6303	0.109113
6317	-0.094818
6343	-0.032092
6350	0.037354
6360	-0.125843
6367	-0.058976
6383	0.011322
6389	0.057610
6397	-0.084981
6398	-0.022510
6406	-0.074201
6407	-0.040992
6412	0.086192
6413	0.087121
6434	0.030070
6435	0.069418
6460	-0.061091
6463	0.023598
6464	0.024954
6489	0.017993
6507	0.006299
6510	-0.054052
6516	0.034948
6518	0.100934
6522	-0.120123
6523	-0.103599
6524	0.023466
6525	-0.059514
6531	0.003804
6536	-0.044199
6575	0.003987
6584	0.036351
6585	-0.104843
6586	-0.023972
6594	-0.060824
6595	-0.049921
6610	-0.009235
6612	0.117003
6615	0.009967
6624	-0.112866
6628	-0.079219
6649	-0.006474
6698	0.057924
6706	-0.216411
6718	-0.034041
6719	0.089170
6722	-0.034970
6770	0.119792
6780	-0.003380
6781	-0.043404
6794	-0.057194
6795	0.131523
6796	0.016950
6799	-0.008077
6809	-0.035698
6837	-0.052967
6838	-0.057972
6839	0.073592
6846	0.024881
6865	0.038066
6869	-0.025185
6870	-0.086195
6871	0.007533
6873	0.039864
6876	-0.014477
6885	-0.021350
6895	0.039650
6896	-0.077066
6897	-0.042566
6900	-0.000525
6903	0.081541
6906	0.024072
6916	0.084399
6917	-0.043661
6918	0.078978
6919	-0.122636
6938	0.022056
6941	-0.052096
6942	0.006516
6943	0.087289
6944	0.073037
6948	-0.085111
6953	0.048214
6957	0.068773
6958	-0.010060
6970	0.029473
6971	-0.021544
6976	0.031701
6977	0.086995
6990	-0.036842
7014	0.001116
7015	-0.000640
7016	0.053556
7018	0.013221
7019	0.025627
7042	0.095975
7053	0.160966
7066	-0.083266
7067	-0.040190
7083	-0.022563
7092	0.024101
7100	-0.022659
7103	-0.054024
7110	-0.047807
7111	0.037438
7112	0.050320
7113	0.046540
7116	-0.093422
7119	-0.085120
7120	0.045100
7121	-0.106742
7122	-0.044644
7140	-0.110934
7143	0.169332
7157	-0.013980
7165	-0.028236
7175	0.004589
7178	-0.059145
7206	-0.223432
7207	-0.065116
7217	0.010591
7218	-0.148446
7221	-0.047962
7227	0.036255
7230	-0.052630
7236	-0.072190
7239	0.223086
7242	-0.037994
7260	0.247712
7268	0.350743
7269	0.110632
7304	0.124641
7326	-0.020404
7327	-0.228945
7336	0.077327
7342	-0.046478
7346	-0.052224
7348	-0.061704
7355	-0.088929
7361	0.176538
7372	0.023362
7387	-0.021502
7422	-0.021015
7423	-0.160072
7425	0.039416
7436	0.012180
7442	-0.027510
7446	-0.073648
7448	-0.052986
7453	0.024557
7463	0.079574
7492	0.252761
7493	-0.040422
7494	-0.007208
7495	-0.032447
7518	0.098164
7520	-0.008314
7540	-0.030506
7546	0.014926
7556	-0.017225
7559	0.131070
7560	0.063087
7561	0.177368
7564	0.160469
7575	0.027357
7583	0.010863
7585	-0.010760
7586	0.031425
7599	0.143932
7600	0.243941
7606	0.174116
7614	-0.073797
7617	-0.007942
7622	0.050321
7629	0.095085
7637	-0.044887
7640	-0.049532
7657	0.005205
7665	-0.031189
7666	-0.038222
7667	0.108690
7668	0.044520
7669	-0.097604
7670	-0.138939
7671	0.058841
7681	0.029493
7683	0.040521
7684	0.043018
7696	-0.112764
7722	-0.050956
7723	-0.063675
7799	0.238566
7852	-0.051757
7859	0.124091
7860	-0.000234
7861	0.022882
7865	0.240147
7875	0.043954
7876	-0.031962
7895	0.034823
7913	-0.020219
7917	0.003922
7952	0.162190
7969	-0.097004
7971	-0.019517
8000	-0.054538
8002	0.030887
8006	-0.093836
8036	0.028867
8056	-0.022165
8069	-0.111751
8103	0.189426
8107	-0.138791
8120	0.061285
8122	-0.011692
8125	-0.080288
8127	0.013364
8136	-0.015968
8149	-0.024848
8154	-0.018273
8197	-0.052769
8208	0.066605
8223	0.031149
8232	-0.048118
8241	0.000757
8256	0.086238
8262	0.000998
8266	0.096433
8267	0.027405
8268	0.063360
8269	0.050738
8271	-0.014666
8273	0.078135
8280	-0.040618
8284	0.102385
8303	0.053630
8304	-0.052849
8305	-0.019548
8308	0.014324
8332	-0.470100
8333	-0.160740
8334	-0.030693
8338	-0.397989
8363	0.142428
8370	0.029459
8398	-0.077155
8465	0.182504
8468	0.014674
8469	-0.015571
8470	-0.044314
8507	-0.005510
8552	0.049624
8572	0.044385
8574	0.035295
8577	-0.181807
8586	-0.117985
8592	-0.045396
8593	-0.033106
8594	-0.002466
8597	0.133373
8599	-0.036938
8606	-0.090552
8607	-0.014756
8615	-0.014131
8617	0.004532
8626	0.026797
8636	0.001704
8669	0.076405
8671	-0.023804
8673	-0.069639
8675	0.028759
8790	-0.000771
8791	0.065466
8811	-0.302976
8822	-0.151283
8841	-0.042010
8849	0.062603
8856	-0.038854
8875	-0.042729
8884	-0.124089
8906	0.106171
8907	-0.020789
8910	-0.010722
8911	0.239941
8912	-0.077295
8913	-0.011432
8934	-0.010385
8935	0.020035
8954	0.173037
8968	0.010457
8972	0.028451
9001	-0.293399
9029	0.032448
9032	0.067203
9058	-0.026043
9059	0.043294
9068	0.004050
9070	-0.147126
9108	-0.143649
9139	-0.039164
9140	-0.085620
9158	0.066890
9187	-0.008781
9188	-0.020013
9189	0.031742
9190	-0.020677
9253	-0.045147
9259	-0.031950
9268	0.122546
9269	-0.044355
9271	0.017468
9312	-0.004899
9323	-0.054768
9329	-0.115828
9330	-0.080204
9331	-0.034299
9356	0.016520
9376	0.071750
9394	0.072983
9424	0.002681
9428	-0.002337
9429	-0.017358
9496	0.092591
9536	0.014104
9543	0.012238
9589	0.083861
9614	0.248605
9615	-0.077526
9617	0.070812
9631	0.049020
9661	0.057713
9668	0.013625
9718	0.049198
9728	-0.005964
9734	0.064409
9788	-0.115087
9791	-0.071532
9793	-0.077774
9804	0.066882
9809	-0.112448
9810	-0.050316
9823	-0.016643
9828	0.006335
9907	-0.115620
9951	-0.043310
9968	-0.039587
9969	0.017528
10010	-0.060010
10011	-0.006288
10012	-0.009256
10018	0.049449
10021	0.015981
10022	-0.021095
10031	0.013977
10032	-0.004442
10033	-0.010205
10034	0.037832
10035	-0.060453
10039	-0.001289
10044	0.033898
10045	0.004601
10060	0.224672
10065	0.089119
10077	-0.001026
10080	0.062347
10130	-0.024199
10131	-0.019445
10149	-0.079496
10194	0.030335
10197	0.045303
10221	-0.030090
10226	-0.111047
10232	-0.046318
10233	0.143089
10263	-0.010495
10264	-0.007351
10274	-0.020169
10286	0.179983
10292	0.065500
10299	-0.008581
10302	-0.056044
10324	-0.023339
10355	-0.021212
10358	0.059006
10362	0.064153
10366	0.056298
10368	-0.060127
10370	-0.020115
10392	-0.124489
10405	-0.159050
10406	-0.017666
10409	0.089258
10419	0.013629
10420	-0.028752
10424	-0.044924
10434	-0.012126
10455	0.055975
10478	-0.014380
10480	-0.038882
10484	-0.015651
10510	-0.124282
10519	0.162986
10520	0.005461
10524	-0.088089
10578	0.054547
10630	0.147181
10643	0.160532
10645	-0.012409
10677	0.036513
10678	0.018104
10690	0.074743
10717	0.020990
10718	0.047783
10719	-0.014868
10721	0.043665
10723	0.040231
10735	-0.010796
10736	0.063323
10829	-0.000503
10837	-0.014822
10846	-0.028688
10921	-0.011442
10922	0.019217
10923	0.021205
10924	-0.052791
10964	0.062390
10978	-0.126664
11017	-0.002902
11018	0.011287
11019	0.093114
11032	-0.025679
11034	0.009923
11035	0.053430
11036	-0.065032
11052	0.014211
11056	-0.069431
11060	-0.153991
11063	-0.003224
11064	-0.032497
11068	-0.032848
11069	-0.009635
11090	-0.025782
11098	-0.022780
11099	0.042422
11100	0.008798
11105	-0.023651
11109	0.034975
11122	-0.045000
11123	-0.077175
11125	0.003652
11126	0.065791
11149	0.061412
11153	-0.052446
11188	0.090564
11193	0.046225
11230	-0.026936
11233	0.029550
11236	0.021256
11243	0.030823
11251	0.029862
11259	0.036308
11263	0.041484
11272	0.094360
11321	-0.032498
11322	-0.053340
11326	-0.038930
11327	-0.011669
11335	0.038164
11337	-0.035046
11343	0.039453
11390	-0.035470
11444	0.063130
11464	-0.050394
11471	-0.112631
11472	-0.062268
11473	0.040915
11492	0.110212
11499	0.100472
11500	0.051225
11505	0.001523
11527	-0.093315
11528	-0.108742
11532	0.014628
11564	-0.058316
11589	-0.059394
11591	0.175273
11592	0.058324
11599	-0.070704
11605	0.031939
11617	-0.040203
11630	0.036982
11631	0.118921
11632	-0.081029
11656	0.155053
11657	0.046943
11777	-0.070862
11786	-0.095596
11812	0.011146
12020	-0.064495
12061	-0.009430
12115	0.067304
12154	-0.120287
12155	0.088732
12156	0.070361
12159	0.030190
12174	-0.128077
12176	-0.107901
12230	0.035765
12234	-0.034767
12236	0.006549
12237	-0.089590
12250	0.050031
12252	-0.062941
12253	-0.124671
12315	-0.148708
12381	-0.102997
12382	-0.056457
12438	-0.035018
12455	0.002512
12462	-0.089583
12478	0.003248
12603	-0.041891
12711	-0.090206
12714	-0.045172
12716	-0.024403
12754	-0.034273
12785	0.094562
12788	-0.154827
12792	0.120436
12898	0.065580
12944	-0.034039
12949	0.051880
13062	-0.169715
13099	-0.014721
13160	-0.112195
13198	-0.018929
13239	0.054913
13249	0.073632
13262	0.027028
13263	0.129475
13272	-0.026465
13273	0.074664
13277	0.090830
13305	-0.105435
13342	0.103631
13343	0.132856
13345	0.241129
13351	0.108946
13357	0.109964
13427	0.102997
13436	0.037052
13455	0.002426
13528	0.154290
13532	-0.044337
13553	0.071110
13566	0.245617
13651	-0.072428
13653	0.011446
13675	0.015765
13676	-0.144684
13677	-0.069350
13678	0.028697
13681	-0.098105
13688	0.080906
13697	0.186175
13705	0.201171
13708	-0.015261
13737	-0.070234
13760	0.031263
13923	0.009973
13927	0.022377
13995	0.022929
14002	0.174990
14003	0.138575
14021	-0.008191
14034	0.083384
14064	0.106571
14110	0.009358
14155	0.058503
14203	-0.039832
14208	-0.070579
14340	0.055900
14356	-0.033642
14389	0.009605
14499	-0.007045
14625	-0.003352
14632	-0.070434
14637	0.003973
14641	0.050031
14685	0.110213
14694	0.028910
14695	0.018350
14699	0.070613
14700	-0.096573
14749	0.034214
14760	-0.024595
14790	-0.013570
14791	-0.059623
14796	-0.026773
14797	-0.056924
14891	0.068025
14927	0.042696
15099	0.057829
15182	-0.320343
15243	-0.016714
15245	-0.076554
15254	-0.044431
15322	-0.019416
15327	-0.015603
15463	0.049986
15496	-0.015094
15499	-0.071910
15502	0.029145
15514	-0.133682
15566	-0.063591
15580	0.077320
15583	0.039973
15586	-0.181357
15601	-0.082819
15621	-0.004235
15780	-0.151537
15869	0.014325
16082	-0.109715
16281	0.016815
16293	0.114553
16300	-0.208281
16304	-0.096799
16360	-0.037009
16361	0.144295
16367	0.023966
16432	0.061340
16433	-0.037984
16438	-0.005788
16446	-0.023048
16453	-0.047839
16463	0.106199
16466	0.012528
16477	-0.123921
16482	-0.065342
16605	0.107273
16606	0.075609
16635	0.101310
16638	0.037771
16655	0.091070
16673	-0.003201
16676	0.005649
16677	0.003167
16678	-0.048375
16808	-0.083272
16829	0.077261
17150	0.000552
17182	0.040288
17199	-0.009365
17273	0.020410
17431	-0.023909
17466	-0.057182
17472	-0.017316
17485	0.016090
17585	-0.049787
17620	-0.078135
17647	-0.196473
17690	-0.039062
17772	-0.072178
18410	0.035969
19647	-0.014148
21458	0.044996
21885	0.172117
21973	0.004636
21976	0.054532
21977	0.072609
22084	-0.004361
23475	-0.021931
23754	-0.041822
23764	-0.051409
24372	0.062737
24918	0.153565
24944	0.005809
25022	0.007484
25140	0.075397
26484	-0.061679
27764	-0.025323
28424	0.008248
28845	0.101229
29861	0.147906
30684	-0.055165
31288	-0.139480
31704	0.013472
32421	0.044765
32520	0.083730
32893	-0.062052
34340	0.027993
35227	0.063160
35334	-0.048051
36499	0.047365
36843	0.053881
36844	0.067590
36955	-0.000658
36970	-0.025524
39336	0.003672
39353	-0.083267
40538	-0.050054
40541	-0.000762
40542	-0.009262
40599	0.066023
40601	-0.033006
40602	0.009257
40656	0.012092
40657	-0.029397
42157	0.199135
42203	0.033009
42204	-0.114919
42851	0.068937
43061	-0.017347
44144	0.033962
45195	0.038860
47030	0.041629
47285	-0.007901
47317	-0.179522
47457	-0.007970
47460	-0.049253
48147	-0.033685
48297	-0.115184
48474	0.034935
48696	-0.025219
49516	0.139456
49630	-0.057070
49927	-0.043337
50199	-0.016409
50249	0.082085
50259	-0.055570
50904	0.102274
53231	-0.143938
53471	-0.076839
53531	-0.050906
53986	-0.025432
55057	-0.042593
56431	0.019659
56432	0.017970
56466	0.056728
56478	0.088518
56621	0.040990
57644	-0.020643
57756	-0.057917
58783	0.063481
59657	-0.015644
59715	-0.104430
64825	-0.032132
64947	-0.101819
65950	0.034686
70102	-0.101895
75003	-0.203249
75099	-0.217712
75742	-0.004842
75823	0.008478
75824	-0.043087
78157	0.046462
78181	-0.169221
78191	0.084319
80479	0.091040
80480	0.022488
80715	0.012008
80719	-0.002170
80750	0.028252
81231	-0.200592
84436	-0.010156
84780	0.005132
84844	-0.031756
85002	0.051469
85003	-0.217894
85659	0.007246
85663	-0.090675
85710	-0.031041
92185	0.032563
96142	0.015127
96144	0.012507
96482	0.002607
98871	-0.040569
