# 1342 minima projected onto PC124
# Min	PC
3	-0.003597
4	0.004110
5	-0.000418
6	0.004735
7	0.007480
9	-0.018190
16	0.002741
17	0.001172
21	-0.008864
23	0.001309
31	-0.011051
44	0.008630
47	-0.001086
48	0.005775
51	0.007175
52	-0.000001
55	0.007016
56	-0.018108
57	0.008505
58	0.001596
60	0.007097
67	0.014222
68	0.002400
71	-0.000252
72	-0.007581
74	-0.002005
79	0.011735
82	0.007333
85	-0.005678
86	-0.003475
87	0.012392
88	-0.014594
91	-0.002634
92	-0.008990
94	0.001385
95	0.012850
97	-0.009718
104	0.029043
106	-0.001151
109	-0.024027
111	-0.010274
115	-0.181593
120	0.004600
126	0.004660
129	0.004171
136	-0.000575
137	-0.013176
188	0.007656
189	-0.000808
196	0.004544
199	0.000661
200	-0.001431
202	0.013555
211	0.008319
213	0.001152
214	0.003400
219	0.009232
221	-0.014034
276	-0.011147
279	0.004515
283	-0.006897
295	-0.011575
308	-0.001931
312	-0.006996
315	-0.021787
318	-0.007555
319	-0.005163
321	-0.005658
324	-0.001729
328	0.005080
334	0.003890
336	0.006902
338	0.003338
347	-0.010591
351	-0.013437
352	0.002616
354	0.009798
357	-0.000148
359	0.003375
362	0.002514
364	0.004152
365	-0.002208
368	0.010003
376	0.002282
377	0.003069
380	0.004774
386	0.006319
388	-0.004322
390	0.005016
396	0.009891
404	-0.005384
410	0.013501
413	0.015022
420	0.006954
423	-0.000022
424	0.006445
437	0.004448
438	-0.015757
444	0.037305
452	0.008939
473	-0.005952
474	-0.003989
475	0.005474
476	-0.000813
478	-0.006318
479	-0.014235
480	-0.004870
483	-0.008336
503	0.003913
508	-0.003891
509	0.009968
530	0.021091
536	-0.001207
556	0.002533
581	0.002651
583	-0.006395
603	0.000235
606	0.008126
607	0.005512
620	0.012432
628	0.007922
636	-0.004028
637	-0.006061
639	-0.002534
640	-0.004355
644	0.015545
645	0.003017
677	0.000209
678	-0.000019
679	-0.020281
682	0.007904
698	-0.002371
700	0.008359
710	0.009738
722	0.000495
723	0.013632
724	0.011697
725	-0.001091
726	0.001876
747	0.026225
753	0.007400
755	-0.001905
757	0.002291
765	-0.003792
782	0.000154
783	0.005942
793	-0.006030
808	-0.010572
814	0.007086
840	-0.005403
848	-0.004301
859	0.002567
864	0.006498
867	-0.015609
878	-0.001716
888	-0.004880
890	0.008752
892	0.006161
899	-0.008716
918	-0.019362
926	-0.001992
933	-0.002052
934	0.007613
981	-0.002240
1028	0.005309
1034	0.001082
1051	0.004241
1054	0.012090
1058	-0.006471
1062	0.006441
1063	-0.002561
1064	0.010334
1066	-0.003992
1068	-0.008093
1073	-0.000786
1082	0.004774
1083	0.007579
1086	0.001348
1089	-0.000835
1090	-0.000613
1091	0.001531
1092	-0.002730
1164	-0.017146
1165	0.002287
1174	0.001580
1176	-0.005602
1184	0.006710
1191	-0.000342
1192	-0.007313
1201	0.000147
1230	0.014143
1339	0.002910
1341	-0.008792
1370	-0.010665
1385	-0.000507
1405	-0.017939
1437	-0.000155
1441	-0.009331
1443	0.007151
1521	0.004673
1522	0.007519
1523	0.017279
1524	0.001872
1525	0.008794
1541	0.004346
1542	-0.004753
1550	-0.000127
1551	-0.003954
1596	-0.003212
1597	0.005930
1628	0.004284
1629	0.000578
1633	-0.001407
1636	0.019875
1637	0.007541
1765	0.013021
1766	0.025737
1780	0.003549
1862	0.006087
1865	0.000308
1870	-0.005421
1885	-0.017379
1910	-0.003760
1911	-0.006392
2007	0.012736
2060	0.005033
2062	0.003024
2090	-0.006839
2093	0.008997
2094	0.002882
2095	0.008845
2096	-0.001268
2100	-0.006301
2101	0.002811
2102	0.010655
2103	0.000442
2104	0.009072
2105	0.009491
2128	-0.004922
2129	-0.014609
2135	-0.004425
2190	0.004361
2195	0.002095
2197	-0.010975
2198	-0.006849
2199	-0.006156
2200	0.013427
2201	0.002122
2202	-0.003813
2205	0.015424
2217	0.001861
2218	-0.002765
2221	0.002247
2272	0.002210
2273	-0.004099
2275	0.009600
2288	-0.011408
2293	0.004934
2298	0.004215
2299	-0.013393
2300	-0.006785
2301	0.000853
2338	0.018516
2342	-0.000912
2343	-0.003358
2358	0.016854
2384	0.009282
2385	-0.007583
2399	0.000261
2435	0.003781
2436	0.001603
2465	-0.000568
2467	0.011513
2468	-0.005609
2469	-0.008947
2470	-0.000207
2471	0.018569
2474	0.003472
2620	0.003756
2650	-0.004771
2651	0.001620
2685	-0.018031
2688	0.008429
2730	0.003901
2843	0.013834
2951	-0.012365
2959	0.006912
3236	0.006627
3305	0.016621
3318	-0.014417
3340	-0.004762
3352	0.003862
3355	-0.006288
3356	0.007696
3365	0.009192
3366	0.007719
3367	-0.009922
3368	-0.009093
3401	0.002320
3405	-0.021314
3434	-0.000456
3448	-0.004640
3454	0.003695
3481	0.005013
3495	-0.008280
3504	0.001105
3532	-0.000389
3540	-0.016423
3549	0.000244
3550	-0.008946
3569	-0.001655
3595	0.003764
3596	0.013717
3603	0.011093
3621	0.003403
3622	0.010652
3647	-0.007757
3649	-0.001722
3651	0.002383
3652	-0.000735
3723	0.018655
3757	-0.000400
3772	0.004613
3787	0.006602
3798	0.011875
3799	0.016642
3889	-0.001564
3897	-0.008569
3898	-0.007713
3904	0.018652
3945	-0.002195
3990	0.003909
4024	-0.007377
4039	0.006863
4048	-0.012470
4050	-0.002549
4076	0.010985
4094	0.011705
4170	0.006448
4251	0.009948
4252	0.012817
4299	0.002822
4302	-0.003480
4318	0.006595
4319	-0.007075
4320	0.004849
4360	-0.009592
4388	-0.001877
4414	-0.002355
4426	-0.003686
4446	-0.005051
4527	0.007750
4545	0.003853
4546	0.005060
4554	0.001244
4564	0.004769
4567	-0.011655
4634	0.009813
4693	-0.000294
4736	-0.006330
4761	0.003575
4879	0.003404
5071	-0.009361
5138	-0.011018
5164	0.018209
5182	0.023156
5183	0.027161
5184	0.009687
5187	0.000134
5188	0.002163
5189	-0.004257
5193	0.025271
5194	0.016647
5195	-0.003252
5197	0.005020
5203	0.004397
5205	-0.014489
5212	-0.002237
5213	0.003275
5222	-0.001962
5223	-0.000637
5228	0.007687
5232	-0.003676
5244	0.002561
5245	0.017528
5246	-0.013407
5248	0.003337
5292	-0.001926
5293	0.003768
5299	-0.004980
5300	0.007272
5315	0.000704
5316	-0.002712
5319	-0.007997
5320	-0.005152
5321	0.003637
5322	0.011270
5323	0.005049
5324	-0.009090
5325	-0.010681
5329	-0.022147
5342	-0.002391
5343	-0.004196
5374	0.006033
5376	-0.006692
5378	-0.001835
5379	-0.006921
5382	0.015969
5390	-0.007117
5398	0.001986
5402	0.005566
5404	-0.000704
5407	-0.006077
5408	-0.005507
5409	-0.005497
5411	0.003429
5412	-0.003334
5413	0.007820
5416	-0.001496
5418	-0.002033
5422	-0.003002
5425	-0.009516
5427	-0.010775
5428	-0.007340
5432	-0.002624
5436	-0.006028
5443	-0.018627
5444	0.033320
5458	0.003810
5462	0.004224
5465	-0.000946
5468	0.002541
5471	-0.000030
5480	0.006626
5481	0.004105
5485	0.010528
5486	0.007161
5488	0.018538
5489	0.009283
5495	0.014744
5513	-0.001425
5515	-0.001483
5516	0.004057
5521	-0.001083
5527	0.003161
5528	0.014757
5536	0.001050
5537	-0.000498
5547	0.005373
5565	-0.001021
5573	-0.002713
5579	0.001410
5583	0.001888
5586	-0.005357
5589	-0.003741
5590	-0.009742
5593	-0.010806
5599	0.015233
5604	0.010419
5605	-0.006648
5606	-0.007601
5625	-0.034999
5649	-0.010002
5656	-0.007140
5657	-0.040922
5658	0.003123
5686	-0.001186
5695	-0.029550
5705	0.004311
5706	0.008448
5716	0.000604
5717	0.001913
5718	-0.004059
5719	0.005664
5720	0.005390
5724	0.018373
5738	-0.022528
5742	0.015710
5750	-0.000816
5751	0.002229
5756	0.002765
5761	-0.005575
5768	0.006570
5773	0.008764
5792	-0.004276
5793	0.002514
5794	-0.001276
5806	-0.019317
5811	0.000743
5812	0.003401
5813	0.003606
5814	-0.000559
5821	-0.011185
5823	-0.025842
5825	-0.006088
5831	-0.010713
5832	-0.004514
5833	-0.005854
5847	0.009397
5849	-0.007095
5851	0.008417
5854	-0.005307
5858	-0.022263
5862	0.001421
5875	0.004617
5876	0.021897
5903	0.000387
5910	0.004200
5912	0.019439
5913	-0.015804
5925	-0.000870
5926	-0.005888
5927	0.004132
5928	0.010453
5930	0.005885
5931	0.002235
5933	-0.002567
5934	0.000704
5937	0.002263
5939	0.000784
5940	0.005229
5941	0.008275
5943	0.005668
5963	-0.006656
5964	-0.000597
5965	0.001272
5966	-0.002379
5968	0.003083
5969	0.012401
5970	0.009376
5971	0.007208
5975	-0.002863
6006	0.002360
6011	-0.015309
6017	-0.006923
6019	-0.013326
6022	-0.005136
6032	-0.003175
6095	-0.001595
6115	-0.000665
6116	0.003581
6119	-0.002020
6127	0.002365
6128	0.002937
6130	0.004108
6140	-0.009414
6141	0.006842
6147	-0.010653
6148	-0.019702
6163	0.003014
6164	-0.006208
6170	-0.013490
6171	-0.000497
6177	-0.007777
6184	0.004912
6200	0.021052
6204	0.010022
6206	0.002436
6223	0.003770
6240	0.007390
6245	0.005669
6253	-0.006901
6267	0.008616
6269	-0.015998
6290	0.020396
6303	0.001129
6317	0.005586
6343	0.007601
6350	0.000257
6360	-0.012357
6367	0.019523
6383	0.004447
6389	-0.012192
6397	-0.004435
6398	0.000709
6406	0.006308
6407	0.005364
6412	-0.004128
6413	-0.007419
6434	-0.011267
6435	-0.006966
6460	0.003363
6463	0.009738
6464	0.003520
6489	0.009261
6507	0.000496
6510	-0.009413
6516	0.009269
6518	-0.006753
6522	0.000923
6523	-0.011878
6524	-0.000332
6525	0.000575
6531	-0.001053
6536	-0.006728
6575	-0.014199
6584	-0.005006
6585	-0.004437
6586	-0.021350
6594	0.004954
6595	-0.004637
6610	0.006957
6612	0.013725
6615	-0.002317
6624	-0.001870
6628	-0.006533
6649	0.000418
6698	-0.010882
6706	-0.002985
6718	-0.006257
6719	-0.000758
6722	0.002977
6770	-0.003945
6780	-0.003106
6781	-0.005130
6794	0.028131
6795	0.023009
6796	0.006724
6799	0.010981
6809	-0.008686
6837	-0.005201
6838	0.005756
6839	0.006965
6846	-0.002887
6865	-0.000509
6869	-0.005774
6870	0.009196
6871	0.006742
6873	0.002790
6876	-0.010649
6885	0.001349
6895	0.003188
6896	-0.003489
6897	-0.005955
6900	0.013998
6903	-0.001566
6906	-0.007448
6916	-0.001533
6917	0.005994
6918	-0.001584
6919	0.012799
6938	0.004704
6941	0.011704
6942	0.018748
6943	0.012358
6944	0.006344
6948	0.006391
6953	0.001887
6957	0.004258
6958	0.004825
6970	-0.001715
6971	0.000361
6976	-0.003073
6977	-0.007536
6990	-0.001229
7014	0.001284
7015	-0.000863
7016	-0.004283
7018	-0.014959
7019	-0.002565
7042	0.006673
7053	0.010211
7066	0.002842
7067	0.016179
7083	-0.003942
7092	0.006259
7100	0.008400
7103	0.018829
7110	-0.003728
7111	-0.015289
7112	-0.005190
7113	-0.004312
7116	-0.001294
7119	-0.006427
7120	-0.007697
7121	-0.001278
7122	-0.012197
7140	0.013455
7143	-0.037509
7157	0.000255
7165	-0.012672
7175	0.003050
7178	-0.000506
7206	0.019004
7207	-0.008506
7217	-0.005188
7218	0.004054
7221	-0.000394
7227	0.007874
7230	-0.009516
7236	0.010453
7239	-0.004869
7242	-0.002392
7260	0.006126
7268	0.020509
7269	0.011350
7304	0.000243
7326	0.001216
7327	0.004247
7336	-0.013873
7342	-0.013178
7346	0.006751
7348	0.009960
7355	0.004256
7361	0.004245
7372	0.000445
7387	-0.005060
7422	-0.012000
7423	-0.000871
7425	-0.014560
7436	-0.008399
7442	0.018330
7446	-0.018752
7448	-0.006143
7453	-0.004033
7463	0.007687
7492	-0.023784
7493	-0.004575
7494	-0.004908
7495	0.011827
7518	-0.002039
7520	0.000632
7540	0.009481
7546	0.016457
7556	-0.012685
7559	0.008245
7560	-0.000521
7561	-0.014567
7564	0.016746
7575	-0.004530
7583	0.003657
7585	-0.009006
7586	-0.004588
7599	-0.013906
7600	-0.004936
7606	-0.019662
7614	0.010725
7617	-0.012663
7622	-0.006110
7629	-0.029911
7637	-0.001573
7640	-0.006624
7657	0.006315
7665	0.003706
7666	-0.008115
7667	-0.002741
7668	-0.015111
7669	-0.004025
7670	-0.032780
7671	-0.012640
7681	0.013035
7683	-0.003406
7684	-0.011083
7696	0.009366
7722	0.004017
7723	-0.006581
7799	0.010263
7852	-0.003290
7859	0.008329
7860	0.004269
7861	-0.000283
7865	-0.003857
7875	-0.004296
7876	-0.000184
7895	-0.000514
7913	0.014533
7917	-0.017562
7952	-0.002107
7969	0.003389
7971	-0.006062
8000	0.001293
8002	0.004011
8006	-0.011550
8036	-0.004573
8056	0.003730
8069	0.006485
8103	0.010044
8107	0.001613
8120	-0.007234
8122	-0.017164
8125	-0.005134
8127	-0.018680
8136	-0.008542
8149	-0.005335
8154	-0.000177
8197	-0.008095
8208	0.008485
8223	-0.025834
8232	-0.003813
8241	-0.004990
8256	-0.005057
8262	-0.001918
8266	-0.004776
8267	-0.006975
8268	0.002835
8269	-0.002199
8271	-0.003533
8273	-0.001183
8280	0.000095
8284	-0.001115
8303	0.000867
8304	0.007328
8305	0.004168
8308	0.008652
8332	0.022920
8333	-0.018632
8334	0.013490
8338	0.002567
8363	0.003006
8370	-0.015370
8398	-0.003515
8465	0.011794
8468	-0.014329
8469	-0.004584
8470	-0.005890
8507	-0.001352
8552	-0.012989
8572	0.010957
8574	-0.002347
8577	0.002825
8586	0.001635
8592	-0.008874
8593	0.002664
8594	0.005644
8597	-0.004810
8599	-0.008639
8606	-0.008263
8607	0.009547
8615	-0.024452
8617	-0.014562
8626	0.000847
8636	-0.002253
8669	0.002486
8671	0.008826
8673	-0.001757
8675	-0.006443
8790	0.013606
8791	0.015662
8811	-0.017259
8822	-0.002684
8841	0.003870
8849	0.011078
8856	-0.003843
8875	0.020163
8884	0.017985
8906	-0.014577
8907	0.001977
8910	0.006526
8911	-0.020214
8912	-0.002295
8913	0.004572
8934	-0.013791
8935	-0.013094
8954	0.004137
8968	-0.000853
8972	-0.001251
9001	0.031306
9029	-0.003287
9032	-0.008544
9058	0.014401
9059	0.000930
9068	-0.004770
9070	-0.004354
9108	0.008588
9139	-0.002074
9140	0.001461
9158	0.010311
9187	-0.019365
9188	0.007049
9189	-0.016133
9190	0.002290
9253	0.007100
9259	-0.013703
9268	0.000691
9269	-0.004816
9271	0.011811
9312	0.003827
9323	0.009804
9329	-0.000126
9330	0.001532
9331	0.004342
9356	0.014327
9376	-0.001524
9394	0.006840
9424	0.034154
9428	-0.001714
9429	-0.007832
9496	-0.000009
9536	-0.012298
9543	-0.004537
9589	0.001282
9614	0.003992
9615	-0.011657
9617	0.015446
9631	-0.017191
9661	-0.007143
9668	0.000350
9718	0.022981
9728	0.008354
9734	-0.000679
9788	0.012379
9791	0.023243
9793	0.002051
9804	-0.013165
9809	0.000930
9810	-0.000353
9823	-0.007748
9828	-0.016475
9907	-0.008117
9951	0.004228
9968	-0.000574
9969	0.003318
10010	0.001851
10011	0.002762
10012	0.005451
10018	-0.005152
10021	0.005060
10022	-0.000420
10031	-0.003521
10032	-0.006891
10033	-0.001592
10034	0.002392
10035	-0.005169
10039	-0.003593
10044	-0.009524
10045	0.001909
10060	-0.053054
10065	0.010003
10077	-0.010018
10080	0.001714
10130	-0.012191
10131	0.020953
10149	-0.001429
10194	0.008897
10197	0.011192
10221	0.009019
10226	-0.014167
10232	-0.001368
10233	0.005039
10263	-0.004677
10264	0.001081
10274	-0.000838
10286	0.042830
10292	-0.021746
10299	-0.009196
10302	0.001337
10324	-0.005199
10355	0.003848
10358	0.018936
10362	0.022419
10366	0.015790
10368	0.015265
10370	-0.002362
10392	0.005504
10405	-0.000467
10406	0.007243
10409	-0.005324
10419	-0.011839
10420	-0.012364
10424	-0.011819
10434	0.003247
10455	0.003095
10478	0.005431
10480	-0.000707
10484	-0.002363
10510	0.003069
10519	0.002571
10520	0.000885
10524	0.011671
10578	-0.000917
10630	0.000105
10643	0.001943
10645	0.007986
10677	0.005317
10678	0.014029
10690	-0.002064
10717	-0.000763
10718	-0.011873
10719	-0.024321
10721	-0.002222
10723	0.016072
10735	-0.003558
10736	-0.002998
10829	-0.010244
10837	0.014820
10846	0.006064
10921	-0.003377
10922	0.005216
10923	-0.004863
10924	0.004420
10964	0.004309
10978	-0.009696
11017	0.042470
11018	0.030952
11019	-0.017216
11032	0.004249
11034	0.004557
11035	-0.006464
11036	0.012893
11052	-0.007559
11056	-0.001810
11060	0.000594
11063	-0.004970
11064	-0.007469
11068	-0.000108
11069	-0.007512
11090	0.006419
11098	0.006135
11099	-0.004045
11100	-0.005758
11105	-0.002241
11109	-0.014571
11122	-0.003164
11123	-0.003271
11125	0.009075
11126	-0.001733
11149	-0.003685
11153	0.001193
11188	-0.021124
11193	-0.005070
11230	-0.001560
11233	0.008236
11236	0.003572
11243	-0.016841
11251	0.008439
11259	-0.000402
11263	0.001776
11272	-0.015584
11321	0.017541
11322	0.000536
11326	0.016408
11327	-0.001302
11335	-0.011696
11337	0.008392
11343	0.007833
11390	0.009568
11444	-0.013410
11464	-0.003315
11471	-0.001727
11472	-0.003791
11473	-0.012579
11492	0.025159
11499	0.004415
11500	0.009743
11505	-0.007877
11527	0.011952
11528	-0.012152
11532	0.001314
11564	0.008623
11589	-0.024841
11591	0.005097
11592	-0.000762
11599	0.002268
11605	0.003032
11617	-0.005555
11630	-0.000958
11631	0.002343
11632	-0.022250
11656	-0.037910
11657	0.032492
11777	-0.000385
11786	-0.007332
11812	-0.008861
12020	-0.016786
12061	0.005132
12115	-0.011900
12154	-0.005447
12155	-0.006557
12156	-0.011208
12159	-0.024999
12174	-0.001268
12176	0.001723
12230	-0.003195
12234	0.003255
12236	-0.004655
12237	-0.009844
12250	-0.017805
12252	-0.016840
12253	-0.003313
12315	0.005747
12381	-0.008277
12382	-0.005949
12438	0.011480
12455	-0.002366
12462	0.017565
12478	-0.001695
12603	-0.042426
12711	-0.009267
12714	-0.010471
12716	0.001458
12754	-0.002442
12785	0.048256
12788	-0.010147
12792	-0.034230
12898	-0.010706
12944	0.002023
12949	-0.005962
13062	-0.017553
13099	-0.015407
13160	0.001812
13198	0.005452
13239	-0.003326
13249	0.001093
13262	-0.003952
13263	0.004150
13272	-0.001494
13273	-0.018868
13277	0.008289
13305	0.013594
13342	0.009872
13343	0.019711
13345	0.018696
13351	0.005364
13357	0.006153
13427	0.004127
13436	-0.017631
13455	0.001920
13528	0.018768
13532	-0.001113
13553	0.002965
13566	0.004953
13651	0.010887
13653	-0.011172
13675	-0.004388
13676	0.013997
13677	-0.005235
13678	0.000733
13681	-0.003579
13688	-0.005303
13697	-0.021884
13705	-0.018735
13708	-0.009555
13737	-0.002328
13760	0.003283
13923	0.012293
13927	0.017202
13995	-0.001433
14002	0.012881
14003	0.000725
14021	0.017255
14034	0.012082
14064	0.006742
14110	-0.022761
14155	-0.004856
14203	0.002688
14208	-0.020030
14340	-0.000965
14356	-0.018440
14389	-0.002565
14499	0.005290
14625	0.001095
14632	-0.001104
14637	0.000424
14641	0.003208
14685	-0.009461
14694	0.012580
14695	0.005693
14699	0.001804
14700	0.006311
14749	-0.005934
14760	0.002310
14790	0.006431
14791	0.015405
14796	0.001719
14797	-0.001298
14891	0.001199
14927	-0.001163
15099	-0.002075
15182	0.007872
15243	-0.004114
15245	-0.011359
15254	-0.000055
15322	0.000118
15327	-0.008611
15463	-0.011732
15496	0.000126
15499	0.003271
15502	-0.003989
15514	0.002378
15566	0.000012
15580	0.013562
15583	0.001440
15586	0.002639
15601	0.002188
15621	0.005527
15780	0.005799
15869	0.013886
16082	0.003225
16281	-0.038459
16293	0.013983
16300	-0.016436
16304	0.005598
16360	-0.002965
16361	0.040798
16367	0.011007
16432	-0.007950
16433	-0.024708
16438	-0.014258
16446	-0.010152
16453	-0.000883
16463	0.018692
16466	-0.009796
16477	-0.003658
16482	0.008600
16605	-0.002598
16606	0.045910
16635	0.002511
16638	0.005416
16655	0.015324
16673	0.002629
16676	-0.003940
16677	0.009092
16678	-0.002900
16808	0.006070
16829	-0.005441
17150	0.020369
17182	0.005879
17199	0.002465
17273	0.013177
17431	-0.000993
17466	-0.022519
17472	0.005365
17485	0.005260
17585	0.003779
17620	-0.025546
17647	0.014494
17690	0.018700
17772	0.004463
18410	-0.020144
19647	-0.003398
21458	-0.005374
21885	0.003386
21973	-0.005709
21976	-0.014518
21977	-0.014915
22084	-0.006042
23475	-0.002269
23754	-0.014286
23764	0.006872
24372	0.015317
24918	-0.013375
24944	-0.009914
25022	0.020118
25140	-0.011969
26484	0.006354
27764	-0.008323
28424	-0.010220
28845	-0.007641
29861	0.020897
30684	-0.016471
31288	-0.016210
31704	-0.012029
32421	0.007026
32520	0.013640
32893	0.004641
34340	-0.001627
35227	-0.013570
35334	0.003675
36499	0.006981
36843	0.010781
36844	0.002067
36955	-0.011290
36970	-0.016954
39336	-0.006280
39353	0.012299
40538	0.000803
40541	0.010521
40542	0.005349
40599	-0.017835
40601	0.011430
40602	-0.000102
40656	-0.002663
40657	-0.016386
42157	-0.011742
42203	-0.004843
42204	0.000036
42851	0.002755
43061	-0.002325
44144	-0.018460
45195	-0.008494
47030	-0.009451
47285	0.013392
47317	-0.014081
47457	-0.021901
47460	-0.007354
48147	0.003018
48297	0.001177
48474	0.002936
48696	0.003352
49516	0.013632
49630	0.002836
49927	-0.007069
50199	-0.000690
50249	0.003533
50259	-0.024553
50904	0.008258
53231	0.025097
53471	-0.022946
53531	-0.013882
53986	0.009115
55057	0.010927
56431	-0.002050
56432	-0.006105
56466	0.014680
56478	0.012841
56621	0.009465
57644	-0.000698
57756	0.010250
58783	0.005349
59657	-0.007812
59715	0.149800
64825	-0.006855
64947	0.002497
65950	0.003949
70102	-0.011467
75003	0.002302
75099	0.004341
75742	0.010081
75823	0.008267
75824	0.004437
78157	0.017964
78181	-0.025472
78191	-0.009432
80479	-0.000343
80480	0.001792
80715	-0.007599
80719	-0.002932
80750	-0.008542
81231	0.005109
84436	0.000353
84780	-0.004229
84844	0.018779
85002	-0.011135
85003	-0.023179
85659	0.004746
85663	0.007944
85710	0.011686
92185	-0.003254
96142	-0.002574
96144	-0.003127
96482	-0.002722
98871	-0.009564
