# 1342 minima projected onto PC22
# Min	PC
3	-0.538303
4	-0.608484
5	-1.304101
6	-0.908829
7	0.843136
9	0.963622
16	-0.377397
17	-0.745000
21	-0.338589
23	-0.273402
31	1.423909
44	-0.350871
47	-0.446246
48	-0.430085
51	-0.344173
52	0.011290
55	-1.701698
56	-1.249141
57	-0.422703
58	-0.813616
60	-0.291720
67	0.369261
68	0.089338
71	0.264579
72	0.232903
74	-0.406335
79	1.592643
82	-0.259377
85	0.183241
86	0.191035
87	0.221380
88	1.389274
91	0.650071
92	1.321525
94	-0.095814
95	0.799106
97	-0.137026
104	-1.275522
106	-0.939172
109	1.029390
111	0.242080
115	0.659645
120	-0.423597
126	1.620642
129	0.773928
136	0.584082
137	0.235369
188	-0.094811
189	-0.251624
196	-1.675458
199	-0.196241
200	-0.251429
202	0.165893
211	-0.464261
213	-0.090203
214	-0.180700
219	1.303047
221	1.469753
276	-0.261010
279	-0.160200
283	0.157531
295	0.140409
308	0.584200
312	0.164483
315	1.121679
318	-0.652034
319	-0.091530
321	-0.855101
324	-0.714976
328	0.225605
334	-0.293060
336	-0.994878
338	-0.546407
347	0.573078
351	0.719681
352	-1.081666
354	0.396098
357	0.450594
359	0.658123
362	2.149322
364	1.221548
365	1.262793
368	2.170614
376	-0.791634
377	-1.199165
380	-0.238735
386	-2.624695
388	-0.492963
390	0.400024
396	-0.234112
404	-0.375749
410	1.405984
413	-0.126634
420	1.502506
423	0.308486
424	-0.526381
437	-0.714714
438	-0.949126
444	-0.479906
452	0.257491
473	-0.131003
474	-0.076092
475	0.476469
476	-0.145272
478	-0.305794
479	0.154675
480	-0.273906
483	0.677319
503	0.135732
508	-0.291070
509	0.787299
530	-0.222464
536	-1.079468
556	-0.533848
581	0.345730
583	0.514287
603	-0.437216
606	-1.023794
607	-1.442616
620	0.669752
628	-0.095422
636	-0.641149
637	-0.784197
639	-1.134051
640	-0.749808
644	0.518399
645	0.448563
677	-0.273456
678	-0.242915
679	-0.239771
682	-0.002080
698	0.379952
700	0.129416
710	0.398919
722	-0.904576
723	-0.444440
724	0.052757
725	-0.429986
726	0.071307
747	-2.227111
753	1.435997
755	-1.028791
757	1.761104
765	1.764372
782	0.624343
783	1.306989
793	-0.237668
808	-0.011799
814	-0.075967
840	1.083417
848	-1.015400
859	-0.337557
864	-0.755426
867	1.474301
878	1.537538
888	-0.305777
890	0.812799
892	-0.523546
899	-0.510559
918	0.354063
926	0.064143
933	-0.638833
934	0.265179
981	-0.371741
1028	1.455829
1034	-2.418433
1051	1.381942
1054	1.375004
1058	1.282008
1062	1.980964
1063	-0.438648
1064	1.687851
1066	0.533949
1068	0.514849
1073	-0.439674
1082	-0.603790
1083	-0.387441
1086	-0.183258
1089	0.216476
1090	-0.151954
1091	-1.094478
1092	-1.447625
1164	0.006198
1165	-0.471499
1174	-0.575064
1176	0.095482
1184	0.201459
1191	0.000892
1192	0.142131
1201	-2.074796
1230	1.643638
1339	-1.179643
1341	0.405609
1370	1.427508
1385	-2.611148
1405	-1.783377
1437	-0.884823
1441	1.822187
1443	1.356481
1521	0.032148
1522	-0.193900
1523	0.028610
1524	-0.082522
1525	-0.548060
1541	0.633036
1542	0.085212
1550	0.009764
1551	0.518039
1596	-0.137964
1597	0.278820
1628	1.170294
1629	-0.335444
1633	-0.226499
1636	0.209467
1637	0.358116
1765	1.043753
1766	0.916669
1780	1.546954
1862	-0.292261
1865	-0.175139
1870	-0.294602
1885	-0.910414
1910	0.140774
1911	0.243700
2007	0.924778
2060	0.502109
2062	-1.238546
2090	-1.177379
2093	-1.327625
2094	-0.639414
2095	-0.083538
2096	-0.250986
2100	0.264362
2101	0.536502
2102	0.930363
2103	0.639542
2104	1.034973
2105	0.910256
2128	-0.375758
2129	-0.231919
2135	0.013833
2190	0.354450
2195	0.140193
2197	-0.553031
2198	-0.778177
2199	1.127472
2200	-0.107567
2201	0.797570
2202	-0.808333
2205	0.378480
2217	-0.494019
2218	-1.995438
2221	-1.827486
2272	-0.181346
2273	-0.425502
2275	0.137012
2288	-0.474236
2293	0.417167
2298	0.376273
2299	0.104345
2300	1.035242
2301	0.646019
2338	0.536608
2342	0.500020
2343	-0.218067
2358	-0.103643
2384	-0.194130
2385	-0.080081
2399	-1.242618
2435	-0.151931
2436	-0.430948
2465	0.854163
2467	0.130942
2468	-0.537894
2469	0.117972
2470	-0.801472
2471	0.349737
2474	0.764338
2620	0.843651
2650	-0.262401
2651	-0.268509
2685	-0.995110
2688	0.528224
2730	0.148545
2843	1.342560
2951	-0.566737
2959	-0.085833
3236	0.756590
3305	-1.317196
3318	0.768687
3340	-0.770476
3352	-0.051073
3355	-1.309886
3356	-0.914494
3365	-0.121345
3366	-0.074450
3367	-0.109112
3368	-0.222657
3401	-0.943213
3405	-0.849533
3434	0.534362
3448	-0.468983
3454	0.218841
3481	-0.324601
3495	0.139924
3504	1.464979
3532	-0.495480
3540	0.725410
3549	1.013339
3550	0.720640
3569	0.514229
3595	0.325822
3596	1.534906
3603	-0.727344
3621	-1.185729
3622	-0.170362
3647	0.311939
3649	0.534932
3651	-1.601887
3652	-0.976274
3723	0.049306
3757	0.874926
3772	2.153499
3787	-0.842228
3798	-0.556636
3799	-0.619087
3889	-1.396770
3897	-0.046919
3898	-0.938359
3904	-1.237897
3945	-0.448849
3990	-0.120608
4024	0.165800
4039	-0.422764
4048	0.069460
4050	-0.034242
4076	-0.422932
4094	0.574074
4170	-0.637832
4251	-1.033570
4252	-0.483505
4299	0.105007
4302	-0.382114
4318	0.275842
4319	0.766515
4320	0.532827
4360	-0.105025
4388	-1.449492
4414	-0.681149
4426	-0.101401
4446	-0.028485
4527	-0.018066
4545	-0.750712
4546	-0.809728
4554	-0.322722
4564	-0.769732
4567	-0.296833
4634	1.644616
4693	-0.772008
4736	0.972943
4761	-0.291317
4879	-0.277350
5071	0.835341
5138	0.402511
5164	0.542459
5182	1.129888
5183	0.831328
5184	-0.487084
5187	0.823397
5188	-0.280808
5189	0.237986
5193	0.927396
5194	0.737501
5195	0.006367
5197	-1.059674
5203	0.228513
5205	-0.437564
5212	-0.508078
5213	-0.698981
5222	-1.522357
5223	1.758308
5228	0.193662
5232	-0.745650
5244	0.767865
5245	-0.284399
5246	-1.239543
5248	-0.940068
5292	-0.523833
5293	-0.928775
5299	0.694262
5300	0.789571
5315	-1.291586
5316	-1.165359
5319	0.703009
5320	0.570840
5321	0.307822
5322	0.682346
5323	-0.841920
5324	-0.785916
5325	0.479077
5329	-0.804660
5342	-0.036370
5343	-0.220753
5374	0.315516
5376	0.878313
5378	0.811177
5379	-0.119543
5382	1.208282
5390	0.123243
5398	0.189341
5402	-1.420041
5404	0.416970
5407	-0.677132
5408	-0.657389
5409	-0.453154
5411	-0.628955
5412	-0.624682
5413	-0.987993
5416	-1.283722
5418	-0.398727
5422	-0.430603
5425	0.622729
5427	-0.070775
5428	-0.060446
5432	-0.518753
5436	1.162434
5443	-1.013638
5444	-2.021371
5458	-0.498046
5462	-3.157205
5465	0.339724
5468	-0.029654
5471	0.086876
5480	0.735196
5481	0.686439
5485	-0.301701
5486	0.135511
5488	0.511428
5489	0.025961
5495	0.878298
5513	-0.025466
5515	0.511607
5516	-0.396317
5521	-0.982646
5527	-0.364650
5528	-0.151071
5536	-1.112312
5537	-0.554835
5547	-0.529858
5565	-0.098338
5573	-0.337929
5579	0.185552
5583	0.227675
5586	-0.354125
5589	-0.244917
5590	-0.775886
5593	-0.225584
5599	-0.043326
5604	0.320782
5605	-1.002073
5606	-1.021525
5625	-0.218646
5649	-0.146932
5656	0.399393
5657	0.073689
5658	0.310809
5686	0.422645
5695	0.482187
5705	-0.456198
5706	0.454019
5716	-0.253603
5717	-0.001458
5718	0.626271
5719	-0.380568
5720	-0.631577
5724	-1.351861
5738	-0.606551
5742	1.096999
5750	-0.904507
5751	0.057276
5756	-0.482053
5761	-0.562200
5768	-0.464801
5773	-0.788787
5792	0.165890
5793	0.175853
5794	-0.277650
5806	-0.524740
5811	-0.525733
5812	-1.575699
5813	-1.532083
5814	-0.476783
5821	-0.325495
5823	0.518030
5825	0.468978
5831	-0.293276
5832	-0.365424
5833	1.029103
5847	1.007914
5849	0.073527
5851	-0.842260
5854	-0.674963
5858	-1.128287
5862	0.291954
5875	0.206046
5876	-1.275731
5903	-0.503226
5910	-0.772154
5912	-0.915091
5913	-1.274821
5925	-0.488680
5926	-0.186533
5927	0.011226
5928	-0.277080
5930	-0.164297
5931	-0.630200
5933	-0.744880
5934	0.623317
5937	0.825304
5939	-1.407916
5940	-0.735190
5941	0.001934
5943	0.598229
5963	-0.483857
5964	0.718544
5965	0.120627
5966	-0.031574
5968	-0.558777
5969	-0.172313
5970	-0.177157
5971	-0.133931
5975	0.513556
6006	0.028682
6011	0.126224
6017	-0.325148
6019	1.575927
6022	-0.271628
6032	-0.186381
6095	-0.263838
6115	-0.232450
6116	0.734749
6119	0.500336
6127	0.506619
6128	1.111171
6130	0.221545
6140	0.633525
6141	1.415060
6147	0.507358
6148	0.627674
6163	-0.140000
6164	-0.271839
6170	-0.864574
6171	0.085661
6177	0.858987
6184	1.560798
6200	1.023873
6204	0.054608
6206	0.389248
6223	0.749970
6240	1.016861
6245	0.067213
6253	-0.412752
6267	0.916161
6269	-1.229938
6290	0.805140
6303	-0.605939
6317	1.210955
6343	0.487847
6350	0.729506
6360	0.637619
6367	1.075735
6383	0.043333
6389	0.143259
6397	-0.322892
6398	0.798221
6406	0.337490
6407	1.409035
6412	-0.392747
6413	-0.171466
6434	0.549217
6435	-0.009185
6460	0.232819
6463	0.035913
6464	-0.076357
6489	-0.566554
6507	1.215195
6510	0.075178
6516	0.511046
6518	1.414119
6522	0.874829
6523	0.944811
6524	0.024381
6525	-0.201664
6531	-0.012158
6536	-0.780957
6575	-0.556491
6584	0.039186
6585	-0.478381
6586	-0.201178
6594	-0.597303
6595	-0.306219
6610	0.150416
6612	-0.135070
6615	0.066263
6624	0.013315
6628	0.612425
6649	-0.106139
6698	-0.053907
6706	-0.383102
6718	-0.434169
6719	-0.359639
6722	-0.103315
6770	-1.165566
6780	-0.895725
6781	-1.216387
6794	-0.088018
6795	-1.059227
6796	-0.977392
6799	1.039150
6809	0.097886
6837	-0.462775
6838	-0.329279
6839	-0.279924
6846	0.056893
6865	-0.064121
6869	-0.142072
6870	0.329012
6871	0.560192
6873	0.060929
6876	0.287038
6885	0.496185
6895	-0.744652
6896	-0.607957
6897	-0.681624
6900	-1.126976
6903	0.165399
6906	0.330122
6916	-0.343804
6917	-0.691530
6918	-0.325444
6919	0.112328
6938	-0.366362
6941	0.217470
6942	-0.052721
6943	-0.921097
6944	-1.176851
6948	-0.193566
6953	-0.748683
6957	1.058870
6958	-1.228439
6970	0.858482
6971	-0.082951
6976	-1.105400
6977	-1.373060
6990	0.036678
7014	-0.088407
7015	-0.012680
7016	0.657729
7018	0.691993
7019	1.132289
7042	0.877901
7053	-0.942328
7066	-0.569488
7067	-0.190922
7083	-0.022689
7092	1.449941
7100	0.798446
7103	0.474525
7110	0.349267
7111	1.479321
7112	1.281390
7113	0.925330
7116	-0.229895
7119	0.907400
7120	1.110841
7121	-0.747264
7122	1.100662
7140	-0.973526
7143	-1.335162
7157	0.539230
7165	-1.109652
7175	-0.854843
7178	-0.581729
7206	-0.051972
7207	0.040318
7217	-0.466523
7218	0.076074
7221	0.167458
7227	-0.127997
7230	0.471280
7236	-0.856787
7239	0.651660
7242	0.572001
7260	1.154018
7268	1.748976
7269	0.933754
7304	1.342178
7326	-1.757531
7327	-1.543042
7336	-0.173795
7342	-1.267408
7346	-0.221288
7348	-0.316442
7355	-0.226679
7361	-0.085025
7372	-1.268664
7387	0.114841
7422	0.121256
7423	0.235562
7425	0.582505
7436	0.327785
7442	0.112536
7446	-0.003265
7448	0.865674
7453	0.382520
7463	-0.452146
7492	-1.695253
7493	-0.360865
7494	-0.761520
7495	-0.684581
7518	0.389316
7520	0.630664
7540	-0.294108
7546	-0.149040
7556	0.019180
7559	-2.605174
7560	-0.129767
7561	-0.113190
7564	0.650485
7575	0.197521
7583	0.684542
7585	-0.297167
7586	1.063440
7599	-0.673860
7600	-0.065728
7606	-0.362078
7614	-0.927806
7617	0.399828
7622	1.176272
7629	1.179327
7637	-0.132784
7640	-0.406098
7657	-0.116215
7665	-0.747390
7666	-0.231882
7667	0.256528
7668	0.038673
7669	0.123800
7670	-1.020888
7671	0.539469
7681	0.399141
7683	0.233336
7684	-0.520035
7696	0.030405
7722	-0.132097
7723	0.312347
7799	0.919798
7852	-1.316014
7859	1.082912
7860	1.514700
7861	-0.464929
7865	0.881274
7875	0.886339
7876	0.444539
7895	1.585982
7913	-0.763986
7917	0.460138
7952	0.748580
7969	-1.088427
7971	0.157537
8000	0.682272
8002	0.190450
8006	0.009087
8036	0.334262
8056	0.335225
8069	1.144922
8103	-0.130231
8107	1.738646
8120	1.353453
8122	0.933123
8125	1.412223
8127	0.334398
8136	-0.506791
8149	-0.570183
8154	-0.073336
8197	-0.109913
8208	0.056875
8223	1.512081
8232	1.620499
8241	1.434054
8256	1.445314
8262	1.682588
8266	-0.304383
8267	1.102615
8268	0.888679
8269	0.836271
8271	1.384416
8273	1.140033
8280	0.332262
8284	0.145350
8303	1.522797
8304	1.339032
8305	1.245745
8308	1.829711
8332	1.288583
8333	0.289303
8334	0.130067
8338	0.972550
8363	1.221826
8370	1.662333
8398	-0.037900
8465	-1.404289
8468	1.093419
8469	1.045610
8470	0.394387
8507	0.713134
8552	-0.380897
8572	-0.188154
8574	0.301490
8577	0.058397
8586	-0.385295
8592	0.058762
8593	0.599535
8594	0.967540
8597	-0.889039
8599	0.701771
8606	0.214029
8607	0.306258
8615	-0.279012
8617	-0.074643
8626	0.266680
8636	0.498434
8669	0.876043
8671	0.248592
8673	0.753415
8675	0.772197
8790	-0.457289
8791	-0.023554
8811	-0.855308
8822	0.495606
8841	0.306765
8849	-0.792796
8856	0.317556
8875	-0.002876
8884	-1.041217
8906	0.680917
8907	0.040880
8910	-0.643937
8911	1.708072
8912	-0.973093
8913	0.614775
8934	-0.327637
8935	-0.299019
8954	1.470895
8968	0.077281
8972	0.411726
9001	-0.105650
9029	-0.451270
9032	-1.670462
9058	1.331364
9059	-0.311795
9068	-0.128586
9070	0.176288
9108	-1.360277
9139	0.481085
9140	0.660412
9158	-0.159299
9187	0.460644
9188	-0.508888
9189	0.661408
9190	-0.390463
9253	-0.879221
9259	-0.974199
9268	-1.157516
9269	-1.258400
9271	0.950497
9312	0.094366
9323	-1.096604
9329	-0.874626
9330	-0.650446
9331	-0.504422
9356	0.745155
9376	0.829533
9394	-1.251205
9424	-1.075923
9428	-0.407200
9429	-0.408388
9496	-0.029985
9536	0.737378
9543	-0.607510
9589	-0.043629
9614	-1.143534
9615	-1.082631
9617	-0.967272
9631	0.389990
9661	-0.185687
9668	0.904196
9718	-1.390682
9728	-0.541693
9734	0.861159
9788	-0.815296
9791	-0.202058
9793	-0.207972
9804	0.551808
9809	1.828661
9810	1.627631
9823	0.029918
9828	0.580589
9907	1.212274
9951	0.006697
9968	0.300894
9969	0.019591
10010	0.681546
10011	0.435089
10012	0.131165
10018	0.225715
10021	0.400310
10022	1.275466
10031	0.056213
10032	0.388417
10033	0.016851
10034	0.508818
10035	0.578100
10039	0.214396
10044	0.155617
10045	0.016900
10060	1.837974
10065	0.221298
10077	0.853495
10080	-0.080756
10130	0.284985
10131	1.347407
10149	-0.031343
10194	-1.084289
10197	-1.620470
10221	-0.790958
10226	0.289363
10232	-1.175626
10233	-2.323575
10263	-0.561456
10264	-0.962818
10274	-0.795688
10286	-2.407064
10292	-1.358909
10299	-0.127066
10302	-0.851896
10324	0.623836
10355	0.237832
10358	0.623698
10362	-0.376468
10366	-0.606225
10368	0.628291
10370	0.646549
10392	1.648052
10405	0.570389
10406	-0.105311
10409	0.569565
10419	-0.136868
10420	-0.211163
10424	-0.016237
10434	0.102287
10455	0.141363
10478	0.818397
10480	1.066340
10484	0.183832
10510	1.078213
10519	0.244127
10520	0.281002
10524	1.170634
10578	1.546377
10630	-0.866579
10643	-0.336367
10645	0.560022
10677	0.230030
10678	0.192744
10690	0.209910
10717	0.058389
10718	0.086449
10719	0.321025
10721	0.684669
10723	0.416713
10735	0.206475
10736	0.498570
10829	-0.060783
10837	1.002512
10846	0.664438
10921	0.065207
10922	-1.065881
10923	0.747740
10924	0.103125
10964	-0.225167
10978	0.610226
11017	-0.180399
11018	0.417196
11019	-0.083241
11032	1.257440
11034	0.926214
11035	1.483489
11036	0.693829
11052	-0.568129
11056	-0.713421
11060	0.406519
11063	0.534537
11064	0.198856
11068	-0.186643
11069	0.399681
11090	1.575110
11098	1.411984
11099	1.246356
11100	0.989693
11105	-0.021962
11109	0.807580
11122	-0.966593
11123	-1.329327
11125	-0.333877
11126	-1.309101
11149	1.650675
11153	-0.479119
11188	-1.852265
11193	1.129901
11230	1.473926
11233	0.288553
11236	-0.638784
11243	-1.191027
11251	0.144345
11259	-1.248223
11263	-0.335076
11272	2.176819
11321	0.760398
11322	-0.009003
11326	0.695902
11327	0.163060
11335	0.644765
11337	-0.618012
11343	0.728218
11390	-1.003688
11444	-0.139013
11464	-0.771360
11471	-1.361136
11472	-1.253579
11473	0.612075
11492	0.732024
11499	0.642227
11500	-0.335731
11505	-1.604057
11527	-3.102819
11528	-2.884769
11532	1.156409
11564	0.233980
11589	-0.207416
11591	-0.224299
11592	0.477294
11599	-0.993032
11605	-1.319177
11617	-0.464841
11630	0.150068
11631	-0.316684
11632	-0.585147
11656	-0.051546
11657	0.457467
11777	-0.545172
11786	-0.271687
11812	-0.581602
12020	-0.393298
12061	-0.140498
12115	-0.555234
12154	1.864887
12155	-0.283068
12156	-0.342370
12159	-0.191685
12174	0.255243
12176	2.248003
12230	-0.381834
12234	-1.014325
12236	-0.337518
12237	-0.075269
12250	-0.694649
12252	1.573380
12253	1.485790
12315	1.267323
12381	-0.213392
12382	0.032715
12438	-0.309438
12455	0.467466
12462	0.301711
12478	-0.104182
12603	-1.238202
12711	-0.530809
12714	-0.426132
12716	-0.128057
12754	-0.515747
12785	-1.606335
12788	-2.098860
12792	-2.205271
12898	-0.818159
12944	0.482105
12949	1.025416
13062	0.162311
13099	-1.315726
13160	0.218694
13198	-0.013839
13239	0.371017
13249	0.425436
13262	-0.443409
13263	-0.714201
13272	-1.688062
13273	0.611892
13277	-0.401484
13305	0.984565
13342	-0.495821
13343	-0.281943
13345	0.920209
13351	-0.803261
13357	-0.151440
13427	0.085812
13436	-0.386073
13455	-0.015957
13528	0.387675
13532	0.980817
13553	0.133185
13566	-0.848582
13651	0.173376
13653	1.272907
13675	0.041749
13676	-0.672822
13677	0.398597
13678	0.119305
13681	0.136117
13688	-0.653940
13697	0.225282
13705	0.055557
13708	0.963616
13737	0.426144
13760	-0.970090
13923	-1.193709
13927	-0.930656
13995	-0.101800
14002	-0.949823
14003	-1.095337
14021	-0.624712
14034	0.819487
14064	1.090037
14110	-0.458378
14155	-0.184944
14203	0.400114
14208	-1.137946
14340	1.439830
14356	-1.483329
14389	-0.925888
14499	0.522628
14625	-0.618030
14632	-0.695092
14637	-0.755353
14641	-1.081210
14685	-0.148841
14694	0.254737
14695	-0.090543
14699	-0.002398
14700	2.099025
14749	0.056374
14760	-0.369942
14790	0.379112
14791	0.146892
14796	-0.066576
14797	-0.634446
14891	-1.249742
14927	2.040636
15099	-1.211963
15182	0.430696
15243	-0.731337
15245	-0.394919
15254	-0.130533
15322	0.515433
15327	0.071390
15463	-0.121239
15496	-0.723702
15499	-0.363875
15502	-0.405148
15514	-0.072258
15566	0.430544
15580	0.384610
15583	0.327906
15586	-0.802566
15601	0.990022
15621	0.059543
15780	-0.096118
15869	0.205065
16082	0.576230
16281	0.858234
16293	-0.347017
16300	-2.506986
16304	-2.338888
16360	0.439006
16361	0.960728
16367	-0.400226
16432	0.103151
16433	0.066228
16438	-0.451143
16446	-0.623793
16453	-0.113355
16463	0.252623
16466	-0.686608
16477	-1.709997
16482	0.439830
16605	-0.763273
16606	-1.607886
16635	-0.241956
16638	-0.603956
16655	-0.444061
16673	0.009572
16676	0.086341
16677	0.011518
16678	0.107900
16808	0.470279
16829	0.400320
17150	-0.088703
17182	1.034400
17199	-2.576650
17273	0.108046
17431	-0.037330
17466	1.054390
17472	0.835954
17485	-0.428009
17585	0.391647
17620	-0.350557
17647	0.977280
17690	1.378672
17772	-1.635137
18410	-1.130010
19647	0.821318
21458	-1.186389
21885	0.384817
21973	-0.123762
21976	-0.140949
21977	0.244684
22084	0.236723
23475	0.022023
23754	-0.085354
23764	0.044208
24372	-1.157066
24918	0.542613
24944	-0.832961
25022	0.179527
25140	-0.306050
26484	-0.605853
27764	0.438473
28424	-0.778761
28845	-0.228294
29861	-1.216589
30684	0.141090
31288	-0.717765
31704	-0.000430
32421	0.237626
32520	-0.085468
32893	0.142262
34340	0.109931
35227	0.363501
35334	-0.608170
36499	-0.583411
36843	0.685597
36844	0.664935
36955	0.530709
36970	0.222172
39336	0.342754
39353	-0.505457
40538	-0.005959
40541	0.403043
40542	-0.202028
40599	1.674322
40601	0.411135
40602	0.778803
40656	-0.161851
40657	-0.218582
42157	-0.873307
42203	-0.762718
42204	-0.484085
42851	-0.412132
43061	-0.068947
44144	0.149526
45195	0.163326
47030	0.331843
47285	1.252835
47317	-1.253637
47457	0.721532
47460	0.149581
48147	0.344637
48297	0.257787
48474	-1.084301
48696	-0.921250
49516	2.029236
49630	0.278347
49927	0.332862
50199	-0.065486
50249	-1.357111
50259	0.085655
50904	0.683978
53231	1.561141
53471	0.464944
53531	0.176545
53986	-0.247490
55057	-0.733603
56431	-0.258691
56432	-0.163672
56466	0.760724
56478	0.142565
56621	0.752484
57644	0.398359
57756	0.319056
58783	-1.335552
59657	0.456729
59715	0.886185
64825	-0.303760
64947	-0.482925
65950	0.337142
70102	-0.703035
75003	1.161345
75099	1.432401
75742	-0.109967
75823	1.055573
75824	0.838132
78157	0.863794
78181	1.727267
78191	-0.227010
80479	0.502972
80480	-1.097214
80715	-0.059687
80719	-0.268998
80750	0.307575
81231	-0.843763
84436	-0.350530
84780	-0.400893
84844	0.120848
85002	0.135453
85003	1.062957
85659	-0.751705
85663	-0.903473
85710	-1.096145
92185	1.082778
96142	-1.018750
96144	-1.012092
96482	1.249562
98871	0.422515
