# 1342 minima projected onto PC55
# Min	PC
3	0.099517
4	0.093868
5	0.181938
6	0.159553
7	0.260729
9	-0.121216
16	0.031642
17	0.085014
21	0.070808
23	-0.139597
31	-0.255337
44	0.002486
47	0.124189
48	-0.114897
51	0.183790
52	0.142778
55	0.197934
56	0.264651
57	0.053895
58	0.095478
60	0.072645
67	-0.013430
68	0.104975
71	0.042090
72	0.062067
74	0.071114
79	-0.118209
82	-0.146708
85	0.053236
86	0.120036
87	0.044283
88	-0.058009
91	-0.010569
92	-0.049801
94	0.055568
95	0.130828
97	-0.019349
104	0.240022
106	0.310851
109	-0.132679
111	-0.010478
115	-0.477970
120	0.035162
126	-0.092805
129	-0.099047
136	1.014587
137	0.043954
188	-0.029699
189	0.040204
196	-1.162061
199	0.008083
200	0.192386
202	-0.070727
211	-0.103002
213	-0.010256
214	0.217076
219	-0.273184
221	-0.206304
276	0.048642
279	0.214590
283	0.146556
295	-0.052653
308	-0.026461
312	-0.101799
315	-0.394838
318	0.244324
319	0.045170
321	0.057902
324	0.067698
328	0.037669
334	0.068034
336	0.161117
338	-0.695406
347	0.123623
351	-0.372217
352	-0.069500
354	-0.118181
357	0.379166
359	-0.030317
362	-0.111269
364	0.021303
365	0.032036
368	-0.124361
376	0.300638
377	0.138037
380	0.098050
386	0.385179
388	0.147483
390	-0.028691
396	0.172894
404	0.134007
410	0.099800
413	0.032803
420	0.097376
423	-0.059709
424	-0.087143
437	-0.011335
438	0.233516
444	0.322470
452	-0.039119
473	0.049831
474	0.099109
475	-0.076868
476	-0.012926
478	0.055548
479	0.169140
480	0.032569
483	-0.389834
503	-0.028080
508	0.208529
509	-0.109200
530	-0.053942
536	0.112226
556	0.008717
581	0.024821
583	0.003907
603	-0.030161
606	0.166152
607	0.210375
620	0.280270
628	-0.021221
636	0.266468
637	-0.213371
639	0.131596
640	0.125790
644	-0.020516
645	-0.013140
677	0.214634
678	0.061812
679	0.189229
682	-0.191069
698	0.070023
700	0.240975
710	-0.030316
722	-0.063885
723	-0.093664
724	-0.001169
725	0.151743
726	0.094593
747	0.256726
753	0.025843
755	0.245763
757	0.050936
765	-0.164718
782	0.106607
783	-0.288141
793	-0.126417
808	-0.030077
814	0.186209
840	0.035475
848	0.040498
859	0.049540
864	-0.118861
867	-0.278560
878	0.000014
888	-0.781116
890	0.064879
892	-0.061260
899	0.134210
918	0.049333
926	-0.087303
933	-0.028986
934	-0.075589
981	0.029537
1028	0.108372
1034	0.367078
1051	0.104117
1054	-0.165763
1058	0.325598
1062	-0.100553
1063	0.194283
1064	-0.191430
1066	0.006685
1068	0.064609
1073	0.068163
1082	-0.035156
1083	0.091621
1086	-0.083328
1089	0.045438
1090	0.004740
1091	0.046969
1092	-0.065585
1164	-0.049595
1165	0.079568
1174	-0.151101
1176	0.146113
1184	-0.000876
1191	-0.003732
1192	-0.050247
1201	0.043615
1230	-0.176595
1339	-0.073171
1341	-0.089006
1370	0.024152
1385	0.174541
1405	0.162135
1437	0.026249
1441	-0.182290
1443	0.064959
1521	0.000640
1522	0.115668
1523	0.115494
1524	-0.096514
1525	-0.125513
1541	-0.061482
1542	0.087089
1550	-0.080756
1551	-0.133129
1596	0.018953
1597	-0.020579
1628	0.150780
1629	-0.040076
1633	-0.098329
1636	-0.084608
1637	-0.484709
1765	-0.159586
1766	-0.131826
1780	0.043017
1862	-0.007169
1865	0.085100
1870	-0.005785
1885	0.688289
1910	-0.019089
1911	0.166665
2007	0.283645
2060	-0.534287
2062	0.113104
2090	0.111649
2093	0.159123
2094	0.047875
2095	0.124653
2096	-0.073129
2100	-0.093870
2101	0.180950
2102	0.207201
2103	0.224146
2104	0.246743
2105	0.060723
2128	-0.111930
2129	-0.011948
2135	-0.166542
2190	0.126211
2195	-0.015983
2197	-0.030716
2198	-0.030367
2199	-0.145721
2200	0.076866
2201	-0.009895
2202	-0.066334
2205	-0.017796
2217	0.155252
2218	0.363541
2221	0.219683
2272	-0.143678
2273	0.116996
2275	0.304586
2288	-0.009468
2293	0.050288
2298	0.071780
2299	0.030732
2300	-0.135997
2301	-0.078948
2338	0.045089
2342	0.065360
2343	-0.119270
2358	-0.032489
2384	0.068284
2385	0.026543
2399	0.104903
2435	0.190993
2436	-0.023333
2465	-0.033047
2467	0.206238
2468	-0.063823
2469	-0.280278
2470	0.155072
2471	-0.154214
2474	-0.027681
2620	-0.258832
2650	-0.106291
2651	-0.167433
2685	0.226628
2688	0.062483
2730	0.186140
2843	0.052197
2951	-0.122091
2959	-0.187126
3236	0.037301
3305	-1.048069
3318	-0.199216
3340	-0.047373
3352	-0.173202
3355	0.114692
3356	-0.061461
3365	0.037339
3366	-0.139640
3367	-0.179779
3368	0.018988
3401	0.105077
3405	0.681351
3434	0.053081
3448	0.246622
3454	0.052110
3481	0.189625
3495	0.149466
3504	0.043135
3532	-0.138666
3540	0.240171
3549	0.020602
3550	-0.209018
3569	0.047640
3595	-0.093214
3596	0.010161
3603	-0.264647
3621	0.004632
3622	-0.008237
3647	0.085817
3649	0.120016
3651	-1.143360
3652	0.130909
3723	0.112963
3757	-0.036636
3772	0.069116
3787	0.232738
3798	0.155651
3799	0.377948
3889	-0.063588
3897	0.103201
3898	0.090598
3904	0.002475
3945	0.034200
3990	0.033453
4024	-0.022728
4039	-0.137442
4048	0.073406
4050	0.171484
4076	-0.079614
4094	0.054142
4170	-0.095033
4251	0.020040
4252	0.010801
4299	-0.124478
4302	-0.060990
4318	0.130208
4319	0.035432
4320	0.162477
4360	0.081525
4388	0.073303
4414	-0.168877
4426	-0.177236
4446	-0.701322
4527	-0.052145
4545	-0.166327
4546	0.063132
4554	-0.323919
4564	-0.021086
4567	-0.013960
4634	-0.190744
4693	0.055468
4736	-0.045561
4761	0.158930
4879	-0.024989
5071	0.220432
5138	-0.003496
5164	0.118250
5182	-0.077696
5183	0.059940
5184	0.054616
5187	0.068379
5188	-0.143276
5189	-0.140982
5193	0.004941
5194	0.005585
5195	-0.078963
5197	-0.113201
5203	0.361883
5205	-0.011774
5212	-0.094419
5213	-0.041138
5222	-0.078662
5223	0.269952
5228	0.212880
5232	-0.039365
5244	-0.161143
5245	0.467050
5246	0.168397
5248	-0.211322
5292	-0.027627
5293	-0.120332
5299	-0.053626
5300	-0.429611
5315	-0.084100
5316	-0.116887
5319	-0.043807
5320	-0.036679
5321	-0.031086
5322	-0.176743
5323	-0.193880
5324	0.060731
5325	0.209001
5329	-0.214446
5342	0.015647
5343	-0.063282
5374	-0.103973
5376	0.029203
5378	-0.124672
5379	-0.094962
5382	0.247871
5390	-0.105830
5398	-0.193790
5402	-0.042568
5404	0.110083
5407	-0.073481
5408	0.026572
5409	-0.105963
5411	-0.005213
5412	-0.171956
5413	-0.040367
5416	-0.102534
5418	-0.176951
5422	-0.076628
5425	0.010293
5427	0.003220
5428	-0.010131
5432	0.308985
5436	-0.033000
5443	0.038108
5444	0.109706
5458	-0.101115
5462	0.318071
5465	-0.217204
5468	-0.015871
5471	-0.239010
5480	-0.165325
5481	-0.043765
5485	-0.079639
5486	-0.174934
5488	0.028857
5489	-0.056794
5495	0.021421
5513	0.019898
5515	-0.085436
5516	0.222328
5521	0.073780
5527	-0.080420
5528	0.154127
5536	0.134654
5537	0.082402
5547	-0.085170
5565	-0.069123
5573	0.191442
5579	-0.083732
5583	0.000883
5586	0.469724
5589	-0.015797
5590	0.257501
5593	0.037207
5599	-0.207271
5604	-0.628074
5605	0.271881
5606	-0.062075
5625	0.493873
5649	-0.039454
5656	0.043661
5657	0.464730
5658	-0.021224
5686	-0.089643
5695	-0.089864
5705	0.488737
5706	0.005618
5716	-0.088489
5717	0.009469
5718	-0.054393
5719	0.048548
5720	0.026245
5724	0.013614
5738	0.037437
5742	0.051454
5750	-0.153964
5751	0.045263
5756	-0.064251
5761	0.129501
5768	-0.070692
5773	0.060962
5792	-0.161221
5793	0.335546
5794	-0.063725
5806	0.053789
5811	0.137998
5812	0.099658
5813	-0.036826
5814	-0.049923
5821	0.032553
5823	-0.252572
5825	-0.014078
5831	-0.175190
5832	-0.128121
5833	-0.039960
5847	-0.080997
5849	-0.145606
5851	0.057513
5854	-0.044961
5858	0.230015
5862	0.001047
5875	-0.300740
5876	0.166626
5903	-0.000904
5910	-0.015191
5912	-0.438786
5913	-0.509764
5925	-0.012583
5926	0.079236
5927	0.176676
5928	-0.096393
5930	-0.172944
5931	-0.092078
5933	0.264650
5934	-0.085963
5937	-0.156567
5939	0.110423
5940	-0.027684
5941	-0.165079
5943	-0.151627
5963	-0.045197
5964	-0.155072
5965	-0.190726
5966	0.000632
5968	0.132762
5969	-0.137461
5970	0.125423
5971	-0.027874
5975	0.788565
6006	0.033414
6011	-0.241870
6017	0.267433
6019	-0.074867
6022	0.249422
6032	-0.451614
6095	-0.058346
6115	0.164462
6116	0.021005
6119	-0.135842
6127	-0.175061
6128	-0.202840
6130	0.162817
6140	0.004375
6141	-0.263788
6147	0.316374
6148	0.313010
6163	-0.179744
6164	0.081216
6170	0.220855
6171	-0.024551
6177	-0.120345
6184	0.049665
6200	-0.343817
6204	-0.205480
6206	-0.059991
6223	-0.080020
6240	-0.088499
6245	0.191918
6253	0.065244
6267	0.107723
6269	0.152090
6290	-0.028600
6303	0.127055
6317	0.237984
6343	-0.052749
6350	0.051144
6360	-0.128548
6367	-0.027999
6383	-0.114052
6389	0.082525
6397	0.121114
6398	-0.000590
6406	-0.178716
6407	0.168632
6412	0.136130
6413	0.157272
6434	0.169120
6435	0.189617
6460	0.058648
6463	-0.136043
6464	-0.060828
6489	0.138582
6507	0.122565
6510	-0.223162
6516	-0.022153
6518	0.236211
6522	-0.141941
6523	-0.051866
6524	-0.042083
6525	-0.020447
6531	-0.287125
6536	0.114066
6575	-0.062773
6584	-0.043695
6585	0.062055
6586	-0.017330
6594	-0.101244
6595	0.046249
6610	0.065659
6612	-0.076591
6615	-0.016577
6624	-0.147156
6628	-0.128970
6649	0.102513
6698	-0.260722
6706	-0.082122
6718	0.017919
6719	0.139054
6722	-0.106008
6770	-0.249909
6780	-0.155667
6781	-0.170602
6794	-0.138264
6795	-0.093654
6796	0.208926
6799	-0.022249
6809	-0.062539
6837	-0.171784
6838	-0.335049
6839	0.241299
6846	0.351740
6865	-0.166988
6869	0.076567
6870	0.058125
6871	0.124667
6873	0.007084
6876	0.031987
6885	0.052207
6895	-0.036981
6896	0.295354
6897	0.032144
6900	-0.210788
6903	0.138817
6906	-0.106278
6916	-0.024734
6917	-0.023033
6918	0.061098
6919	-0.216222
6938	-0.086663
6941	-0.056803
6942	-0.058208
6943	0.137619
6944	0.276922
6948	-0.134607
6953	-0.114461
6957	-0.016984
6958	0.162838
6970	-0.133961
6971	-0.162218
6976	-0.029099
6977	-0.172327
6990	0.152078
7014	0.006228
7015	0.079173
7016	-0.019767
7018	0.280229
7019	0.252788
7042	-0.057493
7053	-0.042389
7066	0.093766
7067	-0.062795
7083	0.031023
7092	-0.068245
7100	-0.031129
7103	-0.053191
7110	0.120385
7111	-0.110470
7112	-0.037253
7113	0.127865
7116	0.024108
7119	-0.078249
7120	0.044304
7121	-0.032996
7122	-0.088689
7140	0.024528
7143	-0.088596
7157	-0.045737
7165	0.057296
7175	0.097306
7178	0.045246
7206	-0.341453
7207	0.212094
7217	0.123352
7218	-0.000237
7221	0.002266
7227	0.076770
7230	0.070210
7236	-0.070372
7239	-0.100715
7242	0.116079
7260	0.090061
7268	0.399868
7269	-0.097713
7304	-0.066980
7326	-1.059240
7327	-0.903441
7336	-0.073049
7342	0.008932
7346	0.030954
7348	0.190858
7355	-0.192693
7361	-0.136820
7372	-0.077855
7387	0.026896
7422	-0.108740
7423	0.140882
7425	0.007778
7436	-0.004720
7442	0.125894
7446	-0.321942
7448	-0.022613
7453	-0.022474
7463	-0.152270
7492	0.105198
7493	-0.295440
7494	-0.220152
7495	-0.310971
7518	-0.017362
7520	0.078736
7540	-0.000444
7546	-0.053693
7556	-0.006255
7559	0.209281
7560	-0.071642
7561	-0.044288
7564	0.046689
7575	-0.062857
7583	0.048400
7585	0.055275
7586	-0.079973
7599	0.214211
7600	0.201541
7606	0.223030
7614	0.032882
7617	0.236801
7622	-0.085366
7629	-0.209094
7637	-0.007328
7640	0.102063
7657	-0.003406
7665	-0.000919
7666	-0.011059
7667	0.012147
7668	0.084604
7669	-0.395460
7670	0.143877
7671	-0.048078
7681	0.386495
7683	0.268224
7684	0.000152
7696	-0.111575
7722	-0.371845
7723	0.302900
7799	0.418437
7852	-0.196224
7859	-0.151539
7860	-0.008841
7861	-0.053713
7865	0.150314
7875	0.091045
7876	-0.037370
7895	0.048504
7913	-0.038309
7917	-0.063017
7952	-0.041942
7969	0.070712
7971	0.101406
8000	0.017732
8002	0.076391
8006	0.214985
8036	0.035404
8056	-0.118543
8069	0.060814
8103	-0.144885
8107	0.047690
8120	0.063131
8122	0.261946
8125	-0.044814
8127	0.267348
8136	0.047530
8149	-0.008874
8154	-0.140887
8197	-0.057901
8208	-0.027720
8223	-0.073395
8232	-0.069775
8241	0.259899
8256	0.090452
8262	0.073366
8266	-0.036654
8267	0.119276
8268	0.076254
8269	0.206010
8271	-0.099535
8273	0.149896
8280	-0.002581
8284	-0.116520
8303	0.037070
8304	0.055562
8305	0.066251
8308	0.079720
8332	0.274487
8333	0.111112
8334	0.156440
8338	0.441008
8363	0.040760
8370	-0.127659
8398	-0.060032
8465	-0.010867
8468	0.120572
8469	0.044513
8470	0.020868
8507	-0.154451
8552	0.004020
8572	-0.119028
8574	-0.181005
8577	-0.055211
8586	0.161622
8592	0.071602
8593	-0.068932
8594	0.047283
8597	0.068250
8599	0.082206
8606	-0.087764
8607	-0.021472
8615	-0.010199
8617	0.010861
8626	-0.176332
8636	0.161710
8669	-0.044328
8671	0.059329
8673	0.181880
8675	-0.169407
8790	-0.118021
8791	0.006540
8811	-0.775732
8822	0.029380
8841	0.055331
8849	0.082801
8856	0.572928
8875	-0.100699
8884	0.474642
8906	0.096825
8907	-0.195600
8910	-0.169107
8911	-0.172699
8912	-0.010999
8913	-0.051398
8934	-0.023504
8935	-0.186864
8954	0.066040
8968	-0.037797
8972	0.108798
9001	-0.352461
9029	0.005805
9032	0.139122
9058	-0.233826
9059	-0.079382
9068	0.087118
9070	0.068177
9108	0.111766
9139	-0.054280
9140	0.048353
9158	0.178012
9187	-0.118331
9188	0.112796
9189	-0.305513
9190	0.088149
9253	-0.142871
9259	0.406428
9268	-0.205986
9269	0.240735
9271	-0.080986
9312	-0.134352
9323	-0.112575
9329	-0.257717
9330	-0.232457
9331	-0.185663
9356	-0.027576
9376	-0.056115
9394	-0.217031
9424	0.206623
9428	-0.049055
9429	0.125697
9496	0.157971
9536	0.058391
9543	-0.184074
9589	0.190357
9614	0.338666
9615	0.144888
9617	0.317184
9631	-0.104412
9661	-0.041798
9668	-0.255501
9718	0.257030
9728	0.130614
9734	-0.050708
9788	0.089257
9791	0.063606
9793	-0.023736
9804	0.288596
9809	-0.048358
9810	-0.059664
9823	0.139651
9828	0.001861
9907	-0.030958
9951	0.147065
9968	-0.048581
9969	-0.019304
10010	0.040899
10011	-0.115671
10012	0.024653
10018	0.065410
10021	0.198463
10022	-0.011644
10031	0.025167
10032	0.115614
10033	0.129381
10034	0.168135
10035	0.135793
10039	-0.217655
10044	0.006010
10045	-0.231896
10060	-0.154040
10065	0.199286
10077	-0.028722
10080	0.042596
10130	-0.146713
10131	0.044833
10149	-0.039458
10194	-0.036416
10197	-0.213790
10221	-0.154816
10226	0.069616
10232	-0.225585
10233	0.032256
10263	-0.246486
10264	-0.102977
10274	0.070027
10286	0.021975
10292	-0.169702
10299	0.025644
10302	0.239049
10324	-0.218581
10355	-0.134968
10358	-0.024834
10362	0.177103
10366	0.322728
10368	0.048284
10370	-0.075771
10392	-0.003597
10405	-0.126623
10406	0.031140
10409	0.040419
10419	0.101267
10420	-0.003758
10424	0.094484
10434	0.033806
10455	0.085585
10478	-0.000453
10480	-0.280431
10484	0.019321
10510	0.030697
10519	-0.723793
10520	0.040353
10524	0.081081
10578	0.013934
10630	-0.066282
10643	0.007495
10645	-0.057628
10677	0.097350
10678	0.142401
10690	0.103884
10717	0.290465
10718	0.249061
10719	-0.152785
10721	0.062574
10723	-0.065702
10735	-0.016937
10736	0.197970
10829	-0.077577
10837	-0.246128
10846	-0.090620
10921	-0.209350
10922	-0.112398
10923	-0.134091
10924	0.082295
10964	0.118681
10978	-0.023940
11017	-0.488420
11018	-0.257179
11019	-0.105535
11032	-0.084229
11034	0.037038
11035	-0.171424
11036	0.132787
11052	-0.093350
11056	0.121983
11060	-0.129411
11063	-0.114306
11064	0.092032
11068	0.061133
11069	-0.158140
11090	0.032749
11098	-0.034693
11099	0.036166
11100	0.118313
11105	-0.071669
11109	-0.259653
11122	-0.007991
11123	-0.020885
11125	0.126355
11126	-0.109559
11149	-0.129804
11153	0.099483
11188	-0.048775
11193	-0.022245
11230	0.166558
11233	0.091228
11236	-0.065436
11243	-0.036627
11251	0.183823
11259	0.320091
11263	-0.154202
11272	0.276330
11321	0.303091
11322	-0.119138
11326	-0.132082
11327	-0.268753
11335	-0.347766
11337	0.139139
11343	-0.115179
11390	0.279356
11444	-0.273894
11464	-0.190878
11471	-0.156971
11472	-0.273483
11473	-0.109923
11492	0.017551
11499	0.095665
11500	-0.133111
11505	0.125290
11527	0.197086
11528	0.301904
11532	0.042147
11564	0.097398
11589	0.146626
11591	0.204493
11592	0.160451
11599	0.053586
11605	-0.201288
11617	-0.122596
11630	0.061234
11631	-0.317485
11632	0.097178
11656	0.183112
11657	-0.073200
11777	-0.198396
11786	-0.067774
11812	0.029959
12020	0.155725
12061	-0.258270
12115	0.111023
12154	-0.037901
12155	0.212733
12156	0.072894
12159	0.003580
12174	-0.042230
12176	0.309856
12230	-0.226247
12234	-0.059656
12236	-0.254551
12237	-0.892446
12250	-0.395060
12252	-0.035448
12253	-0.135137
12315	-0.099251
12381	-0.272999
12382	-0.276913
12438	-0.365531
12455	0.149033
12462	0.012872
12478	-0.015089
12603	-0.239866
12711	0.146702
12714	-0.022685
12716	-0.042360
12754	-0.076738
12785	0.303893
12788	0.217125
12792	-0.128315
12898	0.194898
12944	-0.291810
12949	0.171162
13062	0.727259
13099	0.113300
13160	0.037991
13198	0.155691
13239	0.061906
13249	-0.161142
13262	-0.023798
13263	-0.665491
13272	-1.032323
13273	-0.023940
13277	0.008345
13305	0.585272
13342	-0.065595
13343	-0.099841
13345	-0.410390
13351	0.017413
13357	-0.082366
13427	0.084491
13436	-0.060645
13455	-0.035212
13528	-0.212952
13532	-0.173931
13553	0.004112
13566	0.022646
13651	0.072261
13653	0.197605
13675	-0.144950
13676	0.118735
13677	0.097549
13678	-0.091718
13681	0.064760
13688	0.051131
13697	-0.021435
13705	-0.131475
13708	0.132423
13737	-0.154897
13760	0.103216
13923	0.428891
13927	0.296558
13995	-0.038062
14002	0.000434
14003	-0.131545
14021	0.088942
14034	0.533260
14064	0.631456
14110	-0.123734
14155	-0.084068
14203	0.198539
14208	0.023280
14340	-0.051335
14356	0.078395
14389	-0.283820
14499	-0.040601
14625	0.085364
14632	0.503118
14637	-0.017945
14641	0.016581
14685	0.177896
14694	-0.045095
14695	0.054028
14699	-0.086037
14700	-0.107594
14749	0.148862
14760	-0.071951
14790	0.031578
14791	0.064992
14796	0.087951
14797	0.051402
14891	-0.094403
14927	0.276412
15099	-0.156491
15182	0.530555
15243	-0.160276
15245	-0.340048
15254	0.191587
15322	0.016594
15327	-0.008572
15463	0.109547
15496	0.003943
15499	-0.199874
15502	0.006235
15514	0.075459
15566	-0.137247
15580	-0.284338
15583	-0.301697
15586	0.086304
15601	0.663496
15621	-0.219093
15780	0.069593
15869	-0.392626
16082	1.011888
16281	0.058164
16293	0.024866
16300	0.337921
16304	0.142888
16360	-0.068032
16361	0.091658
16367	0.118147
16432	0.268165
16433	0.350337
16438	0.015607
16446	-0.118931
16453	0.025741
16463	0.006607
16466	0.131907
16477	-0.138009
16482	0.052976
16605	-0.070884
16606	-0.453460
16635	0.003475
16638	0.418994
16655	0.310051
16673	0.482165
16676	0.251085
16677	0.268548
16678	0.048366
16808	-0.039652
16829	0.113356
17150	-0.399830
17182	-0.074091
17199	0.198709
17273	0.274868
17431	0.066572
17466	-0.180985
17472	-0.100133
17485	-0.047262
17585	-0.029462
17620	0.005021
17647	0.600387
17690	-0.008377
17772	-1.084498
18410	0.264080
19647	-0.629093
21458	-1.251169
21885	0.350430
21973	0.098867
21976	-0.025456
21977	-0.087006
22084	-0.124110
23475	0.095324
23754	-0.245544
23764	-0.025147
24372	-0.050113
24918	1.162928
24944	-0.029390
25022	0.170742
25140	-0.232225
26484	-0.022271
27764	-0.071383
28424	-0.097611
28845	0.056110
29861	-0.165576
30684	0.125408
31288	0.237381
31704	-0.066183
32421	-0.397586
32520	0.238299
32893	0.150285
34340	-0.407433
35227	-0.316217
35334	0.050082
36499	-0.070514
36843	-0.069543
36844	-0.052293
36955	0.265429
36970	0.289154
39336	-0.133017
39353	0.247215
40538	0.293242
40541	-0.002868
40542	0.089527
40599	-0.024498
40601	-0.254227
40602	0.075291
40656	-0.045666
40657	0.194257
42157	0.151149
42203	0.023273
42204	-0.062067
42851	0.176270
43061	0.070466
44144	-0.192906
45195	0.261859
47030	-0.122025
47285	-0.047833
47317	0.284975
47457	-0.718974
47460	-0.044474
48147	-0.026457
48297	0.696262
48474	-0.220275
48696	-0.135967
49516	-0.208944
49630	-0.160675
49927	0.992987
50199	0.414012
50249	-0.000073
50259	-0.302234
50904	0.269711
53231	-0.035654
53471	-0.246672
53531	-0.100105
53986	-0.176389
55057	-1.109730
56431	0.153319
56432	0.138796
56466	0.011431
56478	0.276189
56621	0.077712
57644	-0.203316
57756	0.083908
58783	-1.109809
59657	-0.087618
59715	-0.293995
64825	0.147765
64947	-0.018081
65950	-0.276177
70102	0.190338
75003	0.223775
75099	0.263895
75742	0.275154
75823	0.104801
75824	0.005866
78157	-0.368985
78181	-0.433888
78191	-0.085484
80479	-0.116828
80480	0.366511
80715	-0.101670
80719	-0.300142
80750	-0.185640
81231	0.074546
84436	0.084736
84780	-0.058757
84844	-0.066440
85002	-0.199795
85003	0.447499
85659	0.165036
85663	-0.032199
85710	-0.030232
92185	-0.554886
96142	-0.275695
96144	-0.100925
96482	-0.031207
98871	-0.149782
