# 1342 minima projected onto PC21
# Min	PC
3	0.232802
4	-0.089118
5	0.183847
6	-0.907590
7	2.443728
9	0.357118
16	-0.921867
17	0.062682
21	-0.304200
23	-1.038841
31	-0.470742
44	-0.455561
47	-0.673137
48	0.823336
51	0.645253
52	-0.027828
55	-0.028599
56	-0.536015
57	-0.372423
58	-0.763035
60	-1.062711
67	0.099952
68	-0.767283
71	-1.002231
72	-1.289423
74	-0.555786
79	0.790137
82	-1.301691
85	0.277636
86	-0.404676
87	0.355798
88	1.665749
91	-0.883935
92	1.362246
94	-0.011948
95	-0.668816
97	0.634605
104	0.773634
106	1.530727
109	0.656758
111	2.159165
115	-0.351064
120	-0.165961
126	0.524772
129	-0.681237
136	0.583101
137	0.526411
188	-1.207148
189	-1.214382
196	0.631285
199	-0.962946
200	0.984058
202	-0.444488
211	-0.650042
213	-1.493768
214	-0.118033
219	0.348265
221	0.006073
276	-1.409545
279	-1.051812
283	-1.340089
295	-0.542906
308	-0.773805
312	0.130321
315	0.298003
318	-0.054366
319	0.285249
321	-0.416168
324	0.015805
328	0.619069
334	-0.711524
336	-0.882065
338	-0.085719
347	-1.598660
351	-0.549621
352	0.409498
354	0.398833
357	-1.293419
359	-0.593456
362	0.006260
364	0.962176
365	1.260825
368	0.285880
376	0.908765
377	1.194139
380	-1.576548
386	2.592507
388	-0.306614
390	-0.542379
396	-0.417699
404	-0.955626
410	0.622334
413	-1.092481
420	0.318365
423	0.174582
424	0.763190
437	0.498001
438	-1.211831
444	-0.753158
452	-0.392397
473	-0.754546
474	-1.275037
475	-0.352595
476	-0.921858
478	-0.854085
479	-1.019785
480	-0.571229
483	-0.281786
503	1.826121
508	0.462316
509	-0.907617
530	-0.013695
536	1.080353
556	-1.210342
581	0.086529
583	-0.177161
603	-0.766612
606	-0.834192
607	0.278291
620	2.540236
628	-1.746509
636	0.842441
637	-0.244676
639	-0.365751
640	-0.250860
644	-0.729410
645	-0.442655
677	-0.136644
678	0.116619
679	-0.919726
682	0.449101
698	-0.706318
700	-1.292919
710	-0.818502
722	-0.805181
723	-0.877381
724	-0.332470
725	0.314745
726	0.057686
747	0.741354
753	0.099234
755	1.161408
757	0.210973
765	0.521667
782	-1.329088
783	0.603579
793	-0.899484
808	-1.325588
814	0.338099
840	1.099301
848	-0.133282
859	-0.480467
864	-0.055190
867	-0.175911
878	-0.292434
888	0.418805
890	-1.234220
892	0.852142
899	-0.544729
918	-0.413978
926	-0.290592
933	1.375591
934	0.605207
981	-1.233544
1028	0.685693
1034	2.969451
1051	0.995873
1054	1.090306
1058	0.104549
1062	0.772510
1063	0.241785
1064	0.853834
1066	-1.732255
1068	-0.931787
1073	-0.021611
1082	-0.098944
1083	-0.304949
1086	-0.670052
1089	-0.296465
1090	-0.218028
1091	-0.325988
1092	0.188150
1164	-0.912057
1165	-0.754249
1174	1.150381
1176	-0.080389
1184	0.254793
1191	-1.040915
1192	-0.333582
1201	0.591009
1230	1.272018
1339	0.812319
1341	-0.807525
1370	-0.621001
1385	0.776648
1405	-1.088835
1437	-0.615613
1441	0.806102
1443	0.585097
1521	-0.080550
1522	-0.359220
1523	-0.709447
1524	-0.135930
1525	-0.342499
1541	0.281606
1542	-0.565628
1550	-0.378028
1551	-0.139784
1596	1.383731
1597	-0.598491
1628	0.096922
1629	-1.447225
1633	0.964336
1636	-0.691108
1637	-0.299927
1765	-0.747120
1766	-1.337091
1780	0.101159
1862	-0.718734
1865	0.603091
1870	-0.404740
1885	0.245981
1910	-1.274356
1911	-1.430648
2007	2.892811
2060	0.352123
2062	-0.305921
2090	-0.283319
2093	-0.237384
2094	1.101501
2095	-1.143495
2096	0.651251
2100	-0.704389
2101	1.529421
2102	2.329190
2103	1.452145
2104	2.255025
2105	0.456078
2128	-0.033885
2129	-0.385650
2135	-0.633665
2190	-1.573276
2195	-0.815103
2197	-0.615002
2198	-0.277967
2199	-0.169520
2200	-0.591196
2201	0.034658
2202	-0.549831
2205	0.739003
2217	-0.684219
2218	-0.319947
2221	0.152832
2272	-0.599558
2273	-0.877658
2275	0.417591
2288	-1.110521
2293	-0.760226
2298	-1.233622
2299	-1.392969
2300	0.371064
2301	0.562556
2338	-0.561709
2342	0.344503
2343	0.371580
2358	-0.066020
2384	0.284943
2385	-0.920546
2399	-0.317215
2435	-0.578247
2436	1.151338
2465	-0.173286
2467	-0.966205
2468	-0.844308
2469	0.528364
2470	-0.372053
2471	0.812471
2474	0.563161
2620	0.561779
2650	-0.400504
2651	-0.041728
2685	-1.045474
2688	-1.026775
2730	-0.984655
2843	0.317352
2951	0.165830
2959	0.487771
3236	0.085028
3305	0.139755
3318	0.457502
3340	-0.043388
3352	0.520391
3355	-0.136942
3356	0.012798
3365	-0.954936
3366	-1.144922
3367	-0.916663
3368	-0.850434
3401	-0.642268
3405	0.574790
3434	-0.648081
3448	0.312130
3454	0.989180
3481	0.123480
3495	0.343078
3504	0.426548
3532	-1.250911
3540	0.059678
3549	0.788894
3550	0.158086
3569	-1.482351
3595	-0.815316
3596	0.343409
3603	0.411707
3621	-0.299530
3622	1.210256
3647	-0.370799
3649	-1.061742
3651	0.904142
3652	-0.266191
3723	-1.256663
3757	0.508910
3772	-0.856460
3787	0.444467
3798	-0.798052
3799	-0.186024
3889	0.100944
3897	-0.287761
3898	-0.487927
3904	-0.497057
3945	1.049064
3990	-0.735988
4024	0.328483
4039	-0.533328
4048	-1.676555
4050	-1.157647
4076	-0.517213
4094	-1.257921
4170	1.203501
4251	-0.294426
4252	0.876402
4299	0.307920
4302	-0.954837
4318	-1.137894
4319	-0.349257
4320	-0.097885
4360	-1.338759
4388	0.180826
4414	-0.390604
4426	-0.714590
4446	1.170628
4527	-0.846464
4545	-0.711460
4546	-0.315009
4554	-0.521103
4564	0.968609
4567	-1.167572
4634	1.513056
4693	-0.596839
4736	0.803137
4761	-0.215814
4879	0.621767
5071	-0.662218
5138	0.116000
5164	0.315913
5182	0.291956
5183	-0.094391
5184	1.672567
5187	-0.197046
5188	0.666259
5189	0.769637
5193	-0.970276
5194	-0.148562
5195	0.261593
5197	0.881509
5203	-0.238640
5205	0.414536
5212	0.315189
5213	0.634745
5222	0.598015
5223	0.053566
5228	1.316504
5232	0.390691
5244	1.170611
5245	-0.554692
5246	0.128311
5248	0.252451
5292	0.982995
5293	0.491518
5299	-1.201378
5300	-1.210414
5315	0.187696
5316	1.058497
5319	-0.413348
5320	-0.202260
5321	0.033685
5322	-0.389942
5323	-0.123483
5324	0.619977
5325	-1.032563
5329	-0.152872
5342	0.074190
5343	0.770201
5374	1.017545
5376	-0.330995
5378	0.070113
5379	1.017863
5382	1.828781
5390	0.657848
5398	0.482773
5402	0.292971
5404	-0.200403
5407	-0.011320
5408	0.940801
5409	0.504916
5411	-0.240916
5412	0.638652
5413	-0.298298
5416	0.073477
5418	0.247668
5422	-0.280620
5425	-0.422122
5427	-1.193767
5428	-0.283802
5432	-0.423951
5436	0.249901
5443	3.855971
5444	-0.053904
5458	0.834051
5462	2.952335
5465	0.733543
5468	-0.472320
5471	0.948205
5480	-0.532068
5481	0.004986
5485	-0.389230
5486	-0.794100
5488	-1.068606
5489	-0.879659
5495	-1.561990
5513	-0.725808
5515	-0.040000
5516	-0.083673
5521	-0.081005
5527	0.067321
5528	-0.592246
5536	0.019576
5537	0.020549
5547	0.348385
5565	-1.099347
5573	-0.706322
5579	1.694557
5583	-0.798835
5586	-0.666559
5589	-0.336026
5590	0.053971
5593	-0.695384
5599	0.674872
5604	-0.785264
5605	0.372232
5606	0.731805
5625	0.576006
5649	-0.728255
5656	-1.273193
5657	1.134240
5658	-0.820986
5686	0.246750
5695	-1.170049
5705	-0.434313
5706	-1.485651
5716	-0.229523
5717	-0.559733
5718	-0.824836
5719	-0.024433
5720	0.028867
5724	0.327787
5738	-0.346020
5742	0.423460
5750	0.999719
5751	0.124192
5756	0.063850
5761	-0.330062
5768	-0.108710
5773	-0.508733
5792	0.458466
5793	0.717904
5794	-0.356214
5806	0.370443
5811	-0.447494
5812	0.270968
5813	0.182525
5814	-0.538624
5821	0.060621
5823	0.205378
5825	-0.501420
5831	0.397046
5832	0.797077
5833	-0.120373
5847	1.408886
5849	0.518029
5851	0.322269
5854	-0.121045
5858	-0.977255
5862	0.311198
5875	-0.132330
5876	-0.469545
5903	-0.590235
5910	-1.039919
5912	-0.740407
5913	-0.533865
5925	0.177941
5926	0.221622
5927	-0.132452
5928	-0.294106
5930	0.519440
5931	-0.032633
5933	0.963330
5934	0.721682
5937	-0.872670
5939	-0.625886
5940	0.028367
5941	-0.492123
5943	0.240877
5963	0.077970
5964	0.748178
5965	-1.208359
5966	-1.183072
5968	0.329535
5969	-0.616397
5970	-0.773490
5971	-0.830378
5975	0.573656
6006	0.776113
6011	0.787679
6017	-0.065642
6019	0.422189
6022	-0.416808
6032	0.750197
6095	-1.906668
6115	-0.204352
6116	-0.684833
6119	-0.154178
6127	0.970998
6128	0.244168
6130	1.519296
6140	-0.714160
6141	-0.511275
6147	0.200257
6148	0.587569
6163	0.971048
6164	0.221439
6170	-0.872744
6171	-2.273161
6177	-0.771131
6184	-0.860208
6200	-0.149873
6204	-0.127839
6206	-0.855360
6223	-2.180330
6240	-1.032217
6245	-1.112720
6253	0.169707
6267	0.168279
6269	-0.224828
6290	0.572760
6303	-0.507563
6317	0.045988
6343	-1.143424
6350	-0.383231
6360	-1.006840
6367	1.301493
6383	-0.801905
6389	-0.570922
6397	0.575650
6398	-1.511014
6406	0.442204
6407	0.696134
6412	0.781211
6413	0.572650
6434	0.596167
6435	-0.125440
6460	-0.738658
6463	0.153862
6464	0.154622
6489	-0.232536
6507	0.307288
6510	0.393674
6516	-0.554788
6518	0.067569
6522	0.678373
6523	0.250398
6524	0.964927
6525	0.455844
6531	1.035106
6536	-0.362613
6575	-0.587262
6584	-1.364459
6585	-0.610309
6586	-0.547499
6594	0.260218
6595	0.354406
6610	0.115897
6612	-0.620519
6615	0.178273
6624	-0.029991
6628	-0.023484
6649	-0.073122
6698	-0.818312
6706	-0.121031
6718	-0.061555
6719	-0.609559
6722	0.904355
6770	-0.198302
6780	-0.212468
6781	-0.221909
6794	0.838803
6795	0.298484
6796	-0.002300
6799	-0.437331
6809	0.016111
6837	0.051586
6838	-0.751675
6839	-0.537013
6846	-0.115277
6865	-0.333488
6869	0.507681
6870	0.293189
6871	0.153660
6873	0.480946
6876	-0.488998
6885	-0.216515
6895	0.127456
6896	-0.260069
6897	-0.408488
6900	0.597254
6903	-0.285505
6906	-0.555450
6916	-0.019464
6917	-0.479904
6918	-0.205509
6919	-0.848275
6938	-0.392253
6941	-0.583415
6942	-0.934740
6943	0.009766
6944	0.094850
6948	-0.246818
6953	0.822773
6957	0.054194
6958	0.074167
6970	-0.066756
6971	-0.922722
6976	0.451782
6977	0.834945
6990	-1.178493
7014	0.698253
7015	0.374249
7016	0.549229
7018	1.676779
7019	1.039644
7042	-1.041735
7053	0.576930
7066	0.080202
7067	-1.404694
7083	0.042497
7092	-1.487213
7100	-0.106777
7103	0.051857
7110	-0.210067
7111	0.862607
7112	1.158914
7113	0.633879
7116	-0.304164
7119	0.793978
7120	0.085109
7121	-0.186683
7122	0.674834
7140	0.502265
7143	-0.649049
7157	-0.496410
7165	-0.388490
7175	0.134999
7178	-0.039221
7206	0.580280
7207	-0.087804
7217	1.338835
7218	-0.380386
7221	0.072610
7227	-0.035698
7230	-1.591516
7236	-0.003361
7239	-1.824139
7242	-0.596332
7260	-0.107263
7268	-1.001210
7269	1.874034
7304	-0.165187
7326	0.247695
7327	0.971963
7336	-0.055283
7342	0.424105
7346	-0.079316
7348	0.141215
7355	0.283694
7361	-0.215313
7372	1.190146
7387	-1.191997
7422	0.795188
7423	-0.238234
7425	0.023302
7436	0.099697
7442	1.545339
7446	0.913900
7448	0.731314
7453	-0.067296
7463	0.627996
7492	0.225019
7493	0.181379
7494	1.092587
7495	0.590467
7518	-0.398073
7520	-1.935297
7540	0.671464
7546	0.173965
7556	-1.315922
7559	1.375644
7560	-1.073309
7561	-0.606490
7564	-0.882547
7575	-1.646445
7583	-2.113578
7585	-0.796723
7586	-2.704053
7599	1.178956
7600	0.550406
7606	1.183006
7614	-0.543234
7617	-1.331085
7622	1.121847
7629	-0.574762
7637	-0.766955
7640	-0.200444
7657	0.514558
7665	-0.711307
7666	-1.238511
7667	-0.132246
7668	0.191156
7669	-0.267481
7670	-1.340021
7671	-0.434655
7681	1.220433
7683	0.608823
7684	1.608459
7696	0.739905
7722	0.392851
7723	-0.728670
7799	-0.303353
7852	-0.166632
7859	1.299143
7860	0.681098
7861	1.388657
7865	-1.777420
7875	-0.603398
7876	-0.496355
7895	0.975447
7913	-1.026621
7917	0.254650
7952	-0.852205
7969	-0.888214
7971	-0.067433
8000	0.246799
8002	0.062161
8006	-0.383722
8036	-0.137896
8056	-0.249706
8069	0.852514
8103	-0.704483
8107	0.755441
8120	-0.250241
8122	1.337608
8125	0.664219
8127	0.445434
8136	-0.982199
8149	-1.283935
8154	-0.052643
8197	-0.383862
8208	-0.154339
8223	1.726454
8232	1.002929
8241	0.730393
8256	0.507143
8262	1.017808
8266	1.737554
8267	0.336981
8268	-0.325737
8269	-0.373391
8271	1.619887
8273	0.342888
8280	-0.311047
8284	-0.205258
8303	0.430879
8304	1.542876
8305	1.081001
8308	0.309742
8332	0.711666
8333	0.762826
8334	1.985438
8338	-0.361528
8363	-0.176181
8370	0.418206
8398	-0.569661
8465	-0.529021
8468	0.089610
8469	-0.305507
8470	-1.032230
8507	-0.411662
8552	0.038376
8572	-0.087065
8574	1.180256
8577	0.532481
8586	-0.240074
8592	-0.743329
8593	0.677487
8594	-0.086362
8597	1.038867
8599	-1.530747
8606	0.167510
8607	0.285617
8615	0.208640
8617	-0.081415
8626	-0.020744
8636	0.322352
8669	-1.323081
8671	-0.159101
8673	-0.835354
8675	0.933214
8790	0.156607
8791	-0.060486
8811	0.057408
8822	-1.747682
8841	0.025323
8849	-0.304171
8856	-0.491886
8875	-1.283620
8884	-1.042007
8906	0.803650
8907	1.372931
8910	1.280274
8911	3.239700
8912	-0.107955
8913	0.352888
8934	-1.341055
8935	-1.543815
8954	-0.445400
8968	-0.467243
8972	0.332513
9001	0.099159
9029	-0.951622
9032	-1.535115
9058	0.954536
9059	-1.207098
9068	-1.460658
9070	-1.452412
9108	0.176718
9139	0.144520
9140	-0.141460
9158	-0.607404
9187	0.887901
9188	-0.626590
9189	0.866981
9190	-0.727425
9253	-0.383071
9259	0.124329
9268	-0.580226
9269	-0.356590
9271	1.323180
9312	0.634704
9323	-0.104255
9329	-0.348032
9330	-0.566095
9331	-0.398916
9356	1.633988
9376	0.149929
9394	0.040468
9424	-0.959435
9428	0.925520
9429	0.867385
9496	-0.490212
9536	-0.256794
9543	-0.403368
9589	-0.336921
9614	-0.266597
9615	0.189680
9617	0.528749
9631	0.736975
9661	1.338083
9668	1.426283
9718	1.080035
9728	0.130575
9734	0.365710
9788	1.333880
9791	2.080815
9793	1.097285
9804	0.081399
9809	0.239386
9810	0.303028
9823	0.156837
9828	-0.978752
9907	-0.324172
9951	1.037818
9968	-0.417567
9969	-0.776974
10010	1.150753
10011	0.911841
10012	0.211290
10018	-0.347052
10021	0.596049
10022	0.510585
10031	1.042006
10032	1.000647
10033	0.118666
10034	0.691696
10035	1.050006
10039	0.999622
10044	-0.697484
10045	-0.697255
10060	3.329460
10065	0.157267
10077	-0.096167
10080	0.629407
10130	0.124378
10131	-0.546720
10149	0.583057
10194	-0.194410
10197	-0.421834
10221	1.363270
10226	0.387956
10232	1.052321
10233	0.721601
10263	1.230586
10264	0.242247
10274	1.034572
10286	-0.814610
10292	0.197402
10299	-0.045597
10302	0.228263
10324	0.503658
10355	-0.154265
10358	-0.542096
10362	0.217664
10366	0.397832
10368	-0.342593
10370	-0.717716
10392	1.043605
10405	-0.427107
10406	-0.317297
10409	-0.454356
10419	0.080248
10420	0.554305
10424	0.581573
10434	0.111789
10455	-0.098285
10478	-0.969085
10480	-1.715670
10484	-0.325824
10510	-0.240029
10519	-0.799973
10520	-0.707245
10524	-0.351063
10578	0.153481
10630	1.091323
10643	0.469182
10645	-0.226973
10677	0.172552
10678	1.188098
10690	0.453292
10717	1.273581
10718	0.455225
10719	-0.738613
10721	0.601619
10723	0.697020
10735	-1.068046
10736	-0.739967
10829	-0.211579
10837	-1.478246
10846	1.086094
10921	-0.182856
10922	-0.131720
10923	0.435832
10924	-1.156394
10964	-0.239906
10978	-0.266960
11017	-1.131175
11018	-1.548272
11019	-0.407464
11032	0.662532
11034	-0.970474
11035	0.482005
11036	-0.745242
11052	-0.834718
11056	-0.774064
11060	0.379150
11063	1.244131
11064	1.145058
11068	-0.217957
11069	1.096666
11090	1.165466
11098	0.793605
11099	-0.093608
11100	-1.210358
11105	0.330219
11109	1.001057
11122	-0.136842
11123	-0.200344
11125	-0.511369
11126	-0.098755
11149	0.605312
11153	1.172398
11188	0.037977
11193	-0.270681
11230	1.225236
11233	-0.080783
11236	0.820047
11243	0.028208
11251	-0.050310
11259	1.758672
11263	1.528343
11272	-0.492126
11321	2.994948
11322	1.198850
11326	0.794448
11327	0.702827
11335	0.612641
11337	1.302642
11343	0.034524
11390	0.341988
11444	-1.041234
11464	-0.482828
11471	0.288330
11472	0.289066
11473	-0.221469
11492	-0.080614
11499	-0.078891
11500	0.203338
11505	-1.883416
11527	3.151008
11528	3.543562
11532	0.074691
11564	-0.081894
11589	1.095924
11591	-0.788694
11592	0.349213
11599	-0.702359
11605	0.304541
11617	-0.494616
11630	-1.403797
11631	0.438862
11632	0.085311
11656	-0.680057
11657	0.156648
11777	-0.258161
11786	-0.153330
11812	-0.706721
12020	1.159349
12061	-0.159232
12115	1.972212
12154	0.654366
12155	1.735440
12156	1.426353
12159	1.143598
12174	-1.280340
12176	0.820254
12230	-1.314070
12234	-0.732812
12236	-1.120648
12237	-0.396401
12250	-0.072423
12252	0.808677
12253	1.246486
12315	1.611686
12381	1.120127
12382	0.538278
12438	0.239873
12455	0.000163
12462	1.382545
12478	-0.210394
12603	0.325651
12711	-0.982318
12714	-1.029130
12716	0.453088
12754	-0.825393
12785	-0.634189
12788	0.776247
12792	0.975638
12898	-0.212852
12944	-0.823833
12949	0.545055
13062	-1.654735
13099	0.758011
13160	-1.100627
13198	0.685268
13239	-0.090193
13249	-0.706736
13262	-0.936990
13263	-0.763997
13272	-0.175034
13273	-1.870482
13277	1.117776
13305	0.877263
13342	1.530321
13343	1.123459
13345	-0.637159
13351	-0.036934
13357	0.611753
13427	0.606167
13436	0.389950
13455	-0.539098
13528	-0.084797
13532	-0.410900
13553	0.994440
13566	-0.425554
13651	0.521673
13653	-0.355547
13675	-1.034788
13676	-0.970654
13677	-1.895365
13678	-1.244140
13681	-1.851819
13688	-0.533029
13697	-0.187275
13705	0.178113
13708	-0.294640
13737	-1.833800
13760	-0.044643
13923	-0.188946
13927	0.614864
13995	-0.115698
14002	0.414638
14003	-0.433629
14021	-0.057749
14034	-0.939293
14064	-1.242276
14110	2.267922
14155	-0.828829
14203	-0.603678
14208	-0.235804
14340	0.737564
14356	1.064455
14389	-0.579793
14499	-0.072552
14625	-0.331313
14632	-0.196087
14637	-0.003259
14641	0.345367
14685	-0.128532
14694	-0.171818
14695	-1.186056
14699	1.364339
14700	0.820745
14749	-1.305703
14760	-0.503845
14790	-0.781439
14791	-0.588467
14796	-0.048056
14797	-0.111342
14891	0.003212
14927	0.458593
15099	-0.530131
15182	0.228900
15243	-0.148564
15245	0.005558
15254	-0.582932
15322	-1.204184
15327	-1.539196
15463	-0.938221
15496	-1.297345
15499	-1.330334
15502	-0.855448
15514	0.659850
15566	0.197487
15580	-0.787893
15583	-0.301820
15586	-0.788036
15601	1.298734
15621	-0.121222
15780	1.051861
15869	1.109661
16082	0.365658
16281	0.855538
16293	0.295583
16300	3.547539
16304	3.348136
16360	-0.293195
16361	-1.161240
16367	-0.615124
16432	0.715774
16433	0.582060
16438	-0.217897
16446	0.405882
16453	0.289758
16463	2.360766
16466	-0.345547
16477	-0.173819
16482	-0.329826
16605	0.680494
16606	0.516790
16635	0.179278
16638	-0.438671
16655	-0.437390
16673	0.189684
16676	0.149674
16677	0.919137
16678	0.034416
16808	0.108780
16829	0.142506
17150	-0.489544
17182	0.091938
17199	2.860774
17273	-0.629437
17431	-1.047828
17466	0.049060
17472	0.255363
17485	-0.246659
17585	-0.658794
17620	0.344490
17647	-0.089184
17690	1.190475
17772	-0.080610
18410	-0.837281
19647	0.763462
21458	-0.232979
21885	-0.135147
21973	0.302410
21976	0.180742
21977	0.671558
22084	-0.041448
23475	-0.578430
23754	1.081537
23764	-0.393842
24372	0.429706
24918	0.683154
24944	0.257559
25022	-0.143911
25140	-0.040060
26484	-0.326137
27764	0.013918
28424	0.055977
28845	1.190962
29861	1.075556
30684	0.862835
31288	-1.031268
31704	0.683958
32421	1.410848
32520	-0.639044
32893	-0.337514
34340	1.111990
35227	-0.731213
35334	0.157937
36499	1.409946
36843	0.722991
36844	0.328477
36955	0.138928
36970	-0.494273
39336	1.536251
39353	0.477871
40538	-0.423418
40541	0.320165
40542	-0.971925
40599	-0.900296
40601	0.443230
40602	-0.078372
40656	-0.223134
40657	0.045009
42157	-1.000873
42203	-0.926378
42204	-0.555298
42851	-1.340604
43061	0.747917
44144	-0.285907
45195	-0.153545
47030	1.137417
47285	2.000352
47317	-0.835314
47457	0.159634
47460	-0.252203
48147	0.342858
48297	1.106062
48474	-0.446707
48696	-0.343891
49516	1.534724
49630	0.539990
49927	1.040813
50199	-0.758246
50249	0.136065
50259	0.704496
50904	0.489974
53231	0.093482
53471	0.476211
53531	-0.043888
53986	-0.277409
55057	1.284035
56431	0.733135
56432	0.616621
56466	0.119336
56478	-0.010672
56621	0.840601
57644	-0.813195
57756	-1.457092
58783	1.704988
59657	0.306225
59715	-0.024106
64825	0.336515
64947	-1.161551
65950	-0.864209
70102	0.495663
75003	0.244371
75099	-0.187426
75742	0.614757
75823	0.273881
75824	0.449310
78157	1.026162
78181	0.494247
78191	-0.354045
80479	-0.264964
80480	-0.336352
80715	-1.487925
80719	-1.542461
80750	0.176591
81231	-0.401066
84436	-0.311150
84780	-1.097764
84844	-0.435688
85002	-0.541696
85003	0.156091
85659	0.445614
85663	0.060720
85710	-0.391613
92185	0.327148
96142	-0.172468
96144	0.409750
96482	0.114237
98871	-2.425295
