# 1342 minima projected onto PC132
# Min	PC
3	-0.003104
4	-0.001422
5	-0.004592
6	0.002789
7	0.000904
9	-0.000705
16	0.000300
17	0.005036
21	0.002186
23	0.000233
31	-0.002496
44	0.000843
47	-0.001104
48	0.000349
51	-0.001389
52	0.001289
55	-0.001118
56	-0.002817
57	-0.001317
58	0.003995
60	-0.004193
67	0.003055
68	0.003874
71	-0.002874
72	0.000622
74	-0.001207
79	-0.000490
82	-0.003002
85	-0.000929
86	0.000817
87	-0.001570
88	0.000221
91	-0.002154
92	-0.000041
94	-0.002941
95	-0.000666
97	-0.000888
104	0.003136
106	-0.001283
109	-0.001076
111	-0.003886
115	-0.000190
120	-0.001713
126	0.000156
129	-0.002856
136	0.002949
137	0.003513
188	0.000818
189	-0.002097
196	-0.000119
199	-0.003151
200	-0.003558
202	0.000901
211	0.006706
213	0.005098
214	0.004494
219	-0.004031
221	0.006056
276	0.000856
279	0.000428
283	0.000028
295	-0.000822
308	-0.001561
312	0.000467
315	-0.000781
318	0.002228
319	-0.000611
321	-0.001886
324	-0.000629
328	0.000864
334	0.000547
336	-0.013315
338	-0.000270
347	0.007008
351	0.002923
352	-0.000529
354	0.000673
357	0.010895
359	-0.004554
362	0.001098
364	-0.003133
365	-0.003642
368	-0.001931
376	-0.004779
377	-0.002032
380	-0.002993
386	0.003010
388	-0.002149
390	-0.000167
396	-0.002163
404	0.002087
410	-0.001228
413	0.000835
420	0.004316
423	-0.002382
424	-0.000335
437	0.001644
438	-0.000051
444	0.010046
452	0.003329
473	0.007048
474	-0.000071
475	-0.001877
476	0.001745
478	-0.001987
479	-0.000352
480	-0.001224
483	0.003628
503	-0.005681
508	-0.001306
509	-0.005732
530	-0.010993
536	-0.002962
556	0.002234
581	0.001309
583	-0.002262
603	0.000232
606	0.004047
607	-0.003883
620	-0.000164
628	-0.002663
636	-0.005731
637	0.024473
639	0.001392
640	-0.011509
644	-0.000780
645	0.001516
677	-0.000416
678	-0.003566
679	-0.000695
682	-0.004633
698	-0.001133
700	0.004935
710	-0.006066
722	0.006693
723	-0.003265
724	-0.004693
725	0.003477
726	0.008952
747	-0.003900
753	-0.000674
755	-0.015219
757	0.004083
765	-0.002686
782	0.001794
783	0.003842
793	0.005491
808	0.000395
814	0.008472
840	-0.001720
848	0.006086
859	0.001769
864	-0.001706
867	0.000484
878	-0.006414
888	0.001876
890	-0.001982
892	0.000260
899	0.001401
918	-0.005982
926	-0.001889
933	-0.001011
934	-0.002512
981	-0.000986
1028	0.003233
1034	0.001644
1051	-0.001512
1054	0.002122
1058	0.007020
1062	0.004346
1063	-0.000543
1064	0.015737
1066	-0.001837
1068	-0.000552
1073	-0.000851
1082	0.000641
1083	-0.004969
1086	0.006057
1089	0.001622
1090	0.004042
1091	-0.006101
1092	-0.001380
1164	-0.001157
1165	0.004313
1174	0.010987
1176	-0.000067
1184	0.001673
1191	0.001810
1192	0.000711
1201	0.000874
1230	-0.003428
1339	-0.001012
1341	-0.000609
1370	-0.001900
1385	0.000916
1405	0.002723
1437	-0.000324
1441	0.000729
1443	-0.001890
1521	0.003340
1522	-0.007606
1523	0.006318
1524	0.005620
1525	0.000628
1541	-0.000816
1542	-0.001044
1550	0.001728
1551	0.002742
1596	0.006585
1597	0.001072
1628	-0.001934
1629	0.000162
1633	0.000719
1636	-0.002988
1637	-0.009247
1765	-0.000545
1766	0.005230
1780	-0.001053
1862	-0.001624
1865	-0.002385
1870	0.003409
1885	0.002388
1910	0.004097
1911	-0.003688
2007	0.001283
2060	-0.000287
2062	0.003415
2090	-0.001509
2093	-0.003106
2094	-0.006374
2095	-0.001578
2096	0.000731
2100	0.003443
2101	-0.001025
2102	0.001762
2103	-0.003315
2104	-0.001023
2105	0.002196
2128	0.002297
2129	-0.001959
2135	0.003533
2190	-0.010927
2195	-0.005070
2197	-0.002907
2198	0.002817
2199	0.009629
2200	0.003015
2201	0.009756
2202	0.004561
2205	-0.000851
2217	0.000054
2218	0.003244
2221	0.003834
2272	0.000194
2273	0.000070
2275	0.000166
2288	0.003050
2293	-0.003277
2298	0.003004
2299	0.001041
2300	-0.003768
2301	-0.013296
2338	-0.002021
2342	-0.006939
2343	0.007028
2358	0.010496
2384	-0.001944
2385	-0.003585
2399	0.005028
2435	-0.002929
2436	0.002191
2465	0.018129
2467	0.005062
2468	-0.002286
2469	-0.002779
2470	0.000024
2471	-0.002462
2474	0.000440
2620	0.001158
2650	0.001352
2651	-0.012566
2685	0.000848
2688	0.002863
2730	0.007053
2843	-0.007524
2951	-0.003813
2959	-0.008580
3236	0.003426
3305	-0.001728
3318	-0.002174
3340	0.001947
3352	-0.000542
3355	0.011765
3356	0.004470
3365	0.002696
3366	0.003998
3367	-0.003700
3368	-0.004927
3401	-0.000920
3405	0.005843
3434	-0.004192
3448	-0.000474
3454	-0.001470
3481	0.000971
3495	-0.001789
3504	0.001221
3532	0.002594
3540	-0.005222
3549	0.001017
3550	-0.000881
3569	0.002336
3595	0.003204
3596	-0.006185
3603	-0.002022
3621	0.007101
3622	0.000678
3647	-0.001107
3649	0.006270
3651	-0.002120
3652	-0.001799
3723	-0.008154
3757	0.000356
3772	0.007399
3787	-0.000778
3798	-0.001686
3799	-0.002080
3889	-0.000265
3897	-0.000305
3898	0.003706
3904	-0.000581
3945	0.005530
3990	0.003863
4024	-0.003690
4039	0.001694
4048	0.008100
4050	-0.004246
4076	0.003776
4094	0.001200
4170	0.000562
4251	-0.000843
4252	-0.000898
4299	-0.001002
4302	0.001772
4318	-0.003243
4319	-0.007289
4320	0.002837
4360	0.003258
4388	-0.001583
4414	-0.000077
4426	-0.005245
4446	0.000839
4527	0.003981
4545	-0.000851
4546	0.001284
4554	0.011973
4564	0.001505
4567	0.003744
4634	0.005273
4693	0.000812
4736	-0.000976
4761	0.007851
4879	-0.001281
5071	-0.000473
5138	0.008975
5164	0.003585
5182	0.000338
5183	0.000597
5184	-0.004152
5187	-0.016936
5188	0.002518
5189	0.001085
5193	-0.000139
5194	-0.000313
5195	-0.008859
5197	0.003957
5203	0.002748
5205	-0.006231
5212	0.009312
5213	0.000785
5222	-0.001643
5223	-0.002105
5228	-0.002763
5232	0.000986
5244	0.003508
5245	0.000540
5246	-0.004050
5248	0.000423
5292	-0.000518
5293	0.004635
5299	-0.001158
5300	-0.000902
5315	-0.000365
5316	-0.001441
5319	0.004635
5320	0.002312
5321	0.003927
5322	0.003726
5323	-0.001334
5324	0.003998
5325	0.001810
5329	0.014549
5342	-0.002862
5343	-0.004705
5374	0.003221
5376	0.003192
5378	0.012130
5379	-0.000151
5382	0.003901
5390	0.005659
5398	0.001094
5402	-0.001539
5404	0.004270
5407	0.000671
5408	-0.000850
5409	-0.000192
5411	-0.004917
5412	0.000166
5413	0.000043
5416	0.022314
5418	-0.000779
5422	0.002051
5425	0.004688
5427	0.000297
5428	-0.002927
5432	0.002259
5436	-0.001850
5443	0.000840
5444	-0.000237
5458	0.007504
5462	0.000370
5465	0.003917
5468	0.000083
5471	-0.000810
5480	-0.000568
5481	0.001990
5485	-0.002711
5486	0.000479
5488	-0.008694
5489	0.003944
5495	-0.016594
5513	0.000087
5515	0.001973
5516	0.000901
5521	0.004594
5527	-0.004545
5528	-0.009468
5536	-0.001844
5537	-0.006763
5547	0.001260
5565	-0.000291
5573	-0.000189
5579	-0.002758
5583	-0.002793
5586	-0.008653
5589	-0.003581
5590	-0.000879
5593	-0.004782
5599	0.003789
5604	-0.008948
5605	0.003873
5606	0.026965
5625	0.000163
5649	0.000572
5656	0.006427
5657	-0.004173
5658	0.001756
5686	0.002580
5695	0.005329
5705	-0.003484
5706	-0.006157
5716	0.000487
5717	0.002295
5718	0.003599
5719	-0.000813
5720	0.000395
5724	-0.000777
5738	-0.010623
5742	0.009499
5750	0.004586
5751	0.005286
5756	-0.001430
5761	-0.001506
5768	-0.000672
5773	-0.004269
5792	-0.003591
5793	0.006202
5794	-0.003787
5806	-0.000899
5811	0.001900
5812	-0.000200
5813	0.001241
5814	0.002402
5821	0.005393
5823	-0.004406
5825	0.001882
5831	0.003947
5832	0.002761
5833	0.003896
5847	-0.000220
5849	-0.000324
5851	-0.000832
5854	0.006280
5858	-0.002668
5862	0.002822
5875	-0.000465
5876	-0.000464
5903	0.003268
5910	-0.004507
5912	0.008176
5913	-0.002669
5925	0.001429
5926	0.004673
5927	0.001542
5928	0.011788
5930	-0.005375
5931	0.006887
5933	-0.005001
5934	0.003403
5937	0.010323
5939	-0.004858
5940	-0.003666
5941	0.001448
5943	0.000758
5963	-0.003424
5964	0.001897
5965	-0.000762
5966	0.002388
5968	0.005874
5969	0.007951
5970	0.010492
5971	0.005094
5975	0.001740
6006	-0.006997
6011	-0.003217
6017	0.003255
6019	0.005061
6022	0.003687
6032	-0.000709
6095	-0.001393
6115	0.006868
6116	0.003776
6119	-0.003307
6127	-0.002408
6128	-0.006599
6130	-0.001910
6140	-0.002266
6141	-0.002292
6147	-0.002984
6148	-0.003019
6163	-0.000582
6164	0.001135
6170	-0.000709
6171	0.001430
6177	0.001522
6184	-0.003108
6200	-0.001348
6204	-0.003403
6206	0.000294
6223	-0.001791
6240	0.001234
6245	0.008208
6253	-0.002328
6267	-0.005222
6269	0.006451
6290	0.003740
6303	0.002761
6317	0.002101
6343	0.000783
6350	-0.001425
6360	-0.000824
6367	0.005718
6383	-0.004654
6389	0.010815
6397	0.005084
6398	0.005654
6406	-0.003902
6407	0.004196
6412	0.014150
6413	0.007712
6434	0.004315
6435	0.003363
6460	0.000802
6463	-0.000025
6464	0.003381
6489	-0.010270
6507	-0.015881
6510	0.004959
6516	-0.005815
6518	0.004006
6522	-0.013756
6523	-0.006845
6524	0.003081
6525	-0.009010
6531	-0.002751
6536	-0.000120
6575	-0.002296
6584	-0.001566
6585	-0.003100
6586	-0.006408
6594	0.002146
6595	-0.003802
6610	-0.001677
6612	0.001169
6615	-0.001334
6624	0.002567
6628	0.004564
6649	-0.001651
6698	0.000834
6706	0.001162
6718	0.000144
6719	0.004893
6722	0.005308
6770	0.015615
6780	-0.005047
6781	0.002867
6794	-0.006247
6795	-0.008185
6796	-0.006735
6799	-0.006320
6809	0.001802
6837	-0.002015
6838	0.001928
6839	0.007476
6846	0.004223
6865	-0.000841
6869	0.002885
6870	-0.004855
6871	-0.004198
6873	0.004828
6876	-0.000887
6885	0.004750
6895	-0.002430
6896	-0.007646
6897	0.002819
6900	-0.005382
6903	-0.004012
6906	0.016035
6916	-0.001720
6917	0.002418
6918	0.005336
6919	-0.000798
6938	0.003043
6941	-0.002854
6942	-0.001257
6943	0.003379
6944	0.011989
6948	0.005486
6953	-0.000490
6957	0.009693
6958	-0.002410
6970	0.004801
6971	-0.003856
6976	0.002009
6977	-0.002557
6990	-0.005012
7014	0.001694
7015	-0.000847
7016	-0.010665
7018	0.002750
7019	0.008236
7042	-0.006444
7053	-0.000098
7066	-0.005683
7067	-0.001744
7083	0.001258
7092	-0.002769
7100	-0.025716
7103	-0.012104
7110	-0.001981
7111	0.000803
7112	-0.006397
7113	-0.007090
7116	0.000218
7119	0.001932
7120	0.000622
7121	0.001201
7122	0.009575
7140	-0.005544
7143	-0.013912
7157	-0.002065
7165	-0.009509
7175	0.006568
7178	0.004302
7206	0.005755
7207	0.001977
7217	0.003277
7218	-0.001339
7221	0.000004
7227	-0.006248
7230	-0.000980
7236	-0.002029
7239	-0.000786
7242	-0.001782
7260	0.000888
7268	0.002830
7269	0.000582
7304	-0.005751
7326	0.000761
7327	0.000077
7336	-0.005469
7342	0.003019
7346	0.002026
7348	0.003081
7355	0.000131
7361	0.005777
7372	-0.002293
7387	0.019194
7422	0.006968
7423	0.007234
7425	-0.010472
7436	0.006043
7442	0.006783
7446	0.000123
7448	0.002601
7453	-0.001295
7463	0.000717
7492	-0.012495
7493	0.005533
7494	0.004060
7495	0.004833
7518	-0.001145
7520	-0.008143
7540	-0.003366
7546	-0.002798
7556	-0.002146
7559	-0.005717
7560	-0.001489
7561	0.007700
7564	0.002677
7575	0.000007
7583	-0.002629
7585	0.004846
7586	-0.006846
7599	-0.004942
7600	0.003368
7606	-0.005075
7614	-0.001708
7617	0.012783
7622	0.002603
7629	0.015410
7637	-0.000798
7640	0.001088
7657	-0.004502
7665	-0.003001
7666	0.013484
7667	-0.002839
7668	0.003150
7669	0.001683
7670	0.013384
7671	-0.000822
7681	0.011245
7683	-0.005289
7684	0.002729
7696	-0.000782
7722	0.000121
7723	0.008540
7799	-0.002591
7852	0.007904
7859	-0.003060
7860	-0.001675
7861	0.001623
7865	0.001510
7875	-0.001542
7876	0.006573
7895	0.001377
7913	-0.002059
7917	0.002060
7952	-0.012179
7969	-0.002415
7971	0.002800
8000	0.000690
8002	0.000765
8006	0.000519
8036	-0.001061
8056	-0.005675
8069	-0.002151
8103	0.003998
8107	0.002760
8120	0.004052
8122	-0.002031
8125	-0.001241
8127	-0.000692
8136	-0.004638
8149	-0.002877
8154	-0.006661
8197	0.002667
8208	0.004654
8223	-0.008581
8232	-0.004336
8241	0.003295
8256	0.007019
8262	0.001508
8266	0.000834
8267	-0.003485
8268	-0.004492
8269	-0.003429
8271	0.001378
8273	-0.003695
8280	0.000721
8284	0.006710
8303	-0.001511
8304	-0.005732
8305	-0.009289
8308	0.003214
8332	-0.009298
8333	-0.000320
8334	0.008060
8338	-0.008393
8363	-0.006578
8370	-0.000174
8398	0.001943
8465	-0.001167
8468	0.000378
8469	-0.000580
8470	0.002644
8507	0.000186
8552	0.001068
8572	0.001925
8574	0.004015
8577	0.000213
8586	0.000473
8592	0.003764
8593	-0.001185
8594	-0.005827
8597	0.002249
8599	0.000350
8606	0.001776
8607	-0.000406
8615	-0.003891
8617	0.002180
8626	0.001300
8636	0.002601
8669	-0.005503
8671	0.004101
8673	0.000095
8675	0.003674
8790	-0.002011
8791	-0.010331
8811	-0.007664
8822	-0.008344
8841	0.000469
8849	0.002503
8856	-0.010201
8875	-0.003765
8884	0.010506
8906	0.000380
8907	-0.000239
8910	0.002302
8911	-0.004514
8912	0.002169
8913	0.011206
8934	-0.001142
8935	-0.000294
8954	-0.003206
8968	0.001808
8972	0.001612
9001	0.003090
9029	0.005627
9032	-0.002030
9058	-0.003414
9059	0.004454
9068	0.006241
9070	0.000495
9108	-0.005111
9139	-0.009939
9140	-0.008805
9158	-0.000016
9187	0.005367
9188	0.000992
9189	-0.002085
9190	0.002050
9253	-0.003251
9259	0.001958
9268	0.001898
9269	0.001437
9271	0.000781
9312	-0.002287
9323	-0.003920
9329	-0.008226
9330	-0.006035
9331	0.001519
9356	0.001875
9376	-0.000373
9394	0.002751
9424	-0.002364
9428	0.002422
9429	0.004524
9496	-0.005658
9536	0.000826
9543	0.000015
9589	0.004106
9614	-0.009849
9615	-0.003120
9617	0.002527
9631	0.005852
9661	0.002377
9668	-0.000332
9718	0.004636
9728	-0.000377
9734	0.013627
9788	-0.005668
9791	0.001382
9793	-0.004976
9804	0.001195
9809	-0.000368
9810	0.000813
9823	-0.003520
9828	-0.007345
9907	-0.005067
9951	0.001186
9968	0.003858
9969	-0.006018
10010	0.003836
10011	0.003918
10012	0.002300
10018	-0.002600
10021	0.002305
10022	0.005784
10031	0.000521
10032	0.003111
10033	-0.000269
10034	0.002914
10035	0.000826
10039	-0.000681
10044	-0.000499
10045	0.005818
10060	-0.002260
10065	-0.001467
10077	-0.004160
10080	-0.007509
10130	0.003874
10131	0.000789
10149	0.007945
10194	0.000885
10197	0.012007
10221	-0.002283
10226	-0.000883
10232	0.003733
10233	-0.001186
10263	-0.004298
10264	-0.005046
10274	-0.001683
10286	0.007487
10292	-0.010428
10299	-0.004260
10302	-0.003266
10324	-0.001240
10355	-0.004030
10358	0.007548
10362	0.003233
10366	0.011099
10368	0.001065
10370	0.002802
10392	0.009975
10405	0.000375
10406	0.005528
10409	0.001510
10419	-0.006245
10420	-0.000654
10424	-0.005487
10434	-0.001075
10455	0.004020
10478	-0.003672
10480	-0.001389
10484	-0.003056
10510	0.010511
10519	-0.002716
10520	-0.001664
10524	0.011171
10578	0.001938
10630	0.001537
10643	0.000659
10645	0.002730
10677	-0.003358
10678	-0.001077
10690	-0.001659
10717	-0.001394
10718	-0.002839
10719	0.001899
10721	0.004341
10723	-0.008276
10735	0.000840
10736	-0.001994
10829	-0.003208
10837	-0.006799
10846	-0.002921
10921	-0.000255
10922	-0.000945
10923	0.012568
10924	0.017108
10964	-0.005488
10978	0.002029
11017	-0.019369
11018	-0.022736
11019	0.005510
11032	-0.003590
11034	-0.005292
11035	-0.011544
11036	-0.000368
11052	-0.004195
11056	-0.004873
11060	-0.007411
11063	0.002496
11064	0.010394
11068	0.001171
11069	0.000630
11090	-0.004873
11098	-0.001665
11099	0.003309
11100	-0.000943
11105	0.003342
11109	-0.000193
11122	-0.006631
11123	0.002645
11125	0.001684
11126	0.003336
11149	-0.009253
11153	-0.002020
11188	-0.029950
11193	0.000686
11230	-0.004002
11233	0.005161
11236	-0.001010
11243	-0.018115
11251	0.009943
11259	-0.003175
11263	-0.001554
11272	0.001287
11321	0.000506
11322	0.000040
11326	-0.003206
11327	0.002386
11335	0.001106
11337	-0.000992
11343	0.000651
11390	-0.002269
11444	-0.005362
11464	0.000408
11471	0.000104
11472	0.000140
11473	-0.005322
11492	-0.000775
11499	-0.001436
11500	-0.001955
11505	-0.000888
11527	0.000022
11528	0.003441
11532	0.003322
11564	0.005531
11589	0.000918
11591	0.003216
11592	-0.005590
11599	-0.005243
11605	0.001408
11617	-0.001845
11630	0.002645
11631	-0.002920
11632	0.019558
11656	0.003358
11657	-0.006610
11777	-0.000651
11786	-0.001508
11812	0.001608
12020	-0.002286
12061	0.001781
12115	-0.009304
12154	0.007854
12155	-0.005086
12156	0.006353
12159	0.003700
12174	0.002098
12176	-0.020911
12230	-0.000042
12234	0.009102
12236	0.003133
12237	0.001009
12250	-0.001969
12252	-0.002509
12253	0.003514
12315	0.004671
12381	0.002870
12382	0.003302
12438	0.000343
12455	-0.003045
12462	0.000945
12478	-0.000732
12603	-0.010983
12711	-0.004114
12714	-0.003895
12716	0.002562
12754	-0.001020
12785	-0.004973
12788	-0.002544
12792	-0.010234
12898	-0.002648
12944	-0.006871
12949	0.002966
13062	-0.008962
13099	-0.007491
13160	0.002002
13198	-0.009055
13239	-0.005247
13249	0.000240
13262	-0.000190
13263	-0.000010
13272	0.002136
13273	-0.010136
13277	-0.008856
13305	0.006093
13342	-0.003914
13343	-0.000126
13345	0.009618
13351	0.006283
13357	-0.002374
13427	-0.000872
13436	0.009674
13455	-0.005554
13528	0.009861
13532	0.005759
13553	0.005522
13566	-0.001650
13651	-0.000274
13653	0.001008
13675	0.004046
13676	-0.003092
13677	0.006431
13678	-0.000498
13681	0.019170
13688	0.003856
13697	-0.008168
13705	-0.000941
13708	0.015622
13737	0.009034
13760	-0.002401
13923	-0.004855
13927	-0.004936
13995	-0.006166
14002	0.001198
14003	-0.001161
14021	0.000790
14034	0.000655
14064	0.005162
14110	0.007302
14155	0.000421
14203	0.001152
14208	-0.001702
14340	-0.006861
14356	0.026726
14389	0.002872
14499	0.001703
14625	-0.000913
14632	-0.009393
14637	0.005175
14641	0.003124
14685	0.001736
14694	0.000477
14695	0.000513
14699	0.012145
14700	0.004817
14749	0.006972
14760	0.007681
14790	-0.010585
14791	-0.000640
14796	0.002139
14797	0.001608
14891	-0.005199
14927	0.012728
15099	-0.000662
15182	-0.004453
15243	0.004124
15245	0.003407
15254	0.002947
15322	-0.005421
15327	0.001012
15463	0.006953
15496	-0.002381
15499	-0.004776
15502	0.001285
15514	0.001159
15566	0.002511
15580	0.006634
15583	-0.019616
15586	0.001187
15601	0.001766
15621	0.003663
15780	0.004878
15869	0.000779
16082	-0.002510
16281	-0.004484
16293	0.001568
16300	0.005638
16304	-0.001972
16360	0.001964
16361	0.000625
16367	-0.005984
16432	-0.014110
16433	-0.016861
16438	-0.010653
16446	-0.007921
16453	0.000461
16463	0.006755
16466	-0.004179
16477	0.007464
16482	0.004682
16605	0.003153
16606	0.000708
16635	-0.001768
16638	0.001767
16655	0.009317
16673	0.002241
16676	-0.002577
16677	0.001218
16678	0.003438
16808	-0.003310
16829	-0.000097
17150	-0.010154
17182	0.003885
17199	0.001252
17273	0.001717
17431	-0.000808
17466	0.003432
17472	0.006673
17485	0.002002
17585	0.003349
17620	0.006115
17647	-0.010682
17690	-0.005862
17772	0.000829
18410	0.002007
19647	-0.008921
21458	0.002528
21885	-0.009024
21973	-0.007183
21976	-0.001251
21977	-0.004132
22084	-0.003086
23475	0.000101
23754	-0.003925
23764	0.007026
24372	-0.000529
24918	0.000111
24944	-0.008502
25022	0.019408
25140	-0.000897
26484	-0.005385
27764	0.001819
28424	-0.001628
28845	-0.015925
29861	-0.005809
30684	-0.001696
31288	0.004304
31704	0.001484
32421	0.001730
32520	-0.008494
32893	0.002436
34340	-0.001530
35227	-0.011938
35334	-0.005997
36499	-0.003502
36843	0.002501
36844	-0.003768
36955	-0.007776
36970	-0.008132
39336	-0.004059
39353	0.005829
40538	0.011008
40541	-0.002713
40542	-0.001019
40599	-0.006795
40601	-0.006332
40602	-0.002185
40656	0.003812
40657	0.002693
42157	-0.000579
42203	-0.001931
42204	0.000321
42851	-0.002959
43061	-0.001133
44144	-0.006744
45195	0.000129
47030	0.000687
47285	0.002468
47317	-0.003010
47457	0.006217
47460	0.002223
48147	-0.001189
48297	-0.012244
48474	0.002565
48696	0.001163
49516	-0.001527
49630	-0.020014
49927	-0.004862
50199	0.008038
50249	-0.008282
50259	-0.009181
50904	-0.007120
53231	0.004118
53471	0.013069
53531	-0.009426
53986	-0.002535
55057	0.003060
56431	-0.005267
56432	-0.004524
56466	0.004547
56478	0.013245
56621	0.006443
57644	-0.007341
57756	-0.017804
58783	-0.003129
59657	-0.004760
59715	-0.003250
64825	-0.013966
64947	-0.004256
65950	0.000697
70102	0.008180
75003	-0.002080
75099	0.001798
75742	0.007639
75823	0.009297
75824	0.002865
78157	0.006090
78181	0.001105
78191	-0.005819
80479	-0.001800
80480	-0.000202
80715	0.002981
80719	-0.001442
80750	0.007276
81231	0.005768
84436	-0.015660
84780	-0.001204
84844	0.003641
85002	-0.010216
85003	-0.003409
85659	0.000806
85663	-0.004421
85710	-0.010953
92185	0.002800
96142	0.000195
96144	-0.009424
96482	-0.001429
98871	-0.004469
