# 1342 minima projected onto PC51
Min	PC
3	-0.057672
4	-0.033278
5	0.174346
6	0.222885
7	0.361500
9	-0.275056
16	-0.053514
17	0.049580
21	-0.067492
23	-0.815576
31	-0.544943
44	-0.034616
47	0.091144
48	0.030527
51	0.049208
52	0.038593
55	-0.012406
56	-0.054355
57	-0.085489
58	0.253338
60	0.160851
67	-0.062243
68	-0.023174
71	0.008068
72	-0.033415
74	-0.058307
79	-0.078606
82	-0.807881
85	-0.058132
86	0.102521
87	0.164058
88	-0.072307
91	-0.022100
92	-0.023844
94	0.006038
95	-0.022075
97	0.068829
104	-0.873292
106	-0.842331
109	-0.322241
111	-0.158336
115	0.959726
120	-0.024068
126	-0.111406
129	0.191552
136	-0.256917
137	-0.087468
188	-0.116867
189	0.020168
196	0.932466
199	0.028364
200	0.020879
202	-0.878649
211	-0.020401
213	-0.621300
214	0.147820
219	-0.320766
221	-0.339028
276	0.299647
279	0.138310
283	0.322378
295	-0.261439
308	-0.036720
312	-0.099913
315	-0.155152
318	-0.043824
319	-0.015520
321	-0.087271
324	-0.115152
328	0.126570
334	-0.086445
336	-0.595647
338	-0.682202
347	-0.161230
351	0.209366
352	-0.072646
354	-0.049183
357	0.339512
359	0.020815
362	0.015403
364	-0.095400
365	-0.104696
368	0.060571
376	0.222154
377	0.107472
380	-0.116374
386	-0.028225
388	0.121007
390	-0.532547
396	0.138859
404	0.095106
410	0.053803
413	-0.094730
420	0.290721
423	-0.020160
424	-0.052301
437	-0.157967
438	-0.048810
444	0.111278
452	-0.114151
473	0.038305
474	-0.142256
475	0.138191
476	-0.104487
478	0.043221
479	0.342410
480	-0.090259
483	0.235290
503	-0.124205
508	-0.004240
509	0.181130
530	-0.126125
536	0.064177
556	-0.023106
581	-0.110883
583	-0.032315
603	0.028499
606	0.255328
607	0.208077
620	0.395818
628	-0.615606
636	0.178076
637	-0.167038
639	0.171593
640	0.038174
644	0.049677
645	0.058927
677	0.179947
678	0.015032
679	0.156522
682	0.025325
698	0.181053
700	0.228129
710	-0.532927
722	0.336014
723	0.002281
724	0.064261
725	0.079652
726	-0.083677
747	-0.098502
753	-0.069729
755	-0.854103
757	0.275692
765	-0.328669
782	-0.117239
783	-0.340188
793	-0.114611
808	-0.178624
814	0.254375
840	-0.347893
848	0.120935
859	-0.063530
864	0.155627
867	-0.602804
878	-0.290485
888	-0.812209
890	0.418066
892	0.034462
899	0.176269
918	-0.052165
926	-0.240838
933	0.053636
934	-0.035677
981	0.315282
1028	0.305516
1034	-0.104848
1051	0.053225
1054	0.213313
1058	0.504954
1062	0.139056
1063	0.054096
1064	0.233011
1066	0.070064
1068	0.043302
1073	-0.068871
1082	0.041958
1083	-0.037770
1086	-0.091610
1089	-0.140970
1090	-0.058573
1091	0.019032
1092	-0.223487
1164	0.000531
1165	0.113425
1174	-0.148947
1176	0.135540
1184	-0.132305
1191	-0.046827
1192	0.128354
1201	-0.040808
1230	-0.110618
1339	-0.044081
1341	0.051293
1370	-0.343048
1385	-0.124272
1405	-0.427470
1437	0.174061
1441	-0.383366
1443	0.105440
1521	0.051167
1522	-0.018688
1523	-0.015336
1524	0.021033
1525	0.146274
1541	-0.038342
1542	0.033867
1550	0.095066
1551	-0.049908
1596	0.021642
1597	-0.307612
1628	0.419974
1629	-0.241200
1633	0.024529
1636	-0.875519
1637	0.378567
1765	0.122940
1766	-0.139855
1780	0.287823
1862	-0.022114
1865	-0.021944
1870	-0.005611
1885	-1.103788
1910	-0.040041
1911	0.164083
2007	0.442527
2060	-0.523461
2062	-0.011742
2090	-0.118173
2093	0.165840
2094	0.095370
2095	0.301790
2096	0.011128
2100	0.166952
2101	0.334970
2102	0.444202
2103	0.324134
2104	0.421815
2105	0.021364
2128	-0.191400
2129	0.270743
2135	-0.214073
2190	0.027248
2195	-0.091321
2197	-0.018270
2198	0.020399
2199	0.012936
2200	-0.040811
2201	0.041709
2202	0.003907
2205	-0.076687
2217	-0.044954
2218	0.080132
2221	-0.036246
2272	-0.119402
2273	0.153436
2275	0.193935
2288	0.552329
2293	-0.036497
2298	0.080729
2299	0.050909
2300	-0.073298
2301	-0.148397
2338	-0.080989
2342	0.110585
2343	0.124296
2358	0.123586
2384	-0.025223
2385	-0.003631
2399	0.187103
2435	-0.057978
2436	0.047313
2465	-0.116020
2467	0.130161
2468	-0.060170
2469	-0.149634
2470	0.013341
2471	0.090432
2474	-0.023560
2620	-0.158988
2650	-0.103394
2651	0.032341
2685	0.153586
2688	-0.213547
2730	0.171365
2843	0.106479
2951	0.030450
2959	-0.067683
3236	0.036769
3305	1.109056
3318	0.038807
3340	0.198969
3352	0.023139
3355	-0.017838
3356	0.064947
3365	-0.052662
3366	0.078999
3367	0.049822
3368	-0.060380
3401	-0.057079
3405	-1.102824
3434	0.099265
3448	0.077776
3454	0.194359
3481	0.002266
3495	-0.004476
3504	0.295791
3532	-0.201948
3540	0.153169
3549	-0.338481
3550	0.047055
3569	0.108075
3595	-0.080000
3596	0.103127
3603	-0.150786
3621	-0.060269
3622	-0.054333
3647	0.201805
3649	-0.110317
3651	0.906575
3652	-0.031183
3723	-0.275670
3757	-0.378515
3772	-0.187271
3787	0.148482
3798	0.197643
3799	-0.047278
3889	0.240431
3897	0.051406
3898	0.020701
3904	-0.145641
3945	-0.053205
3990	-0.082270
4024	-0.000646
4039	-0.297625
4048	-0.395780
4050	-0.125593
4076	-0.025377
4094	-0.243377
4170	-0.018714
4251	0.037989
4252	-0.138606
4299	-0.093323
4302	-0.049999
4318	-0.017147
4319	-0.214230
4320	0.142113
4360	-0.166113
4388	0.126672
4414	0.123905
4426	-0.082511
4446	-0.742873
4527	-0.137412
4545	0.146435
4546	-0.093991
4554	0.002944
4564	-0.110117
4567	-0.032467
4634	-0.130858
4693	-0.020245
4736	-0.433535
4761	-0.010047
4879	-0.041549
5071	-0.017750
5138	-0.108524
5164	0.150455
5182	0.021424
5183	0.100823
5184	0.088458
5187	-0.075854
5188	0.012540
5189	-0.007199
5193	-0.140231
5194	-0.109430
5195	-0.314263
5197	-0.221660
5203	0.281164
5205	0.167650
5212	0.133335
5213	0.025011
5222	-0.195259
5223	0.192845
5228	-0.020875
5232	0.238355
5244	0.133906
5245	0.440359
5246	0.089086
5248	-0.000160
5292	0.028725
5293	-0.240431
5299	-0.188840
5300	-0.230868
5315	-0.053151
5316	-0.210111
5319	-0.099435
5320	-0.103212
5321	-0.133520
5322	-0.092318
5323	-0.023275
5324	-0.172373
5325	-0.037570
5329	-0.424086
5342	0.126481
5343	0.068428
5374	-0.146734
5376	0.020625
5378	-0.187340
5379	-0.080483
5382	0.392297
5390	-0.280833
5398	-0.033638
5402	-0.024072
5404	-0.053923
5407	-0.087442
5408	-0.007375
5409	-0.162814
5411	-0.063174
5412	-0.400612
5413	0.054911
5416	-0.230989
5418	-0.205671
5422	-0.231325
5425	-0.087485
5427	0.028912
5428	0.125630
5432	0.023611
5436	-0.032190
5443	-0.283711
5444	0.009464
5458	0.066315
5462	0.061058
5465	-0.147850
5468	-0.012145
5471	-0.142051
5480	-0.092279
5481	0.046394
5485	0.173074
5486	-0.046912
5488	0.261186
5489	0.158656
5495	-0.033159
5513	-0.233352
5515	0.111844
5516	0.217141
5521	0.038217
5527	0.018293
5528	-0.070166
5536	0.582891
5537	0.422170
5547	0.010578
5565	-0.160957
5573	0.094305
5579	-0.309477
5583	-0.069436
5586	-0.082241
5589	-0.172712
5590	0.224781
5593	-0.048747
5599	0.092003
5604	0.042325
5605	0.223888
5606	-0.061450
5625	0.546716
5649	-0.001069
5656	0.136716
5657	0.489030
5658	-0.195495
5686	0.083288
5695	0.013618
5705	0.074367
5706	0.081180
5716	0.032331
5717	0.181728
5718	0.273078
5719	0.160181
5720	-0.077294
5724	0.093196
5738	-0.001752
5742	-0.057505
5750	-0.393718
5751	0.007940
5756	0.050394
5761	0.548400
5768	-0.030332
5773	0.386759
5792	0.057280
5793	0.203415
5794	0.149019
5806	0.086887
5811	-0.018041
5812	0.161435
5813	0.272690
5814	0.050444
5821	-0.005305
5823	-0.108341
5825	0.241357
5831	0.147130
5832	0.180877
5833	0.129297
5847	0.140689
5849	-0.102304
5851	-0.054904
5854	-0.044463
5858	0.017740
5862	-0.086645
5875	-0.131013
5876	-0.474422
5903	-0.135150
5910	-0.114517
5912	-0.149762
5913	-0.387100
5925	-0.113563
5926	0.054193
5927	0.120390
5928	-0.089741
5930	-0.084046
5931	-0.146697
5933	-0.898172
5934	0.128432
5937	-0.419918
5939	0.150752
5940	-0.091021
5941	0.207130
5943	0.216937
5963	-0.161369
5964	-0.087737
5965	-0.068511
5966	-0.246641
5968	0.094969
5969	-0.087831
5970	-0.026195
5971	-0.043792
5975	0.165029
6006	0.331643
6011	-0.112764
6017	0.290454
6019	0.043997
6022	0.247277
6032	-0.243640
6095	-0.154540
6115	0.018118
6116	-0.120432
6119	0.017017
6127	-0.103340
6128	0.074657
6130	0.074533
6140	-0.192265
6141	-0.153603
6147	0.044124
6148	0.015181
6163	0.056319
6164	0.023574
6170	0.135083
6171	-0.230604
6177	-0.064827
6184	0.159506
6200	-0.401957
6204	-0.104376
6206	-0.278308
6223	0.010930
6240	-0.109543
6245	0.240849
6253	0.034068
6267	0.048079
6269	-0.122149
6290	-0.101327
6303	0.058141
6317	0.126416
6343	0.047381
6350	0.179253
6360	0.120268
6367	-0.085463
6383	0.079573
6389	0.324116
6397	0.404281
6398	-0.101814
6406	0.255276
6407	0.126843
6412	0.056123
6413	0.027566
6434	-0.110032
6435	-0.109961
6460	0.040687
6463	-0.029078
6464	-0.026263
6489	0.403864
6507	0.121938
6510	0.289901
6516	-0.019572
6518	0.122497
6522	0.276123
6523	0.233578
6524	0.032818
6525	-0.282274
6531	-0.137622
6536	0.085913
6575	0.037208
6584	-0.015080
6585	-0.041630
6586	0.268120
6594	-0.184481
6595	0.227958
6610	-0.089494
6612	0.187098
6615	0.113069
6624	-0.054445
6628	-0.201502
6649	-0.139084
6698	1.337207
6706	-0.275327
6718	0.274262
6719	-0.056826
6722	-0.264753
6770	-0.136979
6780	0.035366
6781	0.229882
6794	0.131497
6795	0.164825
6796	0.218782
6799	0.145267
6809	-0.104921
6837	0.141329
6838	0.020974
6839	0.185862
6846	0.162104
6865	-0.179083
6869	0.107788
6870	-0.019322
6871	0.163295
6873	0.132175
6876	0.175314
6885	-0.028587
6895	0.106247
6896	0.180387
6897	0.043652
6900	-0.103993
6903	-0.100978
6906	-0.135614
6916	-0.010429
6917	-0.113658
6918	-0.006966
6919	-0.093336
6938	-0.041530
6941	0.056490
6942	0.202720
6943	0.365739
6944	0.597234
6948	-0.218676
6953	-0.352832
6957	0.194598
6958	0.605219
6970	-0.112178
6971	-0.048296
6976	0.053743
6977	0.043372
6990	0.146696
7014	0.204954
7015	0.102419
7016	0.320915
7018	0.111172
7019	0.056695
7042	0.163776
7053	0.133979
7066	0.025362
7067	-0.073815
7083	-0.087361
7092	0.039540
7100	-0.466466
7103	-0.424125
7110	0.047858
7111	-0.344076
7112	-0.055871
7113	0.196866
7116	-0.175116
7119	-0.012856
7120	0.086714
7121	-0.120392
7122	0.147464
7140	0.009180
7143	-0.474267
7157	-0.178457
7165	0.180369
7175	0.097822
7178	0.162605
7206	-0.011155
7207	0.087952
7217	-0.143317
7218	-0.037197
7221	-0.054935
7227	-0.149979
7230	-0.429129
7236	0.208725
7239	0.107969
7242	-0.020386
7260	0.135492
7268	0.594515
7269	0.167226
7304	0.238233
7326	1.186742
7327	0.657597
7336	0.035634
7342	0.045069
7346	-0.015970
7348	-0.223642
7355	0.197349
7361	0.080507
7372	-0.165258
7387	0.075458
7422	0.106833
7423	-0.204138
7425	-0.091464
7436	-0.121215
7442	-0.106343
7446	0.315348
7448	-0.039257
7453	-0.110673
7463	0.060833
7492	-0.514649
7493	-0.256994
7494	-0.193173
7495	-0.251403
7518	-0.116266
7520	0.292473
7540	-0.097865
7546	-0.141580
7556	0.031408
7559	-0.147027
7560	-0.133331
7561	0.087071
7564	0.006060
7575	0.001830
7583	0.258085
7585	0.023916
7586	0.132196
7599	-0.392132
7600	-0.516559
7606	-0.427711
7614	-0.051868
7617	0.037193
7622	-0.189335
7629	0.016826
7637	-0.173853
7640	-0.016387
7657	-0.102844
7665	-0.058396
7666	-0.014754
7667	-0.125024
7668	-0.097372
7669	-0.212376
7670	-0.573205
7671	-0.122969
7681	-0.108997
7683	-0.078017
7684	-0.048347
7696	-0.055769
7722	-0.157938
7723	-0.023972
7799	0.413902
7852	0.250634
7859	0.266009
7860	0.105009
7861	-0.083589
7865	0.228321
7875	0.079280
7876	0.037899
7895	0.034326
7913	-0.101723
7917	0.167820
7952	-0.080871
7969	-0.557159
7971	-0.010678
8000	0.081323
8002	0.029571
8006	0.047036
8036	0.214965
8056	-0.048008
8069	0.094341
8103	0.086939
8107	-0.051790
8120	0.030249
8122	0.113482
8125	-0.063974
8127	-0.011627
8136	-0.200041
8149	-0.216479
8154	-0.328160
8197	-0.066165
8208	-0.002905
8223	-0.460211
8232	0.096106
8241	0.074861
8256	-0.168733
8262	-0.225629
8266	0.089779
8267	0.300278
8268	0.130989
8269	0.031410
8271	-0.235662
8273	0.139717
8280	-0.096196
8284	-0.169604
8303	-0.090218
8304	0.349182
8305	0.364357
8308	0.131422
8332	0.034255
8333	0.046693
8334	-0.076896
8338	0.131516
8363	-0.034485
8370	-0.407778
8398	-0.061737
8465	-0.329340
8468	0.247638
8469	0.091983
8470	-0.202414
8507	-0.017058
8552	0.082133
8572	-0.086116
8574	-0.237632
8577	0.123595
8586	0.199948
8592	0.144165
8593	0.119147
8594	0.094149
8597	-0.151524
8599	0.123956
8606	0.450376
8607	-0.018330
8615	0.055987
8617	0.004368
8626	-0.135461
8636	-0.076567
8669	0.121554
8671	0.074935
8673	0.196850
8675	-0.242805
8790	-0.056279
8791	-0.031676
8811	-0.571153
8822	-0.180903
8841	0.041626
8849	0.316818
8856	0.133904
8875	0.169797
8884	-0.409501
8906	0.073603
8907	-0.194011
8910	0.011408
8911	-0.459840
8912	0.152487
8913	-0.144972
8934	-0.205171
8935	-0.073880
8954	-0.097015
8968	-0.160276
8972	-0.047265
9001	-0.028271
9029	-0.181972
9032	-0.337578
9058	0.212253
9059	0.001672
9068	-0.047377
9070	-0.035899
9108	0.180778
9139	-0.069011
9140	-0.036972
9158	-0.116952
9187	-0.029946
9188	-0.042574
9189	-0.319502
9190	-0.053921
9253	-0.063673
9259	0.318734
9268	-0.016820
9269	0.504355
9271	-0.148438
9312	0.021224
9323	-0.043936
9329	-0.021339
9330	-0.015671
9331	-0.143733
9356	-0.126445
9376	0.187897
9394	-0.112712
9424	-0.269939
9428	-0.140200
9429	-0.199555
9496	0.122757
9536	0.122248
9543	-0.227898
9589	-0.062720
9614	0.152856
9615	0.030181
9617	0.300000
9631	-0.001769
9661	0.069413
9668	0.051867
9718	-0.801991
9728	0.391082
9734	-0.071577
9788	0.009305
9791	0.117382
9793	0.177880
9804	0.109761
9809	0.011294
9810	0.053926
9823	0.016541
9828	-0.004197
9907	-0.260962
9951	0.452773
9968	-0.000391
9969	-0.176501
10010	0.417147
10011	0.090255
10012	0.323655
10018	0.182902
10021	0.070902
10022	0.113511
10031	-0.017305
10032	0.103123
10033	0.119688
10034	0.061329
10035	0.210282
10039	0.016111
10044	-0.030698
10045	-0.111445
10060	-0.532581
10065	0.134255
10077	-0.197825
10080	0.035311
10130	0.075372
10131	-0.166233
10149	0.018057
10194	0.067989
10197	-0.174143
10221	0.046713
10226	0.025117
10232	-0.164674
10233	-0.402628
10263	-0.284079
10264	-0.132867
10274	0.025101
10286	-0.224914
10292	-0.229054
10299	-0.074998
10302	0.064121
10324	-0.075210
10355	-0.032802
10358	0.182090
10362	0.327501
10366	0.609251
10368	0.124765
10370	0.060088
10392	-0.261097
10405	-0.360908
10406	-0.073342
10409	-0.066997
10419	0.193285
10420	0.046658
10424	0.175623
10434	0.223492
10455	-0.047120
10478	-0.006905
10480	-0.348989
10484	0.198578
10510	0.163666
10519	0.103378
10520	0.154894
10524	0.123972
10578	0.123195
10630	-0.045523
10643	0.068208
10645	0.003872
10677	-0.015387
10678	0.071793
10690	-0.025415
10717	0.079371
10718	-0.008780
10719	-0.112395
10721	-0.147654
10723	-0.242000
10735	-0.058591
10736	0.014907
10829	0.282350
10837	-0.336894
10846	0.019268
10921	0.089239
10922	0.050540
10923	-0.099973
10924	0.048945
10964	-0.034265
10978	-0.121267
11017	0.230728
11018	0.297078
11019	1.396595
11032	-0.218773
11034	-0.063665
11035	-0.254027
11036	-0.047922
11052	0.007420
11056	-0.177577
11060	-0.318544
11063	-0.064128
11064	0.032924
11068	-0.140338
11069	-0.264200
11090	-0.089200
11098	0.003023
11099	-0.034417
11100	0.136950
11105	-0.253412
11109	-0.111728
11122	-0.068209
11123	0.121126
11125	-0.010581
11126	0.014474
11149	-0.032065
11153	-0.080174
11188	-0.318765
11193	-0.236908
11230	-0.090053
11233	-0.017642
11236	-0.132531
11243	0.212837
11251	-0.283713
11259	-0.732534
11263	0.098881
11272	-0.144481
11321	0.482503
11322	0.063374
11326	-0.040425
11327	-0.002428
11335	-0.347697
11337	-0.075623
11343	-0.118153
11390	0.057727
11444	1.296901
11464	-0.311913
11471	-0.042050
11472	0.049478
11473	-0.147692
11492	-0.245272
11499	-0.144691
11500	0.036932
11505	-0.340599
11527	-0.153930
11528	-0.157943
11532	0.005900
11564	0.067517
11589	0.230405
11591	0.015997
11592	0.076428
11599	-0.078753
11605	-0.298646
11617	-0.246144
11630	-0.341983
11631	-0.900532
11632	-0.356709
11656	0.279972
11657	-0.288259
11777	-0.130072
11786	0.067034
11812	-0.060205
12020	0.257861
12061	-0.176330
12115	-0.029258
12154	-0.261923
12155	-0.171886
12156	-0.153734
12159	0.087057
12174	-0.302105
12176	-0.091031
12230	-0.056767
12234	0.370601
12236	0.176130
12237	-0.861355
12250	1.178817
12252	0.118332
12253	-0.312403
12315	-0.303827
12381	0.277571
12382	0.235488
12438	-0.127297
12455	0.177152
12462	0.086119
12478	-0.071093
12603	0.367491
12711	0.142639
12714	0.223750
12716	-0.230051
12754	0.245041
12785	-0.350494
12788	-0.111203
12792	-0.151458
12898	0.224199
12944	0.050108
12949	-0.264301
13062	0.283410
13099	0.055328
13160	-0.096103
13198	0.465493
13239	0.094917
13249	-0.506931
13262	-0.181721
13263	-0.182123
13272	1.209866
13273	0.040466
13277	0.086827
13305	-0.083914
13342	0.093284
13343	-0.133357
13345	0.013581
13351	-0.098513
13357	-0.119170
13427	-0.198308
13436	-0.039160
13455	-0.161861
13528	-0.061819
13532	-0.001872
13553	-0.129294
13566	-0.312023
13651	-0.041759
13653	0.168623
13675	-0.094122
13676	0.072955
13677	0.328151
13678	-0.093306
13681	0.233327
13688	-0.070987
13697	0.002632
13705	-0.020334
13708	0.075917
13737	0.214142
13760	0.173913
13923	0.333855
13927	0.180086
13995	-0.124576
14002	-0.337892
14003	-0.126344
14021	-0.102922
14034	0.233788
14064	0.085030
14110	-0.012159
14155	-0.109221
14203	0.240879
14208	0.180180
14340	-0.120354
14356	-0.420410
14389	-0.186172
14499	-0.048224
14625	-0.012191
14632	0.112660
14637	-0.012148
14641	0.167660
14685	0.163159
14694	-0.110529
14695	-0.044739
14699	-0.120200
14700	-0.026255
14749	-0.167705
14760	-0.167581
14790	0.082854
14791	0.092519
14796	0.030080
14797	0.150327
14891	0.098514
14927	0.001556
15099	-0.054163
15182	0.120244
15243	-0.200629
15245	-0.119596
15254	0.175570
15322	0.120825
15327	0.087940
15463	-0.031699
15496	-0.147680
15499	-0.077271
15502	-0.048178
15514	-0.000172
15566	-0.070125
15580	0.312355
15583	0.265907
15586	0.099898
15601	0.116004
15621	0.223502
15780	0.020589
15869	-0.483971
16082	-0.249668
16281	0.322041
16293	0.161475
16300	-0.268282
16304	-0.180935
16360	-0.043729
16361	0.145878
16367	-0.040685
16432	0.208522
16433	0.543844
16438	-0.117907
16446	-0.365974
16453	-0.164047
16463	0.881148
16466	0.046088
16477	0.179664
16482	0.066996
16605	-0.070627
16606	-0.236115
16635	0.021712
16638	0.109719
16655	0.161325
16673	0.273844
16676	0.025078
16677	0.086275
16678	0.039493
16808	-0.110997
16829	-0.008259
17150	-0.427548
17182	0.109563
17199	-0.058457
17273	-0.116066
17431	-0.117864
17466	0.238819
17472	-0.249505
17485	0.010817
17585	0.078904
17620	0.024041
17647	0.191575
17690	0.193912
17772	1.136070
18410	0.147377
19647	0.215720
21458	1.257880
21885	0.477318
21973	0.425520
21976	-0.041624
21977	0.022347
22084	-0.049273
23475	0.016130
23754	-0.145103
23764	-0.042929
24372	0.140440
24918	-0.170270
24944	-0.241986
25022	-0.271474
25140	0.248910
26484	-0.178554
27764	-0.029391
28424	-0.049002
28845	-0.240194
29861	0.081924
30684	0.240393
31288	-0.002592
31704	-0.086126
32421	-0.511297
32520	0.256335
32893	0.166464
34340	-0.826507
35227	0.539338
35334	0.227206
36499	0.050356
36843	-0.020913
36844	0.006164
36955	0.290764
36970	0.351200
39336	-0.117422
39353	-0.179637
40538	0.215832
40541	-0.052348
40542	0.028338
40599	-0.460058
40601	-0.080251
40602	-0.028446
40656	0.133200
40657	0.187693
42157	-0.077370
42203	-0.125851
42204	-0.014582
42851	-0.110973
43061	0.399420
44144	-0.114916
45195	0.153412
47030	-0.028225
47285	-0.070012
47317	-0.148475
47457	0.142465
47460	-0.250429
48147	-0.105210
48297	0.141956
48474	-0.144799
48696	-0.288335
49516	-0.268682
49630	-0.148749
49927	-0.092507
50199	0.246813
50249	-0.030128
50259	-0.149126
50904	0.358467
53231	-0.019869
53471	0.156264
53531	-0.087926
53986	0.247914
55057	1.112330
56431	0.480679
56432	0.361406
56466	0.277577
56478	0.273599
56621	0.156365
57644	-0.453041
57756	-0.298720
58783	1.010449
59657	-0.166876
59715	0.763931
64825	0.079124
64947	0.014559
65950	0.190018
70102	0.411775
75003	0.383165
75099	0.219636
75742	0.267033
75823	0.387322
75824	-0.044952
78157	-0.715338
78181	0.124373
78191	0.008873
80479	-0.112269
80480	0.305115
80715	-0.196567
80719	-0.163836
80750	-0.145407
81231	0.119768
84436	0.002951
84780	-0.181056
84844	-0.075192
85002	-0.148932
85003	0.384419
85659	-0.046000
85663	-0.081012
85710	-0.039606
92185	0.407978
96142	-0.242788
96144	-0.122511
96482	0.041694
98871	-0.733709
