# 1342 minima projected onto PC9
Min	PC
3	0.011098
4	0.018710
5	-0.648225
6	-0.006296
7	-1.169174
9	0.611985
16	0.593224
17	-0.643775
21	0.090364
23	0.361558
31	1.063889
44	-0.917069
47	-0.929899
48	3.561762
51	0.123140
52	0.687475
55	2.858589
56	-0.509006
57	-1.067901
58	-0.809122
60	-1.370122
67	-0.296287
68	-0.399723
71	1.124658
72	1.054340
74	0.113140
79	5.649249
82	0.244423
85	0.738978
86	0.132700
87	3.119243
88	0.836030
91	1.717282
92	0.854383
94	0.916601
95	-0.052667
97	-0.827443
104	-2.152052
106	-3.284189
109	0.586057
111	-0.636133
115	1.240368
120	-0.698312
126	5.545122
129	-0.277513
136	3.427900
137	0.786317
188	-0.871282
189	-0.978681
196	-0.049261
199	-0.558824
200	0.091760
202	0.800905
211	0.094730
213	-0.457481
214	-1.501245
219	-0.363643
221	0.472735
276	0.086700
279	-0.617642
283	-0.894455
295	-0.664388
308	-0.699161
312	-0.421493
315	3.647148
318	0.479792
319	1.044707
321	1.314541
324	0.658305
328	3.079968
334	0.233859
336	-2.589706
338	-0.363254
347	1.098174
351	4.175592
352	2.058498
354	0.128739
357	-0.850775
359	1.830172
362	1.266867
364	-0.169279
365	-0.145384
368	1.345651
376	0.201218
377	-0.742900
380	0.585380
386	-0.111744
388	-0.755057
390	-1.354956
396	-1.444384
404	-0.312482
410	-0.834262
413	-0.944416
420	-0.380842
423	0.614558
424	2.038646
437	1.681862
438	-0.418858
444	2.113126
452	-0.429460
473	-0.665036
474	0.348490
475	3.406915
476	-0.746690
478	-0.855207
479	-0.866755
480	0.510184
483	4.315717
503	-0.563029
508	-0.432731
509	-0.402571
530	1.337622
536	-0.938530
556	1.369803
581	0.557502
583	-0.043316
603	1.275608
606	0.178739
607	-0.436369
620	-0.948446
628	-0.518708
636	-0.041263
637	-2.172694
639	-0.983582
640	-0.766340
644	-0.026011
645	0.151163
677	0.498467
678	3.300403
679	0.599948
682	3.934185
698	-0.459801
700	0.408353
710	-1.441417
722	0.910533
723	-0.033055
724	0.232739
725	-0.365560
726	-0.028222
747	0.299176
753	0.533855
755	-3.299479
757	-0.222842
765	1.360008
782	1.168196
783	-0.307661
793	-0.840200
808	-0.523636
814	-0.813673
840	0.316725
848	1.311354
859	0.260175
864	-3.184336
867	1.064275
878	1.444307
888	-0.732088
890	-0.515014
892	3.903480
899	-2.068784
918	0.615375
926	-0.706901
933	2.626690
934	0.433490
981	0.148092
1028	-0.214440
1034	-0.497119
1051	-0.663094
1054	-2.736223
1058	-0.287665
1062	-4.407541
1063	2.287020
1064	-3.291006
1066	-0.728106
1068	0.398472
1073	-0.908919
1082	1.031075
1083	0.573335
1086	1.041525
1089	-1.672723
1090	-0.615752
1091	1.640479
1092	2.672739
1164	1.655801
1165	-0.353510
1174	4.785500
1176	0.361864
1184	-0.844573
1191	-0.509276
1192	-1.097423
1201	2.512739
1230	-0.185976
1339	2.323341
1341	-0.187709
1370	1.372376
1385	-0.136787
1405	1.746618
1437	-0.026259
1441	1.346235
1443	-0.955385
1521	0.336450
1522	0.954195
1523	-1.191924
1524	-2.801491
1525	-3.622905
1541	2.184309
1542	-1.046310
1550	-4.486272
1551	-2.998385
1596	1.015956
1597	3.679586
1628	2.950056
1629	2.551606
1633	-0.021120
1636	0.630494
1637	-0.175650
1765	-2.360868
1766	-0.813686
1780	-1.131156
1862	-2.239265
1865	-0.745563
1870	-2.201616
1885	1.753140
1910	-0.627414
1911	-0.958034
2007	-0.929859
2060	2.757034
2062	3.481985
2090	1.966039
2093	0.893463
2094	0.650227
2095	-1.540656
2096	-1.921469
2100	-1.071459
2101	-1.612309
2102	-1.358246
2103	-1.789064
2104	-1.524745
2105	-2.667251
2128	-2.546463
2129	-3.035569
2135	-2.336308
2190	-1.456121
2195	-2.282676
2197	-0.146088
2198	0.158081
2199	0.260593
2200	-1.391529
2201	1.101785
2202	0.438509
2205	-1.532666
2217	1.093568
2218	2.952089
2221	3.016457
2272	-1.981361
2273	-2.188548
2275	-1.595153
2288	-0.966610
2293	1.461609
2298	-2.731113
2299	-0.758841
2300	-3.205935
2301	-2.531211
2338	-0.594579
2342	-1.942025
2343	-1.917046
2358	0.737957
2384	-0.786923
2385	-0.439970
2399	-0.807709
2435	0.856313
2436	0.324197
2465	-0.533333
2467	-1.874794
2468	0.085703
2469	-0.058331
2470	0.257779
2471	2.932245
2474	-2.138841
2620	-0.297540
2650	-1.854731
2651	-3.305884
2685	-3.442039
2688	0.474652
2730	-2.130933
2843	-1.003977
2951	0.111747
2959	2.643913
3236	0.456448
3305	-1.401121
3318	1.187158
3340	0.804525
3352	4.174046
3355	3.599305
3356	2.265887
3365	0.557217
3366	0.915113
3367	0.641445
3368	0.391353
3401	-0.408137
3405	1.815638
3434	0.468895
3448	2.624461
3454	0.754650
3481	-0.451346
3495	0.575127
3504	-1.004891
3532	3.084901
3540	-1.244328
3549	0.318870
3550	1.163194
3569	2.829260
3595	0.857220
3596	-1.750562
3603	1.150664
3621	2.385659
3622	1.315626
3647	-0.302914
3649	1.911528
3651	-0.003821
3652	-0.277913
3723	-1.136920
3757	1.047939
3772	2.637209
3787	0.911251
3798	0.664125
3799	-0.759790
3889	0.414729
3897	-0.846854
3898	-1.717278
3904	2.617287
3945	1.262981
3990	-0.867008
4024	0.761276
4039	-1.989521
4048	1.634788
4050	-0.653501
4076	-0.416579
4094	0.462263
4170	2.293943
4251	1.580143
4252	1.531075
4299	-0.100835
4302	0.038474
4318	-0.773226
4319	1.528345
4320	-0.059034
4360	1.794743
4388	0.248980
4414	1.690557
4426	-1.283894
4446	-0.652101
4527	0.709832
4545	1.676686
4546	0.677343
4554	0.505698
4564	1.896570
4567	-0.362191
4634	-0.127581
4693	0.873574
4736	0.972403
4761	-1.057853
4879	0.728070
5071	1.193309
5138	0.014994
5164	3.152989
5182	6.066076
5183	6.155306
5184	1.379763
5187	-1.674180
5188	0.296220
5189	-0.989615
5193	-0.840198
5194	-1.186535
5195	0.055640
5197	2.794406
5203	2.655988
5205	1.706965
5212	-1.619128
5213	-1.581918
5222	2.894806
5223	-4.514086
5228	-1.576271
5232	1.173256
5244	2.330139
5245	2.501270
5246	1.407795
5248	1.987896
5292	2.335664
5293	2.495196
5299	1.620019
5300	1.508165
5315	-1.786451
5316	-1.981397
5319	-0.125939
5320	0.012475
5321	-0.942873
5322	-1.064633
5323	1.760131
5324	1.622562
5325	0.634830
5329	0.270237
5342	-0.768944
5343	-0.275831
5374	-0.646579
5376	0.821926
5378	-0.759213
5379	0.060668
5382	-0.665521
5390	-1.981092
5398	-0.679247
5402	-1.594810
5404	-5.495762
5407	-1.397319
5408	-1.358730
5409	-1.622605
5411	-1.573454
5412	-1.499769
5413	-2.126345
5416	-3.462024
5418	1.520452
5422	1.088810
5425	-0.069815
5427	-0.624301
5428	-2.907944
5432	1.273281
5436	-3.692657
5443	0.875764
5444	2.003259
5458	0.967928
5462	1.927438
5465	1.093329
5468	1.023597
5471	1.225905
5480	2.201879
5481	2.796671
5485	0.780269
5486	0.811034
5488	-1.427206
5489	-0.410022
5495	-1.230222
5513	0.588169
5515	3.427177
5516	0.706524
5521	0.500033
5527	-2.218971
5528	-0.453917
5536	-2.050969
5537	-2.138600
5547	1.436784
5565	-0.550771
5573	-0.642128
5579	-0.306584
5583	1.380681
5586	0.885664
5589	-1.946474
5590	-0.876776
5593	-1.990524
5599	-2.009071
5604	-5.067061
5605	-1.009139
5606	-0.615962
5625	4.997783
5649	-0.431684
5656	-3.039489
5657	4.820219
5658	-0.594856
5686	0.627118
5695	0.047709
5705	1.309564
5706	-0.723660
5716	1.124872
5717	0.137496
5718	-1.982474
5719	0.941958
5720	1.518569
5724	1.664390
5738	-1.774820
5742	3.119409
5750	2.412860
5751	-0.205138
5756	1.167417
5761	2.155067
5768	1.249054
5773	-0.178937
5792	0.733396
5793	-1.591048
5794	0.305028
5806	1.296312
5811	1.107654
5812	0.436451
5813	0.599790
5814	1.287371
5821	1.005620
5823	3.918196
5825	-1.977512
5831	1.002389
5832	1.632139
5833	1.578970
5847	1.627348
5849	2.393373
5851	1.521387
5854	2.723784
5858	-1.627417
5862	0.600586
5875	0.262443
5876	3.455421
5903	0.865010
5910	-2.137900
5912	-0.570461
5913	0.130305
5925	-1.807443
5926	-2.307882
5927	-3.108774
5928	0.357490
5930	2.913105
5931	1.404816
5933	-3.875915
5934	1.111641
5937	-2.694409
5939	1.710440
5940	-0.549036
5941	0.626839
5943	0.889952
5963	-1.509870
5964	0.737912
5965	1.473549
5966	-2.309659
5968	-0.159456
5969	0.331698
5970	0.570812
5971	-0.182438
5975	3.571021
6006	1.359939
6011	-0.336491
6017	-1.031135
6019	-1.511236
6022	-1.307456
6032	0.857779
6095	2.000092
6115	-0.019700
6116	-1.701691
6119	1.930435
6127	0.898069
6128	1.413040
6130	-0.710352
6140	0.238591
6141	5.767008
6147	2.547617
6148	2.515961
6163	2.692769
6164	3.521060
6170	2.362621
6171	3.265230
6177	2.680155
6184	3.402270
6200	4.441763
6204	0.428660
6206	3.431985
6223	2.920786
6240	5.475029
6245	0.430790
6253	2.886106
6267	3.132694
6269	2.023840
6290	3.250034
6303	-0.749664
6317	3.046592
6343	1.830887
6350	1.950129
6360	1.242591
6367	2.584001
6383	0.164163
6389	-0.213022
6397	0.743609
6398	1.953754
6406	1.001876
6407	2.177680
6412	0.591339
6413	0.571447
6434	0.427776
6435	-0.282796
6460	1.781052
6463	0.465216
6464	0.778044
6489	-2.078290
6507	-2.005206
6510	-1.555847
6516	-0.693667
6518	-4.289244
6522	-0.836296
6523	0.162461
6524	-0.619036
6525	0.405849
6531	0.564848
6536	-0.152599
6575	-0.541375
6584	0.732323
6585	-1.186357
6586	0.042738
6594	-2.516898
6595	-2.028047
6610	-5.411954
6612	0.016230
6615	-3.002797
6624	0.073228
6628	-1.834358
6649	-1.279804
6698	-0.438775
6706	-2.225607
6718	-3.015272
6719	-1.038063
6722	-1.894120
6770	-2.077002
6780	0.116545
6781	-0.035228
6794	3.327394
6795	2.069707
6796	2.354332
6799	-2.352318
6809	1.951812
6837	-1.896609
6838	0.475457
6839	-1.117667
6846	2.181651
6865	-1.466372
6869	-0.721709
6870	-1.483402
6871	-1.577283
6873	1.315240
6876	0.029129
6885	1.730358
6895	1.118044
6896	-1.770400
6897	-1.689773
6900	1.612789
6903	-3.367627
6906	-1.540053
6916	-0.454764
6917	-1.748944
6918	-3.991913
6919	-1.141277
6938	1.164249
6941	-1.493702
6942	-2.368845
6943	-3.481799
6944	-3.405032
6948	-2.328102
6953	-1.333973
6957	-1.339133
6958	-1.852580
6970	-0.132008
6971	1.456924
6976	2.737668
6977	3.591330
6990	-0.914545
7014	1.422019
7015	1.259856
7016	1.650978
7018	-1.276354
7019	-1.796662
7042	1.407703
7053	2.424115
7066	0.649112
7067	0.246170
7083	-1.517974
7092	3.244352
7100	-2.398593
7103	-1.207679
7110	1.705611
7111	0.848825
7112	0.860492
7113	0.725496
7116	0.694184
7119	-1.290623
7120	0.801317
7121	-1.540733
7122	-1.169188
7140	1.189663
7143	-3.692977
7157	0.228583
7165	0.764111
7175	-0.469703
7178	-4.198833
7206	1.135296
7207	1.862783
7217	1.611122
7218	1.491106
7221	0.518292
7227	-3.298673
7230	-0.163681
7236	0.008940
7239	1.817854
7242	1.587673
7260	2.520728
7268	3.097095
7269	1.881771
7304	2.321518
7326	-0.780271
7327	2.071754
7336	2.559008
7342	2.086582
7346	1.049127
7348	0.086852
7355	1.167914
7361	0.557109
7372	-1.836555
7387	-2.732082
7422	0.598824
7423	-3.409289
7425	-0.745699
7436	-0.472622
7442	-0.759041
7446	1.092695
7448	0.399734
7453	0.016102
7463	1.903377
7492	-2.364621
7493	-3.228350
7494	-3.916690
7495	-2.655884
7518	0.375194
7520	0.559003
7540	1.656719
7546	1.734752
7556	-0.474959
7559	0.965499
7560	0.892376
7561	0.921916
7564	-0.856674
7575	0.691290
7583	0.634622
7585	-0.783598
7586	2.531866
7599	-3.273402
7600	-2.029612
7606	-3.574510
7614	1.853567
7617	-0.470857
7622	-1.500333
7629	1.887448
7637	-1.873112
7640	-0.927359
7657	1.422092
7665	1.622316
7666	-0.223304
7667	0.409423
7668	-0.103209
7669	1.373869
7670	1.906783
7671	0.874906
7681	2.806839
7683	0.680068
7684	2.158040
7696	-0.643294
7722	0.922172
7723	-0.587343
7799	3.337593
7852	0.103624
7859	1.483828
7860	-1.660763
7861	1.455598
7865	0.787401
7875	0.950825
7876	-1.561260
7895	-0.548856
7913	1.906709
7917	0.391428
7952	-1.809581
7969	-2.435410
7971	-0.189195
8000	0.506926
8002	1.135212
8006	2.039171
8036	-2.419984
8056	-0.819513
8069	2.277671
8103	0.924011
8107	0.724541
8120	0.659805
8122	-1.163457
8125	-1.724583
8127	-1.213805
8136	0.227695
8149	0.557229
8154	0.404253
8197	1.901914
8208	1.647968
8223	5.743991
8232	-3.737698
8241	-1.649014
8256	-0.987900
8262	-1.189241
8266	2.089439
8267	0.796690
8268	1.063188
8269	1.312896
8271	-1.679638
8273	0.608345
8280	0.356910
8284	0.462379
8303	0.478991
8304	-2.345573
8305	-2.332135
8308	-0.617404
8332	-0.005905
8333	-1.486786
8334	-1.081225
8338	1.033867
8363	2.214336
8370	0.771911
8398	-0.344195
8465	-1.960285
8468	0.730112
8469	-0.873638
8470	-0.579315
8507	1.926315
8552	-2.012845
8572	-2.109293
8574	-1.556190
8577	1.419827
8586	0.793719
8592	-0.635717
8593	-0.094112
8594	-0.883339
8597	1.964855
8599	-0.746794
8606	-1.029102
8607	-0.253124
8615	0.532171
8617	0.271643
8626	-2.259220
8636	0.387489
8669	1.294520
8671	-1.640541
8673	-0.308339
8675	-2.999261
8790	-2.076146
8791	-4.186383
8811	-1.273835
8822	-1.343938
8841	1.889488
8849	-3.718578
8856	1.928398
8875	-2.374849
8884	-2.499903
8906	-2.848038
8907	-1.499541
8910	-2.055489
8911	3.223613
8912	-1.792579
8913	-0.855592
8934	0.221523
8935	0.531303
8954	2.056015
8968	0.575565
8972	0.645444
9001	1.350159
9029	-1.984285
9032	1.590555
9058	-0.743737
9059	0.200578
9068	-1.868978
9070	-0.826318
9108	1.663113
9139	-2.630923
9140	-2.093878
9158	-0.944755
9187	-1.668984
9188	0.181081
9189	-0.383212
9190	-0.018549
9253	2.202205
9259	0.882147
9268	1.213706
9269	1.542410
9271	1.732098
9312	0.890605
9323	2.206968
9329	1.572317
9330	1.563785
9331	1.846120
9356	1.727082
9376	1.701000
9394	-2.827427
9424	3.189681
9428	1.187273
9429	1.344429
9496	-3.087088
9536	-0.384946
9543	-1.288294
9589	-1.536664
9614	-0.278673
9615	1.675162
9617	0.696600
9631	0.841018
9661	1.735764
9668	2.270075
9718	-1.802694
9728	-2.070711
9734	-3.295322
9788	1.623748
9791	0.969514
9793	0.976780
9804	-1.757845
9809	-2.032037
9810	-2.224094
9823	-1.230560
9828	0.938829
9907	1.177294
9951	-1.803625
9968	0.754960
9969	0.200146
10010	-2.292981
10011	-1.711458
10012	-2.579771
10018	-1.418976
10021	-1.203240
10022	-1.734170
10031	-1.312129
10032	-1.884485
10033	-2.212810
10034	-2.459718
10035	-1.932049
10039	-0.180715
10044	-0.956907
10045	-1.036174
10060	3.768732
10065	-0.958260
10077	1.534493
10080	-1.164526
10130	-0.562250
10131	-0.287354
10149	1.714324
10194	-1.991811
10197	-1.616659
10221	-1.850808
10226	-1.307379
10232	-3.573410
10233	-2.445582
10263	-1.911525
10264	-1.642628
10274	-1.158849
10286	-0.035983
10292	-3.083169
10299	2.046778
10302	-0.722833
10324	-3.347714
10355	1.568764
10358	-0.019227
10362	-2.668491
10366	-2.576282
10368	-1.058809
10370	0.405327
10392	-2.631611
10405	-0.099481
10406	0.738879
10409	1.327817
10419	-2.249068
10420	-2.176737
10424	-2.312606
10434	-2.352578
10455	-0.529731
10478	-0.092464
10480	0.889021
10484	0.105953
10510	0.679319
10519	-0.706092
10520	-1.583771
10524	0.621326
10578	-4.720267
10630	1.825630
10643	-1.701822
10645	0.188695
10677	0.213496
10678	-0.732543
10690	0.376255
10717	-0.376643
10718	0.484473
10719	0.872653
10721	0.317677
10723	-3.390395
10735	-1.104593
10736	0.709077
10829	0.614629
10837	0.945199
10846	-1.777055
10921	-4.005634
10922	0.322122
10923	-2.800800
10924	-2.414519
10964	1.291079
10978	-0.914677
11017	0.016799
11018	0.162581
11019	-0.289134
11032	-2.157877
11034	-2.718809
11035	-3.110582
11036	-1.840459
11052	-0.287692
11056	0.565783
11060	0.545859
11063	-0.334514
11064	-1.213738
11068	0.224220
11069	-0.020598
11090	-0.921616
11098	-2.481988
11099	-1.502786
11100	-1.462306
11105	-0.506276
11109	-0.695676
11122	-0.052134
11123	-0.167805
11125	-1.029634
11126	1.282728
11149	-3.442275
11153	-1.010266
11188	1.943975
11193	-1.133204
11230	-0.710891
11233	0.813267
11236	-1.399246
11243	-0.429846
11251	2.489597
11259	-2.692457
11263	1.644711
11272	-5.157427
11321	-0.714255
11322	0.139449
11326	-1.610631
11327	0.147808
11335	-0.113265
11337	-0.760263
11343	-1.192446
11390	-0.470813
11444	-1.841492
11464	-0.724986
11471	-0.727086
11472	-0.578198
11473	1.755010
11492	-3.667260
11499	-0.823966
11500	1.683770
11505	1.401425
11527	-2.428171
11528	-2.720245
11532	0.534346
11564	-0.715311
11589	-0.234866
11591	-1.224339
11592	-2.477216
11599	1.408199
11605	-3.694411
11617	-2.581728
11630	1.698587
11631	-0.137030
11632	-4.625144
11656	-1.024768
11657	-3.500652
11777	0.761232
11786	-3.858621
11812	-2.499311
12020	-0.003760
12061	0.469863
12115	2.102028
12154	-2.660535
12155	2.330826
12156	2.324671
12159	1.432089
12174	-0.010041
12176	-4.791367
12230	0.483765
12234	1.061870
12236	2.401247
12237	-0.234750
12250	-1.250528
12252	-3.470848
12253	-3.150038
12315	-3.090711
12381	1.351778
12382	1.464950
12438	-0.824787
12455	1.901220
12462	-0.928796
12478	-2.558790
12603	1.529858
12711	0.566929
12714	0.718786
12716	-0.316726
12754	0.654994
12785	2.397048
12788	2.827589
12792	2.431306
12898	-0.039557
12944	-4.476467
12949	-3.145599
13062	4.652094
13099	2.029976
13160	2.235803
13198	-1.827549
13239	-1.821890
13249	-2.170477
13262	-2.198319
13263	-0.455646
13272	-1.941170
13273	-3.880816
13277	0.411473
13305	2.884448
13342	-0.045009
13343	0.110310
13345	-0.274052
13351	0.281737
13357	0.417994
13427	0.461115
13436	-0.727898
13455	0.226511
13528	-0.734561
13532	-3.171790
13553	-1.485725
13566	-2.569136
13651	0.135000
13653	-2.520314
13675	-0.207519
13676	0.982452
13677	-1.295174
13678	-0.171011
13681	-1.063857
13688	0.571866
13697	3.123585
13705	2.768473
13708	-2.178233
13737	-2.341597
13760	0.529787
13923	1.359311
13927	1.052603
13995	4.069529
14002	0.204113
14003	1.146061
14021	-0.983466
14034	1.294261
14064	1.399523
14110	-1.807443
14155	0.854937
14203	-1.265859
14208	1.854824
14340	0.823627
14356	0.559163
14389	-0.243916
14499	0.622895
14625	-0.812852
14632	0.739595
14637	-1.271572
14641	0.112709
14685	0.760353
14694	0.306303
14695	0.373968
14699	-1.947961
14700	1.618103
14749	1.616882
14760	-1.459151
14790	-2.389562
14791	-1.419876
14796	-0.158161
14797	0.415786
14891	1.275355
14927	-0.167483
15099	1.505546
15182	-0.684367
15243	0.101085
15245	-1.419227
15254	-2.015833
15322	1.260224
15327	0.342401
15463	-2.870121
15496	-0.463896
15499	2.739645
15502	1.295464
15514	-0.531487
15566	1.140376
15580	-1.656092
15583	-0.852237
15586	-0.096914
15601	4.486497
15621	-0.452167
15780	-0.576033
15869	2.815672
16082	3.343855
16281	1.822489
16293	1.640124
16300	0.780934
16304	-2.264734
16360	0.705810
16361	-2.410656
16367	-1.551885
16432	-3.985766
16433	-2.924025
16438	-3.456406
16446	-1.182808
16453	-0.700435
16463	-0.355827
16466	-3.069295
16477	1.768435
16482	0.310311
16605	1.494641
16606	0.501202
16635	-2.173703
16638	1.099336
16655	-0.533399
16673	1.390546
16676	0.338352
16677	-0.381325
16678	1.156443
16808	-4.241092
16829	-0.040467
17150	-2.141557
17182	3.806994
17199	-1.857773
17273	1.727293
17431	1.853773
17466	2.514777
17472	-2.543165
17485	1.400885
17585	-1.174657
17620	1.982553
17647	-1.628184
17690	-0.943873
17772	-1.031577
18410	-3.047172
19647	-1.918508
21458	0.950052
21885	3.029883
21973	-1.393988
21976	-0.550897
21977	1.134663
22084	-0.673953
23475	-0.355109
23754	1.023570
23764	-2.863622
24372	1.217984
24918	2.048570
24944	-2.172849
25022	-0.359716
25140	0.523981
26484	1.145704
27764	-0.014465
28424	0.510149
28845	-2.279704
29861	3.520165
30684	1.844881
31288	-0.719033
31704	-0.554607
32421	2.830893
32520	1.604015
32893	-0.997649
34340	0.086775
35227	-0.417420
35334	1.015919
36499	2.178177
36843	-0.649140
36844	-0.665022
36955	-0.835775
36970	-0.690952
39336	0.342641
39353	0.124819
40538	-0.903591
40541	1.284817
40542	1.599747
40599	-2.020934
40601	1.173640
40602	-0.605735
40656	-1.336006
40657	-1.622911
42157	-0.689392
42203	-0.370602
42204	0.857497
42851	2.728124
43061	-1.327712
44144	1.682283
45195	0.551845
47030	1.058327
47285	-1.153261
47317	-0.197772
47457	1.321664
47460	-1.317845
48147	-0.062804
48297	-0.135475
48474	-0.057777
48696	-0.530609
49516	6.003754
49630	-2.502814
49927	2.204134
50199	-0.118978
50249	0.354470
50259	1.859152
50904	2.767304
53231	5.971489
53471	-1.001954
53531	-2.303903
53986	0.723448
55057	3.355110
56431	-1.972094
56432	-1.841369
56466	3.074072
56478	-0.031946
56621	1.734759
57644	0.345273
57756	-2.158186
58783	0.069649
59657	-1.011087
59715	-0.463269
64825	-4.943576
64947	0.713128
65950	0.042897
70102	-2.695283
75003	5.175296
75099	5.361916
75742	-2.888887
75823	-0.506034
75824	-1.231935
78157	6.726700
78181	4.243761
78191	2.767303
80479	1.270576
80480	1.196860
80715	1.461740
80719	2.426656
80750	-3.469302
81231	-0.129768
84436	-1.844168
84780	0.173642
84844	-0.118009
85002	1.892477
85003	6.250070
85659	-1.435764
85663	-0.587941
85710	-0.339515
92185	2.021450
96142	-0.488664
96144	-2.002937
96482	-4.481286
98871	1.691424
