# 1342 minima projected onto PC34
Min	PC
3	0.125526
4	0.161401
5	0.503831
6	0.703254
7	-0.003876
9	0.078606
16	0.454131
17	0.478655
21	0.096098
23	1.186922
31	0.315664
44	0.393517
47	0.423943
48	0.066308
51	0.339146
52	0.780270
55	0.324536
56	0.301986
57	0.392838
58	0.147746
60	0.200563
67	0.265972
68	0.168154
71	0.226489
72	0.218641
74	0.158710
79	0.331363
82	1.264792
85	0.230417
86	0.267563
87	-0.046968
88	0.300432
91	-0.112334
92	0.361845
94	-0.188470
95	-0.057222
97	0.053897
104	1.202078
106	1.463914
109	0.027534
111	-0.607303
115	-0.865493
120	0.210735
126	0.366428
129	0.502831
136	-0.009848
137	0.135002
188	0.185205
189	-0.034915
196	-0.013359
199	0.114477
200	0.302746
202	0.705831
211	0.003772
213	1.242007
214	0.412395
219	-0.293084
221	-0.344251
276	0.328082
279	0.105626
283	0.028683
295	-0.018692
308	0.055088
312	-0.155834
315	0.462553
318	-0.487186
319	-0.281115
321	-0.088375
324	-0.587304
328	-0.147039
334	0.249916
336	0.852708
338	0.701630
347	-0.073809
351	0.138951
352	0.312732
354	0.460658
357	-0.181015
359	-0.127856
362	0.050274
364	0.207260
365	0.171200
368	0.047704
376	-0.044512
377	0.091270
380	0.461545
386	-0.562126
388	0.323712
390	0.474639
396	0.391623
404	0.212360
410	0.443094
413	0.283756
420	0.578199
423	0.081347
424	-0.054461
437	0.287724
438	0.127500
444	-0.216430
452	-0.582529
473	0.084900
474	0.390294
475	0.215227
476	-0.020270
478	-0.167856
479	-0.144391
480	0.398526
483	0.079257
503	-0.555834
508	0.037706
509	0.559580
530	-0.445922
536	0.265514
556	-0.246484
581	-0.233447
583	-0.836574
603	-0.125933
606	0.516423
607	0.324046
620	-0.176033
628	1.320448
636	0.112826
637	-0.180128
639	0.014933
640	0.095205
644	-0.026806
645	-0.199063
677	0.179198
678	-0.154070
679	-0.167030
682	0.071321
698	0.078934
700	0.084685
710	0.536302
722	0.515997
723	0.101606
724	-0.459269
725	-0.617366
726	-0.773326
747	-0.382591
753	0.412875
755	0.942347
757	-0.069505
765	0.544440
782	-0.024606
783	-0.389045
793	0.068504
808	0.045951
814	-0.120542
840	-0.083760
848	0.291575
859	0.068165
864	-0.248881
867	0.237686
878	0.167896
888	0.691749
890	0.643333
892	-0.100160
899	0.204039
918	0.187873
926	-0.197971
933	0.186914
934	0.261922
981	0.108843
1028	0.470738
1034	-0.593470
1051	0.288456
1054	-0.160656
1058	0.860505
1062	0.159153
1063	-0.105832
1064	-0.012561
1066	-0.128175
1068	-0.116115
1073	0.237182
1082	0.254614
1083	0.202986
1086	-0.036202
1089	1.208250
1090	1.077387
1091	-0.214590
1092	-0.113408
1164	0.087268
1165	-0.028146
1174	0.202684
1176	0.149885
1184	0.044597
1191	0.198691
1192	0.152208
1201	-1.275000
1230	-0.032770
1339	0.175501
1341	-0.391541
1370	0.087594
1385	-0.731809
1405	-0.268480
1437	0.158753
1441	0.467729
1443	0.126801
1521	-0.553893
1522	-0.494907
1523	-0.706655
1524	-0.660245
1525	-0.060498
1541	0.012894
1542	-0.084418
1550	0.068865
1551	-0.510628
1596	0.125550
1597	-0.027621
1628	-0.430810
1629	0.224720
1633	0.116060
1636	0.794722
1637	-0.500466
1765	-0.267192
1766	-0.134746
1780	0.110180
1862	0.086655
1865	-0.183576
1870	-0.096680
1885	0.173140
1910	0.348127
1911	-0.350434
2007	0.302968
2060	0.778869
2062	0.373774
2090	-0.009665
2093	0.071712
2094	-0.050690
2095	0.117644
2096	0.030860
2100	0.270204
2101	-0.672855
2102	-0.477759
2103	-0.445138
2104	-0.257709
2105	-0.372416
2128	0.762949
2129	0.015836
2135	0.021517
2190	-0.136287
2195	0.144339
2197	-0.155941
2198	0.295971
2199	0.368677
2200	0.171696
2201	0.394201
2202	0.522940
2205	-0.024674
2217	-0.601605
2218	0.365058
2221	0.145723
2272	0.165162
2273	0.353910
2275	0.646808
2288	0.090426
2293	0.702099
2298	-0.423732
2299	0.051457
2300	-0.697276
2301	-0.071547
2338	0.107317
2342	-0.025972
2343	0.089984
2358	0.331724
2384	-0.115716
2385	-0.321088
2399	-0.224328
2435	-0.193713
2436	-0.194680
2465	0.090526
2467	-0.390770
2468	0.122208
2469	-0.094163
2470	-0.419797
2471	0.109995
2474	-0.636159
2620	0.426246
2650	-0.050806
2651	-0.258134
2685	-0.215136
2688	-0.435468
2730	-0.012185
2843	0.192217
2951	0.144767
2959	-0.235663
3236	0.123500
3305	0.161776
3318	0.705108
3340	0.235357
3352	-0.126024
3355	0.179604
3356	0.426502
3365	-1.213614
3366	-0.579418
3367	-0.697584
3368	-1.298817
3401	-0.277307
3405	0.086220
3434	-0.116776
3448	-0.240009
3454	-0.151814
3481	0.080482
3495	0.725139
3504	-0.065319
3532	0.038703
3540	-0.156527
3549	-0.055650
3550	0.743570
3569	0.500326
3595	-0.215349
3596	-0.049620
3603	0.353007
3621	0.601570
3622	0.340461
3647	-0.068089
3649	-0.286317
3651	-0.047369
3652	-0.362386
3723	-0.111487
3757	-0.368709
3772	-0.069112
3787	0.509538
3798	0.297038
3799	-0.491732
3889	0.314851
3897	-0.271909
3898	-0.309603
3904	0.857613
3945	0.176037
3990	0.119954
4024	-0.092841
4039	-0.075466
4048	-0.516467
4050	-0.771197
4076	0.161684
4094	-0.239950
4170	-0.146595
4251	0.516601
4252	0.413182
4299	-0.095978
4302	-0.057362
4318	-0.190334
4319	0.103523
4320	0.110419
4360	-0.265140
4388	-0.252073
4414	0.026547
4426	0.097570
4446	0.875695
4527	0.358005
4545	0.080343
4546	-0.554908
4554	0.062544
4564	0.220491
4567	-0.090203
4634	-0.127233
4693	-0.194556
4736	-0.407779
4761	-0.155223
4879	-0.248536
5071	-0.187842
5138	-0.120840
5164	-0.040069
5182	-0.187887
5183	0.498129
5184	-0.149751
5187	-0.207990
5188	0.336528
5189	-0.324303
5193	-0.041768
5194	0.115389
5195	0.062828
5197	-0.279724
5203	-0.190885
5205	-0.219587
5212	-0.237770
5213	-0.262695
5222	-0.234495
5223	0.722829
5228	0.794621
5232	0.133074
5244	0.126451
5245	-0.092890
5246	0.068421
5248	-0.103723
5292	0.329916
5293	-0.137899
5299	-0.298453
5300	-0.916388
5315	0.528356
5316	0.207733
5319	0.008166
5320	-0.162232
5321	0.186987
5322	-0.137949
5323	0.068880
5324	0.114528
5325	0.051485
5329	-0.015863
5342	0.043617
5343	0.062340
5374	0.243088
5376	-0.808532
5378	-0.057953
5379	-0.654465
5382	0.475342
5390	0.113204
5398	-0.106261
5402	0.325469
5404	1.288169
5407	0.209697
5408	0.002392
5409	0.278673
5411	0.319313
5412	0.019975
5413	-0.093582
5416	0.519291
5418	-0.032016
5422	-0.033967
5425	-0.322576
5427	-0.191222
5428	-0.070815
5432	-0.760215
5436	-0.366940
5443	-0.663962
5444	-0.199870
5458	0.359887
5462	-0.539290
5465	0.020184
5468	0.227132
5471	-0.330850
5480	-0.316724
5481	-0.004068
5485	0.391738
5486	0.182402
5488	0.377763
5489	0.457898
5495	0.201512
5513	0.033197
5515	0.129832
5516	0.003886
5521	-0.005007
5527	-0.796131
5528	-0.850546
5536	-0.247851
5537	-0.584275
5547	0.019976
5565	-0.139367
5573	0.023345
5579	-0.938104
5583	-0.117581
5586	-0.702066
5589	0.298444
5590	0.373427
5593	0.439158
5599	-0.159038
5604	-1.003245
5605	0.021346
5606	0.118423
5625	0.615064
5649	-0.562774
5656	0.017488
5657	0.575005
5658	-0.003559
5686	0.100372
5695	-0.354375
5705	-0.737097
5706	-0.276112
5716	0.096830
5717	0.494305
5718	-0.060980
5719	1.850168
5720	-0.479108
5724	0.190244
5738	0.172239
5742	0.341641
5750	-0.270349
5751	-0.580153
5756	-0.200688
5761	0.155157
5768	0.117440
5773	0.468660
5792	-0.318794
5793	0.637156
5794	0.023063
5806	0.011772
5811	-0.775753
5812	-0.439498
5813	0.128933
5814	-0.307732
5821	0.319192
5823	0.114059
5825	-0.226986
5831	-0.059538
5832	-0.168622
5833	-0.426786
5847	0.176280
5849	-0.151846
5851	-0.760926
5854	0.188691
5858	-0.044578
5862	-0.419292
5875	-0.195365
5876	-0.509027
5903	0.132519
5910	0.272234
5912	0.120161
5913	-0.065553
5925	0.360942
5926	0.448160
5927	0.370142
5928	0.186335
5930	-0.467686
5931	0.069996
5933	1.155789
5934	0.013922
5937	0.741521
5939	-0.007167
5940	0.224497
5941	1.197088
5943	1.252357
5963	0.232535
5964	-0.458853
5965	0.394390
5966	-0.085477
5968	-0.852950
5969	-0.005939
5970	0.019579
5971	0.275297
5975	-0.221101
6006	1.578856
6011	-0.371914
6017	0.191355
6019	0.228806
6022	0.267844
6032	-0.114335
6095	0.152163
6115	0.121735
6116	-0.089693
6119	0.195851
6127	-0.758779
6128	-0.606795
6130	0.076491
6140	-0.298335
6141	0.045039
6147	1.105987
6148	1.033240
6163	0.004791
6164	-0.346556
6170	0.271639
6171	0.470631
6177	0.709151
6184	-0.138516
6200	-0.620847
6204	-0.714085
6206	-0.192320
6223	0.429522
6240	0.781787
6245	-0.148749
6253	0.309618
6267	0.112937
6269	-0.172216
6290	-0.059611
6303	-0.414284
6317	0.585464
6343	0.078317
6350	0.194275
6360	-0.279369
6367	-0.312145
6383	0.114523
6389	-0.026358
6397	0.833720
6398	-0.162357
6406	0.913278
6407	0.228503
6412	-0.552896
6413	-0.190408
6434	0.012279
6435	-0.091249
6460	-0.097185
6463	-0.654462
6464	-0.439549
6489	-0.369100
6507	-0.066222
6510	0.055330
6516	-0.101197
6518	0.352390
6522	-0.215603
6523	-0.226418
6524	-0.599197
6525	-0.272548
6531	-0.071988
6536	-0.243700
6575	-0.007265
6584	-0.224804
6585	-0.034038
6586	-0.120228
6594	0.441521
6595	-0.278443
6610	0.910469
6612	0.457606
6615	0.015303
6624	0.119986
6628	-0.281867
6649	0.038862
6698	1.927162
6706	-0.155500
6718	-0.261070
6719	-0.035322
6722	-0.204310
6770	-0.483653
6780	-0.062057
6781	-0.274220
6794	-0.304796
6795	-0.171174
6796	0.037387
6799	-0.144618
6809	-0.137663
6837	0.656540
6838	0.121618
6839	-0.395245
6846	-0.861026
6865	0.366487
6869	0.058758
6870	-0.028916
6871	-0.013071
6873	0.311406
6876	-0.109506
6885	0.067179
6895	-0.126381
6896	0.080029
6897	0.057191
6900	-0.069673
6903	0.746962
6906	-0.413866
6916	0.637424
6917	0.321265
6918	0.819738
6919	0.009427
6938	-0.367336
6941	-0.318501
6942	-0.311238
6943	-0.251151
6944	-0.268238
6948	-0.207179
6953	-0.095199
6957	-0.238418
6958	-0.469076
6970	-0.004904
6971	0.113860
6976	0.475012
6977	0.526503
6990	-0.587052
7014	-0.054074
7015	-0.322640
7016	-0.514431
7018	0.038338
7019	-0.282445
7042	-0.243349
7053	0.566230
7066	-0.146788
7067	-0.590365
7083	0.798097
7092	-0.222355
7100	-0.306209
7103	-0.192704
7110	0.045933
7111	-0.367863
7112	-0.200058
7113	-0.447077
7116	-0.262041
7119	-0.391585
7120	-0.570873
7121	-0.148355
7122	-0.159638
7140	-0.056764
7143	1.002485
7157	-0.489320
7165	-0.132495
7175	0.298233
7178	-0.203967
7206	-0.017709
7207	-0.141605
7217	0.131866
7218	-0.387599
7221	-0.174147
7227	0.311542
7230	-0.547049
7236	0.303435
7239	0.263783
7242	0.326735
7260	0.206448
7268	0.168661
7269	0.101051
7304	-0.713778
7326	0.138221
7327	-0.028135
7336	0.585445
7342	-0.191794
7346	-0.021075
7348	1.532495
7355	-0.103840
7361	0.671065
7372	0.020424
7387	-0.335257
7422	-0.109370
7423	0.050597
7425	-0.389591
7436	-0.671170
7442	0.371231
7446	1.860969
7448	0.145814
7453	-0.034956
7463	-0.342762
7492	-0.196831
7493	-0.246838
7494	-0.019084
7495	-0.218772
7518	-0.109323
7520	-0.369459
7540	-0.393842
7546	0.187535
7556	-0.247786
7559	-0.927247
7560	-0.091400
7561	0.315182
7564	0.477173
7575	-0.047505
7583	-0.149766
7585	0.312082
7586	0.450180
7599	-0.039704
7600	0.729451
7606	0.301293
7614	-0.258580
7617	-0.073525
7622	0.202296
7629	-0.030655
7637	0.389436
7640	0.293851
7657	-0.051849
7665	0.069515
7666	-0.539845
7667	-0.279997
7668	-0.219852
7669	-0.857906
7670	-0.196425
7671	-0.578924
7681	0.492797
7683	-0.037512
7684	-0.448020
7696	-0.020313
7722	-0.144023
7723	0.009405
7799	1.037874
7852	-0.509551
7859	-0.163446
7860	-0.261191
7861	-0.043677
7865	0.901553
7875	-0.301554
7876	0.514008
7895	0.024777
7913	0.319466
7917	-0.113916
7952	0.454830
7969	0.537675
7971	-0.345281
8000	-0.080733
8002	0.018201
8006	0.008768
8036	-0.327201
8056	-0.350274
8069	-0.200492
8103	0.881935
8107	0.295396
8120	-0.258117
8122	0.382881
8125	0.076237
8127	-0.056901
8136	0.157201
8149	0.374067
8154	0.277314
8197	0.267145
8208	0.422507
8223	0.250755
8232	-0.017645
8241	0.091749
8256	-0.049135
8262	0.025990
8266	-0.051133
8267	0.309819
8268	-0.328956
8269	-0.201101
8271	0.273817
8273	-0.069996
8280	0.140396
8284	0.188446
8303	0.361684
8304	-0.678337
8305	-0.688375
8308	0.074002
8332	0.084984
8333	0.157362
8334	0.273268
8338	-0.431642
8363	-0.956621
8370	-0.086482
8398	0.138560
8465	-0.584749
8468	0.331843
8469	0.191247
8470	0.211255
8507	0.470102
8552	0.419096
8572	1.037110
8574	0.746411
8577	-0.419327
8586	-0.106352
8592	0.032477
8593	0.021519
8594	0.022810
8597	0.008862
8599	0.151665
8606	-0.075861
8607	0.067267
8615	-0.413736
8617	-0.031122
8626	0.433182
8636	0.112878
8669	-0.221122
8671	0.314331
8673	-0.427497
8675	0.068711
8790	0.680843
8791	0.831050
8811	0.698729
8822	0.089786
8841	-0.207888
8849	-0.114678
8856	-0.424043
8875	-0.175451
8884	1.280970
8906	0.684475
8907	0.399142
8910	0.590912
8911	1.100540
8912	0.743510
8913	-0.271358
8934	-0.594267
8935	0.021372
8954	-0.627444
8968	0.294601
8972	0.602675
9001	0.160048
9029	-0.418284
9032	-0.985165
9058	0.123537
9059	0.196601
9068	0.021096
9070	-0.206215
9108	0.010382
9139	-0.399825
9140	-0.466348
9158	-0.669918
9187	-0.348396
9188	0.443457
9189	-0.564166
9190	0.605680
9253	-0.036809
9259	-0.226947
9268	0.581471
9269	0.742742
9271	-0.121240
9312	0.109460
9323	-0.324713
9329	-0.365106
9330	0.021659
9331	-0.205084
9356	-0.375343
9376	-0.763857
9394	-0.581445
9424	-1.110551
9428	0.016891
9429	0.168753
9496	0.322059
9536	-0.146715
9543	-0.780894
9589	-0.026354
9614	-0.383767
9615	-0.539155
9617	-0.050550
9631	-0.134548
9661	0.077214
9668	0.164501
9718	1.074714
9728	-0.414661
9734	-0.691816
9788	-0.109064
9791	-0.398250
9793	-0.347963
9804	-0.653823
9809	-0.566140
9810	-0.608548
9823	0.443382
9828	-0.103100
9907	0.255978
9951	-0.381700
9968	0.130015
9969	0.366582
10010	-0.788708
10011	0.339196
10012	-0.961837
10018	-0.775990
10021	0.251819
10022	-0.124845
10031	0.318431
10032	0.474899
10033	-0.392486
10034	0.099039
10035	-0.226463
10039	0.360742
10044	-0.259278
10045	-0.261460
10060	0.251623
10065	0.228586
10077	0.057514
10080	0.311460
10130	0.421453
10131	-0.318376
10149	0.103908
10194	-0.321603
10197	-0.931193
10221	0.343358
10226	0.356938
10232	-0.417160
10233	-0.694556
10263	0.051192
10264	0.218345
10274	-0.189085
10286	-1.000043
10292	-0.907062
10299	0.116966
10302	0.304006
10324	-0.295056
10355	-0.944202
10358	0.317869
10362	-0.591298
10366	-0.533805
10368	-0.313049
10370	-0.549949
10392	-0.446000
10405	-0.148322
10406	-0.077744
10409	0.602120
10419	-0.518078
10420	0.457960
10424	-0.507234
10434	-0.627499
10455	-0.321316
10478	-0.372116
10480	-0.572499
10484	-0.328056
10510	-0.281895
10519	-1.064395
10520	-0.653367
10524	-0.027218
10578	-0.504212
10630	-0.133406
10643	-0.585816
10645	0.258937
10677	-0.548704
10678	0.144554
10690	-0.650185
10717	0.259406
10718	-0.358372
10719	-0.621556
10721	-0.203663
10723	0.501159
10735	-0.152014
10736	0.065609
10829	-0.404725
10837	-0.669985
10846	0.192789
10921	-0.032519
10922	-0.217782
10923	-0.965289
10924	-0.708874
10964	-0.709059
10978	0.153202
11017	-0.089258
11018	-0.390225
11019	1.827899
11032	-0.840236
11034	-0.717103
11035	-0.942259
11036	-0.643504
11052	0.240258
11056	-0.180555
11060	-0.421043
11063	-1.361288
11064	-0.541369
11068	-0.685713
11069	-0.883072
11090	-0.148324
11098	-1.327840
11099	-0.969152
11100	-1.086046
11105	0.402276
11109	-1.040608
11122	-0.666283
11123	-0.820950
11125	-0.168932
11126	0.056612
11149	-1.433151
11153	0.098578
11188	-0.397881
11193	-0.433492
11230	0.095734
11233	0.669507
11236	0.434656
11243	-0.209213
11251	-0.184945
11259	1.334105
11263	-0.123049
11272	1.244406
11321	0.134742
11322	0.038084
11326	0.206838
11327	0.581258
11335	-0.295668
11337	-0.036556
11343	0.384818
11390	0.169568
11444	1.841316
11464	-0.687547
11471	-0.213158
11472	0.203269
11473	-0.479155
11492	0.765750
11499	0.805312
11500	-0.215084
11505	-0.886162
11527	-0.219935
11528	-0.303856
11532	0.404261
11564	0.343321
11589	0.362334
11591	-0.103850
11592	0.081080
11599	-0.025739
11605	0.282399
11617	-0.649726
11630	-0.455813
11631	0.299171
11632	0.844584
11656	0.180903
11657	0.332570
11777	0.148683
11786	-0.126972
11812	-0.333437
12020	0.148158
12061	-0.140232
12115	-0.300240
12154	-0.209408
12155	-0.359298
12156	-0.558832
12159	-0.370940
12174	-0.089874
12176	1.368916
12230	-0.170793
12234	0.318876
12236	0.302419
12237	0.961310
12250	2.014348
12252	0.064650
12253	0.865763
12315	0.575869
12381	1.528283
12382	1.570648
12438	0.235892
12455	-0.005329
12462	-0.058975
12478	0.051081
12603	0.297902
12711	-0.525701
12714	0.019201
12716	0.246202
12754	-0.219877
12785	-0.738078
12788	-0.547823
12792	-0.341074
12898	0.731189
12944	-0.098452
12949	0.072150
13062	0.685739
13099	-0.058613
13160	-0.533780
13198	-0.321519
13239	-0.416952
13249	0.483213
13262	-0.845059
13263	-0.696945
13272	-0.085573
13273	-0.591165
13277	-0.205658
13305	-0.786167
13342	-0.608005
13343	-0.577815
13345	-1.439116
13351	-0.564315
13357	-0.270933
13427	0.194177
13436	-0.693622
13455	0.183559
13528	-0.918194
13532	-0.441963
13553	0.767127
13566	-0.168815
13651	-0.283766
13653	-0.064287
13675	-0.564002
13676	-0.078676
13677	0.049881
13678	-0.306697
13681	-0.307991
13688	-0.236731
13697	0.449421
13705	0.045036
13708	-0.453377
13737	-0.056557
13760	-0.039169
13923	0.690578
13927	0.369247
13995	0.029844
14002	-1.123834
14003	-0.032204
14021	0.733064
14034	0.000996
14064	-0.211374
14110	0.222353
14155	-0.298274
14203	0.894195
14208	-0.321837
14340	0.129164
14356	-0.555569
14389	0.042738
14499	-0.203468
14625	0.813295
14632	-0.543890
14637	0.322696
14641	-0.471065
14685	-0.049137
14694	0.046012
14695	-0.076381
14699	0.284360
14700	-0.128342
14749	-0.240698
14760	0.203043
14790	0.253230
14791	0.305189
14796	-1.244375
14797	0.139588
14891	0.098272
14927	-0.097767
15099	0.145107
15182	0.110981
15243	1.018766
15245	0.606062
15254	0.160749
15322	-0.074527
15327	-0.183406
15463	0.177904
15496	-0.590449
15499	0.325191
15502	-0.301812
15514	0.032109
15566	-0.209639
15580	0.139010
15583	-0.146251
15586	0.121612
15601	-0.405578
15621	-0.287669
15780	-0.028039
15869	0.660805
16082	0.084410
16281	-0.550075
16293	0.568656
16300	-0.769075
16304	-0.396758
16360	-0.178691
16361	0.165527
16367	0.806422
16432	0.832938
16433	0.995716
16438	0.550630
16446	0.618240
16453	0.437521
16463	1.445064
16466	0.646616
16477	-0.530941
16482	0.134374
16605	-0.010312
16606	-0.021102
16635	-0.499581
16638	-0.581251
16655	-0.313442
16673	-0.541747
16676	-0.250487
16677	0.301245
16678	0.178131
16808	0.347940
16829	0.708664
17150	-0.470481
17182	0.254452
17199	-0.485907
17273	-0.382269
17431	-0.240209
17466	-0.684351
17472	-0.131632
17485	0.365389
17585	-0.074423
17620	0.146866
17647	0.215613
17690	0.376462
17772	0.252765
18410	-0.382190
19647	-0.580346
21458	0.010152
21885	0.445465
21973	-1.018848
21976	-0.166144
21977	-0.020053
22084	-0.592880
23475	-0.028956
23754	-0.837634
23764	-0.180212
24372	0.423696
24918	-0.377037
24944	0.614870
25022	-0.358784
25140	-0.354592
26484	-0.460646
27764	-1.084082
28424	-0.144559
28845	0.641650
29861	0.689424
30684	0.143198
31288	0.150802
31704	-0.139961
32421	0.573494
32520	0.664244
32893	0.407352
34340	0.548444
35227	-0.241122
35334	1.513114
36499	-0.355358
36843	-0.337834
36844	-0.343215
36955	-0.265037
36970	-0.083339
39336	-0.686888
39353	1.282203
40538	-0.031477
40541	-0.121106
40542	0.015163
40599	-0.122681
40601	-0.216826
40602	-0.685359
40656	0.150605
40657	0.592121
42157	-0.545852
42203	-0.710131
42204	0.510177
42851	1.966254
43061	-1.042606
44144	0.329700
45195	0.079365
47030	-0.011947
47285	0.686346
47317	-0.086687
47457	-0.599714
47460	-0.660856
48147	-0.037252
48297	-0.440950
48474	-0.076920
48696	-0.822387
49516	-0.195591
49630	-0.479089
49927	-0.688923
50199	-0.552138
50249	0.239140
50259	0.145167
50904	0.438958
53231	-0.245279
53471	1.219390
53531	-0.677835
53986	0.848844
55057	-0.292894
56431	-0.382885
56432	-0.159384
56466	0.093951
56478	-0.005888
56621	-0.129320
57644	0.201779
57756	-0.208704
58783	0.123626
59657	-0.075345
59715	-0.662364
64825	0.765230
64947	0.165857
65950	-0.061602
70102	-0.643873
75003	0.182400
75099	-0.013849
75742	-0.404271
75823	0.235105
75824	0.435367
78157	0.354826
78181	0.373405
78191	0.862299
80479	-0.615887
80480	0.843410
80715	0.568884
80719	-0.108855
80750	0.288115
81231	0.056803
84436	0.847715
84780	-0.776651
84844	0.990686
85002	0.616903
85003	0.294753
85659	-0.180538
85663	0.106535
85710	0.079196
92185	-0.496207
96142	-0.517061
96144	-0.424148
96482	-0.879306
98871	0.544883
