# 1342 minima projected onto PC30
# Min	PC
3	-0.331762
4	-0.190130
5	-0.384932
6	-0.095635
7	-0.590868
9	-0.259678
16	0.258523
17	-0.410041
21	-0.363111
23	0.283814
31	0.166026
44	0.068291
47	-0.176520
48	0.469353
51	-0.235345
52	0.415008
55	-0.022675
56	0.007457
57	-0.179613
58	0.025322
60	0.031348
67	-0.490127
68	-0.030551
71	-0.418463
72	-0.345552
74	-0.195305
79	-0.242266
82	0.436546
85	-0.085652
86	0.210964
87	-0.142488
88	-0.498319
91	-0.067665
92	-0.352470
94	-0.100030
95	-0.226966
97	-0.503801
104	0.657370
106	1.380593
109	-0.403056
111	0.116811
115	0.757681
120	-0.297858
126	-0.126094
129	0.562909
136	-0.123046
137	-0.247092
188	0.304667
189	0.024842
196	0.450091
199	0.369725
200	-0.375342
202	0.476996
211	0.098802
213	0.630376
214	-0.071689
219	0.342699
221	0.183732
276	-0.110920
279	0.260142
283	0.326093
295	-0.439832
308	-0.648025
312	-0.553152
315	-0.436228
318	-0.637346
319	-0.255773
321	-0.416020
324	-0.353094
328	-0.287995
334	-0.295457
336	0.384656
338	-0.883247
347	-0.135142
351	0.257139
352	0.217930
354	0.212299
357	0.277028
359	-0.145341
362	-0.022439
364	0.167064
365	0.028209
368	-0.097207
376	-0.449748
377	-0.688149
380	0.327819
386	1.327130
388	-0.426911
390	0.011909
396	0.126738
404	0.001202
410	0.301182
413	0.096030
420	0.185139
423	0.192845
424	0.294694
437	0.156127
438	0.294530
444	-0.602742
452	-0.079521
473	0.188895
474	0.126754
475	0.152037
476	-0.024433
478	-0.225737
479	0.060741
480	0.092010
483	0.131638
503	0.281975
508	-0.410411
509	0.702956
530	-0.115598
536	-0.675977
556	0.187342
581	-0.238445
583	0.314420
603	-0.291856
606	-0.113689
607	-0.423567
620	-0.642392
628	0.807297
636	-0.406088
637	-0.072374
639	0.242572
640	0.025296
644	0.556731
645	0.192045
677	-0.104764
678	0.588009
679	0.758012
682	0.647266
698	0.489635
700	0.041721
710	0.150090
722	0.080639
723	0.240308
724	0.300664
725	0.254137
726	-0.012769
747	1.219942
753	0.673348
755	1.136894
757	0.100805
765	0.108551
782	-0.174455
783	0.191173
793	-0.328395
808	-0.139969
814	-0.353831
840	0.421551
848	0.198306
859	-0.235759
864	-1.487906
867	0.034298
878	0.037841
888	-0.998428
890	0.963363
892	-0.084444
899	-0.475937
918	-0.432366
926	-0.409169
933	0.126309
934	-0.241056
981	-0.088160
1028	-0.073191
1034	1.088313
1051	-0.021997
1054	-1.265625
1058	0.014892
1062	-0.356535
1063	0.461970
1064	-0.664077
1066	-0.246217
1068	-0.468390
1073	-0.491939
1082	0.232308
1083	0.178351
1086	0.211944
1089	0.183468
1090	0.372396
1091	0.054773
1092	0.114437
1164	-0.351664
1165	0.058599
1174	0.444241
1176	-0.079408
1184	-0.751537
1191	-0.357821
1192	-0.104965
1201	-0.394311
1230	0.238913
1339	-0.141921
1341	0.208652
1370	0.021928
1385	1.858543
1405	0.941603
1437	-0.038833
1441	-0.026944
1443	0.410687
1521	0.151839
1522	0.883405
1523	0.068515
1524	-0.610448
1525	-1.014416
1541	-0.963486
1542	0.200529
1550	-0.713850
1551	-0.167763
1596	-0.264055
1597	-0.520039
1628	-1.227812
1629	-0.805208
1633	-0.424236
1636	0.641051
1637	1.337088
1765	0.218995
1766	0.038282
1780	0.550265
1862	0.155254
1865	-0.579910
1870	-0.192389
1885	0.141736
1910	-0.417171
1911	-0.391482
2007	-0.650747
2060	0.394300
2062	0.219264
2090	0.808666
2093	0.453696
2094	0.043479
2095	0.323804
2096	-0.602555
2100	-0.063924
2101	0.121360
2102	0.019232
2103	0.151362
2104	0.038364
2105	0.197489
2128	-0.377313
2129	-0.753317
2135	-0.121405
2190	0.422115
2195	0.266899
2197	0.120468
2198	0.044369
2199	0.074987
2200	-0.123123
2201	-0.309096
2202	0.074502
2205	-0.621341
2217	-0.570941
2218	-0.827311
2221	-0.405470
2272	0.426596
2273	-0.122951
2275	-0.031211
2288	0.983041
2293	0.366369
2298	0.582365
2299	0.138673
2300	0.011233
2301	-0.184425
2338	-0.442390
2342	-0.128680
2343	-0.434713
2358	0.073429
2384	-0.442744
2385	0.320699
2399	0.225114
2435	0.065400
2436	-0.076313
2465	-0.000753
2467	0.185728
2468	0.055921
2469	-0.486667
2470	0.068425
2471	-0.000133
2474	-0.426851
2620	0.030433
2650	0.007084
2651	-1.011761
2685	-0.452789
2688	-0.046133
2730	0.504884
2843	0.557103
2951	0.866819
2959	1.111737
3236	-0.251589
3305	0.729023
3318	1.043138
3340	-0.446951
3352	0.191281
3355	-0.117734
3356	-0.494869
3365	-0.215349
3366	0.168015
3367	0.477876
3368	0.077349
3401	-0.329576
3405	0.016025
3434	-0.536060
3448	-0.067883
3454	0.488721
3481	-0.248027
3495	0.247612
3504	0.254433
3532	-0.430947
3540	0.879446
3549	0.561091
3550	1.193698
3569	-0.511192
3595	-0.134236
3596	0.741031
3603	-0.187285
3621	0.051868
3622	-0.138015
3647	0.233479
3649	-0.064722
3651	0.309188
3652	-0.570181
3723	0.236461
3757	-0.229686
3772	-0.567835
3787	-0.905076
3798	0.039515
3799	-0.215657
3889	-0.113167
3897	-0.156729
3898	-0.575406
3904	0.119165
3945	-0.104335
3990	-0.195065
4024	-0.245307
4039	-0.014847
4048	-0.159067
4050	-0.560781
4076	0.083379
4094	-0.117500
4170	-0.005685
4251	0.306829
4252	-0.015117
4299	-0.517777
4302	0.028088
4318	0.065918
4319	-0.099931
4320	0.120489
4360	-0.351915
4388	-0.466979
4414	-0.069456
4426	0.477105
4446	-1.037456
4527	0.758573
4545	0.078314
4546	-0.211729
4554	0.436357
4564	-0.087728
4567	0.018134
4634	0.088456
4693	0.651193
4736	-0.374017
4761	-0.100583
4879	0.097139
5071	-0.212395
5138	0.331629
5164	0.043792
5182	-1.213103
5183	-0.701684
5184	0.628496
5187	-0.151685
5188	-0.390676
5189	0.370193
5193	0.012113
5194	-0.192135
5195	0.035161
5197	-0.194342
5203	-0.843393
5205	0.379291
5212	-0.515072
5213	-0.781862
5222	-0.216403
5223	-0.078296
5228	-0.377031
5232	-0.799710
5244	0.624637
5245	-1.375469
5246	-0.260923
5248	0.373354
5292	0.515940
5293	0.203527
5299	0.246879
5300	0.856999
5315	-0.343613
5316	-0.516172
5319	-0.406890
5320	-0.321803
5321	-0.813934
5322	-0.063135
5323	0.743432
5324	0.190971
5325	-0.379756
5329	0.165202
5342	-0.474133
5343	-0.459805
5374	0.807118
5376	0.032659
5378	-0.038858
5379	-0.440188
5382	-0.365122
5390	-0.317936
5398	0.379290
5402	-0.370226
5404	-0.846191
5407	-0.219701
5408	-0.347736
5409	-0.300673
5411	-0.171954
5412	-0.588225
5413	0.356715
5416	-0.759296
5418	-0.254330
5422	0.205388
5425	0.188217
5427	0.236811
5428	0.075638
5432	-0.843428
5436	0.605531
5443	0.744057
5444	-0.992816
5458	-0.088814
5462	1.630936
5465	-0.361905
5468	-0.569251
5471	-0.044096
5480	-0.239568
5481	-0.500572
5485	0.565464
5486	0.713746
5488	0.286965
5489	-0.035414
5495	0.440844
5513	0.182648
5515	0.013875
5516	-0.125978
5521	0.365379
5527	-1.169054
5528	-0.712525
5536	-0.153415
5537	-0.170709
5547	0.471813
5565	-0.114113
5573	0.052396
5579	0.847006
5583	0.621049
5586	-1.561362
5589	-0.676910
5590	-0.563357
5593	-0.608360
5599	0.232266
5604	-0.697355
5605	-0.344994
5606	-1.718448
5625	0.311852
5649	0.415718
5656	0.871724
5657	0.191200
5658	0.254568
5686	-0.077129
5695	0.310869
5705	-1.571279
5706	-0.234247
5716	-0.368346
5717	-0.108036
5718	0.629388
5719	0.512105
5720	-0.679895
5724	-0.791320
5738	-0.523797
5742	-0.623223
5750	-0.015547
5751	0.098831
5756	-0.070968
5761	-0.166665
5768	0.732728
5773	0.026340
5792	0.283721
5793	-0.206998
5794	0.287164
5806	0.090559
5811	-0.515404
5812	-0.500925
5813	-0.150334
5814	-0.244429
5821	0.296971
5823	0.260537
5825	0.582939
5831	0.022296
5832	-0.594931
5833	0.214780
5847	0.435154
5849	0.055408
5851	-0.366855
5854	-0.727516
5858	0.357893
5862	-0.168357
5875	0.020074
5876	1.302829
5903	0.310841
5910	0.191746
5912	0.394556
5913	0.891091
5925	-0.219377
5926	-0.684425
5927	0.139769
5928	0.037802
5930	0.613987
5931	-0.355201
5933	1.845577
5934	-0.383728
5937	-0.144257
5939	-0.773371
5940	-1.179863
5941	0.795756
5943	1.098472
5963	-0.161245
5964	-0.475422
5965	0.038731
5966	-0.430276
5968	0.209765
5969	0.049737
5970	0.336379
5971	0.757414
5975	-0.031612
6006	1.071431
6011	-0.431148
6017	-0.459209
6019	-0.410200
6022	-0.224527
6032	-2.425794
6095	-0.365789
6115	-0.464845
6116	0.167466
6119	0.476781
6127	-0.155419
6128	0.938488
6130	-0.583506
6140	-0.237375
6141	-0.843600
6147	0.943777
6148	0.792372
6163	-0.249477
6164	0.159043
6170	0.157349
6171	-0.325494
6177	-0.124890
6184	-0.783916
6200	-0.576182
6204	0.452920
6206	-0.200174
6223	-0.540345
6240	-0.046296
6245	0.147343
6253	-0.207634
6267	-0.097309
6269	0.421506
6290	-0.375762
6303	0.260908
6317	-0.345622
6343	-0.412057
6350	-0.640839
6360	-0.406509
6367	-0.733431
6383	-0.103923
6389	0.835205
6397	-0.803153
6398	-0.240006
6406	1.379789
6407	-0.743492
6412	-0.388069
6413	-0.595083
6434	-0.312377
6435	-0.452398
6460	-0.169103
6463	-0.147075
6464	-0.026783
6489	0.049294
6507	0.019181
6510	0.385830
6516	-0.629646
6518	-0.280126
6522	-0.407541
6523	-0.147852
6524	0.656805
6525	0.482845
6531	-2.476666
6536	0.741051
6575	0.587469
6584	-0.547528
6585	-0.157430
6586	0.053377
6594	-0.023095
6595	-0.176366
6610	-0.486624
6612	0.075977
6615	0.073246
6624	0.064032
6628	0.746375
6649	-0.028745
6698	-0.133800
6706	-0.176345
6718	-0.413103
6719	0.051941
6722	0.025034
6770	1.601843
6780	0.230542
6781	0.472912
6794	-0.434870
6795	-0.932994
6796	-0.567328
6799	0.181667
6809	0.586002
6837	0.964822
6838	0.596587
6839	-1.377095
6846	-0.546759
6865	-0.163834
6869	-0.213430
6870	-0.108026
6871	0.177267
6873	0.598624
6876	-0.115321
6885	0.359185
6895	0.200019
6896	0.109786
6897	-0.779606
6900	-0.298131
6903	0.350096
6906	0.858100
6916	0.335460
6917	-0.309675
6918	-0.434458
6919	-0.127882
6938	0.090489
6941	-0.044115
6942	0.246821
6943	-0.777518
6944	-0.689672
6948	0.140981
6953	-0.626156
6957	0.712768
6958	-0.184069
6970	-0.223124
6971	0.354953
6976	-0.908907
6977	-0.990308
6990	-0.268351
7014	0.575165
7015	0.378725
7016	0.391100
7018	0.101111
7019	0.738734
7042	0.337468
7053	-0.917965
7066	0.185808
7067	0.009516
7083	0.191027
7092	-0.475085
7100	0.182416
7103	-0.270091
7110	0.420810
7111	0.468765
7112	0.670281
7113	0.176323
7116	0.109449
7119	-0.668634
7120	-0.171279
7121	-0.892807
7122	-0.650462
7140	-0.411010
7143	-0.539949
7157	-0.213064
7165	0.194410
7175	-0.393873
7178	-0.751252
7206	-1.027011
7207	-0.522872
7217	-0.094405
7218	0.557316
7221	0.453969
7227	0.679076
7230	0.081095
7236	-0.247149
7239	-0.088081
7242	0.493747
7260	-0.700246
7268	-0.630515
7269	0.150557
7304	-0.595372
7326	0.258597
7327	0.416217
7336	-0.374622
7342	-0.226117
7346	-0.268881
7348	0.107799
7355	0.419408
7361	0.269753
7372	-0.515549
7387	0.586138
7422	0.258955
7423	1.086686
7425	-0.021093
7436	-0.225139
7442	0.276530
7446	0.543324
7448	-0.923176
7453	0.515143
7463	0.436623
7492	0.456788
7493	-0.163325
7494	-0.242983
7495	-0.228293
7518	-0.879562
7520	0.099446
7540	-0.272635
7546	-0.522626
7556	0.329396
7559	1.475547
7560	-0.444725
7561	0.641498
7564	-0.053415
7575	-0.566139
7583	-0.076232
7585	-0.276098
7586	0.113872
7599	-0.343832
7600	-0.362373
7606	-0.205971
7614	0.073496
7617	0.137806
7622	0.101404
7629	0.345267
7637	0.018281
7640	-0.242828
7657	-0.475461
7665	-0.076870
7666	0.114322
7667	-0.861634
7668	0.018509
7669	-0.219622
7670	0.854206
7671	-0.564238
7681	0.320235
7683	2.088317
7684	-0.505626
7696	-1.084037
7722	-0.524673
7723	0.153734
7799	-0.165734
7852	0.464509
7859	0.631360
7860	0.406200
7861	-0.194048
7865	-0.525702
7875	-0.230582
7876	-0.244517
7895	-0.087923
7913	-0.132953
7917	2.922398
7952	0.306783
7969	0.473628
7971	0.036019
8000	-0.161752
8002	0.372405
8006	-0.577767
8036	-0.468690
8056	0.577667
8069	-0.430092
8103	0.365932
8107	-0.136090
8120	-0.038293
8122	-0.092767
8125	-0.397983
8127	-0.018132
8136	0.538529
8149	0.611808
8154	0.100790
8197	-0.631881
8208	-0.661805
8223	0.266057
8232	-0.998897
8241	0.540765
8256	0.423314
8262	0.366586
8266	0.031041
8267	-0.349874
8268	-0.300723
8269	-0.283178
8271	0.041814
8273	0.233635
8280	0.459473
8284	0.312225
8303	0.512661
8304	0.246327
8305	0.197949
8308	0.230334
8332	-0.922400
8333	0.089484
8334	0.094582
8338	-0.866823
8363	-0.550291
8370	0.537744
8398	0.565162
8465	1.022713
8468	-0.288836
8469	-0.266233
8470	0.207242
8507	0.150939
8552	-0.674555
8572	-0.011789
8574	-0.005723
8577	0.777863
8586	0.873231
8592	0.151982
8593	-0.087694
8594	-0.240813
8597	-0.160210
8599	0.004032
8606	0.881128
8607	-0.403202
8615	0.815194
8617	1.038753
8626	0.074107
8636	-0.115878
8669	0.432424
8671	-0.069802
8673	-0.114459
8675	0.257709
8790	0.354833
8791	-0.054241
8811	-0.742852
8822	0.044417
8841	0.254358
8849	-0.531260
8856	-1.266224
8875	0.446739
8884	0.243127
8906	-0.621670
8907	0.356180
8910	-0.266305
8911	0.086676
8912	0.027839
8913	0.109005
8934	-0.372937
8935	-0.025122
8954	-0.394510
8968	0.569036
8972	0.682946
9001	-0.918312
9029	-0.632848
9032	1.143413
9058	-0.237927
9059	-0.271220
9068	0.523190
9070	-0.178096
9108	1.032199
9139	0.089169
9140	0.307430
9158	-0.774151
9187	-0.034107
9188	0.348275
9189	-0.073648
9190	0.370793
9253	-0.437948
9259	-1.084063
9268	0.357845
9269	-0.255021
9271	-0.131390
9312	0.369706
9323	-0.142263
9329	0.463892
9330	0.111098
9331	-0.307293
9356	0.136184
9376	0.050354
9394	-1.557314
9424	1.550775
9428	0.031304
9429	0.132438
9496	0.122875
9536	0.570077
9543	-0.123179
9589	-0.048678
9614	-0.096214
9615	-0.122700
9617	0.718565
9631	2.621648
9661	0.415184
9668	0.389192
9718	0.274026
9728	0.092665
9734	0.305492
9788	0.668915
9791	0.417907
9793	1.102654
9804	0.828080
9809	0.303887
9810	0.451114
9823	-0.454206
9828	-0.004619
9907	-0.189997
9951	0.265498
9968	-0.424443
9969	-0.333657
10010	0.386590
10011	-0.360299
10012	0.263449
10018	0.270167
10021	-0.021196
10022	0.584026
10031	-0.196947
10032	-0.732535
10033	0.076827
10034	0.187789
10035	0.209315
10039	-0.389757
10044	0.126104
10045	-0.194260
10060	-0.233912
10065	0.012834
10077	-0.244187
10080	-0.201334
10130	-0.050792
10131	0.338644
10149	0.012954
10194	0.343995
10197	1.552223
10221	-0.311186
10226	0.204730
10232	-0.323171
10233	0.565597
10263	-0.635660
10264	-0.436190
10274	-0.371439
10286	-0.339694
10292	-1.168588
10299	0.454218
10302	-0.245155
10324	-0.041475
10355	0.498309
10358	0.328682
10362	-0.432788
10366	-0.267438
10368	-0.002254
10370	0.290592
10392	1.144476
10405	0.101180
10406	0.264326
10409	0.201440
10419	-0.082788
10420	-0.721657
10424	-0.060104
10434	-0.156533
10455	-0.470357
10478	-0.258594
10480	0.236273
10484	-0.079159
10510	0.271405
10519	0.312595
10520	0.491297
10524	0.134295
10578	0.428465
10630	-0.243260
10643	-0.922020
10645	0.168277
10677	-0.250435
10678	-0.448382
10690	-0.398062
10717	-0.419889
10718	-0.391469
10719	0.634281
10721	-0.344027
10723	-0.042542
10735	0.352109
10736	-0.451834
10829	0.224749
10837	0.237846
10846	0.467701
10921	-0.302494
10922	0.158433
10923	-0.309218
10924	0.264212
10964	0.388366
10978	-0.160645
11017	-0.315339
11018	0.080842
11019	0.028956
11032	-0.180150
11034	0.742498
11035	0.232072
11036	0.362489
11052	0.559393
11056	0.985691
11060	1.104018
11063	0.104054
11064	-0.217600
11068	0.422654
11069	-0.087064
11090	-0.044395
11098	0.074833
11099	-0.013219
11100	0.258012
11105	0.112205
11109	0.186233
11122	-0.135861
11123	0.124457
11125	0.088055
11126	0.717893
11149	0.480721
11153	-0.494827
11188	0.613418
11193	-0.314041
11230	-0.030788
11233	0.871684
11236	-0.365831
11243	-0.291349
11251	1.291187
11259	0.580035
11263	0.077527
11272	0.046402
11321	-0.697121
11322	-0.072887
11326	-0.701226
11327	-0.339412
11335	-0.103012
11337	-0.551764
11343	-0.839034
11390	-0.321922
11444	-0.489255
11464	-0.200967
11471	-0.384109
11472	-0.125989
11473	-0.233557
11492	-0.592980
11499	0.402304
11500	0.744298
11505	1.186397
11527	1.033585
11528	0.999351
11532	-0.839529
11564	-0.145160
11589	-0.393884
11591	0.033299
11592	0.158652
11599	-0.245772
11605	-0.805225
11617	-0.246847
11630	-0.190913
11631	-0.011095
11632	-0.524580
11656	0.310475
11657	-0.260362
11777	-2.036533
11786	-1.281801
11812	-0.280323
12020	-0.501970
12061	-0.056047
12115	-0.442809
12154	0.876918
12155	-0.252910
12156	-0.345867
12159	0.007652
12174	0.308838
12176	0.438930
12230	-0.013173
12234	0.067732
12236	0.222001
12237	-0.581187
12250	-0.598657
12252	-0.234508
12253	0.059631
12315	0.393906
12381	0.489039
12382	0.281209
12438	-0.612119
12455	-0.342234
12462	0.307838
12478	0.161658
12603	-0.034201
12711	-0.177799
12714	0.159115
12716	0.108575
12754	0.206810
12785	1.020519
12788	-0.632593
12792	0.420499
12898	-0.038476
12944	-0.572333
12949	-0.138259
13062	-0.532841
13099	-0.138865
13160	-0.560614
13198	0.210233
13239	0.085330
13249	-0.751132
13262	0.728508
13263	0.150359
13272	0.220520
13273	0.483013
13277	-0.300114
13305	0.527345
13342	0.397091
13343	0.098254
13345	-0.445160
13351	0.480721
13357	-0.364421
13427	1.035210
13436	-0.403049
13455	-0.273324
13528	-0.397277
13532	-0.621319
13553	-0.517858
13566	1.235063
13651	-0.105554
13653	0.195201
13675	0.127160
13676	0.210909
13677	0.587251
13678	0.039187
13681	0.393263
13688	0.041339
13697	-0.655042
13705	-0.120892
13708	0.027079
13737	0.076308
13760	0.031335
13923	-0.670098
13927	-0.898899
13995	-0.262823
14002	-0.144877
14003	0.486375
14021	-1.072076
14034	2.134709
14064	2.099430
14110	-0.384092
14155	-0.369111
14203	-0.662012
14208	0.258253
14340	0.665261
14356	-1.475806
14389	-0.097144
14499	-0.292967
14625	-0.186068
14632	-1.616690
14637	0.527235
14641	0.689889
14685	2.307415
14694	-0.514780
14695	-0.108424
14699	0.222890
14700	0.127596
14749	0.070186
14760	-0.427562
14790	0.149002
14791	-0.231662
14796	0.610647
14797	0.347430
14891	0.581221
14927	0.176465
15099	1.114955
15182	2.505458
15243	0.205851
15245	-0.085126
15254	-0.043287
15322	0.482555
15327	-0.221985
15463	-0.072337
15496	-0.112750
15499	-0.125496
15502	0.017855
15514	0.308711
15566	0.341341
15580	0.359112
15583	0.487642
15586	0.771097
15601	-0.095511
15621	-0.201961
15780	0.137555
15869	0.155678
16082	0.067567
16281	0.101043
16293	-0.820157
16300	1.190423
16304	1.169643
16360	0.903231
16361	1.665456
16367	-0.234122
16432	0.277101
16433	-0.219060
16438	-1.149764
16446	-1.174895
16453	-0.124873
16463	2.475371
16466	-1.552883
16477	-0.508795
16482	1.051842
16605	0.110316
16606	0.283218
16635	-0.575008
16638	-0.994244
16655	-1.182482
16673	-0.649800
16676	-0.202647
16677	-0.262571
16678	0.722552
16808	-0.314170
16829	0.549254
17150	0.747117
17182	0.559793
17199	1.366750
17273	1.539167
17431	-0.419210
17466	-0.758459
17472	0.195497
17485	-0.204818
17585	0.563242
17620	-0.437004
17647	3.279007
17690	-0.336641
17772	0.580950
18410	-1.047296
19647	-0.481943
21458	0.243452
21885	-0.264721
21973	0.088074
21976	-0.167563
21977	-0.246588
22084	0.155731
23475	0.042274
23754	0.245740
23764	0.110996
24372	-0.104919
24918	-0.451814
24944	-0.754624
25022	0.612465
25140	0.622095
26484	0.152411
27764	0.421686
28424	0.208373
28845	0.869478
29861	-0.829624
30684	0.360288
31288	0.227400
31704	-0.161189
32421	0.004495
32520	-0.509214
32893	-0.168386
34340	0.075065
35227	1.343939
35334	0.837510
36499	-0.643120
36843	0.243839
36844	0.201118
36955	-0.633484
36970	-0.120498
39336	0.004210
39353	0.463229
40538	0.196310
40541	-0.366191
40542	0.079476
40599	0.169615
40601	-0.617318
40602	-0.198671
40656	-0.389042
40657	-0.768894
42157	-0.025422
42203	-0.353878
42204	-0.055203
42851	0.265380
43061	0.153320
44144	0.450210
45195	2.083929
47030	-0.219215
47285	-0.032827
47317	-0.455973
47457	0.946896
47460	0.003640
48147	-0.126587
48297	0.892134
48474	-0.171532
48696	-0.280666
49516	-0.309520
49630	-0.817791
49927	-0.279602
50199	-0.634819
50249	-1.124211
50259	-0.247532
50904	-0.288702
53231	-0.925821
53471	1.027640
53531	-0.879854
53986	1.055782
55057	0.322197
56431	-0.190938
56432	-0.201358
56466	0.167787
56478	0.261639
56621	0.294584
57644	0.336697
57756	0.639576
58783	0.318321
59657	0.119981
59715	0.249085
64825	0.466510
64947	0.210590
65950	0.208744
70102	-0.243125
75003	-0.339703
75099	-0.357343
75742	-0.429206
75823	0.656439
75824	0.182045
78157	-0.987119
78181	-0.089553
78191	-0.389132
80479	-0.390079
80480	-0.668968
80715	-0.167505
80719	0.130577
80750	0.053660
81231	0.594715
84436	-0.650799
84780	-0.351910
84844	0.349700
85002	0.380070
85003	-0.714973
85659	-0.449641
85663	-0.302677
85710	-0.247525
92185	0.628112
96142	-0.129251
96144	-0.603251
96482	0.201236
98871	-0.383110
