# 1342 minima projected onto PC86
# Min	PC
3	0.017825
4	-0.009924
5	-0.048440
6	-0.026641
7	-0.021184
9	0.009017
16	-0.035028
17	-0.031213
21	0.052673
23	-0.013767
31	-0.016982
44	0.054856
47	-0.033989
48	0.026328
51	0.014004
52	-0.022685
55	0.105250
56	-0.017013
57	0.013873
58	0.031245
60	-0.036195
67	0.002294
68	0.000883
71	0.011894
72	0.070543
74	0.016894
79	0.006312
82	-0.040080
85	-0.006555
86	0.003612
87	-0.043370
88	0.019927
91	0.029230
92	-0.005029
94	-0.052221
95	-0.059452
97	0.022603
104	0.047601
106	-0.060671
109	0.034004
111	0.008629
115	0.134574
120	0.059835
126	0.052200
129	-0.038613
136	-0.060285
137	0.028172
188	0.016714
189	-0.028993
196	0.024753
199	0.016312
200	0.045675
202	-0.017911
211	0.032046
213	0.029324
214	0.023934
219	-0.001243
221	-0.029367
276	-0.054689
279	-0.053366
283	-0.014733
295	-0.005025
308	-0.033227
312	-0.013406
315	0.016249
318	0.070944
319	-0.024684
321	0.041990
324	0.041681
328	-0.018072
334	-0.025152
336	-0.005282
338	-0.025675
347	0.126958
351	-0.095028
352	0.063633
354	0.050118
357	0.008272
359	-0.022868
362	0.052024
364	-0.015310
365	0.007758
368	-0.005187
376	-0.066571
377	-0.034251
380	0.008213
386	-0.002112
388	-0.058826
390	0.102066
396	-0.010816
404	-0.030480
410	0.029651
413	-0.045009
420	-0.016151
423	0.023726
424	-0.035596
437	0.021853
438	-0.061512
444	-0.054683
452	0.019819
473	0.057746
474	0.063265
475	-0.071011
476	0.049828
478	-0.028073
479	0.021022
480	0.005193
483	-0.132888
503	-0.026006
508	-0.000379
509	-0.059398
530	-0.009531
536	-0.028633
556	-0.017637
581	0.013253
583	0.065198
603	-0.027883
606	-0.021212
607	-0.062019
620	-0.045294
628	-0.001968
636	-0.050375
637	0.108312
639	-0.008046
640	-0.090363
644	-0.020999
645	0.001286
677	-0.005848
678	-0.023027
679	-0.042706
682	-0.018488
698	-0.018658
700	-0.029169
710	0.083455
722	-0.043609
723	-0.004730
724	-0.026930
725	0.029726
726	-0.046943
747	-0.013232
753	-0.046921
755	-0.101846
757	-0.045615
765	-0.020733
782	0.057645
783	0.030728
793	-0.052189
808	-0.032590
814	-0.016278
840	0.015724
848	0.133611
859	-0.026954
864	0.051079
867	0.017636
878	0.015869
888	0.005131
890	-0.041065
892	0.007176
899	0.004289
918	0.007849
926	-0.017341
933	0.042119
934	0.052077
981	-0.059888
1028	-0.043434
1034	0.052350
1051	0.036381
1054	0.056948
1058	-0.084764
1062	0.040286
1063	-0.020284
1064	0.060279
1066	-0.033893
1068	0.107314
1073	0.025176
1082	-0.058391
1083	-0.012400
1086	-0.047998
1089	0.001760
1090	-0.025498
1091	-0.014949
1092	0.062312
1164	0.004564
1165	-0.018968
1174	-0.028046
1176	-0.030258
1184	0.007536
1191	-0.018239
1192	-0.027988
1201	-0.097274
1230	-0.013582
1339	0.035933
1341	0.001291
1370	0.081204
1385	0.162836
1405	-0.039689
1437	0.000364
1441	0.016423
1443	0.018521
1521	0.011159
1522	-0.060367
1523	-0.116388
1524	0.061214
1525	0.065035
1541	0.024812
1542	0.038837
1550	0.014080
1551	-0.063872
1596	0.087059
1597	-0.009847
1628	-0.024045
1629	-0.038661
1633	-0.056923
1636	-0.043064
1637	-0.042645
1765	0.015456
1766	-0.080322
1780	-0.011954
1862	-0.012923
1865	0.034343
1870	0.021351
1885	-0.053756
1910	-0.000481
1911	-0.017555
2007	-0.041970
2060	-0.069714
2062	0.034167
2090	0.079665
2093	-0.022176
2094	-0.012122
2095	0.061707
2096	-0.043034
2100	-0.052473
2101	-0.018570
2102	-0.010137
2103	-0.038744
2104	-0.032561
2105	0.075027
2128	0.064419
2129	0.048287
2135	0.059026
2190	0.033597
2195	0.111696
2197	0.012919
2198	-0.055435
2199	0.073360
2200	0.050207
2201	-0.006393
2202	-0.085040
2205	0.057560
2217	-0.030806
2218	0.097947
2221	0.132367
2272	0.029666
2273	-0.001306
2275	0.004681
2288	-0.036449
2293	-0.001981
2298	0.086703
2299	0.067339
2300	0.085027
2301	0.116249
2338	-0.060640
2342	0.091766
2343	-0.073839
2358	-0.013395
2384	0.001164
2385	0.017508
2399	0.014984
2435	-0.074471
2436	-0.041527
2465	0.017121
2467	0.052001
2468	-0.022735
2469	-0.051031
2470	-0.022398
2471	-0.015742
2474	0.045305
2620	0.034856
2650	0.062336
2651	0.097048
2685	0.003649
2688	-0.080324
2730	0.091747
2843	-0.013370
2951	-0.065447
2959	0.003813
3236	0.014736
3305	-0.012513
3318	-0.019306
3340	0.035291
3352	-0.016698
3355	0.073166
3356	0.003325
3365	0.008978
3366	0.015105
3367	-0.002775
3368	-0.010895
3401	-0.042856
3405	-0.018083
3434	0.052475
3448	-0.054551
3454	-0.015201
3481	-0.035378
3495	0.021467
3504	-0.004977
3532	0.005693
3540	-0.030766
3549	-0.005521
3550	-0.040119
3569	-0.005278
3595	0.007262
3596	-0.002538
3603	0.051831
3621	0.070129
3622	0.135657
3647	-0.019713
3649	-0.020862
3651	0.041611
3652	-0.061181
3723	0.116406
3757	0.032242
3772	0.111151
3787	0.075454
3798	0.011453
3799	0.000177
3889	-0.043157
3897	0.041418
3898	-0.011428
3904	0.121214
3945	0.069537
3990	-0.012907
4024	0.023819
4039	0.153608
4048	0.154598
4050	-0.001509
4076	0.034556
4094	-0.072574
4170	-0.064260
4251	0.184911
4252	0.116037
4299	-0.022895
4302	-0.040264
4318	-0.029378
4319	0.012017
4320	-0.062291
4360	0.103497
4388	-0.042997
4414	0.024373
4426	0.083396
4446	0.002262
4527	-0.046638
4545	-0.002201
4546	0.013327
4554	0.033591
4564	-0.011494
4567	-0.026056
4634	0.019537
4693	-0.048813
4736	0.058615
4761	0.047155
4879	-0.032963
5071	0.050944
5138	0.036841
5164	-0.047709
5182	0.019017
5183	0.026690
5184	0.041777
5187	0.064488
5188	-0.093080
5189	-0.034267
5193	-0.019466
5194	-0.083659
5195	-0.047766
5197	0.067677
5203	0.044827
5205	0.020826
5212	-0.081657
5213	-0.084102
5222	0.030735
5223	-0.069811
5228	-0.083427
5232	-0.007053
5244	0.131084
5245	0.017341
5246	0.000134
5248	0.022618
5292	0.066527
5293	0.093032
5299	0.274380
5300	0.095375
5315	0.038359
5316	0.036551
5319	0.022187
5320	0.005046
5321	0.020859
5322	-0.135174
5323	0.039201
5324	0.062170
5325	0.064058
5329	-0.016186
5342	-0.031980
5343	0.008902
5374	0.064732
5376	0.027702
5378	0.029704
5379	-0.035053
5382	-0.046030
5390	0.085016
5398	-0.080090
5402	0.004614
5404	-0.034629
5407	0.046873
5408	0.064233
5409	0.072628
5411	-0.004906
5412	0.004638
5413	0.038002
5416	0.116127
5418	0.023009
5422	-0.000509
5425	0.130141
5427	0.063560
5428	0.020664
5432	-0.008048
5436	0.118044
5443	-0.075228
5444	0.046245
5458	0.088082
5462	0.144499
5465	-0.051025
5468	0.014846
5471	-0.038967
5480	-0.088812
5481	-0.026876
5485	-0.047135
5486	-0.088072
5488	0.072867
5489	-0.006778
5495	0.023626
5513	-0.002649
5515	-0.031116
5516	-0.004416
5521	-0.045322
5527	0.074399
5528	-0.066207
5536	0.000021
5537	-0.011773
5547	-0.019587
5565	-0.043749
5573	-0.044708
5579	-0.035882
5583	-0.052109
5586	-0.010815
5589	0.055755
5590	-0.024407
5593	0.054022
5599	0.125419
5604	0.092622
5605	0.016524
5606	-0.032436
5625	-0.128922
5649	0.028856
5656	0.132524
5657	-0.106139
5658	0.025364
5686	-0.044118
5695	0.075565
5705	-0.062860
5706	-0.070452
5716	-0.021100
5717	-0.025080
5718	-0.009091
5719	0.004788
5720	0.000132
5724	0.091277
5738	-0.041796
5742	-0.008850
5750	0.022176
5751	-0.025400
5756	-0.029781
5761	-0.045076
5768	0.005135
5773	0.053638
5792	-0.022452
5793	0.037607
5794	-0.014873
5806	-0.107680
5811	-0.029072
5812	-0.049070
5813	-0.051097
5814	-0.028254
5821	-0.033440
5823	-0.175640
5825	0.021249
5831	0.056288
5832	-0.006217
5833	-0.009538
5847	0.016788
5849	0.010018
5851	-0.003101
5854	0.016968
5858	-0.025937
5862	0.010181
5875	0.120887
5876	0.013164
5903	-0.018141
5910	-0.019421
5912	0.093269
5913	0.042058
5925	0.035068
5926	-0.032554
5927	-0.012718
5928	-0.072105
5930	0.013894
5931	0.005355
5933	-0.082943
5934	-0.020782
5937	-0.052647
5939	-0.016141
5940	0.084547
5941	0.022369
5943	-0.010029
5963	0.022347
5964	-0.016921
5965	-0.071545
5966	0.072643
5968	0.041556
5969	-0.065258
5970	-0.112591
5971	-0.096487
5975	-0.004431
6006	0.012032
6011	-0.007633
6017	-0.120245
6019	0.042609
6022	-0.071393
6032	-0.043104
6095	0.014048
6115	0.000411
6116	0.083873
6119	-0.083647
6127	-0.011174
6128	0.030571
6130	0.043170
6140	-0.037893
6141	-0.023330
6147	0.068239
6148	0.110208
6163	0.012266
6164	-0.020551
6170	-0.019369
6171	-0.055663
6177	0.006775
6184	-0.054000
6200	0.031543
6204	0.155513
6206	0.052944
6223	-0.005625
6240	-0.039854
6245	-0.019604
6253	-0.107995
6267	0.023105
6269	0.109873
6290	0.015984
6303	0.005532
6317	-0.006766
6343	-0.024197
6350	-0.039758
6360	-0.081620
6367	0.129654
6383	-0.011048
6389	0.013092
6397	0.066575
6398	0.015208
6406	0.014774
6407	0.121812
6412	-0.020601
6413	-0.066523
6434	0.026423
6435	0.065153
6460	-0.044204
6463	0.015665
6464	-0.029279
6489	-0.032623
6507	0.089163
6510	0.019762
6516	-0.065136
6518	-0.072061
6522	0.126694
6523	0.017369
6524	-0.031423
6525	-0.019467
6531	-0.073912
6536	0.008351
6575	0.029265
6584	-0.079431
6585	0.020480
6586	0.003486
6594	0.058033
6595	-0.036534
6610	-0.038791
6612	-0.011745
6615	0.029894
6624	-0.046456
6628	0.012289
6649	0.027182
6698	0.306619
6706	0.160817
6718	0.034260
6719	0.001717
6722	0.074468
6770	0.009306
6780	-0.084726
6781	-0.015888
6794	-0.013048
6795	0.046938
6796	0.008796
6799	0.071647
6809	-0.013186
6837	-0.056426
6838	0.001796
6839	-0.105108
6846	-0.031182
6865	0.052401
6869	0.001541
6870	-0.073845
6871	0.043049
6873	-0.079321
6876	-0.043264
6885	-0.096396
6895	-0.045932
6896	0.002429
6897	-0.018888
6900	0.032914
6903	-0.028432
6906	-0.000969
6916	-0.004265
6917	0.051176
6918	0.026851
6919	0.115794
6938	-0.053628
6941	0.057140
6942	-0.001450
6943	-0.039874
6944	0.003543
6948	0.031501
6953	-0.045490
6957	-0.024947
6958	-0.023502
6970	0.033683
6971	-0.072777
6976	0.009041
6977	0.138296
6990	-0.010396
7014	-0.061302
7015	-0.029084
7016	-0.027901
7018	-0.034091
7019	-0.028403
7042	-0.064325
7053	-0.045889
7066	-0.005976
7067	0.098591
7083	0.021788
7092	0.010996
7100	0.163452
7103	0.082589
7110	-0.029190
7111	-0.001030
7112	-0.023588
7113	-0.001795
7116	-0.012032
7119	0.023717
7120	-0.009005
7121	0.037801
7122	-0.026713
7140	-0.000043
7143	-0.059940
7157	-0.043757
7165	0.028593
7175	-0.018146
7178	0.029487
7206	0.202705
7207	0.041431
7217	-0.028735
7218	-0.069157
7221	0.003771
7227	-0.027949
7230	-0.091468
7236	0.064494
7239	0.023051
7242	-0.027129
7260	0.041041
7268	-0.007412
7269	-0.015003
7304	0.005958
7326	-0.081080
7327	-0.223655
7336	-0.088842
7342	0.079139
7346	0.003276
7348	0.000946
7355	0.003878
7361	-0.078213
7372	0.012503
7387	0.098972
7422	0.096047
7423	0.005707
7425	0.020726
7436	-0.024374
7442	-0.171155
7446	-0.025032
7448	0.095910
7453	-0.004172
7463	-0.067164
7492	0.007720
7493	0.042696
7494	0.054024
7495	0.076060
7518	-0.027616
7520	-0.158817
7540	0.080862
7546	0.064319
7556	-0.026839
7559	0.040884
7560	-0.030174
7561	-0.103667
7564	0.022417
7575	-0.072185
7583	-0.116487
7585	0.044972
7586	-0.005570
7599	-0.158186
7600	0.257342
7606	-0.147357
7614	0.038114
7617	0.038323
7622	0.050940
7629	-0.005150
7637	0.046411
7640	0.045077
7657	0.038613
7665	0.005027
7666	-0.065225
7667	-0.031919
7668	0.040956
7669	0.126863
7670	0.138606
7671	-0.050046
7681	0.091813
7683	0.044558
7684	0.081063
7696	-0.003141
7722	-0.020407
7723	0.014879
7799	0.023981
7852	0.013853
7859	-0.021186
7860	0.028705
7861	-0.000629
7865	0.063201
7875	0.087708
7876	-0.036279
7895	0.043830
7913	0.033164
7917	0.066390
7952	0.078010
7969	0.076717
7971	-0.038263
8000	0.023887
8002	-0.043344
8006	0.064214
8036	0.025940
8056	0.006565
8069	0.143911
8103	-0.117416
8107	-0.015878
8120	-0.005605
8122	-0.056931
8125	0.047098
8127	-0.009900
8136	-0.023020
8149	-0.067198
8154	-0.096101
8197	0.055140
8208	-0.033530
8223	-0.122968
8232	0.068413
8241	-0.058116
8256	0.009247
8262	0.025626
8266	0.037365
8267	0.057454
8268	0.036833
8269	-0.000254
8271	0.067042
8273	-0.011173
8280	0.008725
8284	-0.009415
8303	-0.012754
8304	0.033307
8305	0.017225
8308	-0.012538
8332	0.197708
8333	0.004686
8334	-0.150834
8338	0.203388
8363	-0.053042
8370	0.014371
8398	-0.063339
8465	0.014425
8468	0.114844
8469	-0.022462
8470	0.024830
8507	-0.087314
8552	-0.029845
8572	0.025731
8574	0.030774
8577	-0.054153
8586	-0.005716
8592	0.017628
8593	-0.002357
8594	-0.043741
8597	0.024137
8599	-0.004221
8606	-0.059975
8607	0.012557
8615	-0.053320
8617	-0.009691
8626	0.014187
8636	-0.016982
8669	-0.021005
8671	-0.086234
8673	0.011590
8675	-0.125460
8790	0.023603
8791	0.005880
8811	-0.678820
8822	0.083386
8841	-0.095232
8849	-0.018606
8856	-0.041366
8875	-0.018980
8884	0.176351
8906	-0.042883
8907	0.033395
8910	0.055395
8911	-0.030574
8912	0.019168
8913	-0.016996
8934	-0.004576
8935	0.000794
8954	-0.055141
8968	-0.004900
8972	0.004375
9001	0.184333
9029	0.000572
9032	0.007547
9058	-0.117189
9059	-0.008998
9068	-0.053172
9070	0.060041
9108	0.082602
9139	-0.097264
9140	-0.096613
9158	-0.025684
9187	0.149817
9188	-0.043313
9189	-0.005827
9190	-0.030843
9253	-0.011732
9259	0.043833
9268	-0.126000
9269	0.058984
9271	0.014713
9312	0.129335
9323	-0.016450
9329	-0.019979
9330	-0.042435
9331	-0.026885
9356	-0.001779
9376	-0.016465
9394	0.025209
9424	0.032818
9428	0.033970
9429	0.009618
9496	-0.027448
9536	-0.041321
9543	0.058668
9589	-0.006150
9614	0.032831
9615	-0.142782
9617	-0.091310
9631	0.059759
9661	0.068593
9668	0.120408
9718	0.035124
9728	0.001914
9734	0.075942
9788	0.013648
9791	-0.014315
9793	0.053527
9804	-0.038302
9809	0.041964
9810	0.023556
9823	0.065718
9828	-0.057539
9907	0.035498
9951	0.021513
9968	0.001296
9969	-0.006127
10010	-0.024396
10011	0.018318
10012	-0.031502
10018	0.040389
10021	0.008342
10022	0.001455
10031	0.063917
10032	-0.011981
10033	-0.048148
10034	0.016276
10035	-0.036244
10039	-0.045616
10044	-0.047675
10045	-0.012310
10060	0.026630
10065	-0.034100
10077	-0.053807
10080	0.022850
10130	-0.015135
10131	0.063956
10149	-0.003710
10194	0.032447
10197	0.024266
10221	0.020144
10226	0.013655
10232	-0.005231
10233	-0.013117
10263	-0.032040
10264	-0.041985
10274	0.030749
10286	0.068119
10292	-0.165369
10299	-0.043240
10302	-0.046356
10324	-0.060376
10355	-0.063641
10358	-0.017170
10362	-0.035228
10366	0.015830
10368	0.000022
10370	0.003462
10392	-0.035995
10405	-0.063797
10406	-0.109308
10409	0.051319
10419	-0.053456
10420	0.008058
10424	-0.019801
10434	0.005067
10455	0.102569
10478	-0.094798
10480	-0.049168
10484	-0.046876
10510	0.030083
10519	-0.197442
10520	0.046158
10524	0.008408
10578	0.063953
10630	0.042294
10643	-0.055518
10645	0.027253
10677	-0.018521
10678	0.006041
10690	0.010041
10717	0.010752
10718	-0.011902
10719	-0.067835
10721	0.049541
10723	0.029556
10735	-0.040685
10736	0.008370
10829	0.026099
10837	-0.125077
10846	0.000174
10921	0.045886
10922	-0.121246
10923	0.058335
10924	0.062581
10964	-0.055684
10978	0.063426
11017	0.000766
11018	0.011176
11019	0.159659
11032	0.046749
11034	0.132201
11035	0.120836
11036	0.061023
11052	-0.015377
11056	0.006949
11060	-0.030577
11063	0.010194
11064	0.101152
11068	-0.005166
11069	-0.022532
11090	0.037845
11098	0.079595
11099	0.053606
11100	0.030772
11105	-0.032246
11109	0.030832
11122	-0.084413
11123	-0.017072
11125	0.014177
11126	-0.077520
11149	0.153468
11153	-0.036100
11188	0.056265
11193	0.029049
11230	0.009844
11233	-0.040399
11236	0.004630
11243	0.014923
11251	-0.030898
11259	-0.113204
11263	0.048820
11272	-0.126258
11321	-0.063061
11322	-0.028324
11326	0.046168
11327	-0.075088
11335	-0.036587
11337	-0.079273
11343	0.015918
11390	-0.092764
11444	0.189907
11464	-0.014444
11471	0.030596
11472	0.028941
11473	-0.006135
11492	0.030993
11499	-0.014243
11500	-0.049182
11505	0.012805
11527	-0.065560
11528	-0.067848
11532	0.088498
11564	-0.063919
11589	0.044973
11591	-0.040691
11592	-0.003390
11599	0.000826
11605	0.125107
11617	0.020196
11630	0.082160
11631	-0.011295
11632	0.056375
11656	0.030468
11657	0.029335
11777	-0.070721
11786	0.046764
11812	-0.001688
12020	0.026166
12061	-0.055196
12115	-0.035795
12154	0.000426
12155	-0.030624
12156	0.092463
12159	0.065459
12174	-0.068157
12176	-0.060419
12230	-0.009086
12234	-0.031096
12236	0.006562
12237	-0.085413
12250	0.140538
12252	0.027426
12253	0.025802
12315	0.006781
12381	-0.014676
12382	0.038633
12438	-0.072099
12455	-0.046753
12462	-0.110409
12478	-0.014945
12603	0.107228
12711	0.017361
12714	0.017032
12716	-0.040922
12754	0.027209
12785	0.108120
12788	-0.158827
12792	0.226343
12898	0.006841
12944	0.034911
12949	-0.990716
13062	-0.093555
13099	-0.026929
13160	0.039043
13198	-0.016006
13239	0.035972
13249	-0.063767
13262	0.041418
13263	-0.105308
13272	-0.059560
13273	-0.252888
13277	0.052257
13305	0.021294
13342	0.031722
13343	0.011559
13345	0.093144
13351	-0.043965
13357	0.064398
13427	0.060094
13436	-0.042127
13455	-0.005493
13528	-0.071482
13532	-0.086677
13553	0.069092
13566	0.011892
13651	0.004960
13653	-0.082094
13675	-0.011271
13676	0.012793
13677	-0.061898
13678	-0.011670
13681	-0.079980
13688	0.007998
13697	0.002652
13705	-0.007416
13708	-0.095706
13737	-0.074581
13760	0.003734
13923	-0.004506
13927	0.033395
13995	0.033632
14002	0.076632
14003	0.062142
14021	-0.070411
14034	0.023687
14064	0.047239
14110	0.003903
14155	-0.044339
14203	0.043151
14208	0.088222
14340	-0.021767
14356	-0.002959
14389	-0.011810
14499	-0.098069
14625	0.056771
14632	-0.014962
14637	0.061767
14641	-0.013516
14685	0.062800
14694	-0.094321
14695	-0.130940
14699	0.068970
14700	-0.092827
14749	0.006689
14760	0.123868
14790	0.115802
14791	0.048184
14796	0.034913
14797	-0.027935
14891	0.030720
14927	-0.005566
15099	-0.014130
15182	0.272348
15243	0.076716
15245	0.058419
15254	-0.004132
15322	-0.058170
15327	-0.038295
15463	0.039710
15496	-0.037060
15499	-0.081164
15502	0.023361
15514	-0.063345
15566	-0.051941
15580	-0.075379
15583	0.003799
15586	-0.067601
15601	0.003474
15621	-0.007971
15780	-0.104963
15869	-0.032794
16082	-0.095620
16281	-0.125097
16293	-0.030119
16300	-0.038501
16304	-0.049773
16360	-0.070333
16361	-0.163499
16367	-0.084290
16432	0.045216
16433	-0.028750
16438	0.035637
16446	-0.049735
16453	-0.111769
16463	-0.197894
16466	0.054156
16477	-0.112574
16482	-0.105604
16605	0.075685
16606	-0.001489
16635	0.011495
16638	-0.041676
16655	-0.158540
16673	-0.053641
16676	-0.044571
16677	-0.027991
16678	-0.027636
16808	-0.099300
16829	-0.030883
17150	-0.015788
17182	-0.039317
17199	-0.062486
17273	0.051622
17431	0.040581
17466	-0.080638
17472	-0.175690
17485	-0.064617
17585	0.027837
17620	0.103532
17647	0.200786
17690	-0.056450
17772	-0.036526
18410	-0.002606
19647	0.045288
21458	-0.043198
21885	-0.030432
21973	0.002357
21976	0.076180
21977	0.046771
22084	0.034935
23475	0.006756
23754	0.004869
23764	0.059770
24372	0.054626
24918	0.028289
24944	0.041922
25022	-0.239599
25140	-0.073767
26484	0.014407
27764	0.075669
28424	-0.006561
28845	-0.013985
29861	0.033046
30684	-0.051468
31288	-0.017771
31704	0.093935
32421	-0.004917
32520	-0.019863
32893	0.041929
34340	-0.035477
35227	0.008129
35334	0.028056
36499	0.088217
36843	0.031866
36844	0.015942
36955	-0.005062
36970	0.013357
39336	-0.006619
39353	0.019058
40538	-0.058476
40541	-0.038037
40542	-0.054285
40599	-0.005385
40601	0.012413
40602	-0.127359
40656	-0.029800
40657	-0.037641
42157	0.048932
42203	-0.033792
42204	-0.030626
42851	0.006149
43061	0.026251
44144	0.005076
45195	0.095195
47030	0.066044
47285	0.039139
47317	0.100072
47457	0.026968
47460	0.043068
48147	-0.005796
48297	-0.158732
48474	-0.067243
48696	-0.071353
49516	-0.007033
49630	0.028207
49927	-0.059757
50199	-0.082426
50249	-0.025524
50259	0.140573
50904	0.000650
53231	0.029480
53471	-0.106087
53531	0.017100
53986	0.040304
55057	-0.053776
56431	-0.006169
56432	-0.041407
56466	0.029739
56478	0.130779
56621	-0.008731
57644	0.059294
57756	0.196112
58783	0.097148
59657	0.036083
59715	-0.024608
64825	-0.047493
64947	-0.000557
65950	0.020187
70102	-0.088489
75003	0.147554
75099	0.184983
75742	-0.044662
75823	-0.038205
75824	-0.002833
78157	0.043330
78181	-0.005805
78191	-0.125758
80479	-0.014325
80480	0.042044
80715	0.070978
80719	0.042072
80750	-0.058009
81231	-0.108493
84436	-0.076405
84780	-0.014530
84844	0.040767
85002	-0.042983
85003	-0.046558
85659	0.047834
85663	0.032248
85710	-0.014689
92185	-0.064433
96142	-0.073969
96144	-0.109700
96482	0.020274
98871	0.100085
