# 1342 minima projected onto PC25
# Min	PC
3	-0.260882
4	-0.180787
5	-0.007001
6	1.401911
7	0.720332
9	0.700104
16	1.190810
17	1.481054
21	-0.312621
23	0.052764
31	2.273971
44	0.128692
47	0.228267
48	-0.992232
51	-0.131626
52	1.140287
55	-0.658189
56	-0.138378
57	0.184463
58	-0.015020
60	-0.594209
67	-0.413577
68	-0.320826
71	-0.348736
72	-0.303442
74	-0.248567
79	0.604527
82	0.132295
85	-0.097256
86	0.578817
87	-0.067096
88	0.634900
91	-0.179507
92	0.721596
94	-0.073643
95	0.175000
97	0.066057
104	-1.758268
106	-2.184938
109	0.616618
111	1.533689
115	0.699296
120	0.179324
126	0.632608
129	-0.647305
136	-0.272091
137	-0.171266
188	1.256088
189	1.081824
196	-0.124259
199	0.174134
200	-0.206619
202	-0.055873
211	0.053292
213	0.740194
214	0.491628
219	1.025137
221	0.827198
276	-0.144899
279	-0.519520
283	1.317770
295	0.123893
308	0.180344
312	0.364430
315	-0.385111
318	-0.341447
319	-0.168661
321	-0.669553
324	-0.493706
328	-0.148686
334	-0.288712
336	-1.450196
338	-0.396438
347	-0.301475
351	-0.368359
352	0.466915
354	0.283750
357	0.478342
359	-0.226397
362	-0.814275
364	-0.718155
365	-0.790054
368	-0.855847
376	0.241508
377	0.223147
380	1.111875
386	0.769522
388	0.265926
390	0.746914
396	0.548399
404	-0.266918
410	-0.019284
413	1.381706
420	0.110979
423	0.196927
424	0.600429
437	0.395072
438	1.022986
444	-0.888091
452	-0.594926
473	0.198056
474	1.065024
475	1.317292
476	1.333936
478	1.157415
479	1.376629
480	1.120870
483	-0.388854
503	1.605846
508	-0.705796
509	-0.580388
530	-1.031843
536	0.121917
556	1.025975
581	-0.123818
583	0.082430
603	-0.867949
606	1.518690
607	0.124622
620	0.859115
628	0.787717
636	0.087445
637	-1.182973
639	0.281557
640	-0.048952
644	1.471563
645	1.600746
677	1.487159
678	0.606590
679	1.053493
682	0.414700
698	1.284674
700	0.655623
710	0.784917
722	0.975086
723	0.112673
724	0.320733
725	0.211154
726	0.129193
747	-0.052008
753	0.734988
755	-1.198068
757	1.009131
765	2.344873
782	-0.349052
783	0.968926
793	0.827550
808	0.176019
814	1.413130
840	-1.155028
848	0.797524
859	-0.209189
864	-0.199723
867	2.201099
878	-1.040827
888	-0.531975
890	-0.045636
892	-0.801120
899	0.986091
918	-0.478284
926	0.190569
933	0.824790
934	0.397273
981	-0.072088
1028	0.151084
1034	0.764527
1051	-0.001416
1054	-0.687289
1058	-0.055948
1062	-1.228962
1063	-0.483871
1064	-1.172054
1066	0.176437
1068	-1.060663
1073	0.210683
1082	-0.404593
1083	-0.246812
1086	-0.082292
1089	0.556429
1090	0.210838
1091	-0.616251
1092	0.288727
1164	-0.495278
1165	-0.218278
1174	-0.274630
1176	0.655714
1184	-0.202877
1191	-0.149164
1192	0.113959
1201	0.363046
1230	1.093936
1339	0.555008
1341	0.431824
1370	-1.003239
1385	0.646946
1405	-0.864232
1437	0.343132
1441	2.271751
1443	-0.165377
1521	0.269519
1522	0.084427
1523	-1.197586
1524	-0.463340
1525	-0.470196
1541	-0.425403
1542	1.018373
1550	-0.588928
1551	-0.850568
1596	0.668194
1597	-0.288026
1628	-0.408263
1629	-0.332007
1633	-0.146621
1636	-0.008892
1637	-1.479190
1765	0.299409
1766	0.562745
1780	0.651135
1862	0.744106
1865	-0.967920
1870	0.874942
1885	-1.008764
1910	-0.204443
1911	0.315026
2007	0.711625
2060	1.072988
2062	0.716082
2090	-0.298212
2093	-0.380619
2094	-0.592407
2095	-0.464662
2096	-0.079235
2100	-0.064038
2101	1.419432
2102	1.387294
2103	1.353803
2104	1.325838
2105	0.637126
2128	0.046456
2129	-0.109455
2135	0.104965
2190	0.140565
2195	-0.339872
2197	0.718572
2198	0.107464
2199	-0.753383
2200	0.173569
2201	-0.200028
2202	-0.017444
2205	0.050117
2217	-0.549979
2218	-0.503791
2221	-0.624341
2272	0.612946
2273	0.876369
2275	0.668804
2288	-1.159087
2293	1.364570
2298	-0.447319
2299	0.113936
2300	-0.445819
2301	-0.382521
2338	-0.163938
2342	-0.401830
2343	-0.066154
2358	-0.471345
2384	-0.864364
2385	-0.126193
2399	0.359055
2435	-0.117039
2436	-1.032272
2465	0.370175
2467	0.286069
2468	0.691355
2469	0.463395
2470	0.032776
2471	-1.716049
2474	0.276145
2620	-0.887500
2650	0.778277
2651	-0.226688
2685	-1.004972
2688	-0.005282
2730	0.575125
2843	-0.116448
2951	-0.290501
2959	-0.501042
3236	-0.123240
3305	0.518127
3318	-1.211094
3340	0.702833
3352	0.570499
3355	0.780908
3356	1.078338
3365	-0.902842
3366	-1.180439
3367	-0.714479
3368	-0.428225
3401	-0.215529
3405	-1.109224
3434	-1.111839
3448	-0.285088
3454	-0.903026
3481	-0.593060
3495	1.081603
3504	0.746639
3532	-0.914434
3540	0.114239
3549	-1.089724
3550	-1.138642
3569	-0.524760
3595	-0.229598
3596	0.460014
3603	-0.265909
3621	0.470825
3622	0.459174
3647	1.371251
3649	-0.284305
3651	-0.204068
3652	-0.182353
3723	1.657035
3757	0.565829
3772	-0.612960
3787	0.650271
3798	-0.976199
3799	-0.766146
3889	-0.458247
3897	1.167767
3898	0.640660
3904	0.348946
3945	0.803748
3990	1.463586
4024	0.370277
4039	0.190205
4048	-0.729302
4050	-0.183883
4076	-0.448222
4094	-0.066028
4170	0.641298
4251	0.631855
4252	0.630480
4299	0.445810
4302	0.688220
4318	-0.186783
4319	-0.341173
4320	-0.372922
4360	-0.636408
4388	-0.191652
4414	-0.708136
4426	-0.928105
4446	-0.476044
4527	0.922807
4545	-0.618355
4546	-0.414158
4554	-0.281632
4564	0.411119
4567	0.571229
4634	1.043464
4693	-0.148782
4736	0.489874
4761	0.238787
4879	-0.423338
5071	-0.724884
5138	0.236912
5164	-0.324991
5182	-0.479295
5183	-0.129355
5184	-0.268843
5187	0.084264
5188	-0.298823
5189	0.422759
5193	0.431423
5194	-0.873086
5195	1.210228
5197	0.743559
5203	-0.076496
5205	0.004176
5212	0.153752
5213	0.293573
5222	0.364521
5223	-0.117703
5228	0.285092
5232	0.830131
5244	0.464823
5245	0.056248
5246	0.167084
5248	1.197762
5292	0.723780
5293	0.627651
5299	0.031613
5300	-0.286582
5315	0.360513
5316	0.455706
5319	-0.044452
5320	0.010772
5321	-0.255646
5322	-0.896610
5323	1.067797
5324	-0.113624
5325	-0.839365
5329	-0.938092
5342	-0.046605
5343	0.188697
5374	-0.664362
5376	-0.422300
5378	-0.151130
5379	-0.205185
5382	2.135189
5390	0.066628
5398	0.282127
5402	0.457281
5404	0.924507
5407	-0.334870
5408	0.476619
5409	-0.429869
5411	-0.088773
5412	0.642683
5413	0.931274
5416	0.227459
5418	-0.338389
5422	-0.149113
5425	0.371044
5427	0.134307
5428	0.451673
5432	-0.440956
5436	0.141364
5443	2.447070
5444	-0.856705
5458	-0.427701
5462	0.692780
5465	-0.011689
5468	-0.176419
5471	0.042569
5480	-0.068407
5481	0.116482
5485	-0.444058
5486	-0.230689
5488	-0.251542
5489	0.125374
5495	0.260450
5513	-0.109906
5515	1.232843
5516	1.618275
5521	-0.750613
5527	0.025945
5528	-0.529220
5536	0.085337
5537	-0.360680
5547	1.223574
5565	0.243114
5573	0.152566
5579	1.677414
5583	-0.510643
5586	0.222128
5589	-0.618665
5590	-0.319433
5593	-0.476900
5599	1.316477
5604	-2.410717
5605	-0.231876
5606	-0.466989
5625	-1.715666
5649	-0.075260
5656	-0.056467
5657	-1.697575
5658	-0.322306
5686	0.606064
5695	0.102379
5705	0.250245
5706	0.270432
5716	-0.135252
5717	0.543987
5718	0.687296
5719	-1.538534
5720	-0.326702
5724	-0.358879
5738	-0.656868
5742	1.155081
5750	-0.073589
5751	-0.163000
5756	-0.085700
5761	0.708612
5768	1.158327
5773	0.469882
5792	0.576418
5793	0.602597
5794	0.543763
5806	-0.441925
5811	-0.464451
5812	-0.073551
5813	-0.339004
5814	-0.782063
5821	-0.549125
5823	-0.262278
5825	0.833768
5831	0.672501
5832	1.063148
5833	-0.208343
5847	0.090539
5849	-0.132524
5851	-0.276138
5854	-0.909640
5858	0.364841
5862	-0.048262
5875	0.216495
5876	-0.374325
5903	-0.271329
5910	0.032523
5912	-0.445428
5913	-0.854424
5925	-0.229765
5926	-0.576345
5927	0.559874
5928	0.537726
5930	-0.285417
5931	-0.272559
5933	-1.560343
5934	-0.421155
5937	0.328736
5939	-0.321664
5940	-0.861525
5941	-1.519763
5943	-1.212850
5963	0.098068
5964	-0.669126
5965	1.300684
5966	0.160168
5968	0.328552
5969	-0.720330
5970	-0.452503
5971	0.410518
5975	-0.236992
6006	-1.138290
6011	0.509853
6017	-0.269639
6019	-0.772105
6022	-0.292362
6032	-0.442429
6095	0.129399
6115	0.515955
6116	0.334941
6119	1.656056
6127	-0.573661
6128	0.578126
6130	-0.941232
6140	0.376190
6141	1.005469
6147	0.641292
6148	0.553170
6163	0.961185
6164	0.747884
6170	1.724777
6171	1.156267
6177	1.058591
6184	1.194113
6200	-0.027926
6204	0.483361
6206	0.110803
6223	-0.533030
6240	1.402045
6245	0.722101
6253	-0.767807
6267	1.783481
6269	-0.122496
6290	1.259519
6303	0.175042
6317	1.732433
6343	-0.357766
6350	-0.092033
6360	-0.029747
6367	1.334127
6383	0.550376
6389	-0.129691
6397	0.729600
6398	-0.408205
6406	-1.161282
6407	1.834554
6412	-0.145227
6413	-0.240037
6434	-0.580815
6435	-0.790841
6460	-0.255727
6463	-0.698451
6464	-0.469706
6489	-0.196299
6507	-0.635861
6510	-0.915381
6516	0.263725
6518	0.149586
6522	0.487835
6523	0.443912
6524	-0.409247
6525	0.259430
6531	-0.241036
6536	-0.108423
6575	0.624914
6584	0.167600
6585	-0.015043
6586	0.475562
6594	0.043677
6595	-0.299788
6610	0.877209
6612	0.259125
6615	0.353326
6624	0.632585
6628	-0.005023
6649	-0.284476
6698	-0.425669
6706	0.268512
6718	-0.082854
6719	-0.199018
6722	0.078616
6770	-1.414609
6780	-0.593550
6781	-0.181737
6794	-1.392319
6795	-1.328983
6796	-1.190924
6799	0.200057
6809	0.003889
6837	-0.625931
6838	-0.240567
6839	0.138373
6846	-0.265756
6865	-0.968727
6869	0.147747
6870	-0.473838
6871	-0.367357
6873	-0.034634
6876	-0.019996
6885	0.504627
6895	-0.328131
6896	0.538539
6897	-0.218987
6900	0.036793
6903	0.404378
6906	0.048967
6916	0.275594
6917	-0.168601
6918	1.073387
6919	0.088858
6938	0.009253
6941	0.576456
6942	1.176063
6943	-0.414334
6944	-0.522441
6948	0.121999
6953	0.729466
6957	0.546613
6958	0.209884
6970	0.331314
6971	1.345844
6976	-1.139156
6977	-0.341005
6990	0.353702
7014	0.042280
7015	-0.023905
7016	-0.226905
7018	-0.631792
7019	-0.056879
7042	0.459273
7053	-0.859513
7066	-0.204546
7067	0.597595
7083	0.595634
7092	-0.200375
7100	1.135987
7103	1.435302
7110	0.338995
7111	-0.806784
7112	-0.737149
7113	-0.375423
7116	-0.055912
7119	-0.712384
7120	-0.226330
7121	-0.409513
7122	-0.472794
7140	0.260841
7143	-1.249871
7157	0.438103
7165	0.534051
7175	1.574144
7178	-0.343964
7206	0.088384
7207	0.237932
7217	-0.291766
7218	-0.431024
7221	-0.554775
7227	0.350616
7230	0.321899
7236	-0.130651
7239	0.035271
7242	0.290651
7260	-0.578512
7268	-0.312965
7269	0.110856
7304	-0.016985
7326	0.233936
7327	0.200570
7336	-0.020405
7342	0.686230
7346	-0.131177
7348	-1.860286
7355	-0.167306
7361	-0.160635
7372	0.522636
7387	0.281958
7422	1.326721
7423	1.049138
7425	-0.144264
7436	0.111682
7442	-0.322387
7446	-0.897056
7448	-0.885601
7453	0.234932
7463	1.366367
7492	0.078420
7493	1.309766
7494	0.261244
7495	0.112704
7518	0.098923
7520	0.247261
7540	-0.654318
7546	0.041646
7556	-0.154801
7559	0.641574
7560	-0.032037
7561	-1.201004
7564	-0.110725
7575	0.092922
7583	0.167914
7585	0.175158
7586	0.215171
7599	0.565559
7600	-0.351549
7606	0.354595
7614	-0.431194
7617	-0.017293
7622	-0.815971
7629	-0.511542
7637	-0.224201
7640	0.245890
7657	0.181566
7665	0.376377
7666	0.152423
7667	0.179042
7668	0.473116
7669	0.399544
7670	-0.887854
7671	0.266296
7681	-0.308000
7683	-1.027099
7684	0.440805
7696	0.155872
7722	-0.835091
7723	0.110711
7799	-0.542629
7852	-0.115905
7859	0.840007
7860	0.562270
7861	-0.445818
7865	0.211764
7875	-0.898000
7876	-0.388556
7895	0.006753
7913	0.269654
7917	-0.652331
7952	-0.399462
7969	-1.451906
7971	-0.213550
8000	-0.066517
8002	-0.083441
8006	0.111953
8036	0.196049
8056	0.684685
8069	1.853235
8103	-0.354498
8107	-0.577438
8120	-0.309191
8122	-0.723765
8125	-0.924051
8127	-1.267095
8136	1.494565
8149	1.327573
8154	1.023454
8197	-1.006429
8208	-0.715903
8223	1.254174
8232	-0.738220
8241	-0.176142
8256	-0.688858
8262	-0.770206
8266	-0.022825
8267	-1.005369
8268	-0.948094
8269	-0.784055
8271	-0.905504
8273	-0.444437
8280	-0.636581
8284	-0.827232
8303	0.677033
8304	-1.121086
8305	-1.003055
8308	1.170602
8332	-0.130760
8333	-0.164556
8334	0.065998
8338	-0.489426
8363	0.255773
8370	-0.865970
8398	0.713545
8465	-0.613614
8468	-0.964519
8469	-0.324294
8470	-0.383562
8507	1.620552
8552	-0.540684
8572	0.245765
8574	0.091491
8577	-0.900379
8586	-0.668100
8592	-0.073570
8593	-0.054757
8594	-0.255112
8597	-0.070294
8599	-0.399981
8606	-1.061944
8607	-0.353618
8615	0.072079
8617	-0.014902
8626	-0.453277
8636	-0.474200
8669	0.482927
8671	-0.196418
8673	0.491469
8675	-0.568969
8790	0.247402
8791	0.679615
8811	0.051918
8822	-0.012232
8841	0.604059
8849	-0.518445
8856	0.602379
8875	1.114623
8884	-0.766174
8906	0.833318
8907	0.101750
8910	0.263828
8911	0.591755
8912	0.301149
8913	0.042904
8934	-0.035971
8935	-0.337386
8954	0.168887
8968	0.858314
8972	0.832828
9001	0.060352
9029	0.457911
9032	-0.061144
9058	-1.025467
9059	-0.781372
9068	0.782677
9070	0.141970
9108	-0.100483
9139	0.250585
9140	0.065567
9158	-0.501344
9187	0.749196
9188	1.349796
9189	0.083662
9190	1.228219
9253	-0.578932
9259	0.466017
9268	-0.758369
9269	0.033678
9271	-1.040684
9312	1.154392
9323	-0.523575
9329	0.118186
9330	0.140716
9331	-0.887710
9356	-0.966238
9376	-0.106679
9394	-0.520228
9424	0.398569
9428	-0.435242
9429	-0.247928
9496	0.684791
9536	0.911904
9543	0.212030
9589	-0.050698
9614	-0.139875
9615	-0.851662
9617	-1.393892
9631	-1.209295
9661	-0.104022
9668	0.390380
9718	-1.637333
9728	-0.357670
9734	0.456666
9788	-0.064710
9791	-1.108724
9793	0.419217
9804	-0.724953
9809	-0.880082
9810	-0.490960
9823	-0.820388
9828	0.428489
9907	-0.984530
9951	-0.220272
9968	-0.456402
9969	-0.427890
10010	-0.903354
10011	-0.246255
10012	-1.036988
10018	0.199716
10021	0.094542
10022	0.510301
10031	-0.078479
10032	-0.369127
10033	-0.664579
10034	0.672844
10035	-0.535385
10039	-0.351736
10044	0.705973
10045	0.117499
10060	0.364581
10065	0.226005
10077	-0.472930
10080	0.088400
10130	0.901300
10131	0.613881
10149	0.041958
10194	0.985659
10197	-1.164801
10221	0.374396
10226	-0.372706
10232	0.499812
10233	0.038705
10263	0.252382
10264	0.163763
10274	0.581573
10286	-1.147663
10292	-1.085816
10299	-0.194149
10302	-0.449688
10324	-0.848572
10355	0.747427
10358	-0.873034
10362	-0.141628
10366	-0.309018
10368	1.096862
10370	0.973019
10392	-0.187271
10405	-0.034510
10406	-0.367071
10409	1.304058
10419	-0.737280
10420	-0.687911
10424	-0.914391
10434	0.238679
10455	-0.914511
10478	0.515112
10480	0.191663
10484	0.056670
10510	0.781239
10519	-0.750688
10520	0.135410
10524	0.744118
10578	-0.488582
10630	-0.245209
10643	-0.669135
10645	1.564657
10677	-0.749708
10678	-0.838544
10690	-0.837997
10717	-0.663176
10718	-0.692490
10719	0.734987
10721	-0.737786
10723	0.657974
10735	0.646166
10736	-0.900142
10829	0.658964
10837	0.301637
10846	-0.254380
10921	-0.789965
10922	-0.426909
10923	-0.014887
10924	-0.007395
10964	0.295843
10978	-0.337276
11017	-0.950340
11018	-1.065888
11019	-0.490234
11032	-0.115227
11034	-0.729770
11035	-0.790443
11036	-0.018661
11052	0.556489
11056	0.553435
11060	0.023206
11063	-0.947282
11064	0.167173
11068	-0.413658
11069	-0.663439
11090	-1.505901
11098	-0.448970
11099	-0.296959
11100	-0.347423
11105	1.275728
11109	-0.205137
11122	-0.318680
11123	0.070205
11125	0.305359
11126	-1.510356
11149	-1.151556
11153	-0.366052
11188	-0.800390
11193	0.018353
11230	-1.341560
11233	0.888052
11236	-0.437757
11243	-0.372790
11251	-0.844443
11259	-1.738476
11263	-0.714494
11272	1.788505
11321	0.837016
11322	-1.241518
11326	-0.181973
11327	-0.502147
11335	0.012650
11337	-0.247304
11343	-0.452218
11390	-0.306326
11444	-0.650556
11464	0.388082
11471	0.036256
11472	-0.186415
11473	-0.375224
11492	0.922632
11499	0.725419
11500	1.283874
11505	-0.086987
11527	1.730511
11528	2.039444
11532	0.430026
11564	-0.592201
11589	-0.213609
11591	0.064683
11592	0.807756
11599	-0.600254
11605	0.109313
11617	0.025529
11630	-0.772926
11631	-0.616227
11632	-0.095041
11656	-1.024732
11657	0.856326
11777	-0.071214
11786	-0.184274
11812	0.301598
12020	-0.026829
12061	-0.641987
12115	0.651258
12154	-0.229295
12155	0.475917
12156	0.317818
12159	1.365295
12174	-0.023462
12176	0.425771
12230	-0.267832
12234	1.078530
12236	0.796164
12237	0.868509
12250	0.148026
12252	-0.533703
12253	-0.224905
12315	-0.222897
12381	-1.597333
12382	-1.560565
12438	0.341593
12455	-0.016924
12462	1.218773
12478	0.909368
12603	0.915778
12711	-0.329467
12714	-0.616804
12716	1.379409
12754	-0.564528
12785	0.454907
12788	0.720247
12792	1.423383
12898	0.552506
12944	-1.485975
12949	-0.433412
13062	-1.177335
13099	0.841795
13160	-0.595449
13198	-0.055130
13239	0.615815
13249	0.888304
13262	0.107477
13263	0.213873
13272	0.818173
13273	-1.498396
13277	-0.100498
13305	-0.041864
13342	-0.118468
13343	0.047563
13345	-0.445425
13351	0.327141
13357	-0.018092
13427	-0.431940
13436	-0.386696
13455	-0.349792
13528	-0.549998
13532	0.008827
13553	0.708667
13566	-0.968466
13651	0.399076
13653	0.585359
13675	0.504546
13676	0.507451
13677	0.449121
13678	0.439587
13681	0.739960
13688	0.242722
13697	0.378548
13705	0.383161
13708	0.849159
13737	-0.231759
13760	0.123078
13923	0.813280
13927	0.767352
13995	-0.450072
14002	-0.438836
14003	-0.470770
14021	0.420354
14034	-1.000690
14064	-1.004951
14110	0.586263
14155	0.065923
14203	0.686908
14208	1.464676
14340	-0.791484
14356	-0.247815
14389	0.111598
14499	0.064021
14625	0.780235
14632	0.089609
14637	0.740546
14641	0.123755
14685	-1.130330
14694	-0.092409
14695	-0.019946
14699	0.649242
14700	-0.695749
14749	-1.012027
14760	-0.072705
14790	-0.562533
14791	-0.048871
14796	-0.740345
14797	-0.986096
14891	-0.469498
14927	-0.157553
15099	-0.876778
15182	-1.554087
15243	0.242651
15245	-0.482661
15254	1.166201
15322	0.546118
15327	0.812995
15463	0.175332
15496	0.744383
15499	0.989131
15502	0.955255
15514	-0.157399
15566	0.778425
15580	-0.390268
15583	-0.789615
15586	-0.011169
15601	-0.247306
15621	-0.314899
15780	-0.076988
15869	-0.344412
16082	-0.223242
16281	-0.320318
16293	-0.754774
16300	1.001563
16304	0.734421
16360	0.795053
16361	-0.624264
16367	0.180058
16432	1.069950
16433	1.087053
16438	0.734980
16446	0.468483
16453	0.861882
16463	0.172791
16466	0.714233
16477	0.030069
16482	0.693677
16605	-0.312181
16606	-0.370131
16635	-0.832317
16638	-0.295536
16655	0.054438
16673	0.023610
16676	-0.563631
16677	-0.554018
16678	0.014636
16808	-0.646843
16829	0.531887
17150	-0.139923
17182	0.944679
17199	0.735237
17273	-0.116456
17431	-0.678786
17466	-0.430964
17472	-0.702318
17485	0.120373
17585	-0.193407
17620	-0.868875
17647	-0.975432
17690	-0.946934
17772	0.152240
18410	-0.704148
19647	-0.330102
21458	-0.315445
21885	-0.351002
21973	-0.260150
21976	-0.107857
21977	-0.237153
22084	0.868356
23475	-0.253246
23754	-0.071335
23764	0.831376
24372	-0.577305
24918	0.124953
24944	-0.288990
25022	-1.313185
25140	-0.383219
26484	-0.582011
27764	0.128256
28424	-0.014700
28845	0.233818
29861	-0.494352
30684	-0.030450
31288	-1.339778
31704	-0.258454
32421	-0.420955
32520	-0.221288
32893	0.716318
34340	-0.536567
35227	-1.068669
35334	-1.490888
36499	-0.434938
36843	0.375928
36844	0.497506
36955	-0.033117
36970	-0.029219
39336	1.537351
39353	-1.823062
40538	-0.177474
40541	-0.060708
40542	0.187183
40599	0.959817
40601	-0.280196
40602	-0.078882
40656	-0.232822
40657	-0.415402
42157	0.981606
42203	0.815695
42204	0.272587
42851	-1.905077
43061	-0.390356
44144	0.427091
45195	-1.113127
47030	-0.390662
47285	-1.068716
47317	-0.890830
47457	-0.485429
47460	0.346706
48147	1.088093
48297	-0.511640
48474	0.229970
48696	0.499571
49516	0.521326
49630	-0.089667
49927	0.469283
50199	0.476565
50249	-0.463686
50259	-0.536022
50904	-0.439056
53231	-0.670452
53471	-1.241471
53531	-0.150765
53986	-1.469081
55057	-0.248539
56431	-0.199220
56432	-0.047032
56466	-0.588678
56478	0.026447
56621	-0.780633
57644	0.885169
57756	1.250037
58783	-0.117724
59657	0.982906
59715	1.443772
64825	0.404773
64947	1.191903
65950	1.043578
70102	-0.391685
75003	0.110777
75099	0.276708
75742	-1.054510
75823	-0.584422
75824	-0.331904
78157	-1.011853
78181	-0.693762
78191	-0.081798
80479	0.135962
80480	0.689899
80715	-0.153271
80719	-0.356679
80750	-0.619916
81231	0.055973
84436	0.531898
84780	0.034222
84844	-1.740774
85002	0.418154
85003	-1.901926
85659	-0.346898
85663	-0.664424
85710	-0.530914
92185	-0.904303
96142	-1.628724
96144	-1.460368
96482	-0.211781
98871	0.598313
