# 1342 minima projected onto PC14
Min	PC
3	-0.721062
4	-1.120819
5	-0.796879
6	0.063919
7	0.196688
9	0.735373
16	-0.621281
17	-0.539920
21	-0.104236
23	0.474978
31	1.372885
44	-0.762831
47	-1.528253
48	-1.550364
51	-1.802650
52	-1.437776
55	-0.892478
56	-1.378382
57	-0.926168
58	-0.999489
60	-1.481463
67	0.395916
68	1.165012
71	-0.598028
72	-1.048447
74	-0.530998
79	0.470848
82	-0.025873
85	-1.787205
86	-2.320389
87	-1.271383
88	0.473172
91	-1.983932
92	0.065774
94	-1.552873
95	-0.020581
97	-1.354579
104	-0.991194
106	-1.337389
109	1.136781
111	-0.185264
115	1.601814
120	-0.048421
126	-0.021684
129	0.774557
136	0.625094
137	-1.324130
188	0.220141
189	-0.719131
196	-1.746307
199	-0.137033
200	-1.429060
202	-0.603799
211	0.843993
213	0.855983
214	0.288950
219	1.231316
221	0.591726
276	-0.764902
279	1.506678
283	0.573337
295	0.130754
308	-1.801149
312	-1.673961
315	-1.263523
318	-0.005262
319	-1.016195
321	0.677902
324	-0.002601
328	-0.781978
334	0.988717
336	1.317529
338	-0.396927
347	-1.331013
351	-0.147968
352	0.749158
354	-2.068640
357	1.916581
359	-1.500061
362	-0.211684
364	-0.367794
365	0.083744
368	0.255384
376	-1.119572
377	-0.678582
380	-0.319580
386	-2.172693
388	-0.848619
390	0.181835
396	-0.287694
404	1.319593
410	0.005375
413	-0.037601
420	-0.647613
423	-1.713281
424	-0.092963
437	0.385437
438	-0.527112
444	0.719027
452	0.595518
473	0.421053
474	-0.008187
475	-0.697089
476	0.888478
478	-0.069895
479	1.205325
480	-0.282990
483	0.374686
503	-0.573573
508	0.088941
509	0.268435
530	0.272324
536	-1.321379
556	0.278020
581	-0.135431
583	0.360401
603	2.019591
606	0.684522
607	-0.147300
620	0.822432
628	0.319375
636	-1.767753
637	0.855523
639	-0.363581
640	-0.866148
644	-0.774419
645	-0.013272
677	-0.962227
678	-0.913091
679	-1.184656
682	-0.606499
698	-1.727741
700	2.067127
710	-0.317025
722	1.180059
723	0.307618
724	-0.932216
725	-1.195877
726	-1.624734
747	0.117255
753	0.123723
755	0.175399
757	1.152947
765	0.585944
782	-0.899727
783	1.727155
793	-0.025766
808	0.637749
814	-0.166782
840	0.865690
848	0.186789
859	1.568491
864	0.340998
867	1.758371
878	-1.377836
888	-0.017291
890	0.978720
892	-0.856102
899	-0.098247
918	0.449018
926	0.766679
933	0.499621
934	-1.296450
981	-0.199281
1028	0.029758
1034	-2.041812
1051	0.750881
1054	1.060229
1058	-0.562033
1062	-0.037662
1063	-2.204674
1064	-0.043757
1066	-1.284867
1068	0.007966
1073	-0.165975
1082	1.479818
1083	0.935111
1086	1.032249
1089	1.624182
1090	2.162419
1091	2.313623
1092	1.507459
1164	0.978937
1165	1.902634
1174	-1.775706
1176	-1.576064
1184	-0.736283
1191	0.054454
1192	0.488629
1201	0.578041
1230	0.516139
1339	1.464956
1341	-0.626577
1370	-1.821776
1385	-1.217228
1405	-2.290684
1437	0.572382
1441	0.967413
1443	0.626957
1521	-0.410787
1522	-1.454195
1523	-1.531960
1524	-1.333889
1525	-0.543959
1541	-0.658884
1542	-1.515863
1550	-0.583180
1551	-1.401125
1596	-0.386880
1597	0.055546
1628	0.995975
1629	0.510040
1633	0.641478
1636	-1.150277
1637	-2.293061
1765	1.069702
1766	0.888250
1780	-0.064246
1862	-0.303792
1865	0.470904
1870	0.404785
1885	-0.196505
1910	-0.525996
1911	0.173733
2007	-0.226095
2060	-1.434161
2062	0.058303
2090	-0.292591
2093	-0.199399
2094	-0.895376
2095	-0.976492
2096	-2.372024
2100	-0.063719
2101	1.088250
2102	0.660199
2103	0.519654
2104	0.097117
2105	-0.594340
2128	0.353297
2129	0.241996
2135	-0.659636
2190	-1.504955
2195	-0.575328
2197	2.448908
2198	1.355589
2199	-0.659644
2200	-0.332274
2201	-0.555426
2202	0.945412
2205	-1.022528
2217	1.687234
2218	0.184933
2221	-0.260467
2272	-0.224055
2273	-0.806982
2275	-0.911462
2288	-0.919423
2293	-1.613252
2298	0.470376
2299	-0.174011
2300	-0.230443
2301	-1.353224
2338	0.357196
2342	-1.750049
2343	-1.624093
2358	-1.269626
2384	0.017722
2385	1.280044
2399	0.198777
2435	-0.334499
2436	-0.552581
2465	1.426315
2467	0.560210
2468	1.993148
2469	1.372291
2470	1.134691
2471	-1.303662
2474	-0.098098
2620	-1.662902
2650	0.459487
2651	0.862801
2685	-0.903912
2688	2.408146
2730	0.117208
2843	0.142118
2951	1.228011
2959	-0.704491
3236	0.078928
3305	-0.872729
3318	1.230093
3340	-0.170949
3352	-0.019988
3355	0.600783
3356	2.248574
3365	1.609962
3366	2.066631
3367	2.254568
3368	1.889530
3401	-0.619583
3405	0.232486
3434	0.470087
3448	-1.521591
3454	0.054168
3481	-0.372678
3495	-1.136008
3504	0.574368
3532	0.855542
3540	0.180824
3549	0.450175
3550	0.794894
3569	-0.294024
3595	-2.122477
3596	0.583268
3603	0.192323
3621	0.082990
3622	-0.557489
3647	-1.055058
3649	-0.802696
3651	-1.295552
3652	0.012954
3723	0.159295
3757	1.232577
3772	-1.650037
3787	-2.178477
3798	2.086428
3799	1.287620
3889	0.296022
3897	-0.795499
3898	0.742914
3904	-0.100041
3945	-1.000310
3990	0.674357
4024	-0.834887
4039	-0.207500
4048	-0.475580
4050	-0.913778
4076	0.552538
4094	1.759447
4170	0.735484
4251	0.005825
4252	-1.169666
4299	-0.537133
4302	0.059798
4318	0.974790
4319	-1.081510
4320	0.446885
4360	-0.096341
4388	0.044567
4414	0.957818
4426	0.281036
4446	-0.740429
4527	0.171448
4545	0.538209
4546	-0.381584
4554	1.808818
4564	1.148452
4567	-1.083655
4634	1.008213
4693	-0.735144
4736	1.576482
4761	1.057460
4879	-1.341818
5071	-1.217516
5138	-0.705875
5164	-0.753033
5182	-0.409436
5183	-0.447404
5184	-1.327192
5187	-2.201366
5188	0.248542
5189	1.050083
5193	1.309276
5194	1.069252
5195	1.042826
5197	1.347005
5203	0.182116
5205	1.135983
5212	-1.038397
5213	-1.805203
5222	2.189346
5223	-0.163627
5228	0.349907
5232	0.587787
5244	2.114573
5245	0.583619
5246	1.659425
5248	1.546100
5292	-0.239736
5293	0.612213
5299	-0.339815
5300	-0.417612
5315	-0.465758
5316	-1.180704
5319	-1.684853
5320	-1.088933
5321	-1.314854
5322	0.720765
5323	0.841972
5324	1.211560
5325	-0.232250
5329	0.961062
5342	-1.003660
5343	-0.108100
5374	1.045236
5376	0.060742
5378	-0.201875
5379	0.496562
5382	0.511678
5390	-0.406060
5398	0.628579
5402	0.253080
5404	0.549945
5407	-0.048837
5408	-1.358223
5409	0.362800
5411	-0.115923
5412	-1.909301
5413	-0.288280
5416	0.716599
5418	1.476456
5422	0.532801
5425	-1.113889
5427	0.374036
5428	0.457223
5432	-0.162879
5436	-0.776004
5443	0.756527
5444	1.188615
5458	0.088979
5462	-0.544510
5465	-2.038986
5468	-1.830575
5471	-1.100389
5480	-2.041092
5481	-2.277802
5485	-0.859261
5486	-1.468040
5488	-1.866820
5489	-1.380200
5495	-2.423436
5513	0.313114
5515	-0.260285
5516	-0.338702
5521	0.149314
5527	-0.299591
5528	-0.559672
5536	0.321780
5537	0.707328
5547	1.275565
5565	1.275938
5573	-0.678476
5579	0.344066
5583	0.970775
5586	-0.658301
5589	-0.839604
5590	-1.119852
5593	-1.853082
5599	1.022681
5604	-0.703692
5605	-0.375118
5606	0.559589
5625	-2.448158
5649	1.799366
5656	0.007950
5657	-2.169867
5658	2.861229
5686	-1.825186
5695	-1.251211
5705	0.189783
5706	-0.678544
5716	-1.561412
5717	-0.794421
5718	0.421703
5719	-0.653999
5720	-1.373591
5724	1.336576
5738	1.524365
5742	-0.584974
5750	1.769400
5751	0.664092
5756	-0.595193
5761	0.673339
5768	0.522639
5773	1.075163
5792	-0.963150
5793	-0.376368
5794	0.009907
5806	2.868120
5811	2.249026
5812	0.670583
5813	0.931811
5814	2.585062
5821	1.938371
5823	-0.195080
5825	1.001851
5831	-1.096773
5832	-0.149094
5833	2.071499
5847	1.871577
5849	0.907308
5851	-0.426417
5854	0.776297
5858	-0.737270
5862	0.446532
5875	-0.890816
5876	-2.657732
5903	0.558131
5910	-1.226697
5912	-0.495009
5913	-2.037472
5925	0.271224
5926	1.296180
5927	1.079351
5928	2.112897
5930	-0.127719
5931	1.358696
5933	-0.888585
5934	-1.698486
5937	-0.636250
5939	0.623836
5940	-0.043525
5941	-1.026479
5943	-1.909061
5963	0.087707
5964	-1.303716
5965	-1.117950
5966	-1.165744
5968	-0.637062
5969	1.532312
5970	1.105430
5971	1.287529
5975	1.422590
6006	-0.535476
6011	1.804449
6017	-0.331446
6019	-1.077191
6022	-1.111851
6032	-0.505871
6095	0.875007
6115	-0.550504
6116	-2.250666
6119	-1.107900
6127	-0.312496
6128	0.106724
6130	-0.189444
6140	-0.347262
6141	0.227210
6147	-2.020443
6148	-1.624517
6163	1.316138
6164	-0.340996
6170	2.055700
6171	0.562644
6177	-0.730609
6184	1.478134
6200	0.864144
6204	-0.312232
6206	0.464314
6223	-0.422380
6240	-0.242008
6245	2.622875
6253	-0.042121
6267	0.369089
6269	0.223343
6290	0.314528
6303	0.021806
6317	-0.468513
6343	-1.337507
6350	-1.821117
6360	-0.923851
6367	-0.822929
6383	-1.269821
6389	-1.624235
6397	-2.375129
6398	-1.668864
6406	-0.928150
6407	-1.601547
6412	-0.741863
6413	-1.495198
6434	-0.568661
6435	0.715715
6460	-0.464591
6463	0.550174
6464	0.206651
6489	0.698341
6507	-0.716247
6510	-1.568243
6516	-1.192834
6518	0.244927
6522	-0.492905
6523	-0.949593
6524	-0.156373
6525	-0.121858
6531	-0.159755
6536	0.624891
6575	1.863291
6584	-1.179824
6585	-0.929705
6586	-0.331814
6594	1.259286
6595	1.079267
6610	1.448886
6612	-0.162931
6615	1.074162
6624	2.253061
6628	-0.037322
6649	-0.157194
6698	0.412998
6706	0.375085
6718	1.190103
6719	-0.531330
6722	0.518717
6770	-1.264976
6780	0.014312
6781	0.629072
6794	-0.181480
6795	2.966905
6796	0.044512
6799	1.584730
6809	-0.108870
6837	0.659203
6838	1.274690
6839	1.056748
6846	-0.785407
6865	-0.513845
6869	-2.098138
6870	-2.877980
6871	-2.313739
6873	0.488787
6876	-2.104750
6885	0.142825
6895	2.485692
6896	-0.348784
6897	-0.587287
6900	1.402721
6903	0.922047
6906	-0.411831
6916	3.186146
6917	-0.672313
6918	0.614708
6919	-0.509330
6938	2.031646
6941	-0.401267
6942	-0.067786
6943	0.321491
6944	0.570480
6948	0.274796
6953	-1.169456
6957	-1.096214
6958	1.029739
6970	-0.749377
6971	-0.172699
6976	1.181543
6977	0.436422
6990	0.702226
7014	1.508629
7015	1.394758
7016	3.589582
7018	-0.170936
7019	-0.287842
7042	-1.134278
7053	1.769573
7066	1.876192
7067	0.962077
7083	2.627528
7092	-1.348784
7100	-0.985159
7103	-0.509990
7110	0.725563
7111	1.424946
7112	2.111372
7113	3.384491
7116	1.273537
7119	1.326772
7120	2.738153
7121	0.500232
7122	0.145616
7140	0.872542
7143	0.273882
7157	0.277511
7165	2.153237
7175	0.092529
7178	1.073624
7206	0.300525
7207	0.201394
7217	1.597233
7218	1.918822
7221	2.747189
7227	1.754745
7230	1.872511
7236	0.575145
7239	0.266224
7242	-0.253459
7260	-1.043040
7268	0.990350
7269	2.663388
7304	1.561245
7326	-1.464409
7327	0.774551
7336	1.222460
7342	-1.630344
7346	-0.909985
7348	-1.165404
7355	0.002490
7361	0.998221
7372	-0.472842
7387	0.458978
7422	-0.283068
7423	0.540505
7425	-2.871241
7436	-2.189117
7442	0.360389
7446	0.386072
7448	0.799462
7453	-1.229666
7463	0.974279
7492	-2.245854
7493	-0.686895
7494	-1.545584
7495	-1.578533
7518	-2.524725
7520	0.165833
7540	-1.891197
7546	-1.009098
7556	-2.110826
7559	-1.399898
7560	0.287121
7561	-0.135042
7564	-0.660140
7575	-1.717339
7583	-0.617106
7585	-1.502003
7586	-0.264662
7599	-0.735072
7600	0.827512
7606	-1.367649
7614	-1.157769
7617	-1.779540
7622	0.528839
7629	-1.812985
7637	-2.350349
7640	-0.824111
7657	-0.610770
7665	0.145493
7666	-1.482260
7667	-1.989703
7668	-1.444464
7669	-2.400798
7670	-2.338573
7671	-2.340280
7681	-0.623451
7683	-0.136674
7684	-2.442676
7696	-0.660059
7722	2.386584
7723	-1.193383
7799	-1.633326
7852	1.179374
7859	2.763028
7860	1.273491
7861	1.811289
7865	0.876957
7875	-0.995454
7876	0.748548
7895	0.079481
7913	-0.276504
7917	-0.492532
7952	-1.116112
7969	1.742206
7971	0.073358
8000	0.697506
8002	0.405703
8006	-0.384364
8036	-0.240824
8056	-0.976120
8069	-0.762823
8103	0.696697
8107	-1.429710
8120	1.723515
8122	-0.942696
8125	0.007580
8127	-1.054179
8136	1.761711
8149	1.378440
8154	0.669369
8197	-0.205952
8208	0.398619
8223	0.596743
8232	1.168317
8241	-1.054659
8256	0.095430
8262	0.510525
8266	1.300793
8267	-0.366886
8268	-0.509123
8269	-0.730857
8271	0.999939
8273	2.390817
8280	1.785839
8284	2.394559
8303	0.503189
8304	1.881282
8305	1.240361
8308	1.912457
8332	0.315976
8333	-0.657313
8334	0.721397
8338	-0.597840
8363	2.684494
8370	0.487581
8398	1.232284
8465	-1.216081
8468	-0.799179
8469	-0.418178
8470	2.237871
8507	-2.071623
8552	0.781444
8572	0.692348
8574	-0.397715
8577	-0.736505
8586	0.665465
8592	0.378734
8593	0.897221
8594	0.200683
8597	1.980712
8599	0.224280
8606	-2.250060
8607	1.027033
8615	3.170270
8617	2.260487
8626	1.280741
8636	-1.060439
8669	-1.643758
8671	1.626549
8673	-0.852978
8675	-2.181210
8790	1.592614
8791	2.339149
8811	-0.642341
8822	-2.448499
8841	1.113199
8849	-0.541247
8856	-1.232196
8875	-0.713643
8884	2.067410
8906	0.900898
8907	0.506807
8910	-1.363128
8911	1.109447
8912	-0.238657
8913	0.689997
8934	1.345091
8935	1.799626
8954	1.662351
8968	0.478151
8972	-0.348270
9001	-0.264204
9029	0.114111
9032	-1.568232
9058	0.554975
9059	0.482551
9068	-0.942089
9070	-1.005639
9108	-0.788292
9139	-2.194485
9140	-2.540142
9158	-0.203474
9187	2.453819
9188	1.227146
9189	2.517504
9190	0.574008
9253	-0.607754
9259	-1.299922
9268	1.702806
9269	-0.715733
9271	-0.492888
9312	-0.475902
9323	0.341122
9329	0.657332
9330	-0.212382
9331	0.133093
9356	0.453138
9376	3.082039
9394	1.116861
9424	-2.076731
9428	1.001218
9429	0.782057
9496	0.421239
9536	-0.347940
9543	0.185616
9589	0.028715
9614	1.123847
9615	3.563743
9617	3.527264
9631	-0.633987
9661	0.511639
9668	1.875388
9718	-0.157524
9728	1.320943
9734	-0.252663
9788	-1.983870
9791	-0.512017
9793	-1.239769
9804	-0.971430
9809	-0.399756
9810	-0.043494
9823	-0.162094
9828	-2.473877
9907	-1.467073
9951	0.178162
9968	-1.120917
9969	1.864932
10010	0.967849
10011	0.320689
10012	2.080779
10018	1.047476
10021	-0.989645
10022	-0.796442
10031	-0.660367
10032	0.444911
10033	1.838055
10034	0.093984
10035	0.721107
10039	1.694463
10044	0.630946
10045	0.722870
10060	0.701347
10065	-1.344604
10077	-0.598437
10080	-1.095371
10130	-0.980283
10131	0.244883
10149	0.411184
10194	0.371287
10197	-0.651517
10221	-0.661273
10226	-1.083987
10232	-0.933963
10233	-1.188985
10263	0.396364
10264	1.009572
10274	-0.657551
10286	-0.301068
10292	0.563981
10299	0.531657
10302	-0.485255
10324	-1.564840
10355	1.769024
10358	-1.090306
10362	-0.583716
10366	-0.413326
10368	-1.228391
10370	-1.572546
10392	0.432375
10405	0.706766
10406	1.114038
10409	-1.263208
10419	1.139825
10420	1.210465
10424	1.707984
10434	0.718938
10455	1.081508
10478	-1.699922
10480	-4.265015
10484	-1.527052
10510	1.566727
10519	1.077502
10520	0.354469
10524	0.970939
10578	0.774018
10630	2.264417
10643	0.368449
10645	-0.408139
10677	-0.601208
10678	-0.622240
10690	-0.063303
10717	-0.590673
10718	-0.394810
10719	-2.289387
10721	-0.169960
10723	1.562155
10735	-0.043705
10736	0.228031
10829	-1.388788
10837	-3.639675
10846	1.296062
10921	-0.235393
10922	0.689740
10923	0.284783
10924	0.949012
10964	-0.851100
10978	-2.728824
11017	-0.932502
11018	-1.014574
11019	0.543525
11032	0.635371
11034	1.180856
11035	0.417783
11036	1.335389
11052	1.431497
11056	0.585374
11060	0.826012
11063	1.503092
11064	1.174370
11068	1.889246
11069	1.218293
11090	0.560114
11098	0.917677
11099	0.668283
11100	1.184015
11105	-0.018614
11109	2.813005
11122	-0.247696
11123	0.368672
11125	0.515215
11126	0.913893
11149	0.721624
11153	-0.939788
11188	0.111332
11193	0.412852
11230	0.319203
11233	-0.622190
11236	-0.342066
11243	2.765429
11251	-1.048473
11259	-0.136372
11263	-0.377720
11272	0.377536
11321	0.407135
11322	0.502209
11326	0.079304
11327	1.302329
11335	2.093841
11337	-0.246615
11343	-0.291914
11390	0.199479
11444	0.305960
11464	-0.182405
11471	0.503784
11472	0.675186
11473	-0.257709
11492	0.639765
11499	1.189261
11500	0.173385
11505	-2.124625
11527	-1.946945
11528	-1.941872
11532	0.612180
11564	0.797246
11589	-1.241867
11591	-0.285269
11592	-0.578293
11599	0.298840
11605	1.477556
11617	0.753096
11630	-0.049232
11631	-0.621133
11632	2.230423
11656	1.939095
11657	1.494831
11777	0.587652
11786	0.513026
11812	-0.325364
12020	-0.604859
12061	1.415286
12115	-1.979195
12154	-0.523632
12155	-2.345118
12156	-2.793963
12159	-2.229287
12174	1.209012
12176	0.849341
12230	2.422194
12234	1.778259
12236	1.449570
12237	0.365918
12250	-0.770256
12252	0.492506
12253	0.312263
12315	1.252476
12381	-0.992768
12382	-1.294069
12438	2.750336
12455	-0.937522
12462	1.490596
12478	0.461391
12603	1.537409
12711	2.153264
12714	2.425608
12716	0.636081
12754	3.000810
12785	-1.455917
12788	0.856327
12792	1.361859
12898	1.591474
12944	-0.688505
12949	-1.650240
13062	-1.187554
13099	-1.170761
13160	-0.840106
13198	-0.460427
13239	0.140755
13249	0.290424
13262	-0.733933
13263	0.226424
13272	-0.656275
13273	-0.440926
13277	-2.059550
13305	1.673718
13342	-1.053730
13343	-1.511324
13345	-2.712383
13351	-1.022717
13357	-2.601602
13427	-1.518364
13436	-1.973737
13455	2.447027
13528	-2.618409
13532	-0.954911
13553	-1.368420
13566	-2.047918
13651	-1.343054
13653	-2.139927
13675	0.996324
13676	-0.752440
13677	-1.644495
13678	0.450707
13681	-1.118938
13688	-2.063904
13697	-1.565895
13705	-0.663520
13708	-1.639352
13737	-0.895579
13760	-1.392047
13923	-0.955083
13927	-1.482485
13995	-0.912787
14002	-2.041692
14003	-1.248105
14021	2.935825
14034	0.446775
14064	0.137559
14110	-0.104556
14155	0.884831
14203	-0.836396
14208	-1.623833
14340	1.202582
14356	0.048553
14389	0.053657
14499	-0.983825
14625	-0.851107
14632	-0.139290
14637	0.044909
14641	-0.438534
14685	-0.004556
14694	-0.753843
14695	0.033392
14699	-0.463497
14700	0.156300
14749	2.191430
14760	-0.220484
14790	0.280390
14791	0.594924
14796	2.132548
14797	1.070105
14891	-0.586880
14927	-0.460536
15099	-0.123844
15182	2.584967
15243	0.129962
15245	1.581129
15254	-0.315407
15322	-0.356726
15327	-0.929786
15463	-1.488922
15496	0.160384
15499	0.079739
15502	0.609709
15514	-1.159007
15566	1.714159
15580	-2.459302
15583	-2.210317
15586	-0.517924
15601	0.788986
15621	-1.799281
15780	-0.733971
15869	-2.222811
16082	0.148150
16281	3.863192
16293	0.974850
16300	-0.407036
16304	-1.093126
16360	0.640754
16361	0.945056
16367	2.089994
16432	0.805524
16433	0.999468
16438	1.048430
16446	-0.216873
16453	-0.833882
16463	3.931858
16466	0.373287
16477	1.065641
16482	0.350213
16605	1.502378
16606	2.258264
16635	-0.597480
16638	-0.194462
16655	1.018622
16673	-1.174374
16676	-0.965929
16677	-1.029996
16678	-0.410940
16808	-1.352915
16829	1.206551
17150	0.697540
17182	0.369619
17199	-1.221713
17273	-0.896570
17431	0.336387
17466	-0.342791
17472	-2.069065
17485	0.346024
17585	-0.910643
17620	1.994480
17647	2.177510
17690	0.819590
17772	-2.215763
18410	-0.131936
19647	-1.762631
21458	-1.240481
21885	-0.860155
21973	0.022735
21976	-0.606662
21977	-0.153256
22084	-0.226076
23475	1.797129
23754	0.748084
23764	0.767192
24372	0.715153
24918	-0.445128
24944	0.297379
25022	-2.263096
25140	-1.353348
26484	1.750551
27764	0.877621
28424	1.672154
28845	-0.047193
29861	0.622045
30684	2.212401
31288	-0.634919
31704	-0.001501
32421	-1.728659
32520	0.540087
32893	-0.001427
34340	-1.463516
35227	-1.873233
35334	0.313288
36499	0.247628
36843	1.169242
36844	0.458424
36955	0.616998
36970	0.850091
39336	-1.826613
39353	-0.218909
40538	-0.534799
40541	0.154087
40542	0.788239
40599	-2.323838
40601	0.452750
40602	-1.362589
40656	0.031063
40657	0.097712
42157	1.832725
42203	0.779943
42204	0.189518
42851	1.476629
43061	0.730088
44144	1.803722
45195	-0.141137
47030	0.466379
47285	0.506847
47317	0.382887
47457	-1.150680
47460	-1.074006
48147	-0.073430
48297	-0.340169
48474	0.804609
48696	0.543829
49516	0.146415
49630	-0.355746
49927	-0.447177
50199	0.595306
50249	1.958890
50259	-0.134055
50904	-0.376985
53231	0.143660
53471	-1.355457
53531	-0.123875
53986	-0.052508
55057	-1.300348
56431	-0.075824
56432	-0.222915
56466	-1.083407
56478	-1.172848
56621	0.525385
57644	-0.067160
57756	-0.213606
58783	-2.021431
59657	-0.690463
59715	0.962678
64825	-0.067400
64947	0.561664
65950	-1.396263
70102	0.236181
75003	1.431026
75099	1.012505
75742	-1.187699
75823	-0.877267
75824	-2.543243
78157	-0.849436
78181	0.681865
78191	0.793868
80479	-0.805570
80480	-1.658840
80715	1.990004
80719	1.333787
80750	-0.906616
81231	-0.084568
84436	1.677683
84780	1.966434
84844	-1.459756
85002	1.347959
85003	-1.823594
85659	0.432243
85663	1.345309
85710	0.975079
92185	-2.168861
96142	1.708836
96144	0.908428
96482	1.169740
98871	1.032511
