# 1342 minima projected onto PC120
# Min	PC
3	0.000831
4	0.005165
5	-0.001427
6	-0.005890
7	0.002975
9	-0.022630
16	-0.007268
17	-0.005202
21	0.004497
23	-0.003564
31	-0.019573
44	0.018386
47	0.002073
48	0.021094
51	0.009983
52	-0.003980
55	-0.006557
56	0.003477
57	0.001957
58	0.001764
60	0.004839
67	-0.003948
68	-0.002901
71	0.006045
72	0.000595
74	0.001714
79	-0.015242
82	-0.003949
85	0.010163
86	0.005899
87	0.012954
88	-0.005118
91	-0.012338
92	-0.005346
94	0.004811
95	-0.017983
97	-0.008558
104	0.005292
106	-0.005893
109	-0.022686
111	0.006824
115	0.121550
120	0.017411
126	-0.028120
129	-0.011208
136	0.019864
137	0.014220
188	0.018799
189	-0.001472
196	0.008560
199	-0.000945
200	0.004543
202	0.014583
211	0.035943
213	-0.001391
214	0.008880
219	0.009737
221	-0.018583
276	0.006187
279	-0.007554
283	0.005553
295	0.002736
308	0.003381
312	-0.012761
315	0.044782
318	0.009075
319	0.004042
321	0.003306
324	0.007828
328	0.012308
334	0.008962
336	0.013547
338	0.003752
347	-0.015577
351	-0.028548
352	-0.005700
354	0.012638
357	-0.012086
359	-0.007028
362	-0.004020
364	0.002714
365	-0.001194
368	0.001950
376	-0.010240
377	-0.008155
380	0.004104
386	0.013223
388	0.001547
390	0.011567
396	0.007951
404	-0.000778
410	0.021411
413	0.004985
420	0.015268
423	-0.005677
424	0.001494
437	-0.000970
438	0.010684
444	0.007361
452	0.010360
473	0.004059
474	0.009641
475	0.000660
476	0.021066
478	0.000234
479	0.005776
480	-0.009253
483	-0.017042
503	0.008636
508	-0.001882
509	-0.011886
530	0.010162
536	0.001488
556	-0.000025
581	0.014318
583	0.006753
603	0.006625
606	-0.012082
607	-0.008949
620	-0.008086
628	-0.003826
636	-0.003524
637	0.022755
639	0.001491
640	-0.016391
644	0.014703
645	0.016683
677	-0.009357
678	0.023883
679	0.033406
682	0.029427
698	0.006743
700	0.006110
710	0.011638
722	-0.004772
723	0.029433
724	0.017137
725	0.009482
726	-0.000494
747	-0.022470
753	-0.004840
755	-0.018756
757	0.010497
765	-0.002996
782	-0.012333
783	0.016903
793	-0.008186
808	0.001723
814	-0.038650
840	0.001761
848	-0.012875
859	0.005326
864	-0.008565
867	-0.015063
878	-0.013140
888	0.005196
890	0.000195
892	0.023380
899	-0.002416
918	-0.004951
926	0.001855
933	-0.009349
934	0.012847
981	0.010796
1028	0.017053
1034	0.000786
1051	0.018588
1054	-0.009711
1058	0.025419
1062	0.019453
1063	0.000511
1064	-0.006123
1066	-0.005820
1068	-0.016941
1073	-0.002183
1082	0.004138
1083	-0.004131
1086	-0.002676
1089	-0.013353
1090	0.001827
1091	-0.000465
1092	-0.013781
1164	0.001752
1165	0.000997
1174	-0.036772
1176	0.007468
1184	-0.005576
1191	-0.004678
1192	-0.001899
1201	-0.028582
1230	0.025849
1339	0.001344
1341	-0.005834
1370	-0.013244
1385	-0.022055
1405	-0.016683
1437	0.006753
1441	-0.000026
1443	0.004828
1521	0.021236
1522	-0.025893
1523	-0.035961
1524	-0.003036
1525	-0.010628
1541	-0.000973
1542	-0.010307
1550	0.003483
1551	0.002047
1596	-0.010412
1597	0.019721
1628	0.001943
1629	0.005361
1633	-0.005070
1636	0.014646
1637	0.004908
1765	0.016239
1766	0.009560
1780	0.004905
1862	-0.000321
1865	0.002628
1870	0.004124
1885	0.011313
1910	-0.001352
1911	-0.012287
2007	0.015570
2060	-0.019513
2062	-0.003023
2090	-0.008144
2093	0.006476
2094	0.000305
2095	-0.002623
2096	0.010638
2100	0.009608
2101	-0.020802
2102	-0.001604
2103	-0.014358
2104	0.005353
2105	-0.008062
2128	-0.004658
2129	-0.013719
2135	0.005373
2190	-0.000503
2195	0.010427
2197	-0.002921
2198	0.008380
2199	-0.016001
2200	0.012270
2201	-0.014221
2202	0.012620
2205	0.000246
2217	0.006379
2218	0.009793
2221	-0.008849
2272	0.003577
2273	-0.006198
2275	0.013982
2288	-0.040962
2293	0.005254
2298	0.009796
2299	-0.004934
2300	-0.008667
2301	0.002360
2338	-0.020307
2342	-0.004631
2343	0.010762
2358	0.010023
2384	0.007747
2385	0.001866
2399	-0.001580
2435	0.016015
2436	-0.005672
2465	-0.010422
2467	0.010245
2468	-0.003156
2469	-0.017672
2470	-0.002433
2471	-0.000092
2474	-0.009933
2620	0.003492
2650	0.010978
2651	0.002828
2685	0.022916
2688	0.002573
2730	-0.000052
2843	0.002905
2951	-0.028061
2959	0.003503
3236	-0.002914
3305	-0.002595
3318	-0.021046
3340	0.011297
3352	0.036587
3355	0.004603
3356	0.006591
3365	0.012431
3366	0.010144
3367	-0.002562
3368	-0.000555
3401	-0.000095
3405	0.022130
3434	-0.012197
3448	-0.003598
3454	0.001709
3481	0.003858
3495	-0.007868
3504	0.013423
3532	-0.007080
3540	0.017211
3549	0.006092
3550	-0.018214
3569	0.011818
3595	0.008875
3596	0.009746
3603	0.009499
3621	-0.006123
3622	-0.010435
3647	0.009622
3649	-0.002432
3651	0.001852
3652	-0.002064
3723	0.014089
3757	0.006153
3772	-0.000844
3787	0.019030
3798	-0.012162
3799	-0.014078
3889	0.000652
3897	-0.002932
3898	-0.008271
3904	-0.008712
3945	-0.002732
3990	0.003118
4024	-0.000642
4039	-0.019639
4048	-0.010753
4050	0.002940
4076	-0.009975
4094	0.013073
4170	0.002743
4251	-0.014381
4252	-0.003683
4299	-0.002777
4302	0.007564
4318	-0.025745
4319	-0.011754
4320	-0.004403
4360	0.008087
4388	-0.000863
4414	0.003212
4426	-0.008749
4446	0.005981
4527	-0.003330
4545	0.003209
4546	0.010898
4554	0.023584
4564	-0.001650
4567	-0.003010
4634	0.031923
4693	0.005332
4736	0.005789
4761	0.010716
4879	-0.003491
5071	-0.017307
5138	0.015125
5164	0.016915
5182	0.041530
5183	0.042085
5184	0.004672
5187	-0.009801
5188	0.000850
5189	-0.010452
5193	0.005961
5194	0.000018
5195	-0.006181
5197	0.013047
5203	-0.007436
5205	-0.008602
5212	0.012072
5213	0.005920
5222	-0.007104
5223	-0.003593
5228	-0.001588
5232	0.014883
5244	-0.019265
5245	-0.007181
5246	-0.009367
5248	0.001783
5292	-0.016373
5293	0.004583
5299	0.015931
5300	-0.039211
5315	0.008031
5316	0.017486
5319	-0.005120
5320	-0.008039
5321	-0.000595
5322	0.003153
5323	-0.008832
5324	-0.009304
5325	-0.015303
5329	-0.065084
5342	0.013735
5343	-0.001326
5374	-0.015768
5376	0.001709
5378	-0.006677
5379	-0.018379
5382	0.002781
5390	-0.007228
5398	-0.003913
5402	0.012192
5404	0.009019
5407	-0.012504
5408	0.000774
5409	-0.005342
5411	-0.000693
5412	0.033444
5413	0.005912
5416	-0.015629
5418	0.003724
5422	-0.003435
5425	-0.011185
5427	-0.005643
5428	-0.013286
5432	-0.003827
5436	-0.009150
5443	0.017921
5444	0.019504
5458	0.015220
5462	-0.056958
5465	0.006820
5468	0.007918
5471	0.009028
5480	-0.001339
5481	0.016805
5485	0.014510
5486	0.017272
5488	-0.002297
5489	-0.016217
5495	-0.000860
5513	0.002077
5515	0.002872
5516	-0.014724
5521	0.006038
5527	-0.004143
5528	-0.048452
5536	0.000596
5537	-0.005878
5547	0.002980
5565	0.002693
5573	0.002844
5579	0.006500
5583	0.010085
5586	0.012398
5589	-0.021440
5590	-0.016840
5593	-0.009189
5599	-0.056384
5604	-0.024511
5605	-0.021477
5606	0.011308
5625	-0.031184
5649	-0.000439
5656	-0.001317
5657	-0.017707
5658	0.005180
5686	0.005719
5695	-0.008724
5705	0.012234
5706	-0.002952
5716	0.000160
5717	-0.004632
5718	0.013104
5719	0.004986
5720	0.002822
5724	-0.004296
5738	-0.005176
5742	0.005147
5750	0.006244
5751	-0.001250
5756	-0.004213
5761	0.055773
5768	0.000090
5773	0.018989
5792	0.008314
5793	0.013195
5794	-0.002840
5806	0.008191
5811	0.001704
5812	-0.008089
5813	-0.006623
5814	0.002954
5821	0.002678
5823	-0.016442
5825	0.003566
5831	-0.004270
5832	0.003812
5833	-0.016935
5847	-0.006549
5849	-0.003797
5851	-0.004886
5854	-0.000531
5858	0.008131
5862	0.011636
5875	-0.007020
5876	-0.000221
5903	-0.004354
5910	0.011996
5912	0.006758
5913	-0.005298
5925	0.016245
5926	-0.002849
5927	0.013722
5928	0.022845
5930	0.010074
5931	0.014043
5933	-0.012603
5934	0.003351
5937	-0.016975
5939	-0.017735
5940	0.028821
5941	0.003907
5943	0.006824
5963	0.011365
5964	0.007082
5965	-0.007966
5966	-0.011007
5968	0.007443
5969	-0.008952
5970	-0.004990
5971	0.000958
5975	-0.001933
6006	0.016726
6011	-0.020080
6017	-0.005805
6019	-0.009775
6022	-0.000723
6032	-0.016421
6095	0.017772
6115	-0.005553
6116	-0.007549
6119	-0.008083
6127	0.006791
6128	-0.012231
6130	0.012811
6140	-0.000306
6141	0.000552
6147	-0.023679
6148	-0.026236
6163	-0.017902
6164	0.029163
6170	-0.009475
6171	-0.007102
6177	-0.023465
6184	0.000069
6200	0.023601
6204	0.001827
6206	0.032454
6223	-0.003762
6240	-0.003959
6245	0.003661
6253	-0.021609
6267	0.021364
6269	0.004009
6290	-0.008123
6303	0.011297
6317	0.038105
6343	0.004972
6350	0.000390
6360	-0.003391
6367	-0.024531
6383	0.002948
6389	0.019881
6397	-0.004125
6398	0.008194
6406	0.009667
6407	0.004283
6412	-0.007616
6413	-0.010392
6434	0.005924
6435	-0.002427
6460	-0.004790
6463	0.002708
6464	-0.000072
6489	0.002770
6507	-0.001883
6510	-0.018741
6516	0.006063
6518	-0.008530
6522	-0.011425
6523	-0.006380
6524	-0.009921
6525	-0.005015
6531	-0.017362
6536	-0.003632
6575	-0.003063
6584	0.001847
6585	0.017781
6586	-0.005835
6594	-0.009511
6595	0.000732
6610	0.010004
6612	-0.003221
6615	-0.002105
6624	0.007092
6628	0.008050
6649	-0.000276
6698	0.000016
6706	-0.017686
6718	-0.019536
6719	-0.003017
6722	-0.007291
6770	-0.004960
6780	-0.013830
6781	0.000211
6794	0.002515
6795	0.017511
6796	0.021458
6799	0.013708
6809	-0.012105
6837	-0.031039
6838	0.018576
6839	-0.015830
6846	-0.017281
6865	0.004777
6869	0.004123
6870	0.014016
6871	0.002399
6873	-0.005491
6876	-0.001282
6885	-0.009513
6895	0.005858
6896	0.030381
6897	-0.008562
6900	0.005048
6903	-0.005356
6906	0.008090
6916	0.007285
6917	0.026005
6918	0.025294
6919	-0.024258
6938	-0.000259
6941	-0.004502
6942	0.019754
6943	0.001450
6944	0.015384
6948	-0.003932
6953	0.031553
6957	0.014385
6958	0.006646
6970	-0.012155
6971	-0.014477
6976	0.006635
6977	0.002393
6990	-0.015155
7014	-0.003593
7015	-0.009611
7016	-0.001904
7018	-0.023288
7019	-0.014977
7042	-0.013007
7053	-0.001443
7066	-0.009368
7067	-0.026815
7083	-0.012886
7092	-0.008610
7100	0.007231
7103	-0.001211
7110	-0.008281
7111	0.013223
7112	0.006581
7113	-0.002254
7116	-0.002387
7119	-0.024892
7120	-0.003743
7121	-0.031070
7122	-0.008567
7140	-0.013767
7143	-0.036261
7157	0.001561
7165	0.002040
7175	-0.014425
7178	0.010976
7206	-0.012434
7207	-0.019098
7217	-0.006432
7218	0.005212
7221	-0.006639
7227	-0.003620
7230	0.011418
7236	0.011310
7239	0.005705
7242	-0.004712
7260	0.006837
7268	0.016566
7269	-0.004548
7304	0.014860
7326	-0.004922
7327	-0.044406
7336	-0.022010
7342	0.016143
7346	-0.006054
7348	0.020248
7355	-0.007432
7361	-0.040953
7372	0.018882
7387	-0.002856
7422	-0.024830
7423	0.014144
7425	-0.009275
7436	-0.010029
7442	0.036470
7446	-0.016689
7448	-0.026464
7453	0.009122
7463	0.008771
7492	-0.070677
7493	0.005107
7494	0.007267
7495	0.001323
7518	0.014517
7520	0.041279
7540	-0.001724
7546	-0.005764
7556	-0.001313
7559	-0.014603
7560	0.005768
7561	-0.046921
7564	0.013457
7575	0.008065
7583	0.032055
7585	-0.020481
7586	-0.008072
7599	-0.027207
7600	0.008921
7606	-0.028724
7614	0.007927
7617	-0.022164
7622	-0.006923
7629	-0.007202
7637	0.027441
7640	-0.017866
7657	-0.001449
7665	0.009283
7666	-0.002326
7667	0.006978
7668	-0.021143
7669	-0.028857
7670	-0.045087
7671	-0.002035
7681	-0.030097
7683	-0.014243
7684	0.014055
7696	-0.007968
7722	0.005023
7723	-0.021561
7799	0.012772
7852	-0.003669
7859	-0.001621
7860	0.016732
7861	-0.001611
7865	-0.000942
7875	-0.016709
7876	0.004944
7895	-0.014640
7913	0.004837
7917	0.010490
7952	-0.008754
7969	0.013217
7971	-0.004058
8000	-0.001074
8002	-0.007494
8006	-0.015328
8036	-0.001756
8056	-0.004050
8069	-0.005210
8103	-0.032055
8107	0.020442
8120	-0.002094
8122	-0.019379
8125	-0.016983
8127	0.007650
8136	0.009433
8149	0.016876
8154	0.001898
8197	0.031253
8208	0.011561
8223	-0.006668
8232	0.020038
8241	-0.013221
8256	-0.002854
8262	0.000953
8266	-0.014923
8267	-0.012226
8268	-0.012620
8269	-0.014229
8271	0.000628
8273	-0.001379
8280	-0.002242
8284	0.004065
8303	-0.006805
8304	0.004550
8305	-0.006224
8308	0.009897
8332	-0.019052
8333	0.020641
8334	0.037524
8338	-0.004135
8363	0.013775
8370	0.017688
8398	-0.003960
8465	-0.011772
8468	-0.016659
8469	0.007905
8470	0.003965
8507	-0.002641
8552	-0.011832
8572	0.011097
8574	0.016235
8577	0.010064
8586	0.007704
8592	0.001737
8593	0.002487
8594	0.011378
8597	-0.008296
8599	0.006546
8606	-0.032619
8607	-0.004858
8615	0.003429
8617	-0.002866
8626	0.004463
8636	0.003812
8669	-0.020664
8671	-0.008469
8673	-0.000442
8675	0.031436
8790	0.013048
8791	0.001041
8811	-0.033111
8822	0.023569
8841	-0.006212
8849	0.000679
8856	0.001653
8875	0.014846
8884	0.024032
8906	0.005807
8907	0.020639
8910	0.026974
8911	0.015243
8912	0.010949
8913	-0.011945
8934	0.006800
8935	0.006951
8954	0.012577
8968	-0.004603
8972	-0.002789
9001	-0.016730
9029	-0.011647
9032	0.005625
9058	0.009172
9059	-0.010205
9068	-0.009355
9070	0.016205
9108	0.001831
9139	-0.001996
9140	0.000171
9158	0.005447
9187	-0.008897
9188	-0.007680
9189	-0.013694
9190	0.002243
9253	0.000051
9259	-0.016163
9268	-0.012362
9269	-0.014954
9271	0.011221
9312	-0.022260
9323	-0.006814
9329	-0.011860
9330	-0.008537
9331	-0.000047
9356	0.002898
9376	-0.012735
9394	-0.018171
9424	0.026430
9428	0.002059
9429	-0.001151
9496	-0.000428
9536	0.011903
9543	0.016058
9589	0.008671
9614	-0.004526
9615	-0.006366
9617	0.016101
9631	0.011459
9661	-0.017116
9668	-0.021808
9718	0.001792
9728	0.020062
9734	-0.010496
9788	0.013498
9791	0.019966
9793	-0.009617
9804	0.005868
9809	-0.023307
9810	-0.015416
9823	-0.012380
9828	-0.022206
9907	-0.006192
9951	0.020698
9968	0.009724
9969	0.012459
10010	0.009351
10011	-0.006664
10012	0.007737
10018	0.000204
10021	0.005098
10022	0.021389
10031	0.010307
10032	-0.003895
10033	0.006927
10034	0.017543
10035	0.007435
10039	0.000225
10044	0.000444
10045	0.001367
10060	0.023818
10065	-0.008254
10077	0.003155
10080	-0.006493
10130	-0.015189
10131	0.009641
10149	0.000421
10194	0.012173
10197	-0.005902
10221	0.031744
10226	0.015815
10232	0.006706
10233	-0.036924
10263	0.020132
10264	0.017206
10274	0.005946
10286	-0.001753
10292	-0.029316
10299	-0.023646
10302	-0.001338
10324	0.012231
10355	-0.010145
10358	0.008271
10362	0.004333
10366	0.016332
10368	0.008729
10370	0.003145
10392	0.007448
10405	0.012402
10406	0.003871
10409	0.011429
10419	-0.008698
10420	-0.006487
10424	-0.003276
10434	-0.000744
10455	-0.003960
10478	0.005338
10480	0.001143
10484	0.002823
10510	-0.002673
10519	0.023102
10520	0.001324
10524	-0.006577
10578	0.005566
10630	-0.005837
10643	-0.014322
10645	0.016772
10677	0.010059
10678	0.019620
10690	0.007013
10717	0.005067
10718	-0.001063
10719	0.008280
10721	0.013321
10723	0.015171
10735	0.001175
10736	-0.011278
10829	0.006700
10837	0.002147
10846	0.003321
10921	0.006142
10922	-0.020288
10923	-0.011885
10924	0.007102
10964	-0.026640
10978	-0.016894
11017	0.014381
11018	0.002835
11019	-0.008716
11032	-0.003170
11034	0.009812
11035	-0.003195
11036	0.011726
11052	-0.000263
11056	0.009525
11060	0.006690
11063	-0.013710
11064	-0.007385
11068	-0.000655
11069	-0.013092
11090	0.000586
11098	-0.003996
11099	-0.006912
11100	-0.006967
11105	0.000606
11109	-0.014621
11122	-0.014510
11123	0.000286
11125	0.009905
11126	-0.018245
11149	-0.004057
11153	-0.000328
11188	0.043711
11193	-0.006009
11230	-0.001171
11233	0.000720
11236	0.037598
11243	-0.005720
11251	-0.007174
11259	-0.026526
11263	-0.026743
11272	-0.019646
11321	0.004583
11322	-0.001341
11326	0.005025
11327	0.005050
11335	-0.011521
11337	-0.011776
11343	-0.000084
11390	-0.011684
11444	-0.003357
11464	0.023904
11471	0.013825
11472	0.016519
11473	0.004327
11492	0.005112
11499	-0.008822
11500	0.003450
11505	-0.001501
11527	0.009967
11528	0.002999
11532	-0.007513
11564	0.000723
11589	0.002559
11591	-0.003644
11592	0.002068
11599	-0.001342
11605	-0.007612
11617	-0.015502
11630	-0.007751
11631	-0.040776
11632	-0.020243
11656	-0.003148
11657	0.011774
11777	-0.010668
11786	0.008143
11812	-0.000659
12020	-0.003376
12061	0.000979
12115	0.007074
12154	0.014862
12155	0.010299
12156	0.020789
12159	-0.006460
12174	0.012550
12176	-0.011784
12230	0.008173
12234	-0.011068
12236	0.002160
12237	-0.005045
12250	0.020342
12252	-0.008391
12253	0.004833
12315	-0.000789
12381	-0.016191
12382	-0.006400
12438	0.007254
12455	-0.011039
12462	0.015184
12478	0.012269
12603	0.031511
12711	0.006422
12714	0.006760
12716	-0.011038
12754	0.008548
12785	0.013576
12788	-0.038039
12792	0.032652
12898	-0.007243
12944	-0.025621
12949	0.040586
13062	-0.032568
13099	0.010125
13160	0.021281
13198	0.004617
13239	-0.018806
13249	-0.024127
13262	0.003601
13263	0.027823
13272	-0.020802
13273	0.043620
13277	-0.000798
13305	0.016897
13342	-0.001631
13343	0.007749
13345	0.028105
13351	0.019522
13357	0.008730
13427	-0.013827
13436	-0.026475
13455	0.008204
13528	0.025132
13532	-0.024220
13553	-0.018153
13566	-0.006467
13651	-0.009863
13653	-0.015188
13675	-0.003218
13676	-0.001125
13677	-0.009376
13678	-0.003097
13681	-0.011370
13688	0.017047
13697	0.001487
13705	0.010233
13708	-0.019369
13737	-0.015571
13760	0.007267
13923	0.021049
13927	0.020049
13995	-0.000756
14002	0.033018
14003	0.010997
14021	0.023225
14034	-0.006002
14064	-0.004580
14110	0.013195
14155	0.003773
14203	-0.005593
14208	0.005540
14340	0.012014
14356	0.025020
14389	0.032112
14499	-0.006244
14625	-0.004363
14632	-0.006004
14637	0.007245
14641	0.012504
14685	0.000000
14694	-0.003979
14695	-0.009676
14699	-0.010311
14700	0.000822
14749	0.006714
14760	-0.019452
14790	0.021727
14791	0.019207
14796	-0.002600
14797	0.010770
14891	-0.003997
14927	-0.020680
15099	-0.014914
15182	0.006078
15243	-0.019603
15245	-0.004037
15254	-0.007041
15322	-0.014762
15327	0.000478
15463	-0.002624
15496	-0.005145
15499	-0.008032
15502	-0.000390
15514	-0.011913
15566	0.003797
15580	-0.008962
15583	-0.019078
15586	-0.012621
15601	-0.012355
15621	0.008985
15780	0.001500
15869	0.005363
16082	0.013104
16281	-0.015693
16293	0.004177
16300	-0.016975
16304	0.022517
16360	-0.008776
16361	0.035001
16367	0.000314
16432	-0.005624
16433	-0.021691
16438	0.011464
16446	-0.018781
16453	-0.016936
16463	-0.000794
16466	-0.005559
16477	-0.007126
16482	-0.009944
16605	-0.008307
16606	0.036184
16635	-0.003649
16638	-0.000501
16655	-0.018846
16673	-0.013988
16676	0.003772
16677	0.012234
16678	-0.017418
16808	-0.000665
16829	0.000947
17150	0.007076
17182	0.011090
17199	0.028903
17273	-0.006355
17431	0.013211
17466	-0.008471
17472	-0.000294
17485	0.020736
17585	0.013888
17620	-0.015598
17647	0.001993
17690	0.004319
17772	-0.008293
18410	0.023668
19647	0.021433
21458	0.027688
21885	-0.019111
21973	-0.010505
21976	-0.022009
21977	-0.035914
22084	0.007864
23475	-0.001661
23754	-0.036578
23764	-0.005629
24372	-0.006567
24918	-0.022160
24944	0.007604
25022	0.007525
25140	0.026163
26484	0.007657
27764	0.004929
28424	-0.017860
28845	0.024388
29861	0.022935
30684	0.006757
31288	0.025307
31704	-0.013415
32421	0.002309
32520	0.000234
32893	-0.009921
34340	-0.014936
35227	-0.000020
35334	0.006663
36499	-0.026379
36843	-0.007667
36844	-0.024424
36955	0.009488
36970	0.007857
39336	0.012099
39353	0.010040
40538	-0.025979
40541	0.005537
40542	0.017539
40599	-0.025601
40601	0.002068
40602	-0.000956
40656	-0.030055
40657	-0.036701
42157	0.003452
42203	-0.004679
42204	-0.015385
42851	0.025107
43061	0.001196
44144	-0.025579
45195	0.007981
47030	-0.021801
47285	0.058111
47317	0.005051
47457	0.009365
47460	-0.011715
48147	-0.008889
48297	0.044990
48474	0.032503
48696	0.024876
49516	-0.037076
49630	0.003849
49927	-0.003883
50199	-0.011713
50249	-0.012667
50259	-0.042631
50904	-0.006823
53231	0.037701
53471	-0.025210
53531	0.006781
53986	0.005366
55057	0.007552
56431	-0.003578
56432	-0.004510
56466	-0.003031
56478	0.020030
56621	-0.013497
57644	-0.000415
57756	0.018477
58783	0.010403
59657	0.002944
59715	-0.157134
64825	-0.014140
64947	0.002627
65950	0.002942
70102	0.000664
75003	0.006242
75099	-0.025139
75742	0.020363
75823	0.060111
75824	0.006487
78157	0.068044
78181	-0.003780
78191	-0.019997
80479	0.005333
80480	0.019148
80715	-0.018969
80719	-0.006460
80750	0.021640
81231	0.002111
84436	0.006802
84780	0.007060
84844	0.020244
85002	-0.025717
85003	-0.012745
85659	0.016478
85663	0.012404
85710	-0.006093
92185	-0.008613
96142	0.026931
96144	-0.005107
96482	0.000570
98871	0.014015
