# 1342 minima projected onto PC20
Min	PC
3	0.478301
4	-0.004450
5	-0.544810
6	-0.575151
7	0.478090
9	0.461856
16	-0.013383
17	-0.232851
21	0.493401
23	-0.134205
31	0.738636
44	-0.622095
47	-0.171887
48	0.727494
51	-0.272679
52	-0.452570
55	1.696185
56	0.732449
57	-0.630406
58	0.638249
60	-0.783619
67	0.564677
68	0.300100
71	1.319472
72	0.905520
74	0.002051
79	-0.739604
82	-0.611304
85	-0.541158
86	-1.157907
87	-1.145544
88	0.912941
91	-0.183967
92	0.418145
94	-1.091110
95	0.184530
97	0.863684
104	-0.466514
106	-0.788597
109	0.952411
111	-1.275477
115	-5.277193
120	-0.126710
126	-1.163802
129	-0.054786
136	-1.067818
137	-0.046474
188	-0.432432
189	-0.118706
196	1.384863
199	0.698756
200	0.210345
202	-1.245833
211	0.750421
213	0.311017
214	0.997842
219	1.202058
221	0.763643
276	0.932011
279	0.679671
283	-1.074546
295	0.931109
308	1.462012
312	0.755801
315	1.648053
318	-0.084771
319	-0.625548
321	-0.617636
324	-0.264823
328	-0.665929
334	0.564962
336	-0.686157
338	-0.549336
347	1.047057
351	-0.577913
352	-0.283426
354	-1.180323
357	0.250198
359	0.220447
362	1.389352
364	0.558340
365	1.018137
368	1.795111
376	-0.850305
377	0.291932
380	0.026111
386	2.059453
388	0.279285
390	1.244033
396	0.517980
404	0.425862
410	0.053618
413	-0.598197
420	0.568111
423	-1.287204
424	-1.548992
437	-0.458871
438	0.746731
444	-0.288005
452	1.203806
473	1.204780
474	0.606838
475	-1.200166
476	0.114256
478	0.414212
479	-0.521464
480	0.526699
483	-0.138398
503	-1.818794
508	0.121001
509	-0.483792
530	0.297144
536	-0.252693
556	-0.793602
581	-0.240069
583	0.120960
603	-0.095797
606	-0.004427
607	-0.012970
620	0.983244
628	-0.179318
636	-1.379383
637	-0.751525
639	-0.309758
640	-0.290905
644	-1.608437
645	-1.136430
677	-1.407891
678	0.630144
679	-0.431327
682	0.847514
698	-1.020635
700	0.554871
710	0.769776
722	-1.359805
723	0.252628
724	-0.628234
725	-1.197767
726	-1.160217
747	2.495197
753	0.587762
755	0.216866
757	0.979733
765	0.550282
782	1.416511
783	1.714346
793	0.156978
808	0.718573
814	-1.891536
840	0.350389
848	-0.501271
859	1.125517
864	-0.172607
867	1.267262
878	0.908938
888	-0.021066
890	0.319576
892	1.295777
899	0.671932
918	0.879229
926	1.497744
933	-0.574471
934	-0.673039
981	1.519577
1028	1.016449
1034	2.673092
1051	0.428859
1054	0.164870
1058	0.549538
1062	-0.165151
1063	0.345111
1064	-0.409053
1066	1.055826
1068	0.293868
1073	-0.253585
1082	-0.036066
1083	-0.468817
1086	0.068125
1089	-0.265008
1090	0.246134
1091	-0.666077
1092	-0.850837
1164	1.462983
1165	1.038056
1174	1.606591
1176	-0.697028
1184	1.965629
1191	1.589238
1192	0.714133
1201	-1.937981
1230	1.048298
1339	0.292050
1341	0.362748
1370	0.578125
1385	3.671137
1405	3.016422
1437	0.146000
1441	1.073529
1443	1.458645
1521	-0.127179
1522	0.448721
1523	-0.807324
1524	-1.852993
1525	-0.706571
1541	0.709710
1542	-0.961206
1550	-0.557852
1551	-1.496373
1596	0.443318
1597	-0.857068
1628	1.243044
1629	0.083522
1633	0.339045
1636	-1.719349
1637	-2.256958
1765	0.384499
1766	0.027114
1780	0.911435
1862	0.072721
1865	-0.081866
1870	0.534671
1885	-0.576194
1910	0.949900
1911	0.981442
2007	0.353107
2060	-0.883464
2062	1.685920
2090	1.876658
2093	0.077385
2094	0.865478
2095	-0.226174
2096	-0.170076
2100	0.132079
2101	1.337505
2102	1.256995
2103	0.744905
2104	0.664287
2105	0.722389
2128	-0.520525
2129	-0.406430
2135	-0.063313
2190	0.048681
2195	-0.549342
2197	-0.368478
2198	-0.295302
2199	-1.054542
2200	-0.297986
2201	-0.741589
2202	-0.640492
2205	0.256211
2217	-0.078452
2218	1.632606
2221	2.340452
2272	0.097814
2273	0.132519
2275	0.313342
2288	0.722386
2293	-0.602210
2298	-0.731964
2299	1.187092
2300	0.057780
2301	0.021019
2338	0.897290
2342	0.531586
2343	0.082581
2358	0.173872
2384	-0.551669
2385	0.946957
2399	0.279142
2435	-1.547405
2436	0.452443
2465	0.954524
2467	-0.378249
2468	-0.737725
2469	0.059866
2470	-0.256545
2471	0.569618
2474	0.434234
2620	-0.852444
2650	0.643128
2651	-0.184511
2685	0.756151
2688	-0.921379
2730	0.001597
2843	0.970732
2951	0.630659
2959	0.843747
3236	-0.144199
3305	1.816744
3318	-0.666612
3340	-0.751872
3352	1.431228
3355	2.324198
3356	0.526321
3365	0.251032
3366	0.150381
3367	0.276404
3368	0.396457
3401	-0.933149
3405	-0.087608
3434	0.702975
3448	0.847581
3454	0.368901
3481	-0.330634
3495	0.082293
3504	1.484051
3532	-0.551221
3540	1.889361
3549	-0.102217
3550	-1.125541
3569	0.111441
3595	0.082670
3596	0.658205
3603	-0.079870
3621	-1.070217
3622	0.071448
3647	-0.496046
3649	1.397365
3651	1.786385
3652	-0.477815
3723	-0.467708
3757	-0.138251
3772	1.316465
3787	0.083425
3798	-0.913337
3799	-0.267979
3889	-1.395000
3897	-0.391340
3898	-0.045615
3904	-1.415932
3945	-0.405686
3990	-0.165888
4024	-0.960889
4039	-1.160894
4048	0.247187
4050	0.248358
4076	-1.277169
4094	-1.443240
4170	-1.039420
4251	-0.868940
4252	-0.739775
4299	0.831544
4302	0.286831
4318	0.604578
4319	0.401164
4320	0.267833
4360	0.122746
4388	-1.344293
4414	-0.370694
4426	-1.517026
4446	-0.292833
4527	-0.338662
4545	-0.862463
4546	-0.750390
4554	0.105488
4564	0.012210
4567	0.262782
4634	1.560286
4693	0.249159
4736	0.354314
4761	0.245442
4879	0.844500
5071	-0.546530
5138	0.692798
5164	-1.404997
5182	0.078133
5183	-0.574626
5184	0.556946
5187	0.603624
5188	0.003684
5189	0.733286
5193	0.765399
5194	0.470147
5195	0.225883
5197	-0.462565
5203	-0.420116
5205	-1.331861
5212	0.460004
5213	0.163895
5222	-0.291203
5223	0.815649
5228	1.116920
5232	-0.423517
5244	-0.211869
5245	0.600164
5246	-0.092950
5248	0.905245
5292	-1.170916
5293	-1.048617
5299	-0.794536
5300	-1.578434
5315	-0.692029
5316	-0.377910
5319	0.474429
5320	1.075342
5321	1.336465
5322	-0.427492
5323	0.306820
5324	-0.684614
5325	0.501235
5329	-1.392558
5342	2.189113
5343	0.871844
5374	-0.167027
5376	0.263346
5378	-0.806189
5379	0.558360
5382	0.372967
5390	-1.528349
5398	0.381317
5402	-0.126144
5404	-0.046882
5407	-0.225129
5408	-1.533886
5409	0.250981
5411	-0.314917
5412	-0.027665
5413	-0.135569
5416	-0.782884
5418	0.281388
5422	0.003482
5425	0.647340
5427	1.824120
5428	0.157865
5432	0.385962
5436	0.417718
5443	-0.197807
5444	0.139734
5458	-0.665736
5462	3.318243
5465	-0.543309
5468	-0.113666
5471	0.027836
5480	-0.427148
5481	-0.942924
5485	-0.390437
5486	-0.223964
5488	-0.325230
5489	-0.178155
5495	-0.023201
5513	-0.282723
5515	-0.679974
5516	-0.839892
5521	-0.193884
5527	-1.214697
5528	-0.127040
5536	-0.921377
5537	-0.398984
5547	0.607561
5565	1.280663
5573	-0.272800
5579	-1.088964
5583	-0.604330
5586	0.404869
5589	-0.626424
5590	-0.518591
5593	-0.270272
5599	-3.533738
5604	-0.308700
5605	0.008573
5606	-0.230802
5625	-0.942623
5649	1.540993
5656	-0.359214
5657	-0.274945
5658	0.641282
5686	-0.150639
5695	-0.160560
5705	0.788355
5706	1.603978
5716	0.013834
5717	0.304524
5718	0.553544
5719	0.581561
5720	-0.473644
5724	0.528993
5738	0.774090
5742	-1.932056
5750	-0.676117
5751	0.266734
5756	0.530849
5761	-1.587051
5768	0.094920
5773	-0.310516
5792	0.436080
5793	0.798559
5794	0.891892
5806	0.355141
5811	0.485808
5812	-0.801729
5813	-0.849104
5814	0.475381
5821	-0.213706
5823	1.077394
5825	1.167069
5831	-1.775684
5832	-1.380212
5833	0.059242
5847	-0.072808
5849	-0.885186
5851	0.036831
5854	1.804837
5858	1.297037
5862	0.315454
5875	0.525354
5876	1.112245
5903	0.014456
5910	-0.587008
5912	-1.419283
5913	0.995648
5925	0.340404
5926	-0.110780
5927	0.814172
5928	1.111897
5930	1.422818
5931	0.592473
5933	-0.332199
5934	-0.453160
5937	-0.281737
5939	-0.722105
5940	-0.705541
5941	0.779297
5943	0.218175
5963	-0.008513
5964	-0.957856
5965	0.188928
5966	-0.189166
5968	-0.610495
5969	-0.481076
5970	-0.200888
5971	0.498213
5975	-1.241713
6006	0.579384
6011	0.426026
6017	-0.237800
6019	0.386700
6022	-0.608442
6032	1.726587
6095	0.494586
6115	-0.031248
6116	-1.176481
6119	0.200454
6127	-0.392223
6128	-0.120106
6130	-0.337873
6140	-0.026683
6141	-0.152386
6147	-1.630843
6148	-1.087075
6163	-0.010338
6164	1.202248
6170	-0.000334
6171	0.215123
6177	0.108728
6184	1.426435
6200	0.347298
6204	0.488834
6206	-0.277716
6223	0.392212
6240	-0.817820
6245	1.146065
6253	-0.734671
6267	-0.998515
6269	2.489491
6290	-1.292131
6303	0.293626
6317	-1.665891
6343	0.561436
6350	0.275526
6360	-2.198479
6367	-0.938771
6383	0.191270
6389	-1.648040
6397	-0.044179
6398	0.807390
6406	0.775635
6407	-1.058275
6412	-1.071577
6413	-1.613465
6434	-0.496313
6435	0.028407
6460	1.174994
6463	0.007691
6464	0.235215
6489	-0.226933
6507	0.085026
6510	1.402803
6516	2.035284
6518	1.166391
6522	-0.294626
6523	0.071134
6524	0.839576
6525	0.317143
6531	1.958111
6536	0.078324
6575	-0.003485
6584	1.325500
6585	0.190425
6586	0.541911
6594	0.057678
6595	0.160128
6610	0.486990
6612	-0.083639
6615	0.581598
6624	0.658294
6628	0.531632
6649	0.473268
6698	0.913165
6706	-0.512848
6718	0.128931
6719	0.033643
6722	-0.967560
6770	-0.814341
6780	-1.116069
6781	-1.070763
6794	1.281018
6795	0.500201
6796	1.823027
6799	1.060244
6809	-1.187721
6837	-0.702937
6838	-0.400921
6839	0.418657
6846	-0.864339
6865	-0.368720
6869	0.197741
6870	-1.098330
6871	-0.437949
6873	-0.949062
6876	0.538145
6885	-0.837504
6895	0.457387
6896	0.185571
6897	0.113717
6900	0.335975
6903	-0.330994
6906	0.106129
6916	0.777779
6917	0.297591
6918	0.509024
6919	-0.454613
6938	0.535978
6941	-0.068537
6942	0.858942
6943	-0.087203
6944	-0.047656
6948	0.432159
6953	0.495139
6957	-0.274817
6958	-0.332484
6970	-1.093109
6971	0.714791
6976	1.770823
6977	1.469646
6990	1.644251
7014	-0.436894
7015	-1.009578
7016	0.646433
7018	0.432958
7019	0.866187
7042	0.753638
7053	2.007351
7066	0.111341
7067	1.794254
7083	0.324340
7092	-0.301326
7100	-0.096605
7103	0.053586
7110	-0.769444
7111	0.582654
7112	0.540988
7113	0.679193
7116	0.235968
7119	0.370137
7120	0.802296
7121	-0.318781
7122	0.774918
7140	-0.437732
7143	-0.841862
7157	0.529097
7165	0.378245
7175	0.341736
7178	-0.215329
7206	-1.269522
7207	-0.692854
7217	-0.381691
7218	-0.096018
7221	-0.302059
7227	0.242703
7230	-0.290385
7236	-0.748137
7239	0.500560
7242	-1.318905
7260	0.328957
7268	0.967462
7269	0.405302
7304	1.780079
7326	1.732156
7327	0.962214
7336	-0.820468
7342	-0.650430
7346	0.420894
7348	0.192380
7355	-1.968187
7361	-0.285467
7372	0.204459
7387	0.053437
7422	1.106990
7423	-0.070134
7425	0.049781
7436	0.426548
7442	-0.474992
7446	1.232562
7448	0.700037
7453	0.184946
7463	-0.540705
7492	-1.338982
7493	-0.792815
7494	-0.865080
7495	-0.408634
7518	1.015318
7520	-1.098893
7540	0.561516
7546	0.162501
7556	-0.596737
7559	3.660056
7560	0.595824
7561	-0.399319
7564	-0.333590
7575	0.583470
7583	-1.423970
7585	-0.278560
7586	0.878617
7599	-0.474649
7600	0.121928
7606	-0.872534
7614	-0.177419
7617	-0.238440
7622	0.381228
7629	-0.907655
7637	-0.209656
7640	0.261237
7657	0.459256
7665	-0.261870
7666	-0.207576
7667	1.738997
7668	-0.775534
7669	0.665377
7670	2.342117
7671	1.005000
7681	0.247090
7683	-0.228486
7684	0.249602
7696	0.605668
7722	-0.194285
7723	0.304887
7799	-0.478094
7852	-0.468608
7859	0.943594
7860	1.130159
7861	-0.555264
7865	0.451778
7875	-0.670712
7876	0.126518
7895	0.892962
7913	-0.580557
7917	-0.422001
7952	-0.278124
7969	-0.056531
7971	-0.323880
8000	0.370407
8002	-1.613754
8006	-1.400956
8036	-1.406990
8056	-0.839768
8069	-0.445106
8103	-0.762833
8107	0.374657
8120	0.245096
8122	-0.061895
8125	0.066224
8127	1.995808
8136	-0.359425
8149	-0.696900
8154	-0.104324
8197	1.470345
8208	1.505713
8223	-1.573833
8232	0.294008
8241	0.362014
8256	0.693534
8262	1.113768
8266	-0.967587
8267	0.260239
8268	-0.280249
8269	-0.167535
8271	0.826488
8273	0.065892
8280	-0.854988
8284	-0.462571
8303	1.104940
8304	0.575636
8305	0.134920
8308	0.594080
8332	0.375339
8333	-0.370898
8334	-0.157602
8338	0.608310
8363	0.229163
8370	0.079148
8398	0.401954
8465	-1.135689
8468	-0.116230
8469	0.948077
8470	0.057737
8507	-0.335332
8552	-0.621630
8572	-0.183305
8574	-0.691047
8577	0.523026
8586	-0.321195
8592	-0.368926
8593	0.338465
8594	1.531025
8597	-0.141102
8599	0.445317
8606	0.330685
8607	1.072790
8615	0.708289
8617	0.098707
8626	-0.554337
8636	-0.961273
8669	0.329361
8671	0.545692
8673	0.203264
8675	-1.692748
8790	0.381281
8791	0.728177
8811	-0.088530
8822	-0.202550
8841	-0.346213
8849	-0.580448
8856	-0.677146
8875	0.291045
8884	0.183850
8906	1.459037
8907	-0.132068
8910	-0.164510
8911	-2.227909
8912	-0.506067
8913	-0.391995
8934	-0.140924
8935	-0.207786
8954	-0.347409
8968	0.230374
8972	-0.233568
9001	-1.976843
9029	0.239094
9032	2.863495
9058	-0.409339
9059	0.039856
9068	-0.266434
9070	0.045737
9108	-0.374115
9139	0.450239
9140	-0.414156
9158	0.306084
9187	0.710293
9188	-0.282084
9189	0.059677
9190	-0.814331
9253	-0.918022
9259	-0.794422
9268	-1.566275
9269	-1.487677
9271	-0.243701
9312	0.723578
9323	-0.394380
9329	0.058801
9330	-0.508037
9331	-1.155169
9356	0.261078
9376	0.520870
9394	-0.827349
9424	0.899541
9428	-0.998999
9429	-0.792084
9496	0.285479
9536	-0.976875
9543	0.215646
9589	0.463373
9614	-1.352746
9615	-0.261467
9617	-0.545828
9631	-0.840970
9661	-1.555435
9668	0.117435
9718	0.045860
9728	0.352789
9734	0.840994
9788	-0.264970
9791	-0.146168
9793	1.203763
9804	2.346942
9809	0.275599
9810	0.426512
9823	-0.800139
9828	1.579634
9907	0.444257
9951	-0.248897
9968	-0.341325
9969	0.292592
10010	-0.802049
10011	-0.545981
10012	-0.295004
10018	-0.357220
10021	-0.023382
10022	0.355860
10031	-0.189615
10032	-0.594703
10033	-0.057682
10034	0.320744
10035	-0.561890
10039	0.108247
10044	-0.071559
10045	-0.424660
10060	-1.823456
10065	-0.636363
10077	0.998838
10080	-0.789497
10130	-0.454936
10131	-0.245939
10149	-0.268042
10194	0.462220
10197	-0.718594
10221	0.346623
10226	-0.706736
10232	-0.515207
10233	-0.822729
10263	-0.134601
10264	-0.433933
10274	-0.960059
10286	0.939406
10292	-0.468379
10299	-0.482152
10302	-0.704369
10324	-1.429156
10355	-0.090617
10358	-0.800877
10362	-1.147839
10366	-1.128482
10368	-0.687628
10370	-0.007548
10392	1.039070
10405	0.639465
10406	-0.202149
10409	-0.043157
10419	-0.661044
10420	-0.167132
10424	-0.232224
10434	-0.872891
10455	-0.041107
10478	1.191691
10480	1.500435
10484	1.097404
10510	0.591256
10519	-1.900486
10520	-0.859665
10524	0.054924
10578	0.360174
10630	-0.313344
10643	-0.651930
10645	-0.526665
10677	-1.606284
10678	-0.812855
10690	-1.147953
10717	-0.141345
10718	-1.038171
10719	1.019259
10721	-0.561155
10723	0.203061
10735	-0.564574
10736	0.895953
10829	-0.009304
10837	1.924840
10846	-0.455477
10921	-0.782415
10922	-0.644346
10923	0.480765
10924	-0.316040
10964	1.013052
10978	-1.184256
11017	-1.118423
11018	-1.209240
11019	0.967561
11032	0.034090
11034	-1.027818
11035	-0.275310
11036	-0.718135
11052	-0.377332
11056	-0.282831
11060	0.011479
11063	-0.042959
11064	0.810038
11068	-0.593129
11069	0.197127
11090	-0.058753
11098	-0.194156
11099	0.733865
11100	0.324231
11105	-0.488103
11109	-0.170481
11122	-1.052327
11123	-1.001761
11125	-0.227957
11126	-1.133373
11149	-0.514830
11153	-0.403182
11188	1.001749
11193	0.950398
11230	0.094023
11233	-0.799328
11236	-0.657325
11243	-0.152843
11251	3.376059
11259	-0.331578
11263	-0.774520
11272	0.255663
11321	0.870090
11322	0.206186
11326	-0.032100
11327	-0.221616
11335	-0.296546
11337	0.051855
11343	1.001983
11390	-0.258489
11444	0.096889
11464	-0.947926
11471	-1.414273
11472	-1.428763
11473	0.236454
11492	-1.043357
11499	-1.413438
11500	-1.088816
11505	2.611156
11527	1.581430
11528	1.398519
11532	1.232777
11564	1.080634
11589	-0.476459
11591	-0.179309
11592	-0.203335
11599	-1.119924
11605	-0.040974
11617	0.292018
11630	0.611244
11631	1.049333
11632	-0.035357
11656	0.283674
11657	-0.491046
11777	1.363852
11786	-0.072314
11812	0.669225
12020	-0.003906
12061	-0.478740
12115	0.785340
12154	0.561023
12155	0.856135
12156	0.374489
12159	0.849492
12174	0.371927
12176	0.525877
12230	0.376599
12234	-0.774935
12236	-0.318978
12237	0.035742
12250	0.339525
12252	0.118739
12253	0.145960
12315	0.668202
12381	1.348236
12382	1.451024
12438	0.418742
12455	0.899087
12462	0.033090
12478	0.588545
12603	-0.516914
12711	-0.225759
12714	-0.238086
12716	0.048003
12754	0.390919
12785	0.596406
12788	-1.867732
12792	-1.871055
12898	-0.285404
12944	0.040711
12949	0.409041
13062	0.408352
13099	-0.155567
13160	-0.087065
13198	-0.817873
13239	-0.911706
13249	0.378129
13262	-0.324206
13263	-0.910440
13272	1.946970
13273	0.460773
13277	-0.092525
13305	-0.956895
13342	0.447099
13343	0.543480
13345	-2.414694
13351	0.034605
13357	0.034946
13427	-0.452754
13436	-1.259918
13455	0.853010
13528	-2.021605
13532	0.574675
13553	0.108478
13566	-1.366503
13651	0.867644
13653	0.423663
13675	1.490986
13676	0.006876
13677	-0.407775
13678	0.883469
13681	-0.009173
13688	-0.516010
13697	-0.825518
13705	-0.134842
13708	0.807809
13737	-0.599664
13760	-0.762607
13923	0.506354
13927	0.590957
13995	-0.521214
14002	-0.956732
14003	-1.604799
14021	0.690765
14034	-0.372433
14064	-0.207511
14110	-0.128635
14155	1.168748
14203	0.116037
14208	-0.138206
14340	-0.019283
14356	-1.407228
14389	-1.081825
14499	0.078076
14625	-0.751227
14632	0.208769
14637	-0.088439
14641	-0.162167
14685	-0.483821
14694	0.726822
14695	0.408291
14699	0.731395
14700	1.637064
14749	0.711912
14760	-0.687534
14790	-0.794519
14791	-0.586957
14796	-0.841738
14797	-0.433093
14891	-1.698051
14927	0.983695
15099	-0.900158
15182	-0.812759
15243	-1.582034
15245	-1.338991
15254	0.626206
15322	1.657619
15327	1.636820
15463	0.181948
15496	-0.863933
15499	-0.835953
15502	-0.246063
15514	-0.009727
15566	-0.486717
15580	-0.513899
15583	-0.131593
15586	-0.747756
15601	-1.213053
15621	0.182915
15780	0.365958
15869	-0.786501
16082	-1.547962
16281	0.508318
16293	1.512655
16300	3.235260
16304	2.445247
16360	-0.782359
16361	0.306507
16367	0.080774
16432	-0.570191
16433	-0.394931
16438	0.399328
16446	0.939717
16453	1.268198
16463	-1.375001
16466	0.173307
16477	-0.305839
16482	-0.463169
16605	-0.876904
16606	-0.621448
16635	-1.026872
16638	0.393104
16655	0.696159
16673	-0.476902
16676	-1.461033
16677	-0.598978
16678	-0.867031
16808	-1.000907
16829	-0.741427
17150	0.742089
17182	-1.065574
17199	1.875593
17273	2.976951
17431	0.534421
17466	0.656686
17472	-1.780606
17485	-0.399174
17585	0.173953
17620	1.843189
17647	-0.768571
17690	0.484347
17772	1.237486
18410	1.324935
19647	0.239885
21458	2.860512
21885	-1.019027
21973	-1.538089
21976	-1.263334
21977	-1.247459
22084	-0.367926
23475	0.809750
23754	0.838159
23764	0.407026
24372	-0.215955
24918	-0.872158
24944	-0.990715
25022	-0.755552
25140	-1.850748
26484	-1.213723
27764	0.704367
28424	1.386271
28845	-0.718966
29861	1.490176
30684	-0.413877
31288	0.366299
31704	-0.827721
32421	-0.302486
32520	0.370678
32893	0.740206
34340	0.849013
35227	-1.976541
35334	1.143790
36499	-0.037554
36843	-0.477822
36844	-0.942910
36955	0.406057
36970	-0.292047
39336	-1.282017
39353	0.760246
40538	0.023359
40541	0.355672
40542	-0.274464
40599	0.664349
40601	0.077993
40602	0.337785
40656	-0.254426
40657	-0.444950
42157	-0.886882
42203	-0.333232
42204	-0.556249
42851	0.716814
43061	-1.079718
44144	-0.542943
45195	-0.919503
47030	-0.790689
47285	-0.227926
47317	1.553707
47457	-1.283645
47460	-0.386673
48147	0.784909
48297	-0.579513
48474	-0.564402
48696	-0.452303
49516	-1.061735
49630	-0.702929
49927	-0.793630
50199	0.692926
50249	0.084748
50259	-0.128111
50904	-0.506282
53231	-0.141437
53471	1.253944
53531	-0.951487
53986	1.315168
55057	0.585940
56431	-0.705555
56432	-0.609943
56466	-1.027551
56478	-0.371835
56621	-0.753566
57644	1.237566
57756	-0.622218
58783	1.533452
59657	0.000555
59715	-4.026580
64825	-0.363338
64947	-0.038240
65950	0.277338
70102	-0.283560
75003	-1.252759
75099	-1.220138
75742	-1.415306
75823	-2.307182
75824	-0.199416
78157	0.376238
78181	-0.111857
78191	-1.194930
80479	-0.184150
80480	0.002595
80715	-0.134027
80719	-0.162007
80750	-1.065611
81231	-0.352615
84436	0.081542
84780	0.438536
84844	0.437915
85002	-0.937567
85003	0.216984
85659	-0.243546
85663	-0.632237
85710	-1.291156
92185	-1.427137
96142	-0.109545
96144	0.174997
96482	0.700381
98871	0.799040
