# 1342 minima projected onto PC76
Min	PC
3	0.055866
4	0.021712
5	0.082464
6	0.035473
7	-0.027403
9	-0.006232
16	-0.029485
17	0.065178
21	0.180470
23	-0.063638
31	-0.058604
44	0.050741
47	0.102493
48	0.008315
51	-0.024671
52	-0.089919
55	0.078611
56	0.025808
57	-0.084162
58	-0.095402
60	-0.197494
67	0.067806
68	0.114141
71	0.086197
72	0.092513
74	0.140419
79	0.093111
82	-0.098462
85	0.145606
86	0.196750
87	0.086907
88	0.015642
91	0.077808
92	-0.029147
94	0.079146
95	-0.037543
97	0.022522
104	0.133376
106	0.045753
109	0.040181
111	0.020530
115	0.047159
120	0.056292
126	0.082898
129	0.258759
136	-0.005505
137	0.180023
188	0.029306
189	0.058321
196	-0.027433
199	0.170571
200	0.011953
202	-0.149100
211	0.005040
213	-0.117340
214	0.011298
219	-0.041635
221	-0.004583
276	-0.167511
279	-0.060108
283	0.056627
295	0.071534
308	-0.066293
312	0.025265
315	0.169125
318	0.164333
319	0.102920
321	0.175476
324	-0.007219
328	0.114111
334	0.018389
336	0.029572
338	-0.225767
347	0.071444
351	-0.067972
352	0.115060
354	0.068338
357	0.055937
359	0.071566
362	0.061859
364	0.002246
365	0.029964
368	0.056501
376	0.096028
377	0.143926
380	0.047572
386	-0.186186
388	0.088574
390	0.024661
396	0.011590
404	-0.002344
410	-0.025828
413	-0.126639
420	0.188288
423	0.014290
424	0.049751
437	0.091668
438	-0.028455
444	0.000924
452	0.007341
473	0.177446
474	0.117852
475	0.000362
476	0.028471
478	0.042053
479	0.053610
480	0.025106
483	-0.055138
503	-0.021013
508	-0.047465
509	0.231595
530	-0.023125
536	0.101359
556	-0.095893
581	0.024558
583	0.034807
603	-0.082755
606	0.071271
607	0.122584
620	0.023933
628	-0.147712
636	0.054529
637	-0.162012
639	0.031233
640	0.013120
644	-0.032439
645	-0.043475
677	0.008663
678	-0.102722
679	0.051580
682	-0.105044
698	0.100553
700	-0.051848
710	-0.004263
722	0.014452
723	-0.014107
724	0.054930
725	-0.070856
726	-0.070707
747	-0.024010
753	-0.068404
755	0.038121
757	0.021670
765	-0.082526
782	0.064406
783	-0.004947
793	0.195249
808	0.052381
814	-0.002018
840	-0.149736
848	-0.086068
859	0.044349
864	-0.018042
867	0.001072
878	-0.132546
888	-0.052644
890	0.277652
892	0.033800
899	0.059240
918	-0.107824
926	0.070742
933	0.117648
934	0.086796
981	-0.139536
1028	0.175634
1034	-0.093667
1051	-0.052190
1054	-0.066547
1058	0.278971
1062	-0.188760
1063	0.074006
1064	-0.078533
1066	-0.080426
1068	0.054585
1073	-0.104589
1082	-0.050721
1083	0.141528
1086	-0.080966
1089	0.090247
1090	-0.023640
1091	0.044242
1092	0.145259
1164	-0.080536
1165	-0.000667
1174	0.064677
1176	0.189214
1184	0.073855
1191	0.071172
1192	-0.171754
1201	0.088854
1230	-0.075717
1339	0.139183
1341	-0.178316
1370	-0.115715
1385	0.134334
1405	-0.139106
1437	-0.078790
1441	-0.022333
1443	0.109248
1521	0.071428
1522	0.126667
1523	-0.026478
1524	-0.015519
1525	-0.058472
1541	-0.007281
1542	0.117915
1550	-0.149826
1551	-0.077258
1596	-0.015151
1597	0.028326
1628	0.024540
1629	0.018588
1633	-0.015791
1636	-0.178841
1637	0.068447
1765	-0.013935
1766	-0.103720
1780	0.140928
1862	-0.013233
1865	-0.004346
1870	-0.022287
1885	0.409670
1910	0.034811
1911	0.008200
2007	-0.041296
2060	-0.055091
2062	-0.035289
2090	0.090266
2093	-0.062943
2094	0.043931
2095	-0.149589
2096	-0.031703
2100	-0.158386
2101	0.127888
2102	0.075966
2103	0.071971
2104	0.016686
2105	0.110259
2128	0.088198
2129	0.056765
2135	0.083492
2190	-0.007208
2195	0.096307
2197	-0.065180
2198	-0.052809
2199	0.087225
2200	0.052385
2201	0.044101
2202	0.001802
2205	0.069915
2217	-0.033814
2218	0.227013
2221	0.096516
2272	0.079375
2273	0.063918
2275	-0.062123
2288	0.087302
2293	0.072644
2298	0.082301
2299	0.030818
2300	0.114283
2301	0.119601
2338	-0.050223
2342	-0.012694
2343	-0.126760
2358	-0.122255
2384	-0.022097
2385	0.022921
2399	0.079832
2435	-0.044766
2436	-0.018543
2465	0.032806
2467	0.071826
2468	-0.009231
2469	0.012054
2470	-0.024951
2471	-0.038911
2474	0.089448
2620	-0.003887
2650	0.097528
2651	0.061033
2685	-0.044671
2688	0.037089
2730	0.055386
2843	0.085143
2951	-0.057781
2959	0.015139
3236	0.104543
3305	-0.054730
3318	0.039882
3340	-0.239419
3352	-0.088600
3355	-0.028208
3356	-0.164057
3365	-0.051641
3366	-0.081119
3367	-0.046020
3368	-0.012323
3401	-0.059439
3405	0.432780
3434	0.042359
3448	0.096000
3454	0.083067
3481	-0.064254
3495	-0.035312
3504	0.141357
3532	-0.066557
3540	0.104854
3549	-0.181290
3550	0.005337
3569	0.037623
3595	-0.112353
3596	-0.008199
3603	-0.073265
3621	-0.112589
3622	0.013537
3647	0.085182
3649	0.027089
3651	-0.006984
3652	-0.074435
3723	0.077698
3757	-0.114861
3772	0.048475
3787	0.014555
3798	-0.042343
3799	-0.173494
3889	0.060811
3897	0.127721
3898	-0.054955
3904	-0.081298
3945	-0.057668
3990	-0.149085
4024	0.017334
4039	-0.066518
4048	0.011647
4050	-0.078105
4076	0.016877
4094	0.025724
4170	0.062166
4251	-0.060503
4252	-0.026877
4299	0.017365
4302	-0.032267
4318	-0.056506
4319	-0.083188
4320	-0.090942
4360	0.068902
4388	0.090887
4414	0.080535
4426	0.074714
4446	-0.093952
4527	-0.042717
4545	0.039733
4546	-0.048362
4554	-0.017721
4564	0.089785
4567	-0.027130
4634	-0.039400
4693	-0.037716
4736	-0.055068
4761	-0.070986
4879	0.017304
5071	-0.070511
5138	0.133154
5164	0.014750
5182	0.020633
5183	0.037305
5184	-0.078445
5187	0.051661
5188	0.045009
5189	0.004372
5193	-0.028181
5194	-0.045335
5195	-0.006243
5197	0.096942
5203	-0.112204
5205	-0.216840
5212	-0.023715
5213	0.056558
5222	0.161162
5223	0.017972
5228	-0.004301
5232	-0.184194
5244	0.086809
5245	-0.105197
5246	-0.169790
5248	0.141326
5292	0.088038
5293	0.062676
5299	0.119162
5300	-0.045806
5315	0.078381
5316	0.167470
5319	0.041455
5320	0.070308
5321	0.027324
5322	-0.153132
5323	0.114989
5324	-0.009852
5325	-0.045680
5329	-0.223364
5342	-0.039427
5343	0.027811
5374	-0.015721
5376	0.026934
5378	-0.014311
5379	-0.011926
5382	-0.058335
5390	0.043892
5398	0.062720
5402	0.114762
5404	-0.061947
5407	-0.028761
5408	0.064969
5409	0.070981
5411	-0.078093
5412	0.106671
5413	0.050082
5416	-0.188038
5418	0.128402
5422	0.107116
5425	0.052247
5427	0.046917
5428	-0.086664
5432	-0.000261
5436	0.129103
5443	0.053431
5444	-0.182670
5458	-0.018852
5462	0.038009
5465	0.008055
5468	-0.095968
5471	0.020019
5480	0.011020
5481	-0.057291
5485	0.202653
5486	0.187651
5488	0.159452
5489	0.213574
5495	0.246573
5513	0.055575
5515	0.042225
5516	0.042120
5521	-0.053765
5527	0.036675
5528	0.047210
5536	0.042403
5537	0.037825
5547	0.086225
5565	0.055723
5573	-0.037279
5579	-0.021659
5583	0.146815
5586	-0.032885
5589	-0.167162
5590	0.013772
5593	0.007746
5599	-0.032956
5604	0.246633
5605	-0.017246
5606	0.039639
5625	0.161208
5649	0.039922
5656	0.052903
5657	0.205017
5658	-0.027131
5686	-0.009784
5695	-0.098118
5705	-0.136983
5706	-0.061157
5716	0.017449
5717	0.011551
5718	-0.116613
5719	0.066468
5720	-0.019959
5724	-0.035515
5738	0.006180
5742	0.064122
5750	-0.006682
5751	-0.074656
5756	0.018928
5761	-0.100744
5768	0.083593
5773	-0.229815
5792	0.000822
5793	-0.052836
5794	0.027039
5806	-0.018105
5811	-0.008369
5812	0.134389
5813	0.104141
5814	-0.056010
5821	-0.000098
5823	0.019070
5825	-0.121944
5831	-0.307161
5832	-0.196157
5833	-0.059404
5847	0.008356
5849	0.155820
5851	-0.022014
5854	0.012442
5858	0.088056
5862	0.048450
5875	-0.275210
5876	-0.093001
5903	0.034405
5910	0.003668
5912	0.292530
5913	0.285764
5925	0.030689
5926	0.015077
5927	-0.021004
5928	0.044521
5930	0.053252
5931	0.109664
5933	-0.005389
5934	-0.063397
5937	0.148266
5939	0.078202
5940	0.143020
5941	0.012083
5943	0.006042
5963	-0.031212
5964	-0.076245
5965	-0.026153
5966	-0.043869
5968	-0.018978
5969	0.160614
5970	0.079530
5971	-0.059457
5975	-0.001875
6006	0.063301
6011	-0.047270
6017	0.012054
6019	0.029713
6022	0.026691
6032	0.191506
6095	0.001552
6115	0.011842
6116	0.043687
6119	-0.031399
6127	-0.061771
6128	-0.008576
6130	-0.046155
6140	0.056858
6141	-0.113926
6147	-0.241025
6148	-0.197325
6163	-0.169445
6164	-0.091031
6170	-0.179193
6171	-0.099915
6177	-0.077473
6184	-0.073851
6200	-0.004155
6204	-0.293525
6206	-0.030114
6223	0.042471
6240	-0.100498
6245	-0.040142
6253	-0.041979
6267	0.015336
6269	0.105063
6290	0.109366
6303	-0.050642
6317	-0.035280
6343	0.019440
6350	-0.057551
6360	-0.157617
6367	0.104537
6383	-0.055399
6389	-0.064239
6397	0.125967
6398	0.006523
6406	0.001947
6407	0.017009
6412	-0.044798
6413	-0.036318
6434	0.073400
6435	0.057613
6460	0.039613
6463	-0.051651
6464	-0.085265
6489	0.003355
6507	0.039231
6510	0.136298
6516	-0.040717
6518	0.062172
6522	-0.188060
6523	-0.201593
6524	0.013060
6525	-0.018374
6531	0.099264
6536	-0.039053
6575	-0.056809
6584	-0.014370
6585	0.011179
6586	-0.103681
6594	0.089057
6595	0.041951
6610	-0.073364
6612	0.189895
6615	-0.009908
6624	0.042666
6628	0.048640
6649	0.045462
6698	-0.107848
6706	-0.109444
6718	0.027606
6719	-0.062296
6722	0.049081
6770	0.022271
6780	-0.004773
6781	0.062707
6794	-0.072798
6795	-0.149374
6796	-0.080997
6799	0.057205
6809	0.112407
6837	-0.036044
6838	-0.037374
6839	0.150824
6846	0.007447
6865	-0.042593
6869	-0.043362
6870	-0.146624
6871	-0.090955
6873	-0.087017
6876	-0.162134
6885	-0.059292
6895	-0.080796
6896	0.135029
6897	-0.055385
6900	-0.114252
6903	-0.126109
6906	-0.062204
6916	-0.032287
6917	0.097512
6918	0.024467
6919	-0.099649
6938	-0.118335
6941	-0.155312
6942	0.034357
6943	-0.021008
6944	0.024156
6948	0.060405
6953	0.129843
6957	-0.046353
6958	0.078021
6970	0.058091
6971	-0.034720
6976	0.053967
6977	-0.048934
6990	0.003500
7014	-0.104574
7015	0.032399
7016	-0.068635
7018	-0.016125
7019	-0.036712
7042	0.015031
7053	-0.150471
7066	0.083468
7067	0.036943
7083	0.053739
7092	0.087057
7100	0.130415
7103	0.066223
7110	0.067412
7111	-0.026592
7112	0.063461
7113	0.021193
7116	-0.007962
7119	-0.216162
7120	0.004032
7121	-0.246924
7122	-0.030466
7140	-0.072384
7143	0.100613
7157	0.062553
7165	-0.135744
7175	0.101004
7178	-0.016133
7206	-0.067380
7207	0.248525
7217	-0.040390
7218	0.072338
7221	0.040365
7227	-0.122004
7230	0.146744
7236	-0.263493
7239	0.042327
7242	0.120603
7260	0.045356
7268	0.007017
7269	0.024439
7304	0.026914
7326	-0.030813
7327	0.019529
7336	-0.058607
7342	-0.076736
7346	-0.089865
7348	0.031212
7355	-0.235718
7361	-0.034718
7372	0.194968
7387	0.071610
7422	-0.011995
7423	0.031950
7425	0.053343
7436	0.089002
7442	-0.057267
7446	-0.123745
7448	-0.066200
7453	0.118289
7463	0.036564
7492	-0.347391
7493	-0.042195
7494	-0.009670
7495	-0.133466
7518	-0.027377
7520	-0.141451
7540	0.054394
7546	0.123916
7556	-0.027979
7559	0.104658
7560	0.028894
7561	-0.028782
7564	0.115599
7575	-0.043877
7583	-0.164241
7585	0.073879
7586	0.006153
7599	-0.230140
7600	-0.322745
7606	-0.278433
7614	-0.017340
7617	-0.017575
7622	-0.082863
7629	-0.034477
7637	-0.038626
7640	0.036736
7657	0.064855
7665	-0.008460
7666	0.017199
7667	0.006670
7668	0.037547
7669	-0.319364
7670	0.055527
7671	-0.014191
7681	0.223451
7683	0.169725
7684	0.009329
7696	0.202181
7722	0.209468
7723	-0.041310
7799	0.067400
7852	0.112444
7859	-0.003905
7860	-0.012637
7861	0.057368
7865	0.040009
7875	0.044597
7876	-0.020483
7895	0.014159
7913	0.044282
7917	-0.084947
7952	0.170324
7969	0.063844
7971	-0.078341
8000	0.123786
8002	0.067195
8006	0.264716
8036	-0.016600
8056	0.066094
8069	0.050757
8103	0.003479
8107	-0.096552
8120	0.038213
8122	0.017219
8125	-0.139336
8127	0.068360
8136	-0.017244
8149	0.035379
8154	0.051068
8197	0.038265
8208	-0.129616
8223	0.075570
8232	-0.169452
8241	-0.014583
8256	-0.090053
8262	0.011314
8266	0.126709
8267	0.042933
8268	0.030692
8269	-0.086721
8271	0.007057
8273	0.044529
8280	0.101896
8284	-0.084464
8303	-0.021281
8304	0.084182
8305	0.025065
8308	-0.152749
8332	0.072136
8333	-0.139018
8334	-0.106300
8338	0.034452
8363	0.078419
8370	0.047971
8398	-0.004895
8465	-0.132027
8468	0.055022
8469	-0.044414
8470	-0.026919
8507	-0.024350
8552	-0.101266
8572	0.012722
8574	-0.027338
8577	0.123617
8586	-0.011616
8592	-0.057241
8593	0.066544
8594	-0.028680
8597	0.014285
8599	-0.141040
8606	0.134612
8607	0.084228
8615	0.029278
8617	0.049525
8626	0.006998
8636	0.055930
8669	0.013262
8671	-0.048281
8673	-0.012647
8675	0.052336
8790	0.010188
8791	-0.145294
8811	0.216517
8822	-0.028025
8841	-0.079320
8849	-0.047305
8856	0.038846
8875	0.053405
8884	-0.017028
8906	-0.025801
8907	-0.024110
8910	-0.054153
8911	-0.206531
8912	-0.090404
8913	-0.039962
8934	0.076069
8935	0.036933
8954	0.099605
8968	0.020640
8972	-0.017222
9001	-0.011697
9029	-0.102268
9032	-0.194931
9058	-0.173299
9059	-0.052610
9068	0.168024
9070	-0.031658
9108	-0.151107
9139	-0.092838
9140	-0.160662
9158	-0.102266
9187	0.171657
9188	-0.055399
9189	-0.183248
9190	-0.077636
9253	-0.009824
9259	0.070711
9268	-0.028148
9269	0.023519
9271	-0.123620
9312	0.015544
9323	-0.009702
9329	0.061558
9330	0.060871
9331	-0.071710
9356	-0.125304
9376	-0.084496
9394	-0.122667
9424	-0.176870
9428	0.058150
9429	-0.033441
9496	-0.107881
9536	0.020548
9543	0.341907
9589	0.032427
9614	-0.194873
9615	-0.096450
9617	-0.249798
9631	-0.051413
9661	0.094104
9668	0.070259
9718	0.143500
9728	0.077386
9734	0.138623
9788	-0.118652
9791	-0.089664
9793	-0.073768
9804	0.079631
9809	-0.158525
9810	-0.125601
9823	-0.167540
9828	0.112122
9907	-0.101375
9951	0.086065
9968	-0.142852
9969	0.001946
10010	0.048446
10011	0.178475
10012	0.021487
10018	0.052383
10021	0.021333
10022	0.068199
10031	0.061660
10032	0.023267
10033	-0.073356
10034	-0.022819
10035	-0.051484
10039	0.030516
10044	-0.012435
10045	0.094269
10060	-0.078413
10065	-0.094589
10077	-0.049067
10080	-0.041094
10130	0.160583
10131	0.060489
10149	0.124092
10194	0.081289
10197	0.105816
10221	-0.005715
10226	-0.087992
10232	0.050481
10233	-0.012617
10263	0.140500
10264	0.074110
10274	0.103650
10286	-0.321702
10292	0.015141
10299	-0.028533
10302	-0.061289
10324	-0.003427
10355	-0.108634
10358	-0.159688
10362	-0.033152
10366	0.007984
10368	-0.110274
10370	-0.162206
10392	0.076647
10405	0.116242
10406	0.107701
10409	0.133028
10419	-0.149535
10420	0.003580
10424	-0.072471
10434	-0.037874
10455	0.149633
10478	-0.073152
10480	0.140254
10484	-0.136768
10510	0.059651
10519	0.188799
10520	0.072370
10524	0.056858
10578	0.276538
10630	0.128440
10643	-0.039404
10645	0.038742
10677	-0.008897
10678	-0.063981
10690	0.001979
10717	-0.085609
10718	-0.078250
10719	-0.099258
10721	0.143707
10723	-0.148689
10735	0.007053
10736	-0.061483
10829	-0.156751
10837	0.166079
10846	0.005242
10921	-0.008010
10922	0.021706
10923	0.120230
10924	0.096849
10964	0.158927
10978	0.124961
11017	0.291455
11018	0.212118
11019	-0.148234
11032	-0.069609
11034	-0.112894
11035	-0.038881
11036	-0.137405
11052	-0.003746
11056	-0.029362
11060	0.033613
11063	-0.081171
11064	0.231532
11068	-0.217103
11069	-0.146326
11090	-0.086812
11098	-0.006015
11099	-0.107790
11100	-0.097521
11105	-0.037050
11109	-0.120621
11122	0.025211
11123	0.093403
11125	-0.078186
11126	-0.086165
11149	0.018048
11153	-0.027145
11188	-0.184470
11193	-0.175291
11230	-0.168506
11233	-0.080088
11236	-0.235027
11243	-0.143277
11251	-0.104670
11259	0.062434
11263	-0.105008
11272	0.027479
11321	0.010584
11322	0.030189
11326	0.093998
11327	0.096024
11335	-0.116573
11337	-0.006070
11343	0.034835
11390	-0.042283
11444	-0.036772
11464	0.112919
11471	0.124049
11472	0.107884
11473	-0.031666
11492	-0.103800
11499	0.080013
11500	0.021020
11505	-0.132486
11527	0.007211
11528	-0.033153
11532	-0.011830
11564	-0.081652
11589	0.056654
11591	-0.082770
11592	-0.104844
11599	0.124619
11605	-0.235865
11617	-0.172005
11630	0.004374
11631	-0.254433
11632	-0.048283
11656	0.126400
11657	-0.103061
11777	0.107589
11786	-0.103396
11812	-0.018533
12020	0.112030
12061	0.172863
12115	0.127220
12154	0.098401
12155	0.105992
12156	-0.021355
12159	0.000501
12174	0.077290
12176	0.004172
12230	0.038646
12234	0.054804
12236	0.035821
12237	-0.065635
12250	-0.052340
12252	0.069474
12253	0.107631
12315	0.096142
12381	-0.098310
12382	-0.151557
12438	0.278602
12455	-0.038273
12462	-0.153837
12478	-0.083578
12603	0.119810
12711	0.114974
12714	0.062898
12716	-0.012839
12754	0.059399
12785	-0.151309
12788	0.082892
12792	0.304874
12898	-0.158742
12944	0.266222
12949	-0.072812
13062	0.004997
13099	0.042090
13160	-0.025215
13198	0.015039
13239	-0.061679
13249	0.065605
13262	0.263120
13263	0.315825
13272	-0.058946
13273	0.170271
13277	0.108909
13305	-0.149080
13342	0.079252
13343	0.059788
13345	0.138056
13351	-0.000452
13357	0.044108
13427	0.222650
13436	0.059860
13455	0.023120
13528	0.108340
13532	0.212198
13553	0.032355
13566	-0.202175
13651	-0.049746
13653	-0.015746
13675	-0.184620
13676	-0.172997
13677	-0.195299
13678	-0.169115
13681	-0.151261
13688	-0.041292
13697	0.023735
13705	0.034247
13708	0.006577
13737	0.039650
13760	-0.030407
13923	0.076196
13927	0.052537
13995	0.003059
14002	-0.035005
14003	0.023019
14021	0.195456
14034	0.089343
14064	0.087495
14110	-0.015045
14155	0.019448
14203	-0.092768
14208	-0.127069
14340	0.134410
14356	0.092891
14389	0.058866
14499	-0.049062
14625	-0.088156
14632	0.042424
14637	-0.089635
14641	-0.028769
14685	-0.001603
14694	-0.028278
14695	0.006972
14699	0.016100
14700	0.060163
14749	-0.131498
14760	-0.006687
14790	0.102831
14791	0.057037
14796	-0.147430
14797	-0.022909
14891	0.091172
14927	-0.045429
15099	0.026566
15182	-0.036193
15243	0.029810
15245	0.067576
15254	-0.023242
15322	0.004951
15327	-0.189106
15463	0.022589
15496	-0.086275
15499	-0.059031
15502	-0.029954
15514	-0.158200
15566	0.061559
15580	-0.219303
15583	-0.084153
15586	-0.191424
15601	-0.014778
15621	-0.077062
15780	-0.175050
15869	0.043954
16082	-0.044026
16281	-0.048971
16293	-0.046329
16300	0.049795
16304	-0.043413
16360	-0.009198
16361	0.089032
16367	0.064210
16432	0.045966
16433	0.198994
16438	0.009639
16446	-0.042557
16453	-0.069996
16463	0.434474
16466	0.009941
16477	0.005133
16482	-0.063242
16605	0.100225
16606	0.064090
16635	-0.047426
16638	-0.061901
16655	0.162777
16673	-0.050479
16676	-0.082633
16677	-0.103595
16678	0.040422
16808	-0.130523
16829	-0.069009
17150	-0.247305
17182	-0.033050
17199	-0.168918
17273	-0.083378
17431	0.061757
17466	0.086506
17472	-0.031275
17485	-0.089572
17585	0.002850
17620	0.104643
17647	-0.015167
17690	-0.065658
17772	-0.019555
18410	-0.011709
19647	-0.170036
21458	-0.044490
21885	-0.044569
21973	0.042348
21976	0.017246
21977	-0.036425
22084	0.080427
23475	0.133052
23754	0.047807
23764	-0.070300
24372	-0.104386
24918	0.032770
24944	-0.122146
25022	-0.026876
25140	-0.054055
26484	0.080170
27764	0.047312
28424	0.033675
28845	-0.092156
29861	-0.131382
30684	0.056972
31288	-0.072518
31704	0.094367
32421	0.064246
32520	0.089409
32893	-0.075587
34340	-0.228753
35227	0.010818
35334	0.063316
36499	-0.033590
36843	-0.080033
36844	-0.149190
36955	-0.318367
36970	-0.330394
39336	-0.134800
39353	0.018386
40538	0.052956
40541	0.036522
40542	-0.013789
40599	0.063176
40601	0.095112
40602	0.065214
40656	0.104598
40657	-0.048242
42157	-0.216641
42203	-0.104881
42204	0.041790
42851	0.080256
43061	0.098464
44144	-0.063718
45195	-0.130351
47030	0.041366
47285	-0.330156
47317	0.055136
47457	-0.052771
47460	0.055021
48147	-0.068620
48297	-0.089536
48474	0.084351
48696	0.138396
49516	0.084784
49630	0.072276
49927	-0.038991
50199	-0.092259
50249	0.028831
50259	-0.202346
50904	0.046223
53231	-0.016924
53471	-0.064531
53531	-0.016808
53986	0.006685
55057	0.046812
56431	-0.002468
56432	-0.062843
56466	-0.084143
56478	0.128154
56621	0.051571
57644	0.104388
57756	0.131553
58783	-0.054746
59657	0.102259
59715	0.288882
64825	0.007475
64947	-0.184638
65950	-0.083261
70102	0.022968
75003	-0.292219
75099	-0.294791
75742	0.009315
75823	0.069165
75824	-0.014042
78157	-0.127208
78181	0.049971
78191	-0.002226
80479	0.027540
80480	0.036943
80715	-0.036084
80719	-0.038546
80750	0.023595
81231	-0.200230
84436	0.107077
84780	0.075196
84844	-0.034535
85002	-0.012196
85003	-0.034030
85659	0.035106
85663	0.037622
85710	-0.074833
92185	-0.097532
96142	-0.048815
96144	0.073311
96482	0.283452
98871	0.066603
