# 1342 minima projected onto PC50
# Min	PC
3	0.003505
4	-0.123397
5	-0.051129
6	0.007537
7	-0.105028
9	-0.027187
16	-0.178801
17	-0.144313
21	0.015085
23	-0.270463
31	-0.009200
44	-0.092674
47	-0.087530
48	0.077492
51	-0.044451
52	-0.143902
55	0.378384
56	-0.043676
57	-0.223586
58	-0.274301
60	-0.408438
67	-0.111175
68	-0.123175
71	0.030491
72	-0.192584
74	-0.040054
79	0.127335
82	-0.305612
85	-0.004420
86	-0.017677
87	0.004847
88	0.198433
91	-0.117291
92	0.110802
94	0.126139
95	0.155504
97	-0.257376
104	0.457282
106	0.425738
109	0.070705
111	-0.605143
115	1.182297
120	-0.109762
126	-0.026954
129	0.106169
136	0.171106
137	0.006430
188	-0.068763
189	-0.165352
196	0.515409
199	-0.089081
200	0.088859
202	-0.206124
211	-0.094994
213	-0.396507
214	-0.160007
219	-0.109732
221	0.122136
276	-0.178090
279	-0.134046
283	0.342564
295	-0.238073
308	-0.112516
312	-0.048191
315	-0.781584
318	0.295403
319	0.171291
321	0.125836
324	0.076905
328	0.052949
334	-0.116191
336	1.805630
338	0.074527
347	-0.046195
351	-0.305344
352	-0.271389
354	-0.037088
357	0.157926
359	0.076150
362	-0.013797
364	0.112766
365	0.237008
368	0.205135
376	0.179765
377	-0.141141
380	-0.029631
386	-0.202113
388	0.056643
390	0.072154
396	-0.204216
404	0.001333
410	-0.011861
413	-0.246038
420	0.004155
423	-0.003819
424	-0.085969
437	-0.299285
438	-0.051806
444	-0.304639
452	-0.240642
473	-0.128422
474	0.045060
475	0.005923
476	-0.134833
478	-0.072047
479	0.363836
480	-0.060242
483	-0.194258
503	-0.648055
508	0.023303
509	0.054630
530	-0.259570
536	-0.170778
556	-0.094022
581	0.070553
583	0.202592
603	-0.331650
606	0.004140
607	-0.023537
620	-0.056001
628	-0.396890
636	0.157060
637	0.050755
639	0.010852
640	0.079152
644	0.001335
645	-0.108912
677	0.202725
678	0.349740
679	0.258306
682	0.130012
698	-0.066643
700	0.042084
710	0.025868
722	-0.260282
723	-0.055987
724	0.010486
725	0.129399
726	-0.016710
747	0.214534
753	0.096951
755	0.222315
757	0.018303
765	0.151100
782	0.235864
783	-0.109012
793	-0.043622
808	-0.094189
814	-0.060142
840	0.239519
848	-0.079612
859	-0.089033
864	-0.102814
867	0.056069
878	-0.085724
888	0.194890
890	0.006555
892	0.011001
899	-0.121581
918	-0.159656
926	-0.161814
933	-0.167630
934	-0.129744
981	-0.134648
1028	0.138264
1034	0.107449
1051	-0.014780
1054	-0.047478
1058	0.108210
1062	-0.158132
1063	0.398452
1064	0.066870
1066	-0.103403
1068	-0.127126
1073	-0.235510
1082	-0.103754
1083	-0.082193
1086	0.039315
1089	0.143644
1090	0.061663
1091	0.002646
1092	-0.221585
1164	-0.052523
1165	0.016484
1174	-0.515616
1176	0.066933
1184	-0.157049
1191	-0.071102
1192	0.040530
1201	-0.559566
1230	0.021000
1339	-0.238073
1341	0.214935
1370	-0.402450
1385	0.291576
1405	-0.067063
1437	0.003341
1441	0.205584
1443	0.119482
1521	-0.006421
1522	0.486468
1523	0.099077
1524	0.015891
1525	-0.007558
1541	0.061029
1542	-0.044751
1550	-0.299900
1551	-0.217388
1596	-0.176583
1597	0.069910
1628	0.212318
1629	0.148278
1633	0.088868
1636	-0.214731
1637	-0.832377
1765	-0.096327
1766	-0.012698
1780	-0.026401
1862	-0.113977
1865	-0.002708
1870	-0.263742
1885	0.374187
1910	-0.135296
1911	-0.199451
2007	-0.034643
2060	-0.332102
2062	0.454145
2090	0.615915
2093	-0.036576
2094	-0.198118
2095	-0.068396
2096	-0.430809
2100	-0.181798
2101	0.054431
2102	0.124032
2103	0.050633
2104	0.124105
2105	-0.019371
2128	0.154128
2129	-0.211916
2135	-0.054537
2190	0.185348
2195	0.346208
2197	0.063545
2198	0.167165
2199	0.087893
2200	0.029499
2201	-0.157072
2202	0.102535
2205	-0.007483
2217	-0.213390
2218	-0.124800
2221	0.339531
2272	-0.107096
2273	-0.106656
2275	-0.119863
2288	-0.288717
2293	0.034954
2298	-0.007424
2299	-0.130985
2300	-0.033059
2301	0.362602
2338	0.006466
2342	-0.102258
2343	-0.244992
2358	-0.389665
2384	-0.091028
2385	0.019037
2399	-0.013083
2435	0.395520
2436	-0.080985
2465	-0.044188
2467	-0.185325
2468	0.103465
2469	-0.019270
2470	-0.018180
2471	0.122852
2474	-0.265131
2620	-0.134748
2650	-0.298151
2651	-0.328583
2685	0.241151
2688	0.399021
2730	-0.070177
2843	0.069592
2951	0.384116
2959	0.196929
3236	0.059833
3305	0.568345
3318	0.021541
3340	0.033986
3352	0.013404
3355	0.367784
3356	-0.057160
3365	-0.160469
3366	-0.285023
3367	-0.193326
3368	-0.059367
3401	0.004714
3405	0.360918
3434	0.098175
3448	0.362004
3454	-0.148834
3481	-0.093760
3495	-0.008518
3504	-0.005355
3532	0.054995
3540	0.336462
3549	0.078928
3550	-0.114360
3569	-0.170628
3595	-0.219701
3596	0.081520
3603	-0.401473
3621	-0.019860
3622	-0.344539
3647	0.009720
3649	0.020486
3651	0.679621
3652	0.185193
3723	0.133920
3757	0.108674
3772	-0.028578
3787	-0.335264
3798	0.013477
3799	0.271733
3889	-0.286364
3897	-0.102434
3898	-0.048624
3904	-0.112345
3945	0.026380
3990	-0.295022
4024	-0.094700
4039	-0.360363
4048	0.045356
4050	0.111806
4076	-0.047187
4094	0.343375
4170	-0.061065
4251	-0.217732
4252	-0.115945
4299	0.110205
4302	0.157185
4318	-0.071308
4319	-0.229821
4320	0.048534
4360	-0.131177
4388	-0.185193
4414	-0.091361
4426	0.279381
4446	0.293559
4527	-0.169878
4545	-0.177611
4546	-0.050500
4554	-0.368630
4564	-0.201564
4567	0.005593
4634	0.012231
4693	0.050173
4736	0.219204
4761	-0.121412
4879	-0.029464
5071	0.034868
5138	-0.172161
5164	0.040794
5182	-0.113223
5183	0.095832
5184	-0.080475
5187	0.192792
5188	0.003854
5189	0.133689
5193	0.191239
5194	0.426665
5195	0.124089
5197	-0.139678
5203	-0.013706
5205	-0.216457
5212	-0.315231
5213	-0.448863
5222	-0.154215
5223	-0.237807
5228	0.058022
5232	0.183663
5244	-0.148872
5245	0.082799
5246	-0.118053
5248	-0.241658
5292	-0.178639
5293	-0.153208
5299	0.143749
5300	0.555643
5315	0.161241
5316	0.077299
5319	-0.004955
5320	0.043007
5321	-0.217799
5322	0.088038
5323	-0.240143
5324	-0.174109
5325	-0.062737
5329	-0.390331
5342	-0.272593
5343	-0.110743
5374	-0.463251
5376	0.044005
5378	-0.199783
5379	-0.146215
5382	-0.011671
5390	0.211213
5398	0.076979
5402	0.157058
5404	-0.071589
5407	-0.153163
5408	0.360731
5409	-0.011944
5411	-0.134126
5412	-0.071421
5413	0.216702
5416	0.497140
5418	-0.079136
5422	0.038832
5425	0.034269
5427	-0.126622
5428	-0.230546
5432	-0.038259
5436	0.275593
5443	-0.842644
5444	0.197897
5458	-0.089918
5462	0.475284
5465	-0.048274
5468	-0.263652
5471	-0.154621
5480	-0.129259
5481	-0.081343
5485	-0.200537
5486	-0.179906
5488	-0.133102
5489	-0.256237
5495	0.013947
5513	-0.061119
5515	0.043594
5516	0.194446
5521	0.013971
5527	-0.088492
5528	0.002725
5536	-0.050359
5537	-0.351997
5547	-0.265343
5565	-0.024500
5573	-0.057910
5579	-0.533207
5583	-0.203757
5586	0.088180
5589	-0.232525
5590	-0.208130
5593	0.055375
5599	0.035926
5604	-0.807308
5605	-0.079414
5606	0.416760
5625	-0.108354
5649	-0.016173
5656	0.151432
5657	-0.009710
5658	0.098752
5686	-0.041566
5695	-0.135222
5705	0.012381
5706	0.032482
5716	-0.152270
5717	-0.122705
5718	-0.194544
5719	-0.050648
5720	0.042117
5724	-0.090118
5738	-0.374408
5742	0.239968
5750	-0.205588
5751	0.149386
5756	-0.139210
5761	0.202616
5768	-0.327674
5773	-0.151424
5792	-0.154596
5793	-0.071350
5794	-0.222654
5806	0.060460
5811	-0.165215
5812	-0.141911
5813	-0.241380
5814	-0.287311
5821	0.050066
5823	-0.346509
5825	-0.015807
5831	0.153739
5832	0.184230
5833	0.025434
5847	0.014493
5849	0.164655
5851	0.090025
5854	0.319423
5858	0.175584
5862	0.076395
5875	-0.064947
5876	-0.202488
5903	0.103924
5910	0.367847
5912	-0.314243
5913	-0.853023
5925	-0.054445
5926	0.039833
5927	-0.186162
5928	-0.090370
5930	0.014518
5931	-0.046943
5933	0.392249
5934	0.072556
5937	0.376470
5939	-0.011091
5940	0.630873
5941	-0.045728
5943	0.149359
5963	-0.274292
5964	0.092662
5965	-0.260536
5966	0.035662
5968	0.101826
5969	0.173333
5970	0.144775
5971	0.124444
5975	0.191146
6006	-0.055971
6011	-0.041077
6017	0.074587
6019	0.033851
6022	-0.078996
6032	-0.359392
6095	-0.012015
6115	0.100737
6116	0.107281
6119	0.050823
6127	0.033932
6128	0.087204
6130	0.035349
6140	0.081159
6141	-0.040735
6147	0.199418
6148	0.293369
6163	-0.056857
6164	0.253077
6170	-0.010442
6171	0.195174
6177	-0.035128
6184	0.193891
6200	-0.139555
6204	-0.168017
6206	0.023237
6223	0.013396
6240	0.199467
6245	-0.009564
6253	0.012732
6267	0.055845
6269	0.426634
6290	0.096938
6303	-0.039814
6317	0.202128
6343	-0.174891
6350	0.088314
6360	0.447039
6367	0.310897
6383	-0.199108
6389	-0.329813
6397	-0.097235
6398	-0.153809
6406	0.015105
6407	0.368584
6412	0.033657
6413	-0.006088
6434	0.155917
6435	0.167025
6460	-0.030424
6463	-0.078172
6464	-0.080101
6489	-0.371154
6507	0.061681
6510	-0.361342
6516	-0.009667
6518	-0.349623
6522	0.406348
6523	0.363043
6524	-0.022618
6525	-0.073378
6531	-0.076093
6536	0.047136
6575	0.170390
6584	0.066284
6585	0.100425
6586	-0.065406
6594	0.123749
6595	-0.210160
6610	-0.117573
6612	-0.156725
6615	-0.118437
6624	-0.090484
6628	0.045628
6649	0.008738
6698	-0.643520
6706	-0.214523
6718	-0.228525
6719	-0.212518
6722	0.149944
6770	0.080452
6780	-0.150464
6781	-0.213811
6794	0.111328
6795	-0.022024
6796	0.484482
6799	0.067047
6809	0.325646
6837	-0.817705
6838	-0.348018
6839	-0.113375
6846	0.203921
6865	-0.225166
6869	-0.034731
6870	-0.271320
6871	0.113575
6873	0.030489
6876	-0.093528
6885	0.151127
6895	-0.172419
6896	0.026212
6897	0.046699
6900	-0.420779
6903	0.167992
6906	-0.207244
6916	-0.096937
6917	0.085122
6918	0.000338
6919	0.466827
6938	0.003371
6941	0.320439
6942	0.024772
6943	-0.080027
6944	-0.238494
6948	-0.011383
6953	-0.032815
6957	0.032767
6958	-0.089966
6970	0.097254
6971	-0.239493
6976	0.133194
6977	-0.076170
6990	-0.190188
7014	-0.058245
7015	0.099799
7016	-0.225636
7018	0.091755
7019	0.167086
7042	0.037497
7053	0.465977
7066	-0.110801
7067	-0.132160
7083	0.029420
7092	0.114529
7100	0.404247
7103	0.009198
7110	0.216302
7111	-0.014372
7112	-0.038537
7113	0.070570
7116	-0.055980
7119	-0.148861
7120	0.125292
7121	-0.292953
7122	0.021141
7140	-0.210462
7143	1.730374
7157	0.122020
7165	-0.134825
7175	-0.137015
7178	-0.443243
7206	-0.011512
7207	0.061796
7217	-0.181965
7218	-0.140960
7221	-0.099471
7227	0.091482
7230	0.462048
7236	-0.100354
7239	-0.252385
7242	0.240753
7260	-0.318907
7268	0.146497
7269	0.057528
7304	0.058136
7326	1.034230
7327	0.752372
7336	0.114726
7342	-0.122211
7346	-0.210624
7348	0.088136
7355	-0.071741
7361	-0.330812
7372	0.078488
7387	0.040819
7422	-0.181409
7423	-0.179328
7425	0.493318
7436	0.357042
7442	-0.137552
7446	0.031079
7448	-0.058622
7453	-0.099781
7463	-0.067673
7492	0.728712
7493	-0.016107
7494	0.121397
7495	0.069988
7518	0.062020
7520	0.795777
7540	-0.000643
7546	0.061371
7556	0.433579
7559	0.254220
7560	-0.069171
7561	-0.319276
7564	-0.183902
7575	0.032832
7583	0.627588
7585	-0.380571
7586	-0.068082
7599	-0.460833
7600	-0.225198
7606	-0.371757
7614	0.047901
7617	-0.319346
7622	0.057521
7629	0.121345
7637	0.280855
7640	-0.134410
7657	0.151733
7665	0.186574
7666	0.313844
7667	0.090121
7668	-0.087925
7669	-0.111019
7670	-0.390000
7671	0.179332
7681	-0.051704
7683	-0.314586
7684	-0.138782
7696	0.146935
7722	-0.143877
7723	0.043030
7799	-0.032450
7852	-0.215008
7859	-0.007414
7860	-0.021522
7861	-0.273109
7865	-0.284313
7875	-0.018053
7876	-0.113042
7895	-0.028864
7913	0.124375
7917	-0.466586
7952	0.097670
7969	1.627108
7971	0.145224
8000	0.047473
8002	0.174444
8006	-0.080306
8036	0.002232
8056	0.107227
8069	0.240711
8103	-0.413878
8107	-0.129674
8120	0.185370
8122	-0.052081
8125	-0.094063
8127	0.420243
8136	0.261849
8149	0.154208
8154	0.005185
8197	0.214675
8208	0.645872
8223	-0.172757
8232	-0.277977
8241	0.068673
8256	0.028211
8262	0.264557
8266	-0.141645
8267	0.165677
8268	0.189399
8269	0.246437
8271	0.227316
8273	0.158047
8280	-0.090913
8284	0.066096
8303	0.232846
8304	-0.077075
8305	-0.161283
8308	-0.021529
8332	-0.272904
8333	-0.130539
8334	0.079185
8338	-0.350606
8363	0.073197
8370	-0.071489
8398	0.090885
8465	0.015319
8468	-0.073513
8469	-0.189683
8470	0.055763
8507	0.059716
8552	-0.196115
8572	-0.086817
8574	-0.087095
8577	-0.135896
8586	0.027897
8592	0.004628
8593	0.007863
8594	-0.097288
8597	-0.102266
8599	-0.055870
8606	-0.154610
8607	-0.109782
8615	0.047085
8617	0.082840
8626	-0.094024
8636	0.121250
8669	-0.127555
8671	0.149348
8673	-0.011404
8675	-0.229424
8790	-0.129980
8791	-0.095352
8811	0.324983
8822	0.389790
8841	0.078039
8849	-0.066426
8856	0.355259
8875	-0.047510
8884	1.741744
8906	-0.074955
8907	-0.160722
8910	-0.014165
8911	-0.038780
8912	0.048990
8913	0.024557
8934	-0.098342
8935	-0.215995
8954	0.162485
8968	-0.074336
8972	0.007785
9001	-0.008012
9029	-0.010022
9032	-0.163111
9058	0.072957
9059	-0.249079
9068	0.120041
9070	0.262793
9108	0.037456
9139	-0.458849
9140	-0.290839
9158	-0.041068
9187	0.022082
9188	0.050870
9189	0.146666
9190	0.009676
9253	-0.092017
9259	0.135038
9268	0.026703
9269	0.013896
9271	0.093739
9312	-0.326127
9323	-0.041006
9329	-0.159354
9330	-0.156210
9331	-0.052715
9356	0.183167
9376	0.001526
9394	-0.000396
9424	-0.292917
9428	-0.376483
9429	-0.311735
9496	-0.242233
9536	0.079046
9543	-0.125959
9589	0.136957
9614	0.655087
9615	0.170735
9617	0.223792
9631	-0.517920
9661	-0.173863
9668	-0.115870
9718	0.428044
9728	-0.394175
9734	0.149422
9788	0.152320
9791	-0.032547
9793	-0.077589
9804	0.407781
9809	-0.123558
9810	-0.123410
9823	-0.007911
9828	-0.023847
9907	-0.452453
9951	-0.281902
9968	-0.291354
9969	-0.172712
10010	-0.064973
10011	0.129433
10012	-0.167906
10018	-0.017249
10021	0.246699
10022	0.266225
10031	0.095025
10032	0.272601
10033	-0.063197
10034	-0.024030
10035	0.046936
10039	0.056087
10044	-0.007315
10045	0.019915
10060	0.111389
10065	0.113804
10077	-0.191771
10080	0.066751
10130	0.019844
10131	0.301753
10149	0.017075
10194	0.199420
10197	0.016617
10221	-0.050883
10226	-0.245086
10232	0.041784
10233	0.359283
10263	-0.000388
10264	0.108799
10274	0.354327
10286	-0.296230
10292	0.963740
10299	0.049850
10302	-0.035759
10324	-0.293873
10355	-0.017984
10358	-0.178818
10362	-0.060045
10366	-0.226069
10368	0.419373
10370	0.258263
10392	0.194363
10405	-0.404737
10406	-0.040113
10409	0.067342
10419	-0.186392
10420	-0.066000
10424	-0.090091
10434	-0.084651
10455	0.151162
10478	0.200239
10480	-0.099327
10484	-0.045575
10510	0.009570
10519	-0.501560
10520	-0.126009
10524	0.101606
10578	-0.105994
10630	-0.168438
10643	0.118621
10645	-0.175897
10677	0.178187
10678	-0.061946
10690	0.218107
10717	0.096988
10718	0.302156
10719	0.227402
10721	0.079338
10723	-0.021820
10735	-0.135847
10736	0.169851
10829	-0.080935
10837	0.128466
10846	0.101792
10921	-0.213546
10922	-0.080903
10923	-0.172694
10924	-0.135614
10964	0.335418
10978	-0.008177
11017	-0.894726
11018	-0.774632
11019	-0.569204
11032	-0.077141
11034	0.220321
11035	0.165432
11036	0.013416
11052	0.175140
11056	0.082285
11060	-0.065857
11063	-0.020859
11064	-0.036682
11068	0.155548
11069	0.016891
11090	0.149095
11098	-0.142147
11099	-0.105492
11100	-0.121202
11105	-0.171904
11109	0.094536
11122	-0.053420
11123	-0.121668
11125	-0.177304
11126	-0.065679
11149	0.084251
11153	-0.162574
11188	0.004347
11193	-0.056108
11230	0.186070
11233	-0.097552
11236	-0.321269
11243	-0.277271
11251	-0.040103
11259	0.215018
11263	0.154348
11272	0.135385
11321	0.010826
11322	-0.133847
11326	-0.069113
11327	-0.032582
11335	0.146295
11337	-0.097509
11343	-0.261088
11390	0.029914
11444	-0.551100
11464	0.056111
11471	-0.051271
11472	-0.122336
11473	-0.024808
11492	0.257413
11499	0.428118
11500	-0.062317
11505	-0.512245
11527	0.109436
11528	-0.082179
11532	-0.041967
11564	-0.093067
11589	0.103507
11591	-0.046099
11592	-0.035384
11599	0.055636
11605	0.172788
11617	-0.182360
11630	0.348393
11631	-0.816662
11632	1.152422
11656	-0.881992
11657	0.119115
11777	-0.056526
11786	-0.439736
11812	-0.009425
12020	0.114656
12061	-0.009239
12115	0.227380
12154	0.140790
12155	0.215285
12156	-0.181010
12159	-0.147255
12174	-0.215772
12176	0.380080
12230	-0.137109
12234	-0.247707
12236	-0.171337
12237	0.143030
12250	-0.461554
12252	-0.073199
12253	0.281008
12315	0.290105
12381	-0.065098
12382	-0.051967
12438	-0.131087
12455	0.198067
12462	-0.207643
12478	-0.326736
12603	-0.107570
12711	-0.117255
12714	-0.219198
12716	-0.126090
12754	-0.183238
12785	-0.391456
12788	-0.426578
12792	-0.255877
12898	-0.063231
12944	-0.641544
12949	-0.562168
13062	0.140087
13099	0.224103
13160	-0.119335
13198	-0.245094
13239	0.014673
13249	0.207338
13262	0.104060
13263	-0.471764
13272	0.975382
13273	-1.051106
13277	0.026886
13305	-0.183233
13342	0.064035
13343	0.145676
13345	0.647938
13351	0.086918
13357	0.045493
13427	-0.107142
13436	0.189410
13455	-0.135736
13528	0.519319
13532	0.128765
13553	0.353517
13566	0.096137
13651	0.122852
13653	0.369820
13675	0.104928
13676	0.105334
13677	0.270304
13678	0.102312
13681	0.178492
13688	0.010352
13697	-0.139965
13705	-0.167619
13708	0.270230
13737	0.204459
13760	0.004901
13923	-0.183003
13927	-0.302916
13995	-0.053685
14002	0.177134
14003	0.016817
14021	-0.004550
14034	-0.268100
14064	-0.230118
14110	-0.140421
14155	-0.017785
14203	-0.139713
14208	-0.181758
14340	-0.074543
14356	0.298201
14389	-0.113940
14499	0.114108
14625	0.237208
14632	0.083350
14637	0.178293
14641	0.017366
14685	-0.544529
14694	-0.025744
14695	-0.052895
14699	0.306494
14700	0.106041
14749	0.282565
14760	-0.493409
14790	0.318161
14791	0.012348
14796	0.118157
14797	-0.011234
14891	-0.055681
14927	0.107396
15099	0.030348
15182	0.040469
15243	0.223926
15245	-0.090374
15254	-0.211137
15322	-0.075264
15327	0.011113
15463	0.026821
15496	-0.066188
15499	-0.168227
15502	0.009254
15514	-0.074097
15566	0.162413
15580	1.007801
15583	0.884620
15586	0.009346
15601	-0.124168
15621	0.623124
15780	0.038413
15869	-0.370140
16082	0.181789
16281	-0.031411
16293	0.559813
16300	-0.132858
16304	0.173443
16360	0.378434
16361	0.031039
16367	0.272900
16432	-0.316457
16433	0.132661
16438	-0.244286
16446	-0.135829
16453	-0.294666
16463	-0.039461
16466	-0.071516
16477	-0.370050
16482	0.257008
16605	-0.219410
16606	0.887546
16635	0.087067
16638	-0.016779
16655	-0.065407
16673	0.054679
16676	0.228391
16677	-0.024135
16678	0.183389
16808	-0.150833
16829	0.096990
17150	-0.159044
17182	0.073814
17199	-0.222233
17273	-0.503970
17431	0.119153
17466	0.161079
17472	-0.150401
17485	-0.008264
17585	0.070510
17620	0.261943
17647	0.517878
17690	0.429782
17772	0.976037
18410	0.138371
19647	0.292809
21458	0.934132
21885	-0.106374
21973	-0.183640
21976	0.098826
21977	-0.071206
22084	-0.080991
23475	-0.105731
23754	0.110472
23764	-0.253296
24372	0.120272
24918	0.530744
24944	0.284919
25022	0.092230
25140	-0.575613
26484	-0.056628
27764	0.151338
28424	0.065514
28845	-0.076791
29861	0.439835
30684	0.209292
31288	0.097248
31704	0.175476
32421	-0.308418
32520	0.048347
32893	-0.161246
34340	-0.822220
35227	-0.862893
35334	-0.167145
36499	-0.036808
36843	-0.027872
36844	-0.064662
36955	-0.006557
36970	-0.108575
39336	-0.745860
39353	0.076265
40538	-0.161724
40541	0.115092
40542	0.142005
40599	0.645354
40601	0.097537
40602	0.323235
40656	-0.169754
40657	0.007349
42157	0.453222
42203	0.062451
42204	-0.065783
42851	0.227146
43061	-0.156507
44144	0.118635
45195	-0.635015
47030	-0.016734
47285	-0.139632
47317	0.045033
47457	0.903098
47460	-0.096979
48147	0.262761
48297	0.252265
48474	-0.067443
48696	0.108285
49516	-0.044141
49630	-0.410712
49927	0.492440
50199	-0.075580
50249	-0.180784
50259	-0.532987
50904	-0.000761
53231	0.006550
53471	0.153032
53531	-0.301340
53986	-0.149308
55057	0.844321
56431	-0.216503
56432	-0.192088
56466	-0.059980
56478	-0.490430
56621	0.019228
57644	0.123745
57756	0.471859
58783	0.744450
59657	-0.270001
59715	0.885923
64825	-0.413427
64947	0.238741
65950	0.529204
70102	-0.358230
75003	0.246932
75099	0.421506
75742	0.329378
75823	0.196805
75824	-0.345601
78157	-0.333190
78181	-0.259507
78191	0.121107
80479	0.099525
80480	-0.205904
80715	-0.116572
80719	-0.087458
80750	-0.226702
81231	0.100928
84436	0.099392
84780	-0.012963
84844	0.052537
85002	0.183921
85003	-0.112209
85659	0.151744
85663	0.007861
85710	-0.057036
92185	0.774382
96142	0.792910
96144	0.779151
96482	-0.258153
98871	0.276613
