# 1342 minima projected onto PC118
# Min	PC
3	-0.007616
4	-0.003845
5	0.000577
6	0.015689
7	-0.016045
9	0.019036
16	-0.005592
17	0.011992
21	-0.001815
23	0.008064
31	-0.017044
44	0.006576
47	0.000884
48	-0.004637
51	-0.002417
52	-0.002732
55	0.015797
56	-0.007612
57	-0.003526
58	0.032602
60	-0.014723
67	0.007201
68	0.003084
71	-0.008516
72	-0.022568
74	0.004169
79	-0.011972
82	0.009264
85	-0.002355
86	-0.001362
87	-0.010508
88	0.002896
91	-0.022252
92	0.006688
94	-0.001154
95	-0.012184
97	0.008469
104	-0.009642
106	-0.006252
109	0.015389
111	-0.006067
115	0.028746
120	-0.004083
126	-0.027946
129	0.015879
136	0.006859
137	-0.008240
188	0.011777
189	-0.000301
196	0.004899
199	0.016457
200	-0.007124
202	0.002325
211	-0.028502
213	0.024244
214	-0.003641
219	-0.006289
221	-0.005044
276	0.002800
279	-0.013787
283	0.032689
295	0.001156
308	0.003964
312	0.007496
315	-0.004236
318	0.009537
319	-0.002848
321	0.002853
324	-0.004862
328	-0.013210
334	0.002003
336	0.006513
338	0.039791
347	-0.004122
351	0.014318
352	-0.008620
354	0.002400
357	-0.010346
359	-0.008246
362	-0.016153
364	-0.006817
365	-0.008829
368	-0.001506
376	0.012160
377	0.002083
380	0.001432
386	0.000517
388	-0.001377
390	-0.012543
396	-0.000009
404	0.001816
410	0.000492
413	-0.005291
420	0.003685
423	-0.004296
424	0.009405
437	-0.001138
438	-0.010309
444	0.010008
452	-0.023957
473	0.006732
474	-0.008100
475	0.000828
476	-0.001728
478	-0.003157
479	0.016254
480	-0.010519
483	0.029103
503	0.002611
508	-0.000871
509	0.016516
530	-0.007840
536	-0.003592
556	-0.003956
581	0.010222
583	0.018558
603	-0.014970
606	0.022474
607	0.009034
620	-0.000997
628	0.024735
636	0.002271
637	-0.016526
639	0.004432
640	-0.019639
644	0.003691
645	-0.004252
677	0.020435
678	0.005467
679	-0.004715
682	-0.000668
698	-0.004878
700	-0.009764
710	-0.011446
722	0.009486
723	-0.026017
724	0.001661
725	0.027276
726	0.002522
747	0.023910
753	-0.007531
755	0.004929
757	-0.013384
765	-0.023349
782	0.009426
783	-0.007623
793	0.038288
808	0.001298
814	0.002846
840	-0.021082
848	-0.005910
859	0.001708
864	-0.002065
867	-0.020736
878	0.014560
888	0.021514
890	0.025269
892	-0.001000
899	-0.009904
918	0.004534
926	-0.008830
933	-0.005565
934	-0.007644
981	-0.002121
1028	0.002865
1034	-0.001933
1051	-0.004828
1054	0.005134
1058	-0.083019
1062	-0.000087
1063	-0.003100
1064	0.009218
1066	-0.004964
1068	-0.005355
1073	-0.010745
1082	0.001205
1083	0.002184
1086	0.012330
1089	0.012723
1090	0.010665
1091	0.017696
1092	0.003873
1164	-0.016982
1165	-0.006720
1174	0.020430
1176	-0.003412
1184	0.010349
1191	0.007358
1192	0.004846
1201	0.035241
1230	-0.006960
1339	-0.001159
1341	0.026625
1370	0.005146
1385	0.011691
1405	0.009438
1437	-0.009765
1441	-0.026135
1443	-0.002503
1521	-0.002606
1522	-0.004328
1523	-0.001674
1524	0.003851
1525	-0.002521
1541	-0.011039
1542	-0.006000
1550	0.004921
1551	-0.011045
1596	-0.002674
1597	0.006828
1628	0.008581
1629	-0.010023
1633	0.002788
1636	0.001784
1637	-0.017920
1765	-0.008341
1766	0.005585
1780	-0.004098
1862	-0.001882
1865	-0.006339
1870	-0.011373
1885	0.001692
1910	0.005709
1911	0.002458
2007	-0.012197
2060	-0.008631
2062	0.023579
2090	0.013991
2093	-0.015300
2094	-0.012117
2095	-0.009436
2096	0.009650
2100	0.002312
2101	0.049259
2102	0.027915
2103	0.041021
2104	0.019789
2105	0.010586
2128	-0.012248
2129	-0.000619
2135	-0.003495
2190	0.000370
2195	0.004498
2197	-0.002193
2198	-0.001563
2199	-0.003167
2200	0.014701
2201	0.019417
2202	0.000891
2205	0.012409
2217	-0.002369
2218	-0.041191
2221	0.015253
2272	0.009889
2273	-0.007279
2275	0.003081
2288	-0.004723
2293	-0.005115
2298	-0.016889
2299	0.009884
2300	-0.018423
2301	0.006731
2338	-0.007549
2342	-0.009659
2343	0.014714
2358	0.045012
2384	-0.001839
2385	-0.001049
2399	0.011346
2435	0.013517
2436	0.007194
2465	-0.007458
2467	0.008735
2468	0.001896
2469	0.000740
2470	-0.001724
2471	0.005143
2474	0.001759
2620	0.001541
2650	-0.002722
2651	0.006813
2685	0.006043
2688	0.016247
2730	0.027304
2843	0.001234
2951	-0.016495
2959	-0.004800
3236	0.005632
3305	0.007113
3318	0.001555
3340	-0.010028
3352	-0.003341
3355	0.014997
3356	-0.021341
3365	-0.021402
3366	-0.031009
3367	-0.016950
3368	-0.008295
3401	0.007624
3405	-0.006582
3434	0.007934
3448	-0.000425
3454	0.001056
3481	0.003219
3495	-0.008501
3504	-0.007061
3532	-0.011795
3540	-0.009933
3549	-0.019717
3550	0.002352
3569	-0.012846
3595	-0.010001
3596	-0.001879
3603	0.008843
3621	-0.010712
3622	-0.015068
3647	-0.008137
3649	-0.010122
3651	0.002309
3652	0.006544
3723	0.013398
3757	-0.002973
3772	-0.007417
3787	-0.001378
3798	-0.008109
3799	0.008927
3889	-0.006871
3897	-0.009071
3898	0.000467
3904	-0.021357
3945	0.000185
3990	-0.014919
4024	-0.006196
4039	-0.007548
4048	0.009188
4050	0.025632
4076	0.010042
4094	0.016124
4170	0.018161
4251	-0.017738
4252	-0.011716
4299	0.008011
4302	-0.003266
4318	-0.019242
4319	-0.009555
4320	-0.010233
4360	-0.009112
4388	0.005783
4414	-0.014335
4426	0.004166
4446	0.017498
4527	0.004135
4545	-0.012194
4546	-0.001974
4554	-0.020913
4564	0.009344
4567	0.005561
4634	-0.008067
4693	-0.010524
4736	-0.005361
4761	-0.000600
4879	-0.000488
5071	-0.004163
5138	-0.003458
5164	-0.005467
5182	0.059927
5183	0.068854
5184	0.011322
5187	0.006541
5188	0.005306
5189	0.000664
5193	-0.003766
5194	0.024819
5195	0.000102
5197	-0.004635
5203	0.011935
5205	-0.052795
5212	0.024305
5213	0.028689
5222	0.013121
5223	0.015983
5228	0.014525
5232	-0.003390
5244	-0.013168
5245	0.013854
5246	-0.052561
5248	-0.001089
5292	-0.011841
5293	-0.011199
5299	-0.029943
5300	0.019323
5315	-0.002194
5316	-0.009727
5319	0.004168
5320	0.007356
5321	0.012669
5322	0.036660
5323	-0.008473
5324	-0.008612
5325	0.002971
5329	0.015781
5342	-0.005880
5343	-0.005094
5374	-0.027373
5376	-0.031758
5378	-0.004556
5379	-0.003965
5382	0.007280
5390	-0.005346
5398	0.005130
5402	0.004772
5404	-0.002718
5407	0.012534
5408	-0.002456
5409	0.003751
5411	0.008322
5412	-0.005797
5413	-0.005655
5416	-0.028608
5418	0.007918
5422	-0.005698
5425	0.016313
5427	0.015477
5428	-0.001663
5432	-0.007865
5436	0.001139
5443	0.012594
5444	0.008725
5458	-0.015662
5462	-0.015837
5465	-0.004509
5468	-0.004931
5471	0.000470
5480	-0.000333
5481	-0.009346
5485	-0.018572
5486	0.000994
5488	-0.002489
5489	0.009222
5495	0.020545
5513	0.008673
5515	-0.004254
5516	0.028811
5521	0.003711
5527	-0.001059
5528	-0.003039
5536	0.029203
5537	0.007989
5547	0.006012
5565	-0.008116
5573	-0.016230
5579	0.012361
5583	-0.007307
5586	-0.014122
5589	-0.013656
5590	-0.005714
5593	-0.011760
5599	-0.023589
5604	0.021559
5605	-0.018436
5606	-0.031908
5625	0.002303
5649	-0.000736
5656	0.009631
5657	0.004948
5658	-0.003164
5686	0.004028
5695	0.009541
5705	0.005261
5706	-0.010382
5716	-0.003697
5717	0.000314
5718	-0.001795
5719	0.006765
5720	0.013719
5724	-0.014512
5738	-0.002963
5742	-0.002484
5750	0.000122
5751	-0.001112
5756	-0.002115
5761	-0.030037
5768	-0.004737
5773	0.027620
5792	0.007085
5793	-0.000334
5794	0.004148
5806	-0.010117
5811	-0.004274
5812	0.012025
5813	-0.000494
5814	-0.016512
5821	-0.002196
5823	0.016410
5825	-0.003966
5831	0.001993
5832	0.003633
5833	0.027145
5847	-0.002089
5849	0.014756
5851	0.013835
5854	0.010279
5858	-0.007951
5862	0.011201
5875	-0.013672
5876	0.003040
5903	-0.007844
5910	0.017708
5912	-0.018988
5913	-0.009323
5925	0.002577
5926	0.007973
5927	-0.001888
5928	-0.009134
5930	-0.009945
5931	0.008108
5933	-0.004766
5934	-0.009726
5937	0.007853
5939	0.009276
5940	-0.025298
5941	0.007793
5943	0.003417
5963	0.022964
5964	-0.005923
5965	-0.012889
5966	-0.018234
5968	0.038368
5969	-0.003693
5970	-0.007962
5971	-0.022004
5975	-0.011478
6006	0.008826
6011	-0.003608
6017	-0.006770
6019	0.011719
6022	-0.003096
6032	0.010424
6095	-0.010453
6115	0.009029
6116	-0.018585
6119	-0.011176
6127	-0.000139
6128	-0.008486
6130	-0.003838
6140	0.000169
6141	0.043399
6147	-0.020141
6148	-0.025925
6163	-0.014008
6164	0.002709
6170	-0.054765
6171	-0.015284
6177	-0.028462
6184	0.000546
6200	0.055599
6204	-0.003418
6206	0.009340
6223	-0.008584
6240	0.039183
6245	-0.007674
6253	0.010314
6267	0.001731
6269	0.005800
6290	-0.000607
6303	-0.029267
6317	0.003950
6343	-0.007481
6350	-0.008892
6360	-0.027878
6367	0.007371
6383	-0.007214
6389	0.025087
6397	-0.000326
6398	-0.006361
6406	0.010359
6407	0.006345
6412	-0.014399
6413	-0.005004
6434	-0.007785
6435	0.000817
6460	-0.010179
6463	-0.000085
6464	-0.006054
6489	0.011357
6507	0.002943
6510	-0.017994
6516	-0.003097
6518	-0.009953
6522	0.009186
6523	0.029425
6524	0.006705
6525	0.007580
6531	-0.014679
6536	0.016576
6575	0.010124
6584	0.023160
6585	-0.000293
6586	0.029651
6594	-0.010398
6595	-0.007918
6610	0.003298
6612	-0.002994
6615	-0.012039
6624	0.001543
6628	-0.000771
6649	0.012799
6698	-0.001756
6706	-0.020655
6718	0.002836
6719	0.017586
6722	-0.002015
6770	-0.022694
6780	-0.030686
6781	-0.007121
6794	0.008392
6795	0.019524
6796	0.017611
6799	-0.018481
6809	0.003802
6837	0.071571
6838	-0.022238
6839	0.007806
6846	0.004852
6865	-0.003506
6869	0.018513
6870	-0.014727
6871	-0.011714
6873	0.001264
6876	0.002727
6885	0.017202
6895	-0.008027
6896	0.006735
6897	0.000728
6900	0.017807
6903	-0.017119
6906	-0.000274
6916	0.001233
6917	0.012216
6918	-0.027856
6919	0.031799
6938	0.003861
6941	0.002685
6942	-0.008602
6943	0.001487
6944	-0.003063
6948	-0.004263
6953	-0.001992
6957	-0.019535
6958	0.038315
6970	-0.014330
6971	-0.012365
6976	-0.010156
6977	-0.010287
6990	0.015496
7014	-0.006900
7015	0.003429
7016	0.005208
7018	-0.005593
7019	-0.000914
7042	-0.004689
7053	-0.031316
7066	-0.003277
7067	-0.004977
7083	0.007544
7092	0.012627
7100	0.019112
7103	0.011405
7110	0.018576
7111	-0.008686
7112	-0.021167
7113	0.006728
7116	0.004751
7119	0.015904
7120	0.033821
7121	0.001764
7122	0.022924
7140	0.014600
7143	-0.032222
7157	-0.008444
7165	-0.033139
7175	0.017215
7178	-0.025040
7206	-0.014849
7207	0.017497
7217	0.011584
7218	-0.011248
7221	0.003480
7227	-0.014326
7230	-0.013165
7236	0.017427
7239	-0.011320
7242	0.023997
7260	-0.004935
7268	0.005405
7269	0.007210
7304	0.011109
7326	-0.000275
7327	0.012696
7336	0.005107
7342	-0.020277
7346	-0.002218
7348	0.014637
7355	0.024804
7361	0.012427
7372	-0.004375
7387	-0.012509
7422	0.004383
7423	-0.009275
7425	0.022775
7436	-0.003190
7442	-0.036351
7446	-0.013346
7448	-0.023928
7453	0.004482
7463	0.016747
7492	0.031650
7493	-0.006547
7494	0.003683
7495	-0.025457
7518	0.013377
7520	-0.055105
7540	-0.012631
7546	-0.010495
7556	0.026809
7559	-0.000205
7560	0.007599
7561	-0.000295
7564	0.015581
7575	0.010864
7583	-0.048728
7585	0.016059
7586	-0.006509
7599	-0.000303
7600	0.010408
7606	-0.013837
7614	-0.012761
7617	0.004642
7622	0.020360
7629	0.031558
7637	-0.007290
7640	0.013976
7657	-0.008859
7665	-0.008456
7666	-0.000169
7667	0.024652
7668	0.012631
7669	0.069915
7670	0.006459
7671	0.025488
7681	-0.034041
7683	-0.018536
7684	-0.004478
7696	0.016593
7722	0.009604
7723	0.007523
7799	0.006838
7852	-0.003963
7859	0.002838
7860	-0.010607
7861	0.006552
7865	0.004229
7875	-0.009683
7876	0.001624
7895	0.009423
7913	-0.010039
7917	0.018573
7952	0.011561
7969	0.013000
7971	0.006713
8000	0.003092
8002	0.008942
8006	0.019427
8036	-0.003685
8056	0.000036
8069	0.007516
8103	0.012451
8107	0.001074
8120	0.039998
8122	0.006876
8125	0.002812
8127	0.003968
8136	-0.006393
8149	-0.006149
8154	0.001103
8197	0.020712
8208	-0.003570
8223	-0.017342
8232	0.003575
8241	0.006526
8256	0.030962
8262	0.028191
8266	-0.009297
8267	0.006065
8268	0.003737
8269	0.009209
8271	0.013003
8273	0.013713
8280	0.006795
8284	0.008107
8303	-0.011022
8304	-0.002298
8305	0.010493
8308	-0.015790
8332	-0.043284
8333	-0.011992
8334	-0.017458
8338	-0.047541
8363	0.033076
8370	-0.004456
8398	-0.011213
8465	0.030588
8468	-0.006623
8469	0.010464
8470	0.004562
8507	-0.012573
8552	0.022004
8572	-0.008916
8574	-0.012712
8577	0.003316
8586	-0.006469
8592	0.009931
8593	0.011459
8594	0.003248
8597	-0.003391
8599	-0.001416
8606	-0.003788
8607	0.003841
8615	0.001730
8617	0.009095
8626	-0.013559
8636	-0.000892
8669	-0.018129
8671	-0.016739
8673	-0.011490
8675	-0.022812
8790	-0.005331
8791	-0.010736
8811	-0.064643
8822	-0.000326
8841	0.009355
8849	0.000380
8856	0.000781
8875	-0.004680
8884	0.032822
8906	0.014034
8907	-0.008040
8910	-0.007138
8911	-0.008799
8912	0.000647
8913	-0.015360
8934	0.013862
8935	0.001236
8954	0.041795
8968	-0.001450
8972	-0.000150
9001	0.002080
9029	-0.004953
9032	-0.004253
9058	0.025074
9059	0.006744
9068	0.016176
9070	0.005146
9108	0.008049
9139	-0.022276
9140	-0.023750
9158	0.023894
9187	0.015953
9188	0.019502
9189	-0.002195
9190	0.013802
9253	0.000526
9259	0.004236
9268	-0.000316
9269	-0.014089
9271	-0.007388
9312	-0.005222
9323	0.000240
9329	0.002430
9330	0.002920
9331	-0.005818
9356	-0.008098
9376	0.015885
9394	0.005251
9424	-0.012424
9428	-0.003361
9429	0.002469
9496	0.002061
9536	-0.010739
9543	0.010056
9589	0.011698
9614	0.010378
9615	-0.005358
9617	-0.043678
9631	0.016343
9661	-0.014446
9668	-0.011385
9718	-0.008961
9728	-0.001308
9734	-0.018255
9788	0.012616
9791	0.015203
9793	0.021758
9804	0.014644
9809	0.001261
9810	0.013324
9823	-0.015675
9828	-0.008426
9907	-0.011791
9951	-0.004763
9968	-0.010986
9969	-0.009606
10010	-0.006388
10011	0.001234
10012	-0.003559
10018	-0.004541
10021	0.003734
10022	-0.011665
10031	-0.004451
10032	-0.000069
10033	-0.001583
10034	-0.013157
10035	-0.004790
10039	0.007984
10044	-0.004909
10045	0.032041
10060	0.014346
10065	0.007950
10077	-0.002491
10080	0.004497
10130	0.035643
10131	-0.000777
10149	0.009986
10194	-0.001484
10197	-0.007038
10221	-0.000292
10226	-0.007904
10232	0.014410
10233	0.010464
10263	-0.000587
10264	0.010706
10274	0.004756
10286	-0.015243
10292	-0.000647
10299	0.022939
10302	-0.012860
10324	-0.012433
10355	0.005384
10358	-0.009958
10362	0.000939
10366	-0.004775
10368	-0.005784
10370	0.008181
10392	0.008451
10405	-0.012391
10406	-0.008396
10409	-0.015637
10419	0.018690
10420	0.011738
10424	0.003227
10434	0.002702
10455	0.002622
10478	-0.015677
10480	-0.005953
10484	-0.001470
10510	0.004972
10519	0.003553
10520	-0.001227
10524	0.003889
10578	-0.003846
10630	-0.006073
10643	-0.003042
10645	-0.012820
10677	-0.001380
10678	0.001985
10690	-0.003517
10717	0.002101
10718	-0.001096
10719	0.015586
10721	-0.011084
10723	-0.015671
10735	-0.001737
10736	0.015960
10829	0.006626
10837	-0.016962
10846	-0.011338
10921	0.006070
10922	-0.020318
10923	-0.036657
10924	-0.036619
10964	-0.007737
10978	-0.004178
11017	-0.023695
11018	-0.038979
11019	0.010112
11032	-0.001059
11034	-0.019766
11035	-0.022749
11036	0.003695
11052	0.015994
11056	0.001745
11060	0.017964
11063	-0.003917
11064	0.020868
11068	-0.005071
11069	-0.004239
11090	-0.007594
11098	-0.000768
11099	0.000483
11100	0.002273
11105	0.004932
11109	-0.000951
11122	-0.018291
11123	0.007486
11125	0.001761
11126	0.002011
11149	-0.024408
11153	-0.018593
11188	-0.009323
11193	0.001964
11230	-0.005126
11233	0.006162
11236	0.070561
11243	-0.021383
11251	0.016913
11259	0.007504
11263	-0.021596
11272	0.016761
11321	0.001359
11322	0.011901
11326	0.013590
11327	0.010889
11335	0.001216
11337	-0.011935
11343	0.012784
11390	-0.004670
11444	0.000993
11464	0.003392
11471	-0.000222
11472	-0.016142
11473	0.000915
11492	-0.027664
11499	0.014142
11500	0.008322
11505	-0.010534
11527	0.004432
11528	0.001992
11532	0.012136
11564	-0.006307
11589	-0.009510
11591	0.009932
11592	-0.006141
11599	0.009339
11605	-0.050912
11617	0.005473
11630	0.022220
11631	0.012380
11632	-0.021403
11656	-0.007978
11657	-0.023971
11777	-0.022290
11786	0.004836
11812	0.006088
12020	0.000759
12061	-0.002854
12115	-0.016558
12154	0.008679
12155	-0.016130
12156	-0.002067
12159	-0.010462
12174	-0.013531
12176	-0.037476
12230	-0.009390
12234	0.014736
12236	-0.006998
12237	0.009662
12250	-0.014461
12252	-0.000916
12253	-0.003146
12315	-0.001482
12381	-0.025273
12382	-0.018100
12438	0.004681
12455	-0.010978
12462	-0.029287
12478	0.015007
12603	-0.046863
12711	0.004904
12714	-0.007657
12716	0.008749
12754	-0.017731
12785	-0.025106
12788	0.026074
12792	-0.009083
12898	0.013095
12944	0.008972
12949	0.021601
13062	-0.032852
13099	-0.032565
13160	-0.004419
13198	0.009235
13239	-0.006825
13249	0.006958
13262	-0.002798
13263	0.019986
13272	-0.014011
13273	0.039499
13277	0.018765
13305	-0.013113
13342	-0.013765
13343	-0.008118
13345	-0.017403
13351	-0.013400
13357	0.021530
13427	-0.027099
13436	-0.031754
13455	-0.010323
13528	-0.035169
13532	-0.020630
13553	0.017577
13566	0.013776
13651	-0.008359
13653	0.014759
13675	-0.000282
13676	-0.008732
13677	0.010671
13678	-0.008865
13681	-0.015493
13688	0.019096
13697	0.033745
13705	-0.004768
13708	-0.011711
13737	-0.006303
13760	0.014972
13923	0.001788
13927	-0.003505
13995	-0.003976
14002	0.018845
14003	0.004513
14021	-0.013919
14034	0.005879
14064	0.008013
14110	0.007507
14155	0.016688
14203	-0.013119
14208	-0.015391
14340	-0.016044
14356	-0.039058
14389	-0.007719
14499	0.001247
14625	0.020468
14632	-0.025609
14637	-0.020915
14641	-0.021308
14685	0.016188
14694	0.005682
14695	0.002459
14699	-0.018006
14700	-0.003311
14749	-0.028349
14760	0.034491
14790	0.008827
14791	0.016493
14796	-0.005386
14797	0.006993
14891	0.004579
14927	0.006386
15099	-0.006963
15182	0.028162
15243	0.013290
15245	-0.006243
15254	0.006995
15322	-0.010207
15327	0.008679
15463	0.001230
15496	0.005296
15499	-0.008993
15502	-0.007925
15514	0.017026
15566	-0.000266
15580	0.013032
15583	-0.000902
15586	0.015053
15601	-0.013156
15621	0.029312
15780	0.018430
15869	-0.021297
16082	0.010402
16281	0.001375
16293	-0.018086
16300	-0.003867
16304	-0.020633
16360	-0.009981
16361	-0.049252
16367	-0.022911
16432	0.014831
16433	0.031996
16438	0.003408
16446	-0.001007
16453	0.023001
16463	0.048952
16466	-0.002073
16477	0.022481
16482	-0.020725
16605	-0.012253
16606	0.054037
16635	-0.002432
16638	0.005503
16655	0.005566
16673	0.010051
16676	0.001218
16677	0.007169
16678	-0.003960
16808	-0.008498
16829	0.010116
17150	-0.012725
17182	0.006951
17199	-0.016304
17273	-0.017812
17431	0.005519
17466	-0.093807
17472	-0.020169
17485	-0.002989
17585	-0.025774
17620	0.010164
17647	0.035974
17690	0.011168
17772	0.003056
18410	0.012326
19647	-0.023888
21458	-0.012610
21885	-0.023154
21973	0.011336
21976	0.011266
21977	-0.017805
22084	-0.006633
23475	-0.000699
23754	-0.018833
23764	0.019292
24372	-0.020225
24918	-0.008501
24944	-0.001505
25022	-0.009972
25140	-0.013760
26484	-0.006334
27764	0.020631
28424	-0.018369
28845	-0.019135
29861	0.006940
30684	-0.005226
31288	0.002675
31704	0.000632
32421	-0.025211
32520	-0.034244
32893	-0.007676
34340	0.010261
35227	-0.005149
35334	0.012055
36499	-0.012313
36843	-0.035140
36844	-0.026876
36955	0.004638
36970	0.002293
39336	0.002249
39353	0.019631
40538	-0.003091
40541	0.004523
40542	0.002810
40599	0.006829
40601	0.003787
40602	0.008390
40656	0.006399
40657	-0.000747
42157	0.015769
42203	0.003375
42204	-0.002311
42851	-0.015396
43061	-0.001218
44144	0.015826
45195	0.017341
47030	-0.026266
47285	0.057203
47317	0.027608
47457	0.013233
47460	0.013480
48147	-0.003127
48297	-0.029440
48474	-0.002636
48696	0.008899
49516	0.004749
49630	-0.003185
49927	-0.010742
50199	-0.006726
50249	0.043969
50259	0.002585
50904	-0.027839
53231	0.055458
53471	-0.026800
53531	-0.007434
53986	0.013308
55057	-0.006846
56431	0.010579
56432	0.009821
56466	-0.056657
56478	0.027092
56621	-0.026907
57644	-0.005967
57756	0.017073
58783	0.003071
59657	-0.008103
59715	-0.006587
64825	0.063764
64947	-0.002304
65950	0.037937
70102	0.006574
75003	-0.010760
75099	-0.006343
75742	0.015232
75823	0.014096
75824	0.019355
78157	0.062881
78181	0.008124
78191	0.010831
80479	0.019235
80480	0.002586
80715	0.003979
80719	-0.007592
80750	-0.007979
81231	0.016654
84436	-0.003602
84780	0.003000
84844	0.010524
85002	0.024600
85003	0.006073
85659	0.012331
85663	0.006771
85710	0.011384
92185	-0.028277
96142	-0.004212
96144	0.016668
96482	-0.021802
98871	-0.024299
