# 1342 minima projected onto PC90
# Min	PC
3	0.011359
4	0.008564
5	0.007568
6	0.039450
7	-0.012313
9	0.062304
16	0.007544
17	0.028737
21	0.039859
23	0.010392
31	0.050140
44	0.069176
47	0.022466
48	0.058792
51	0.017182
52	-0.005958
55	0.057923
56	0.013115
57	0.046770
58	-0.079538
60	0.026629
67	-0.002053
68	0.035927
71	-0.029077
72	-0.026197
74	0.010056
79	0.045699
82	-0.003850
85	-0.017127
86	0.014153
87	-0.028357
88	0.041958
91	-0.007580
92	0.020278
94	0.003884
95	-0.071275
97	-0.007081
104	-0.017343
106	0.050751
109	0.087416
111	0.001621
115	-0.048690
120	0.054864
126	0.022469
129	0.145269
136	-0.070397
137	0.010912
188	0.014716
189	-0.029937
196	0.038530
199	0.042352
200	0.018466
202	-0.020772
211	-0.031344
213	0.031123
214	-0.016612
219	-0.026826
221	0.024901
276	-0.044966
279	0.010753
283	0.070673
295	-0.058864
308	0.001429
312	-0.022730
315	-0.035211
318	0.063043
319	0.014595
321	0.003505
324	0.046315
328	-0.013008
334	-0.050404
336	-0.155634
338	-0.036553
347	-0.012619
351	-0.052602
352	0.018865
354	0.006308
357	0.136460
359	-0.008888
362	-0.048894
364	0.008818
365	0.011887
368	-0.051695
376	-0.069335
377	-0.032887
380	-0.015693
386	-0.034551
388	-0.008989
390	-0.033267
396	-0.020395
404	-0.067870
410	0.041611
413	-0.053541
420	0.027985
423	0.080534
424	0.024132
437	0.016725
438	-0.075438
444	-0.009257
452	-0.072239
473	0.077916
474	0.022249
475	-0.041932
476	0.007834
478	-0.060060
479	0.054222
480	0.016816
483	-0.037112
503	-0.011943
508	-0.002793
509	0.132947
530	0.020107
536	0.000855
556	0.039153
581	-0.051161
583	0.019923
603	-0.027265
606	0.001414
607	-0.039914
620	-0.048327
628	0.003317
636	-0.013230
637	0.138233
639	0.045786
640	0.024102
644	0.000767
645	-0.012680
677	0.019959
678	0.004155
679	-0.048295
682	-0.020068
698	-0.039466
700	-0.007186
710	-0.050349
722	0.034393
723	-0.052377
724	0.004520
725	0.058434
726	0.002159
747	-0.103649
753	-0.011220
755	0.064325
757	-0.064936
765	0.028949
782	-0.017213
783	0.007756
793	-0.045645
808	-0.061060
814	-0.140865
840	-0.086275
848	0.085978
859	-0.022057
864	-0.065639
867	0.078790
878	-0.056148
888	-0.032027
890	0.168695
892	0.025806
899	-0.078691
918	-0.067240
926	-0.040756
933	-0.015025
934	-0.006995
981	-0.049160
1028	0.009936
1034	0.007037
1051	0.020935
1054	-0.004543
1058	-0.058877
1062	0.048185
1063	0.024507
1064	0.022208
1066	0.011647
1068	-0.017116
1073	0.014634
1082	-0.019477
1083	-0.018733
1086	0.015725
1089	0.008945
1090	0.004962
1091	0.026486
1092	0.022548
1164	-0.025589
1165	-0.045811
1174	-0.136890
1176	-0.001630
1184	0.029793
1191	0.000193
1192	0.069171
1201	0.017905
1230	-0.057446
1339	-0.018411
1341	0.025375
1370	-0.019938
1385	-0.079896
1405	0.056960
1437	0.075042
1441	0.058971
1443	0.074401
1521	0.026510
1522	-0.049972
1523	0.012008
1524	0.073409
1525	-0.049938
1541	-0.000604
1542	-0.034098
1550	-0.002515
1551	0.145042
1596	0.063678
1597	-0.070180
1628	-0.096207
1629	-0.063763
1633	0.047100
1636	-0.036122
1637	-0.112865
1765	0.028978
1766	0.035560
1780	-0.070216
1862	-0.036856
1865	-0.042273
1870	-0.042216
1885	0.070059
1910	-0.004228
1911	0.060356
2007	-0.035276
2060	-0.046268
2062	-0.005681
2090	-0.008381
2093	0.021135
2094	0.017402
2095	-0.010421
2096	0.019203
2100	0.045426
2101	0.069821
2102	0.025070
2103	0.088720
2104	0.040384
2105	-0.059882
2128	0.039224
2129	0.007113
2135	-0.008441
2190	-0.043558
2195	-0.033661
2197	0.106163
2198	0.060541
2199	-0.073411
2200	-0.075971
2201	-0.125584
2202	0.024625
2205	-0.049912
2217	-0.007138
2218	-0.286129
2221	0.035452
2272	-0.008519
2273	-0.063243
2275	-0.041949
2288	0.173762
2293	-0.048290
2298	-0.047388
2299	0.006771
2300	-0.030784
2301	-0.014433
2338	-0.047862
2342	0.001651
2343	0.027241
2358	-0.165252
2384	-0.035438
2385	0.002479
2399	0.013669
2435	-0.042739
2436	-0.023704
2465	0.061352
2467	-0.096179
2468	0.082975
2469	0.062685
2470	0.029298
2471	0.061654
2474	-0.068153
2620	0.006217
2650	0.005927
2651	0.056757
2685	-0.074420
2688	-0.014721
2730	-0.064515
2843	0.057914
2951	0.076129
2959	-0.002192
3236	-0.030444
3305	-0.008351
3318	0.023371
3340	-0.062970
3352	-0.031021
3355	-0.003520
3356	0.032544
3365	-0.064004
3366	-0.065299
3367	0.024497
3368	0.042170
3401	0.076054
3405	0.075282
3434	-0.024424
3448	-0.020649
3454	-0.001337
3481	0.005619
3495	-0.000270
3504	-0.075798
3532	0.018428
3540	-0.094760
3549	-0.086907
3550	0.016399
3569	0.064488
3595	0.012896
3596	-0.054317
3603	-0.196534
3621	-0.014690
3622	0.015077
3647	-0.065345
3649	0.041902
3651	0.036773
3652	0.039181
3723	-0.073400
3757	0.026056
3772	-0.014171
3787	0.043613
3798	-0.028238
3799	0.038534
3889	-0.002208
3897	-0.035265
3898	-0.043039
3904	-0.058241
3945	0.043577
3990	-0.080612
4024	0.060982
4039	-0.000553
4048	-0.026382
4050	-0.000200
4076	-0.050484
4094	-0.043921
4170	-0.017199
4251	0.038308
4252	-0.002041
4299	0.037213
4302	0.057895
4318	0.014764
4319	-0.054656
4320	-0.046142
4360	-0.016856
4388	0.020487
4414	0.061647
4426	-0.005571
4446	-0.025392
4527	0.039329
4545	0.044858
4546	0.037311
4554	-0.004276
4564	-0.037008
4567	-0.023560
4634	-0.024404
4693	-0.013377
4736	0.059666
4761	-0.003773
4879	-0.034271
5071	0.026088
5138	0.042238
5164	-0.030496
5182	0.104363
5183	0.188007
5184	0.001136
5187	-0.037340
5188	0.007000
5189	0.052961
5193	-0.029492
5194	-0.008209
5195	0.030819
5197	0.023523
5203	-0.224004
5205	0.066424
5212	-0.053431
5213	-0.075229
5222	-0.020139
5223	-0.042246
5228	0.041969
5232	-0.145533
5244	0.027695
5245	-0.186899
5246	0.151539
5248	-0.051242
5292	0.020987
5293	0.052010
5299	0.073612
5300	0.068900
5315	0.049503
5316	0.039871
5319	-0.031845
5320	-0.024849
5321	0.028442
5322	0.061477
5323	-0.029028
5324	0.105617
5325	0.003894
5329	-0.053466
5342	0.017273
5343	0.074998
5374	-0.043604
5376	-0.054072
5378	0.007052
5379	0.022130
5382	0.009259
5390	0.010698
5398	0.013194
5402	-0.005234
5404	0.021884
5407	0.025757
5408	0.010343
5409	0.005232
5411	-0.016030
5412	-0.020680
5413	0.034602
5416	0.090531
5418	-0.032428
5422	0.106206
5425	-0.046802
5427	0.020857
5428	-0.011274
5432	0.066612
5436	-0.005311
5443	-0.022093
5444	-0.079616
5458	-0.013856
5462	0.037529
5465	-0.007518
5468	0.020582
5471	0.011730
5480	0.014752
5481	0.023929
5485	0.046877
5486	0.001158
5488	0.006382
5489	0.015770
5495	-0.031097
5513	-0.013415
5515	-0.023568
5516	-0.024702
5521	-0.013859
5527	0.028184
5528	-0.064011
5536	0.080685
5537	0.022162
5547	-0.056646
5565	-0.042075
5573	-0.016254
5579	-0.040227
5583	0.022427
5586	0.239894
5589	0.017991
5590	-0.014571
5593	-0.005179
5599	0.069901
5604	0.181828
5605	0.059808
5606	0.000855
5625	0.023745
5649	0.039608
5656	0.009486
5657	0.032369
5658	-0.045942
5686	0.002508
5695	-0.000953
5705	0.190219
5706	0.013664
5716	-0.042955
5717	0.010453
5718	0.039452
5719	-0.023087
5720	-0.012088
5724	0.022569
5738	0.005023
5742	-0.062194
5750	-0.006263
5751	-0.059894
5756	-0.008193
5761	-0.007775
5768	-0.018377
5773	-0.012738
5792	0.017453
5793	-0.040543
5794	0.028666
5806	-0.049306
5811	0.026408
5812	-0.015552
5813	-0.037894
5814	0.006337
5821	-0.028473
5823	-0.009137
5825	0.063469
5831	-0.129195
5832	-0.202991
5833	0.017658
5847	0.034606
5849	-0.044179
5851	0.024827
5854	-0.098916
5858	-0.064419
5862	-0.024321
5875	-0.035546
5876	0.090200
5903	0.128850
5910	0.123308
5912	0.052007
5913	-0.258934
5925	-0.031379
5926	0.017747
5927	-0.042221
5928	-0.087068
5930	-0.000565
5931	-0.004424
5933	0.075639
5934	-0.044429
5937	0.043415
5939	-0.168083
5940	-0.034845
5941	-0.034316
5943	-0.025826
5963	-0.027795
5964	-0.059702
5965	-0.050961
5966	-0.045962
5968	0.006399
5969	0.196954
5970	0.227173
5971	0.019315
5975	0.059732
6006	-0.007142
6011	0.091552
6017	0.003078
6019	0.002683
6022	0.032857
6032	-0.071055
6095	-0.086118
6115	0.006938
6116	-0.069673
6119	-0.021206
6127	-0.040943
6128	-0.040329
6130	-0.068494
6140	-0.075183
6141	0.032939
6147	-0.063730
6148	-0.057728
6163	-0.058643
6164	-0.012801
6170	0.116822
6171	-0.012054
6177	0.037931
6184	-0.079291
6200	0.012192
6204	-0.074496
6206	-0.066322
6223	-0.046162
6240	0.107217
6245	0.021899
6253	-0.026388
6267	-0.032906
6269	0.013814
6290	-0.018781
6303	0.043333
6317	-0.074684
6343	-0.035984
6350	-0.000776
6360	0.068355
6367	0.078226
6383	0.037632
6389	0.003500
6397	0.060144
6398	-0.032889
6406	-0.009652
6407	0.061818
6412	0.042128
6413	-0.015076
6434	0.010540
6435	0.041875
6460	0.038201
6463	-0.031004
6464	-0.017954
6489	0.031685
6507	-0.023845
6510	0.240521
6516	0.002725
6518	-0.053559
6522	0.038776
6523	-0.004802
6524	-0.014788
6525	-0.040437
6531	0.008258
6536	0.036016
6575	0.109909
6584	0.003796
6585	-0.013227
6586	-0.013366
6594	0.068420
6595	-0.022242
6610	0.060487
6612	0.079590
6615	-0.041034
6624	-0.109499
6628	-0.050025
6649	-0.019197
6698	0.005117
6706	-0.008727
6718	0.035689
6719	0.020377
6722	0.039865
6770	0.158070
6780	-0.003073
6781	0.022009
6794	0.043578
6795	0.109147
6796	0.125705
6799	-0.023548
6809	0.081665
6837	0.148869
6838	-0.031664
6839	-0.157339
6846	0.026168
6865	0.033761
6869	-0.078472
6870	-0.051998
6871	-0.048769
6873	-0.038576
6876	-0.044615
6885	-0.019408
6895	0.016361
6896	-0.027150
6897	-0.003802
6900	-0.150283
6903	0.040243
6906	-0.002430
6916	0.038606
6917	-0.043800
6918	-0.082691
6919	0.019565
6938	0.049235
6941	0.045196
6942	0.002437
6943	0.006594
6944	0.012362
6948	0.026489
6953	-0.055237
6957	0.014189
6958	0.019532
6970	-0.029480
6971	-0.014836
6976	-0.129850
6977	0.069494
6990	0.071194
7014	-0.000645
7015	-0.017677
7016	0.039710
7018	0.074739
7019	0.093208
7042	0.007394
7053	0.007852
7066	-0.004399
7067	-0.047903
7083	0.028323
7092	0.019851
7100	-0.025369
7103	-0.054662
7110	0.011894
7111	-0.035847
7112	-0.083337
7113	0.012053
7116	-0.004091
7119	-0.004543
7120	0.070850
7121	0.018309
7122	0.017289
7140	-0.144577
7143	-0.108456
7157	-0.058701
7165	0.055169
7175	0.004121
7178	-0.001803
7206	-0.032752
7207	0.017878
7217	-0.020832
7218	0.026279
7221	-0.003950
7227	0.074427
7230	-0.035462
7236	0.027156
7239	0.038992
7242	-0.001896
7260	0.104192
7268	0.066691
7269	-0.004409
7304	-0.114928
7326	-0.015707
7327	-0.093268
7336	0.033430
7342	0.008023
7346	0.062301
7348	-0.019317
7355	-0.091895
7361	0.061189
7372	-0.000088
7387	-0.008817
7422	0.050697
7423	-0.027205
7425	-0.003611
7436	-0.001325
7442	-0.005007
7446	0.013345
7448	-0.035754
7453	0.002440
7463	-0.053380
7492	-0.077361
7493	0.009212
7494	0.046488
7495	-0.058654
7518	0.091396
7520	0.209513
7540	0.018330
7546	0.010428
7556	-0.049021
7559	-0.039258
7560	-0.000811
7561	0.015131
7564	-0.002794
7575	0.022303
7583	0.192443
7585	-0.064647
7586	-0.041177
7599	-0.142487
7600	0.147212
7606	-0.072070
7614	0.008405
7617	-0.010297
7622	-0.009502
7629	-0.016434
7637	0.006472
7640	-0.066855
7657	0.053262
7665	0.048128
7666	-0.046321
7667	0.071910
7668	-0.037581
7669	-0.034297
7670	-0.001515
7671	-0.008560
7681	-0.192439
7683	-0.099911
7684	0.002865
7696	0.024695
7722	-0.023739
7723	-0.024406
7799	0.086579
7852	0.006711
7859	-0.036875
7860	-0.050989
7861	-0.038424
7865	-0.018619
7875	0.009959
7876	-0.038567
7895	-0.049970
7913	0.007479
7917	-0.032973
7952	0.026003
7969	-0.165261
7971	-0.077826
8000	-0.003188
8002	-0.038587
8006	0.002949
8036	0.007594
8056	0.015395
8069	0.087156
8103	0.012717
8107	-0.009995
8120	0.043091
8122	-0.001999
8125	-0.013915
8127	-0.010414
8136	0.037702
8149	-0.002712
8154	-0.010323
8197	-0.069324
8208	0.040609
8223	0.017460
8232	0.008995
8241	0.008251
8256	0.025491
8262	-0.026778
8266	0.053485
8267	-0.025294
8268	0.004514
8269	0.017833
8271	-0.046772
8273	-0.019080
8280	-0.012476
8284	0.017875
8303	-0.007101
8304	-0.004597
8305	0.032410
8308	-0.059043
8332	0.008812
8333	-0.037725
8334	0.044798
8338	0.064137
8363	-0.058218
8370	-0.049647
8398	0.013284
8465	-0.024718
8468	-0.014018
8469	0.010428
8470	-0.060397
8507	-0.052386
8552	0.051015
8572	-0.001648
8574	-0.044761
8577	0.026638
8586	0.012752
8592	-0.003434
8593	0.073133
8594	0.010215
8597	0.052092
8599	-0.019205
8606	0.154104
8607	0.023818
8615	-0.051944
8617	-0.041190
8626	-0.032654
8636	-0.004300
8669	0.001643
8671	0.047034
8673	0.035267
8675	0.119331
8790	0.017810
8791	0.103990
8811	-0.101122
8822	0.055911
8841	0.018512
8849	0.009161
8856	0.234925
8875	-0.002353
8884	-0.126467
8906	0.059575
8907	-0.030671
8910	0.109316
8911	-0.008722
8912	0.082908
8913	0.092558
8934	-0.043421
8935	-0.049174
8954	-0.083675
8968	0.052497
8972	0.041307
9001	-0.057089
9029	-0.046696
9032	0.018824
9058	0.043563
9059	0.026745
9068	0.091376
9070	0.062245
9108	0.018223
9139	0.021161
9140	-0.013397
9158	0.035803
9187	0.112608
9188	-0.050708
9189	0.082821
9190	-0.011625
9253	-0.039877
9259	0.031965
9268	0.013797
9269	0.016099
9271	-0.083736
9312	-0.003546
9323	-0.001485
9329	0.022633
9330	-0.008980
9331	-0.056270
9356	-0.038467
9376	0.060148
9394	-0.073627
9424	0.032858
9428	0.026250
9429	0.049468
9496	-0.024189
9536	-0.005557
9543	-0.088667
9589	-0.025497
9614	0.099338
9615	-0.025562
9617	-0.055212
9631	-0.047180
9661	0.101921
9668	0.030421
9718	-0.043351
9728	0.010694
9734	-0.015114
9788	-0.016803
9791	0.021155
9793	-0.012776
9804	-0.009972
9809	-0.019598
9810	-0.018824
9823	-0.066400
9828	0.007156
9907	-0.022620
9951	0.003904
9968	0.005284
9969	-0.081977
10010	-0.006705
10011	0.037420
10012	-0.002748
10018	-0.055799
10021	-0.038023
10022	-0.021035
10031	-0.043555
10032	-0.007940
10033	0.013373
10034	-0.075194
10035	0.010447
10039	0.054128
10044	-0.008831
10045	-0.028191
10060	-0.005271
10065	-0.006212
10077	-0.020747
10080	-0.024096
10130	-0.005899
10131	-0.027930
10149	-0.007666
10194	-0.000780
10197	-0.024103
10221	0.054429
10226	-0.044650
10232	-0.046632
10233	-0.167166
10263	-0.033820
10264	-0.040000
10274	-0.046652
10286	0.015316
10292	-0.091519
10299	0.037548
10302	-0.055846
10324	0.120781
10355	0.001071
10358	-0.072979
10362	0.030302
10366	0.025018
10368	0.024078
10370	0.060916
10392	0.023205
10405	-0.079667
10406	0.157278
10409	-0.013963
10419	0.036036
10420	0.005941
10424	-0.018959
10434	0.038736
10455	0.046956
10478	-0.053338
10480	0.180431
10484	-0.046805
10510	0.052104
10519	-0.043829
10520	-0.022368
10524	0.028007
10578	0.000652
10630	0.032389
10643	-0.088513
10645	-0.048025
10677	-0.025649
10678	-0.057749
10690	-0.022336
10717	-0.012111
10718	-0.009326
10719	0.045326
10721	-0.000505
10723	0.057782
10735	0.025672
10736	-0.006527
10829	0.006720
10837	0.192896
10846	-0.026781
10921	0.104789
10922	-0.054470
10923	-0.037693
10924	-0.057657
10964	-0.061915
10978	-0.026585
11017	0.028860
11018	0.047400
11019	-0.025926
11032	-0.069722
11034	-0.057025
11035	-0.048453
11036	-0.089677
11052	0.074985
11056	-0.035175
11060	-0.005390
11063	0.003312
11064	0.041160
11068	0.022429
11069	0.012921
11090	-0.002793
11098	-0.088442
11099	0.038429
11100	0.023712
11105	-0.014381
11109	0.073504
11122	0.019148
11123	0.047704
11125	-0.012170
11126	-0.013281
11149	-0.065542
11153	-0.049515
11188	0.090289
11193	0.058463
11230	0.004369
11233	0.031528
11236	0.137470
11243	0.027083
11251	0.070102
11259	0.073025
11263	0.037340
11272	-0.008874
11321	-0.070784
11322	-0.025092
11326	-0.047078
11327	0.016421
11335	0.055897
11337	-0.098194
11343	0.005196
11390	-0.113672
11444	-0.031190
11464	0.016751
11471	0.085572
11472	0.050095
11473	0.016796
11492	0.058164
11499	-0.017856
11500	-0.026541
11505	0.044291
11527	-0.000671
11528	0.070982
11532	-0.075055
11564	-0.001094
11589	0.054549
11591	0.008846
11592	-0.056892
11599	-0.034647
11605	0.083631
11617	0.023436
11630	-0.032539
11631	-0.038530
11632	0.085437
11656	-0.023306
11657	0.088955
11777	-0.018868
11786	-0.047433
11812	0.001752
12020	-0.003285
12061	0.122989
12115	-0.017159
12154	-0.018110
12155	-0.048608
12156	-0.003365
12159	0.016815
12174	-0.078039
12176	0.038674
12230	-0.026039
12234	0.010404
12236	0.075833
12237	-0.019566
12250	0.042881
12252	0.042609
12253	0.022392
12315	0.058376
12381	-0.019054
12382	0.001543
12438	-0.148444
12455	0.074200
12462	0.073783
12478	-0.055057
12603	-0.114153
12711	-0.002905
12714	-0.023585
12716	-0.044201
12754	0.005325
12785	0.056848
12788	0.033794
12792	0.180472
12898	-0.073862
12944	0.162777
12949	0.041143
13062	0.038661
13099	-0.013928
13160	-0.010202
13198	0.029513
13239	-0.005082
13249	0.036411
13262	0.014235
13263	0.004562
13272	-0.094171
13273	0.070553
13277	-0.025297
13305	-0.055073
13342	0.000625
13343	-0.048624
13345	-0.093221
13351	-0.036005
13357	-0.050751
13427	-0.038789
13436	-0.009098
13455	-0.054950
13528	-0.056388
13532	-0.049086
13553	0.058720
13566	0.091977
13651	0.004689
13653	-0.039887
13675	0.031742
13676	0.034357
13677	-0.030769
13678	0.004504
13681	-0.043699
13688	-0.047546
13697	0.058443
13705	0.096846
13708	-0.046103
13737	-0.056980
13760	-0.018987
13923	0.031066
13927	0.025689
13995	0.091212
14002	-0.131128
14003	-0.080086
14021	-0.096956
14034	-0.080379
14064	-0.079754
14110	0.037174
14155	0.021321
14203	0.010188
14208	0.009440
14340	-0.105248
14356	0.159732
14389	-0.002784
14499	0.011128
14625	0.066797
14632	0.222613
14637	0.105994
14641	0.013402
14685	-0.093504
14694	0.061744
14695	0.065068
14699	0.092256
14700	0.015602
14749	0.151559
14760	-0.042701
14790	-0.043064
14791	-0.067802
14796	0.009404
14797	-0.015428
14891	-0.049968
14927	0.028751
15099	-0.031725
15182	-0.059705
15243	0.067559
15245	0.081624
15254	-0.126640
15322	0.054034
15327	-0.019912
15463	0.012206
15496	0.004385
15499	-0.029797
15502	0.059386
15514	0.039835
15566	-0.122563
15580	-0.042917
15583	-0.078596
15586	0.037636
15601	0.028109
15621	-0.004473
15780	0.067742
15869	-0.023455
16082	-0.117237
16281	0.013022
16293	0.046414
16300	0.023216
16304	0.034071
16360	-0.023294
16361	0.137251
16367	-0.022466
16432	0.046033
16433	-0.125335
16438	-0.017481
16446	-0.118644
16453	-0.142717
16463	-0.076955
16466	-0.106480
16477	-0.159394
16482	0.003828
16605	0.081703
16606	-0.011430
16635	-0.074497
16638	0.035768
16655	-0.189633
16673	0.027483
16676	-0.009215
16677	-0.000319
16678	0.124620
16808	0.009846
16829	-0.013992
17150	0.018742
17182	-0.028565
17199	0.028015
17273	0.027164
17431	-0.019886
17466	0.035318
17472	0.146953
17485	0.019015
17585	0.031874
17620	-0.067758
17647	-0.031908
17690	-0.015562
17772	0.004331
18410	-0.118611
19647	0.040285
21458	0.025783
21885	0.045452
21973	0.037184
21976	0.024357
21977	0.014157
22084	0.022525
23475	0.065342
23754	-0.058895
23764	-0.059240
24372	0.106966
24918	0.056232
24944	-0.013486
25022	0.031804
25140	-0.296599
26484	-0.010433
27764	0.057656
28424	0.038221
28845	0.064785
29861	0.113890
30684	-0.074539
31288	0.070648
31704	-0.008682
32421	-0.016485
32520	0.069924
32893	0.056902
34340	-0.062033
35227	-0.074918
35334	-0.006586
36499	-0.051729
36843	-0.045119
36844	-0.022689
36955	-0.114866
36970	-0.148066
39336	-0.008923
39353	0.009704
40538	0.051775
40541	0.098762
40542	0.116661
40599	-0.004274
40601	0.083722
40602	0.036789
40656	0.008738
40657	-0.049685
42157	0.041591
42203	-0.030010
42204	-0.019435
42851	-0.140504
43061	0.004385
44144	0.102525
45195	-0.046055
47030	-0.015876
47285	0.163208
47317	0.001144
47457	-0.033536
47460	0.017622
48147	0.045341
48297	-0.029942
48474	-0.039736
48696	-0.025372
49516	-0.003702
49630	0.054748
49927	0.000245
50199	-0.056754
50249	-0.096475
50259	-0.054899
50904	0.017824
53231	0.118757
53471	-0.107579
53531	0.082873
53986	-0.015062
55057	-0.008701
56431	0.024885
56432	0.020938
56466	0.040877
56478	0.069396
56621	0.019773
57644	0.063646
57756	-0.039824
58783	0.058625
59657	-0.024231
59715	0.008152
64825	0.178410
64947	0.083482
65950	0.008932
70102	-0.076111
75003	-0.111973
75099	-0.101196
75742	-0.087807
75823	-0.150233
75824	-0.065039
78157	0.163300
78181	-0.018439
78191	0.000543
80479	0.019041
80480	0.052432
80715	-0.047162
80719	0.012606
80750	0.108460
81231	0.069599
84436	-0.058474
84780	-0.020551
84844	-0.043397
85002	0.073713
85003	0.113943
85659	0.040128
85663	-0.014868
85710	-0.019862
92185	-0.108293
96142	0.025354
96144	0.071944
96482	-0.025569
98871	-0.107758
