# 1342 minima projected onto PC46
# Min	PC
3	-0.130552
4	-0.193720
5	-0.117885
6	0.001498
7	-0.004875
9	-0.213748
16	0.001956
17	0.175535
21	-0.050495
23	-0.344662
31	-0.013888
44	0.008026
47	-0.035262
48	-0.211705
51	-0.083234
52	0.088376
55	-0.065345
56	-0.104022
57	-0.016786
58	0.196029
60	-0.035338
67	0.090151
68	0.029864
71	-0.023176
72	-0.044029
74	-0.147684
79	0.160793
82	-0.430475
85	0.004772
86	-0.083140
87	-0.047530
88	-0.050871
91	-0.041481
92	-0.130282
94	-0.270836
95	0.031765
97	0.146177
104	0.112762
106	0.157276
109	-0.134336
111	-0.181596
115	0.153601
120	0.039057
126	0.108229
129	-0.281327
136	-0.000980
137	0.105703
188	0.049308
189	0.008921
196	-0.114919
199	-0.040887
200	-0.023430
202	-0.327769
211	-0.045525
213	-0.267938
214	-0.072547
219	0.029357
221	-0.204064
276	0.082937
279	0.175496
283	0.099865
295	0.012108
308	0.065080
312	-0.111460
315	-0.139009
318	0.288637
319	-0.178694
321	0.027569
324	-0.034759
328	0.024537
334	-0.218031
336	-0.442359
338	3.102583
347	-0.166244
351	-0.070632
352	-0.214619
354	0.155911
357	0.228562
359	-0.013230
362	-0.054045
364	-0.474066
365	-0.388819
368	-0.008013
376	-0.096251
377	-0.012805
380	0.079007
386	0.227953
388	-0.026220
390	-1.139849
396	-0.116592
404	0.033826
410	0.015194
413	0.003266
420	0.111437
423	-0.078188
424	-0.165848
437	-0.111157
438	-0.096172
444	0.292540
452	0.011042
473	0.021322
474	0.143106
475	0.148601
476	0.056623
478	-0.006117
479	0.089708
480	0.043866
483	-0.025110
503	-0.230594
508	0.134506
509	-0.357146
530	-0.205001
536	-0.000315
556	0.120753
581	-0.217912
583	0.004205
603	-0.141044
606	-0.002721
607	-0.126679
620	-0.003727
628	-0.336875
636	-0.084773
637	-0.172904
639	0.026298
640	-0.151057
644	-0.148292
645	-0.139747
677	0.053751
678	0.070521
679	-0.234081
682	-0.133548
698	0.061400
700	-0.101030
710	-1.211222
722	0.052940
723	-0.113936
724	-0.072439
725	0.073099
726	0.198594
747	0.203205
753	-0.175397
755	0.143727
757	0.124644
765	0.099195
782	-0.137383
783	0.112168
793	-0.271954
808	-0.105113
814	-0.172028
840	-0.113934
848	0.111952
859	-0.316267
864	0.038828
867	0.066119
878	0.063934
888	3.077927
890	-0.041047
892	-0.139094
899	0.036980
918	-0.119148
926	-0.004396
933	-0.065793
934	0.195665
981	0.049055
1028	0.111965
1034	0.246333
1051	0.024263
1054	-0.083839
1058	0.289876
1062	-0.155396
1063	-0.074817
1064	-0.041635
1066	0.014051
1068	0.118559
1073	0.011067
1082	0.019360
1083	0.187124
1086	-0.080133
1089	0.245685
1090	0.114210
1091	0.213673
1092	-0.027356
1164	-0.149498
1165	0.025337
1174	-0.101415
1176	-0.065787
1184	-0.060387
1191	-0.244695
1192	-0.363351
1201	0.115013
1230	0.071942
1339	-0.273778
1341	-0.236648
1370	0.080532
1385	0.060664
1405	0.041613
1437	0.165816
1441	0.169769
1443	-0.167164
1521	0.001011
1522	-0.072617
1523	-0.128150
1524	-0.024694
1525	0.070253
1541	-0.090280
1542	-0.012339
1550	-0.002829
1551	-0.080462
1596	-0.110778
1597	0.128967
1628	0.657413
1629	-0.297155
1633	-0.241855
1636	-0.410520
1637	-0.239991
1765	0.153558
1766	-0.193758
1780	0.356244
1862	0.057968
1865	0.070089
1870	0.043959
1885	0.338452
1910	-0.127270
1911	0.115918
2007	-0.079030
2060	0.257089
2062	-0.004222
2090	-0.082511
2093	0.135408
2094	0.007748
2095	0.389960
2096	-0.270949
2100	-0.196946
2101	0.191090
2102	0.185277
2103	0.193064
2104	0.187606
2105	0.099901
2128	0.128498
2129	-0.028277
2135	0.008484
2190	0.188681
2195	0.176148
2197	-0.043354
2198	-0.169416
2199	-0.234121
2200	-0.052288
2201	-0.545337
2202	-0.083311
2205	-0.031863
2217	0.017669
2218	0.213251
2221	0.003256
2272	-0.011670
2273	0.068610
2275	-0.056884
2288	-0.306907
2293	0.259722
2298	0.369855
2299	0.143776
2300	0.275344
2301	0.185999
2338	0.014897
2342	0.353218
2343	-0.097769
2358	-0.304926
2384	-0.014750
2385	0.013436
2399	0.022095
2435	-0.283551
2436	0.047390
2465	0.060576
2467	0.026672
2468	0.036071
2469	-0.119731
2470	0.167767
2471	-0.170618
2474	-0.068665
2620	0.165449
2650	-0.011565
2651	-0.039669
2685	-0.120800
2688	-0.346385
2730	0.215373
2843	-0.245991
2951	-0.313470
2959	-0.170376
3236	0.059511
3305	-0.026562
3318	0.035224
3340	-0.217479
3352	-0.088780
3355	0.053426
3356	-0.016511
3365	0.096721
3366	-0.058452
3367	0.086906
3368	0.242698
3401	0.063683
3405	0.403976
3434	0.150430
3448	-0.010774
3454	-0.142117
3481	0.053945
3495	0.127328
3504	0.341376
3532	-0.175602
3540	0.148245
3549	-0.198496
3550	-0.044531
3569	-0.140893
3595	0.007499
3596	0.201412
3603	-0.326466
3621	-0.400800
3622	0.019518
3647	0.038149
3649	-0.182495
3651	-0.040506
3652	0.069482
3723	0.196357
3757	0.003136
3772	-0.128183
3787	0.017017
3798	0.206446
3799	0.184151
3889	-0.131040
3897	-0.028932
3898	0.167527
3904	-0.254752
3945	-0.075071
3990	0.004977
4024	-0.047307
4039	-0.072457
4048	-0.079371
4050	0.235156
4076	-0.017772
4094	-0.238186
4170	-0.239059
4251	0.248482
4252	0.052381
4299	-0.153695
4302	-0.013324
4318	0.029686
4319	0.011969
4320	0.241458
4360	0.035995
4388	-0.000492
4414	-0.073701
4426	0.171370
4446	3.186697
4527	-0.076858
4545	-0.149137
4546	-0.097440
4554	-0.065652
4564	-0.192689
4567	0.022642
4634	0.145728
4693	-0.016716
4736	0.072760
4761	-0.007446
4879	-0.185038
5071	0.117167
5138	0.158277
5164	0.079156
5182	-0.225117
5183	0.151433
5184	0.076496
5187	0.097364
5188	-0.164294
5189	-0.112358
5193	-0.226924
5194	-0.373460
5195	-0.035301
5197	-0.555265
5203	0.529617
5205	-0.067252
5212	-0.146540
5213	-0.397908
5222	-0.089816
5223	0.101871
5228	-0.207334
5232	-0.235293
5244	0.260843
5245	0.560143
5246	-0.200583
5248	-0.187540
5292	-0.000876
5293	-0.504786
5299	-0.181268
5300	-0.511803
5315	0.029924
5316	0.193630
5319	-0.080861
5320	-0.194365
5321	0.040290
5322	-0.368407
5323	-0.119198
5324	-0.085060
5325	0.117585
5329	0.235322
5342	0.250068
5343	0.065964
5374	0.692605
5376	-0.060011
5378	-0.416849
5379	0.027771
5382	0.086676
5390	0.201386
5398	-0.043788
5402	0.002004
5404	0.100952
5407	-0.096922
5408	0.166698
5409	-0.178527
5411	-0.136476
5412	-0.143141
5413	0.242175
5416	0.133668
5418	-0.166169
5422	-0.059641
5425	0.135541
5427	0.024546
5428	0.119710
5432	0.056010
5436	0.364332
5443	-0.237860
5444	0.380455
5458	0.346033
5462	0.207014
5465	-0.053488
5468	0.006025
5471	-0.136801
5480	0.047038
5481	0.007997
5485	0.057691
5486	-0.088218
5488	0.264738
5489	0.119503
5495	0.043916
5513	0.081431
5515	0.221615
5516	0.045036
5521	0.117443
5527	-0.062321
5528	-0.155568
5536	0.092874
5537	-0.132653
5547	-0.073658
5565	-0.120682
5573	0.162548
5579	0.032108
5583	0.163705
5586	-0.209716
5589	-0.005066
5590	0.140768
5593	-0.048371
5599	0.060221
5604	0.211537
5605	0.159327
5606	0.194827
5625	0.552575
5649	-0.098657
5656	0.515610
5657	0.540381
5658	-0.314465
5686	0.080825
5695	-0.178037
5705	-0.459275
5706	-0.035297
5716	-0.096425
5717	-0.011424
5718	0.066167
5719	-0.111148
5720	0.216025
5724	-0.092405
5738	-0.294596
5742	-0.187951
5750	-0.202033
5751	0.079630
5756	-0.185162
5761	-0.067934
5768	0.015260
5773	-0.054774
5792	-0.008888
5793	-0.006774
5794	-0.101825
5806	-0.443337
5811	-0.075517
5812	-0.005979
5813	-0.137894
5814	-0.235943
5821	-0.257472
5823	-0.032444
5825	-0.087823
5831	-0.297262
5832	-0.315853
5833	0.645369
5847	0.231660
5849	-0.161161
5851	0.123671
5854	-0.345291
5858	-0.021966
5862	-0.317321
5875	-0.337099
5876	0.156927
5903	-0.137704
5910	0.024726
5912	-0.175849
5913	-0.598774
5925	-0.178798
5926	0.052447
5927	-0.004445
5928	-0.138845
5930	-0.139419
5931	-0.311929
5933	0.217049
5934	0.179431
5937	-0.888860
5939	-0.002164
5940	0.291074
5941	-0.130516
5943	-0.069264
5963	-0.212529
5964	0.062009
5965	0.043733
5966	-0.026429
5968	0.063179
5969	-0.120431
5970	-0.006112
5971	0.046972
5975	0.034641
6006	-0.152709
6011	-0.193215
6017	0.370077
6019	0.212474
6022	0.349874
6032	-0.228776
6095	-0.012396
6115	0.254119
6116	-0.001249
6119	0.037634
6127	-0.074222
6128	-0.122210
6130	0.138210
6140	-0.076025
6141	-0.136451
6147	-0.786704
6148	-0.739949
6163	0.082595
6164	0.111035
6170	-0.057271
6171	-0.248752
6177	0.139674
6184	0.888680
6200	-0.261374
6204	-0.019269
6206	0.198163
6223	-0.149495
6240	0.229779
6245	-0.206454
6253	-0.340302
6267	-0.090575
6269	-0.040968
6290	-0.240944
6303	0.186248
6317	-0.021865
6343	0.035416
6350	0.219208
6360	0.006684
6367	-0.043959
6383	0.174341
6389	-0.076779
6397	-0.060617
6398	-0.048378
6406	-0.155588
6407	0.179017
6412	0.183920
6413	0.139078
6434	0.257039
6435	0.126507
6460	-0.096334
6463	-0.125966
6464	-0.056329
6489	-0.152136
6507	0.295743
6510	-0.226169
6516	0.025250
6518	0.074508
6522	-0.074322
6523	-0.104840
6524	0.167659
6525	0.268756
6531	-0.432687
6536	0.384888
6575	0.126524
6584	0.020108
6585	-0.141918
6586	-0.081818
6594	0.039349
6595	-0.291805
6610	-0.020607
6612	0.021369
6615	0.082824
6624	0.020073
6628	-0.297206
6649	-0.308553
6698	-0.084384
6706	-0.086268
6718	-0.131060
6719	-0.217977
6722	0.110614
6770	0.124569
6780	-0.186579
6781	0.041404
6794	-0.139889
6795	-0.062684
6796	-0.026455
6799	0.129229
6809	-0.044348
6837	-0.212867
6838	-0.125133
6839	0.029962
6846	0.056336
6865	-0.037172
6869	0.157006
6870	-0.023305
6871	0.363956
6873	0.285091
6876	0.175310
6885	0.122034
6895	-0.090078
6896	-0.005046
6897	-0.111682
6900	-0.431703
6903	0.218357
6906	-0.212727
6916	0.004085
6917	-0.183133
6918	-0.100584
6919	-0.417830
6938	-0.202849
6941	-0.216403
6942	0.032203
6943	-0.334592
6944	-0.140776
6948	-0.097315
6953	-0.167488
6957	-0.138926
6958	0.062391
6970	0.207450
6971	-0.046951
6976	-0.243645
6977	-0.223069
6990	-0.048335
7014	0.181433
7015	0.040932
7016	0.648632
7018	-0.164599
7019	-0.136603
7042	0.191853
7053	-0.253210
7066	0.027696
7067	-0.269526
7083	0.087242
7092	0.079555
7100	0.329380
7103	0.193585
7110	-0.081229
7111	-0.474556
7112	-0.309429
7113	0.657438
7116	-0.082910
7119	0.132600
7120	0.462746
7121	0.011193
7122	0.153274
7140	-0.273273
7143	-0.228509
7157	-0.079682
7165	-0.081161
7175	0.166182
7178	-0.206031
7206	0.300542
7207	0.344773
7217	0.030764
7218	-0.044910
7221	-0.121317
7227	0.142639
7230	-0.223773
7236	-0.176519
7239	0.142344
7242	0.077656
7260	0.237986
7268	0.832331
7269	0.151821
7304	0.863939
7326	0.078443
7327	-0.083887
7336	-0.586298
7342	-0.085732
7346	-0.113766
7348	0.023461
7355	-0.286351
7361	-0.285515
7372	0.172761
7387	0.472336
7422	-0.028085
7423	0.006025
7425	0.155697
7436	0.089337
7442	0.085359
7446	-0.193678
7448	-0.158848
7453	0.081609
7463	-0.139988
7492	-0.278636
7493	-0.147943
7494	-0.417913
7495	-0.091690
7518	0.227930
7520	0.104119
7540	0.314009
7546	0.101251
7556	0.175511
7559	0.295565
7560	0.002440
7561	0.124310
7564	-0.113825
7575	0.084007
7583	0.123686
7585	-0.042165
7586	0.076477
7599	-0.302807
7600	1.047090
7606	-0.313737
7614	0.391467
7617	-0.154562
7622	-0.280542
7629	-0.092006
7637	0.091199
7640	-0.179824
7657	-0.071108
7665	0.017894
7666	0.124986
7667	0.187339
7668	-0.109641
7669	-0.142896
7670	0.180176
7671	0.131488
7681	-0.129745
7683	0.348894
7684	-0.270623
7696	0.148002
7722	-0.127541
7723	-0.310766
7799	0.121902
7852	0.039894
7859	0.324599
7860	0.187782
7861	-0.004684
7865	0.011360
7875	0.116474
7876	-0.375282
7895	0.003542
7913	0.195097
7917	0.461368
7952	0.045705
7969	-0.413574
7971	0.083948
8000	-0.011398
8002	0.195505
8006	0.408838
8036	-0.077116
8056	-0.067151
8069	0.102194
8103	-0.154269
8107	-0.261935
8120	0.619956
8122	-0.174915
8125	0.139075
8127	0.042183
8136	0.036100
8149	0.122636
8154	0.046370
8197	-0.092216
8208	-0.147277
8223	-0.176376
8232	-0.195916
8241	-0.157630
8256	-0.437609
8262	-0.497872
8266	0.062835
8267	0.285317
8268	0.147982
8269	0.150012
8271	-0.332462
8273	0.813293
8280	0.088215
8284	-0.108811
8303	-0.100298
8304	-0.344679
8305	-0.330735
8308	0.081306
8332	-0.235001
8333	-0.287615
8334	-0.303291
8338	-0.121166
8363	0.715885
8370	-0.307223
8398	0.136338
8465	-0.583298
8468	0.256963
8469	0.097179
8470	-0.287259
8507	0.127263
8552	0.108230
8572	0.030881
8574	0.259253
8577	-0.104645
8586	0.033292
8592	0.137002
8593	-0.094341
8594	0.042228
8597	-0.134830
8599	-0.023122
8606	-0.276901
8607	0.017421
8615	-0.212136
8617	-0.021374
8626	-0.005036
8636	0.159606
8669	0.161452
8671	-0.430216
8673	0.048811
8675	0.070854
8790	-0.039249
8791	-0.064088
8811	2.569433
8822	-0.116073
8841	0.010681
8849	-0.262952
8856	-0.214045
8875	0.056442
8884	-0.387461
8906	-0.118399
8907	0.188191
8910	0.219807
8911	0.135360
8912	0.094161
8913	-0.447615
8934	0.083519
8935	-0.064800
8954	0.857826
8968	-0.004042
8972	0.084292
9001	0.300830
9029	-0.093164
9032	0.059425
9058	-0.227014
9059	-0.025158
9068	-0.117445
9070	-0.304340
9108	0.301539
9139	-0.151839
9140	-0.023380
9158	0.186951
9187	-0.405063
9188	-0.293629
9189	-0.393958
9190	-0.253717
9253	-0.018428
9259	0.174560
9268	-0.060208
9269	0.109682
9271	-0.159414
9312	0.074428
9323	-0.110983
9329	0.043847
9330	0.143312
9331	0.094989
9356	-0.253302
9376	0.530549
9394	0.150420
9424	0.177685
9428	0.067541
9429	0.096340
9496	0.001353
9536	0.013413
9543	-0.130127
9589	-0.309910
9614	0.166275
9615	-0.267224
9617	-0.238648
9631	0.324066
9661	0.129789
9668	0.052720
9718	0.093391
9728	-0.141369
9734	0.293025
9788	0.095579
9791	0.120714
9793	0.155703
9804	0.291346
9809	0.209205
9810	0.359907
9823	-0.034997
9828	-0.004634
9907	0.168941
9951	0.024683
9968	0.162724
9969	-0.239043
10010	-0.016264
10011	0.006375
10012	-0.161274
10018	0.035087
10021	-0.184677
10022	-0.170597
10031	0.005073
10032	0.118782
10033	-0.252104
10034	0.136251
10035	-0.106069
10039	-0.243985
10044	-0.026697
10045	-0.257376
10060	0.054194
10065	-0.146058
10077	0.109697
10080	0.025344
10130	-0.002694
10131	-0.255229
10149	-0.003259
10194	0.223852
10197	-0.028293
10221	0.182513
10226	-0.105127
10232	-0.493494
10233	-0.134190
10263	-0.075299
10264	-0.143448
10274	0.135027
10286	0.371967
10292	0.152967
10299	-0.156668
10302	-0.004871
10324	0.083453
10355	0.047566
10358	-0.091229
10362	-0.372342
10366	-0.127125
10368	-0.230091
10370	-0.294681
10392	-0.249183
10405	-0.158454
10406	0.095936
10409	0.338596
10419	-0.189475
10420	0.088294
10424	-0.204227
10434	-0.183873
10455	0.075169
10478	-0.077182
10480	0.117202
10484	0.137784
10510	0.123217
10519	0.178387
10520	0.046420
10524	0.198685
10578	0.047268
10630	-0.157016
10643	0.215325
10645	0.235988
10677	-0.116929
10678	0.054176
10690	-0.029712
10717	0.206356
10718	0.012766
10719	-0.366541
10721	0.181856
10723	-0.009467
10735	-0.019812
10736	0.148697
10829	-0.068221
10837	0.062491
10846	-0.005208
10921	-0.013269
10922	-0.190628
10923	0.224050
10924	0.332577
10964	-0.045905
10978	-0.083022
11017	0.047409
11018	0.009204
11019	-0.254065
11032	-0.124967
11034	0.334305
11035	0.257704
11036	-0.036363
11052	0.206282
11056	0.341751
11060	0.009307
11063	-0.017117
11064	-0.209135
11068	0.036329
11069	-0.133461
11090	-0.383375
11098	-0.010900
11099	0.090888
11100	0.057383
11105	-0.128965
11109	-0.268042
11122	-0.051350
11123	0.158987
11125	-0.060958
11126	0.159187
11149	0.385486
11153	0.062534
11188	0.595363
11193	-0.035890
11230	-0.307035
11233	0.011067
11236	0.620692
11243	-0.097967
11251	0.497482
11259	0.122160
11263	-0.044065
11272	0.241341
11321	-0.080932
11322	0.069566
11326	0.082857
11327	-0.177610
11335	-0.320353
11337	0.006548
11343	0.111062
11390	-0.053294
11444	0.309236
11464	-0.078520
11471	0.123101
11472	0.040858
11473	-0.184556
11492	0.069526
11499	0.240946
11500	-0.056988
11505	0.027965
11527	0.215200
11528	0.175144
11532	-0.074007
11564	0.240141
11589	0.107421
11591	-0.245789
11592	0.133675
11599	-0.065941
11605	0.060356
11617	0.117398
11630	-0.054034
11631	0.056234
11632	0.207724
11656	0.212930
11657	-0.037921
11777	-0.393231
11786	-0.023827
11812	0.034126
12020	0.088499
12061	-0.022933
12115	-0.239618
12154	-0.152213
12155	-0.298903
12156	-0.333132
12159	-0.218092
12174	-0.233545
12176	-0.353966
12230	-0.077670
12234	0.051563
12236	0.156433
12237	3.246293
12250	0.193975
12252	-0.414655
12253	-0.151190
12315	-0.250812
12381	0.143189
12382	0.109664
12438	-0.161943
12455	0.095698
12462	-0.246563
12478	-0.042877
12603	-0.054555
12711	0.219513
12714	0.085459
12716	-0.170577
12754	0.075438
12785	0.364082
12788	-0.039667
12792	-0.080029
12898	-0.069100
12944	0.021612
12949	-0.796415
13062	-0.122230
13099	-0.035126
13160	0.260554
13198	0.014427
13239	0.069401
13249	-1.044191
13262	0.023114
13263	0.125734
13272	0.138310
13273	0.262566
13277	0.016794
13305	0.130613
13342	0.003162
13343	-0.155720
13345	0.108461
13351	-0.054565
13357	-0.121160
13427	0.252234
13436	-0.151273
13455	-0.351255
13528	0.167331
13532	0.090391
13553	-0.034411
13566	-0.462860
13651	0.431136
13653	0.310840
13675	0.145052
13676	0.604188
13677	0.470672
13678	0.239592
13681	0.420482
13688	-0.032585
13697	-0.423503
13705	-0.411080
13708	0.267077
13737	0.361349
13760	0.086071
13923	-0.120561
13927	-0.020085
13995	0.051036
14002	0.075313
14003	0.056961
14021	-0.262886
14034	0.126976
14064	0.007456
14110	-0.635426
14155	-0.085236
14203	0.096465
14208	0.040532
14340	-0.147038
14356	0.136840
14389	-0.261958
14499	0.147147
14625	0.136087
14632	-0.142141
14637	0.152414
14641	0.083157
14685	0.187253
14694	0.176439
14695	0.087524
14699	-0.031362
14700	-0.280030
14749	0.026723
14760	0.036151
14790	0.451732
14791	0.185748
14796	0.163093
14797	0.249117
14891	0.120212
14927	-0.202723
15099	0.076684
15182	0.224838
15243	0.077101
15245	0.178392
15254	0.085988
15322	0.055390
15327	0.266717
15463	0.146536
15496	0.079756
15499	0.134260
15502	0.165192
15514	-0.033358
15566	0.009048
15580	-0.693416
15583	-0.918570
15586	0.113549
15601	0.142011
15621	-1.051804
15780	-0.159325
15869	0.119042
16082	-0.121234
16281	0.294834
16293	-0.053786
16300	0.024801
16304	0.151957
16360	0.134623
16361	0.690820
16367	-0.063843
16432	0.261768
16433	0.158638
16438	-0.199204
16446	-0.250412
16453	-0.101510
16463	0.344877
16466	-0.049615
16477	0.032357
16482	0.295527
16605	-0.101393
16606	-0.036948
16635	0.213609
16638	-0.184226
16655	-0.282629
16673	0.136271
16676	-0.069205
16677	0.125954
16678	0.190844
16808	-0.071797
16829	0.261606
17150	0.046013
17182	0.029594
17199	0.221092
17273	0.826410
17431	0.051394
17466	0.619706
17472	-0.115392
17485	-0.359665
17585	-0.038464
17620	-0.015524
17647	0.446915
17690	-0.205414
17772	0.056271
18410	-0.103632
19647	-0.871586
21458	0.160031
21885	0.168875
21973	-0.142031
21976	-0.126942
21977	0.035241
22084	-0.068759
23475	-0.043090
23754	-0.132260
23764	0.117112
24372	-0.167577
24918	0.279738
24944	0.022570
25022	-0.090088
25140	-0.341726
26484	0.147609
27764	-0.112177
28424	-0.268027
28845	0.059403
29861	-0.153692
30684	-0.191908
31288	-0.011597
31704	-0.162024
32421	0.181574
32520	-0.182495
32893	-0.035303
34340	0.079040
35227	-0.110160
35334	-0.195227
36499	0.043337
36843	0.125576
36844	0.123674
36955	0.759936
36970	0.811371
39336	-0.089246
39353	-0.098183
40538	0.146070
40541	-0.192373
40542	-0.016451
40599	-0.868378
40601	-0.302215
40602	0.028953
40656	-0.031336
40657	0.091033
42157	0.153693
42203	0.063357
42204	0.069113
42851	-0.263409
43061	-0.150451
44144	-0.387620
45195	0.245436
47030	0.006955
47285	0.298501
47317	-0.020161
47457	-0.837055
47460	-0.019969
48147	0.076697
48297	0.097572
48474	-0.285556
48696	-0.112410
49516	0.243880
49630	0.024003
49927	0.014085
50199	0.233175
50249	-0.190578
50259	-0.115588
50904	0.047397
53231	-0.257711
53471	0.060620
53531	-0.138091
53986	-0.218973
55057	0.138881
56431	-0.044778
56432	-0.140020
56466	0.016790
56478	-0.026965
56621	0.252607
57644	-1.084618
57756	0.320682
58783	0.072780
59657	0.088592
59715	0.023466
64825	0.092274
64947	0.251331
65950	-0.873241
70102	-0.224700
75003	0.186217
75099	0.048703
75742	0.515159
75823	-0.027205
75824	-0.025680
78157	-0.008153
78181	-0.353930
78191	-0.501754
80479	0.060383
80480	-0.082941
80715	-0.032330
80719	0.115631
80750	-0.101599
81231	-0.017731
84436	0.068391
84780	0.070168
84844	-0.048778
85002	-0.312158
85003	0.182735
85659	0.160988
85663	-0.110346
85710	-0.074384
92185	-0.810994
96142	0.131548
96144	0.153126
96482	0.004939
98871	-1.112349
