# 1342 minima projected onto PC40
Min	PC
3	-0.238664
4	-0.122593
5	-0.044211
6	0.265277
7	-0.008982
9	-0.239162
16	0.042281
17	-0.021903
21	-0.016588
23	0.103732
31	-0.130224
44	0.188178
47	-0.190526
48	1.060511
51	-0.041778
52	0.315632
55	0.082421
56	-0.318725
57	-0.196456
58	-0.190275
60	0.786278
67	0.058903
68	0.344499
71	-0.219105
72	-0.097488
74	0.170200
79	-0.839354
82	0.259685
85	0.071272
86	0.080704
87	-0.002235
88	-0.123465
91	0.269585
92	0.043695
94	0.121373
95	0.026390
97	-0.211853
104	-0.183447
106	-0.553059
109	-0.395812
111	0.008541
115	0.036964
120	0.140199
126	-0.637055
129	0.015779
136	0.096380
137	-0.130529
188	0.409211
189	-0.050543
196	-0.378724
199	0.026058
200	-0.166867
202	0.363205
211	-0.163319
213	0.184981
214	-0.209937
219	-0.327647
221	-0.592915
276	-0.052033
279	0.191512
283	0.393957
295	-0.334660
308	-0.375498
312	-0.347872
315	0.458549
318	-0.615146
319	-0.001070
321	-0.488251
324	-0.313087
328	-0.153567
334	0.184269
336	0.916663
338	0.637774
347	-0.138248
351	0.853558
352	0.377196
354	-0.071785
357	0.184349
359	0.143557
362	0.035096
364	-0.111841
365	-0.215442
368	-0.085696
376	-0.139226
377	-0.190556
380	0.502261
386	0.315145
388	-0.157622
390	0.111614
396	-0.118342
404	0.014499
410	0.115086
413	-0.117162
420	-0.006005
423	0.194449
424	0.468118
437	0.191736
438	-0.272553
444	0.233888
452	-0.187286
473	-0.188711
474	0.285307
475	0.350420
476	0.353513
478	-0.012245
479	0.337684
480	-0.096373
483	0.653294
503	0.172059
508	-0.272891
509	0.144243
530	0.709508
536	-0.176965
556	0.090579
581	0.215488
583	0.108983
603	0.610753
606	0.204610
607	-0.078401
620	-0.038622
628	0.359479
636	-0.111598
637	0.704181
639	0.161304
640	-0.391429
644	0.367746
645	0.356380
677	0.139629
678	0.078333
679	0.194564
682	1.357730
698	0.240917
700	-0.041604
710	0.232643
722	0.870419
723	0.016114
724	0.110708
725	0.089674
726	0.307916
747	0.655791
753	0.001273
755	-0.421886
757	-0.010262
765	0.075096
782	-0.240432
783	-0.509626
793	-0.001968
808	-0.189300
814	-1.005458
840	-0.615847
848	0.231264
859	0.092774
864	0.266326
867	-0.302185
878	0.143649
888	0.542634
890	0.064032
892	0.872737
899	-0.075820
918	0.017349
926	-0.387599
933	0.324916
934	-0.112447
981	-0.110586
1028	0.001602
1034	0.114015
1051	0.106071
1054	0.491807
1058	0.043413
1062	0.511186
1063	-0.205006
1064	0.506624
1066	-0.090346
1068	0.196393
1073	-0.199983
1082	-0.133621
1083	-0.294911
1086	-0.299986
1089	-0.392270
1090	-0.276574
1091	-0.574650
1092	-0.189102
1164	-0.148466
1165	-0.094901
1174	0.954669
1176	0.113226
1184	-0.198389
1191	0.198590
1192	0.157221
1201	-0.131729
1230	-0.087031
1339	0.364938
1341	-0.015591
1370	0.180595
1385	0.210381
1405	-0.617668
1437	-0.296628
1441	-0.110560
1443	-0.263073
1521	-0.046170
1522	-0.109580
1523	0.034411
1524	0.621063
1525	0.286519
1541	-0.135846
1542	0.274598
1550	0.124021
1551	0.449953
1596	0.451660
1597	-0.884159
1628	0.011826
1629	-0.397721
1633	0.071175
1636	0.518520
1637	0.101801
1765	0.386113
1766	0.189841
1780	0.184705
1862	-0.151861
1865	-0.048192
1870	-0.235347
1885	0.313138
1910	0.191852
1911	-0.012426
2007	0.401848
2060	-0.801691
2062	0.493181
2090	0.055446
2093	-0.571106
2094	-0.439137
2095	0.132831
2096	0.628012
2100	0.087323
2101	-0.271244
2102	0.119643
2103	-0.157484
2104	0.231939
2105	-0.323524
2128	-0.098238
2129	-0.549970
2135	-0.345933
2190	-0.179780
2195	0.194352
2197	-0.368323
2198	0.011131
2199	0.650022
2200	-0.162915
2201	0.293920
2202	-0.233085
2205	-0.250800
2217	0.061765
2218	-0.362853
2221	-0.179984
2272	0.186652
2273	-0.058185
2275	-0.030691
2288	-0.548366
2293	0.344593
2298	-0.049542
2299	0.223877
2300	-0.055214
2301	0.029214
2338	-0.086087
2342	0.020963
2343	0.187514
2358	0.088025
2384	0.051438
2385	0.111859
2399	0.025731
2435	-0.016208
2436	-0.192328
2465	-0.017079
2467	-0.509302
2468	-0.605796
2469	-0.354388
2470	-0.651635
2471	0.921553
2474	-0.486625
2620	-0.659207
2650	0.036354
2651	0.280068
2685	-0.104062
2688	0.075100
2730	-0.033985
2843	-0.137118
2951	-1.080075
2959	0.975189
3236	0.289040
3305	-0.336260
3318	-0.119292
3340	-0.436922
3352	1.153753
3355	0.266622
3356	-0.583442
3365	-0.155433
3366	0.388637
3367	0.423271
3368	-0.139814
3401	-0.427815
3405	0.162601
3434	0.085131
3448	-0.340783
3454	-0.230013
3481	-0.180721
3495	0.164868
3504	0.146082
3532	-0.441744
3540	0.124531
3549	-0.536941
3550	-0.038151
3569	0.050588
3595	-0.205515
3596	0.262077
3603	0.108225
3621	0.354782
3622	0.343920
3647	0.289704
3649	0.260733
3651	-0.471895
3652	-0.404230
3723	0.114198
3757	-0.463707
3772	-0.138771
3787	0.078680
3798	-0.257511
3799	-0.127063
3889	0.472736
3897	0.228823
3898	-0.422153
3904	0.205353
3945	0.378011
3990	-0.110354
4024	0.197998
4039	0.181546
4048	-0.602914
4050	-0.463716
4076	-0.266391
4094	0.158853
4170	0.500217
4251	0.091493
4252	0.263777
4299	-0.302551
4302	-0.482010
4318	0.179715
4319	0.189760
4320	0.081546
4360	-0.433708
4388	0.027096
4414	0.198194
4426	0.163797
4446	0.637527
4527	-0.041369
4545	0.327505
4546	-0.205123
4554	0.124342
4564	0.261818
4567	-0.447552
4634	-0.272995
4693	-0.762395
4736	-0.622490
4761	-0.366937
4879	-0.553084
5071	0.318764
5138	-0.329547
5164	-0.123211
5182	-0.010659
5183	-1.115605
5184	0.321917
5187	-0.178187
5188	-0.145824
5189	-0.089766
5193	0.097428
5194	0.288088
5195	0.560809
5197	0.627412
5203	0.319762
5205	-0.308880
5212	0.097969
5213	0.503366
5222	-0.194346
5223	0.461958
5228	-0.456943
5232	-0.371463
5244	0.142397
5245	0.028421
5246	-0.176562
5248	0.218245
5292	0.335120
5293	0.680154
5299	0.216028
5300	0.039958
5315	0.000881
5316	-0.361822
5319	0.195488
5320	0.213961
5321	-0.208001
5322	0.339822
5323	0.250907
5324	0.101656
5325	-0.097282
5329	0.398776
5342	-0.459141
5343	-0.203700
5374	0.054857
5376	0.051865
5378	0.097979
5379	-0.425587
5382	0.458703
5390	0.144193
5398	-0.305292
5402	-0.025319
5404	0.057265
5407	-0.148142
5408	-0.134753
5409	-0.207496
5411	0.329850
5412	-0.480679
5413	-0.124067
5416	0.520348
5418	-0.017264
5422	-0.127028
5425	-0.118411
5427	0.182750
5428	-0.180380
5432	0.086357
5436	0.092396
5443	0.454195
5444	-0.056596
5458	-1.601212
5462	0.480745
5465	-0.030668
5468	-0.072722
5471	0.199542
5480	0.298667
5481	0.236243
5485	-0.126899
5486	-0.357283
5488	0.449173
5489	0.149114
5495	0.062040
5513	-0.412989
5515	0.207084
5516	0.090042
5521	-0.254196
5527	0.564682
5528	-0.154931
5536	-0.139818
5537	-0.554705
5547	0.161143
5565	-0.257359
5573	0.214569
5579	-0.227255
5583	-0.575755
5586	-0.125322
5589	-0.377359
5590	0.236282
5593	-0.360423
5599	-0.346407
5604	0.919199
5605	0.536616
5606	0.500306
5625	0.623732
5649	-0.036212
5656	0.464764
5657	0.464225
5658	-0.002654
5686	0.032515
5695	-0.014250
5705	0.103228
5706	-0.067624
5716	0.084523
5717	-0.013212
5718	0.116045
5719	-0.176812
5720	-0.362976
5724	-0.986828
5738	-1.425973
5742	-1.185427
5750	0.038071
5751	-0.066645
5756	0.359265
5761	-0.235372
5768	0.101553
5773	-0.784578
5792	0.199415
5793	-0.110428
5794	0.165799
5806	0.558584
5811	-0.038271
5812	-0.032794
5813	0.409482
5814	0.504494
5821	0.195974
5823	0.448664
5825	0.179286
5831	-0.336955
5832	-0.220630
5833	-0.099779
5847	0.219399
5849	0.219525
5851	-0.088078
5854	0.270993
5858	-0.283451
5862	0.128571
5875	0.129025
5876	-0.431699
5903	0.280206
5910	0.155550
5912	0.178180
5913	-0.183471
5925	0.188836
5926	0.271300
5927	0.168235
5928	0.072309
5930	0.705756
5931	0.324057
5933	-0.476346
5934	-0.108701
5937	0.050831
5939	-0.308502
5940	0.252507
5941	-0.306010
5943	-0.383001
5963	0.266553
5964	0.025882
5965	0.287026
5966	-0.296545
5968	-0.054543
5969	0.377737
5970	0.156927
5971	0.118093
5975	0.806988
6006	-0.001843
6011	-0.138411
6017	-0.326229
6019	-0.011646
6022	-0.411769
6032	0.515439
6095	-0.390126
6115	-0.591286
6116	-0.201976
6119	0.378934
6127	0.302087
6128	0.685424
6130	0.284374
6140	-0.151661
6141	0.263456
6147	0.302987
6148	0.173931
6163	-0.813651
6164	-0.107603
6170	0.170038
6171	-0.165199
6177	-0.043269
6184	0.203288
6200	-0.355766
6204	0.026666
6206	-1.020629
6223	-0.010489
6240	-0.771892
6245	-0.160976
6253	0.073522
6267	-1.036452
6269	-0.270801
6290	-1.086198
6303	0.445244
6317	-1.062522
6343	-0.052480
6350	-0.387422
6360	-0.229911
6367	-1.479083
6383	-0.000479
6389	-0.075161
6397	0.451238
6398	-0.087010
6406	-0.119525
6407	-1.514415
6412	0.627088
6413	0.399962
6434	-0.103174
6435	-0.034884
6460	0.279340
6463	0.290081
6464	0.169081
6489	-0.043010
6507	0.103404
6510	-0.785609
6516	-0.372800
6518	0.331786
6522	0.491496
6523	0.302599
6524	-0.334101
6525	0.300581
6531	0.570878
6536	-0.288835
6575	-0.053230
6584	0.384703
6585	0.098546
6586	0.136995
6594	0.163227
6595	-0.677400
6610	0.310276
6612	0.111353
6615	-0.177082
6624	-0.170486
6628	-0.474853
6649	-0.371575
6698	-0.254284
6706	0.138018
6718	-0.214686
6719	-0.326604
6722	0.394145
6770	-0.464010
6780	-0.027262
6781	0.539585
6794	1.184720
6795	-0.918198
6796	0.358538
6799	0.356527
6809	0.150037
6837	0.566308
6838	0.319536
6839	0.087560
6846	0.350478
6865	-0.147478
6869	-0.285781
6870	0.593815
6871	-0.019205
6873	-0.415353
6876	-0.087074
6885	-0.672551
6895	0.228512
6896	-0.036712
6897	0.205418
6900	0.671905
6903	0.096202
6906	-0.440916
6916	0.040927
6917	-0.142274
6918	-0.077723
6919	-0.116656
6938	0.077481
6941	-0.090553
6942	-0.321092
6943	-0.509721
6944	-0.253488
6948	-0.006508
6953	-0.407104
6957	0.278984
6958	-0.203222
6970	-0.109276
6971	0.562742
6976	0.382743
6977	0.886660
6990	-0.015210
7014	-0.038692
7015	0.320610
7016	0.266534
7018	0.604697
7019	0.287795
7042	-0.051286
7053	0.304270
7066	0.144130
7067	-0.509575
7083	0.013627
7092	0.096658
7100	0.364666
7103	0.213387
7110	0.213415
7111	0.367974
7112	0.409826
7113	0.298964
7116	0.048053
7119	0.551208
7120	0.258786
7121	0.101353
7122	0.516952
7140	0.726229
7143	0.633961
7157	-0.227982
7165	-0.224564
7175	-0.053635
7178	-0.508696
7206	0.158069
7207	-0.031897
7217	0.085903
7218	-0.101500
7221	0.199806
7227	0.258047
7230	-0.188452
7236	-0.911909
7239	0.047816
7242	-0.248532
7260	-0.210636
7268	0.020693
7269	0.222721
7304	-0.146974
7326	-0.570404
7327	0.037367
7336	0.333434
7342	0.363033
7346	0.258417
7348	-0.343650
7355	-0.791479
7361	0.442642
7372	-0.358058
7387	0.276650
7422	0.238935
7423	-0.242586
7425	-0.149728
7436	-0.159803
7442	0.512727
7446	-0.003060
7448	0.079609
7453	-0.107902
7463	0.370038
7492	0.109469
7493	0.335257
7494	0.340699
7495	-0.032250
7518	-0.177951
7520	0.237150
7540	-0.273378
7546	-0.172804
7556	0.123972
7559	0.819647
7560	0.285892
7561	0.058576
7564	0.091757
7575	0.306274
7583	0.135439
7585	-0.282311
7586	-0.104638
7599	-0.397468
7600	-0.268648
7606	-0.377486
7614	-0.230061
7617	-0.392577
7622	-0.119801
7629	0.799001
7637	-0.432936
7640	-0.119390
7657	0.074700
7665	0.111605
7666	0.043225
7667	-0.112236
7668	0.240861
7669	0.417933
7670	-0.367482
7671	0.359374
7681	0.633081
7683	0.029714
7684	0.544899
7696	-0.498145
7722	0.054432
7723	-0.212276
7799	-0.114276
7852	0.399945
7859	0.225526
7860	0.187950
7861	0.349710
7865	0.082720
7875	0.596640
7876	-0.225636
7895	0.121925
7913	-0.161178
7917	0.331000
7952	0.434938
7969	0.695200
7971	0.034428
8000	0.198596
8002	-0.085695
8006	0.050246
8036	-0.237335
8056	0.320182
8069	-1.404102
8103	0.170298
8107	-0.058178
8120	-0.117533
8122	0.294274
8125	0.092259
8127	-0.199995
8136	0.378924
8149	0.154699
8154	0.362322
8197	0.257641
8208	0.244034
8223	-1.044291
8232	0.449358
8241	-0.015374
8256	-0.314771
8262	-0.339017
8266	0.551841
8267	0.356036
8268	0.483803
8269	0.209837
8271	-0.151708
8273	-0.045574
8280	-0.258176
8284	-0.143676
8303	-0.117678
8304	-0.540526
8305	-0.536229
8308	0.155600
8332	0.043346
8333	0.253903
8334	0.743854
8338	0.167302
8363	0.488915
8370	-0.113867
8398	-0.214260
8465	-0.456433
8468	0.485574
8469	-0.097470
8470	0.080763
8507	0.099873
8552	-0.139786
8572	-0.092384
8574	-0.232155
8577	-0.537150
8586	-0.470085
8592	-0.186187
8593	0.009639
8594	-0.100384
8597	0.123826
8599	0.104009
8606	-0.779425
8607	-0.012095
8615	0.480000
8617	0.165886
8626	-0.004953
8636	0.078709
8669	0.089362
8671	0.130179
8673	0.065275
8675	-0.279529
8790	0.136469
8791	0.281147
8811	0.434595
8822	-0.593444
8841	-0.288425
8849	-0.495797
8856	0.042209
8875	-0.297020
8884	0.916498
8906	-0.218748
8907	-0.010669
8910	-0.136550
8911	-0.839356
8912	0.097187
8913	0.460303
8934	-0.376275
8935	0.136869
8954	0.149537
8968	-0.196020
8972	-0.035419
9001	0.233347
9029	0.260685
9032	-0.636945
9058	0.778910
9059	0.142331
9068	-0.015797
9070	0.042841
9108	0.083752
9139	0.577830
9140	0.617868
9158	-0.151587
9187	-0.445454
9188	-0.074734
9189	-0.191020
9190	-0.075436
9253	-0.237720
9259	0.304487
9268	-0.479680
9269	0.198475
9271	-0.390321
9312	0.132925
9323	0.022439
9329	-0.114417
9330	-0.291675
9331	-0.524936
9356	-0.099726
9376	0.249969
9394	-0.278167
9424	-0.587087
9428	0.258504
9429	-0.008848
9496	0.252283
9536	0.220955
9543	0.175257
9589	0.018705
9614	-0.318051
9615	0.104546
9617	-0.047453
9631	0.350650
9661	0.519326
9668	0.096813
9718	-0.164147
9728	-0.162655
9734	-0.044740
9788	0.247743
9791	0.542983
9793	0.112483
9804	-0.082481
9809	-0.012574
9810	0.169223
9823	0.060198
9828	-0.627384
9907	0.234937
9951	-0.205820
9968	-0.320451
9969	0.186730
10010	0.035313
10011	0.336662
10012	-0.021397
10018	0.226652
10021	-0.011419
10022	0.081401
10031	0.094632
10032	0.194280
10033	-0.342981
10034	-0.020600
10035	-0.295472
10039	0.132046
10044	-0.125445
10045	-0.006065
10060	-1.464635
10065	0.160061
10077	-0.089247
10080	0.246774
10130	0.126904
10131	0.427637
10149	0.179999
10194	-0.202195
10197	-0.569553
10221	-0.125284
10226	-0.040066
10232	0.338229
10233	0.366165
10263	-0.259478
10264	-0.071460
10274	-0.156591
10286	0.095116
10292	0.417104
10299	-0.059213
10302	-0.461270
10324	0.250118
10355	-0.211884
10358	0.410968
10362	-0.325152
10366	0.000755
10368	0.017522
10370	0.122951
10392	0.077787
10405	-0.406819
10406	-0.257616
10409	0.110818
10419	-0.756641
10420	-0.175097
10424	-0.762760
10434	0.063061
10455	0.174769
10478	-0.143730
10480	0.091718
10484	-0.110733
10510	-0.027095
10519	0.504878
10520	0.169073
10524	0.095230
10578	0.018879
10630	0.408380
10643	-0.197617
10645	0.154285
10677	0.273914
10678	0.384780
10690	0.160867
10717	-0.064927
10718	0.003607
10719	0.041761
10721	0.060450
10723	0.143300
10735	-0.188826
10736	-0.206768
10829	0.394198
10837	0.156375
10846	0.283800
10921	0.381863
10922	-0.069824
10923	-0.158334
10924	-0.190718
10964	-0.317048
10978	-0.091924
11017	0.160208
11018	0.065296
11019	-0.305508
11032	-0.579232
11034	-0.249847
11035	-0.196733
11036	-0.659266
11052	-0.278699
11056	0.103938
11060	0.209769
11063	-0.148993
11064	-0.696001
11068	-0.711287
11069	-0.477966
11090	0.028777
11098	-0.242918
11099	-0.050785
11100	0.277582
11105	-0.255449
11109	0.141326
11122	-0.444671
11123	0.104543
11125	-0.252616
11126	-0.500682
11149	0.154810
11153	-0.541979
11188	-0.790443
11193	-0.396779
11230	-0.131220
11233	0.115820
11236	-0.401728
11243	-0.070751
11251	-0.453986
11259	-0.354313
11263	-1.000284
11272	0.816653
11321	0.378889
11322	-0.120408
11326	-0.173565
11327	-0.083874
11335	-0.416012
11337	-0.499357
11343	-0.110421
11390	-0.444231
11444	0.001741
11464	-0.385266
11471	0.294635
11472	0.724825
11473	0.212726
11492	0.198287
11499	-0.199194
11500	0.355383
11505	-0.680055
11527	0.390130
11528	0.314528
11532	-0.174650
11564	-0.154243
11589	-0.201489
11591	0.152623
11592	0.071598
11599	-0.315793
11605	0.482389
11617	0.004952
11630	-0.682821
11631	-0.282135
11632	0.668580
11656	-0.142683
11657	0.361599
11777	0.578264
11786	0.040620
11812	0.173146
12020	-0.202786
12061	-0.058446
12115	0.009585
12154	-0.261148
12155	-0.015811
12156	0.534791
12159	0.388420
12174	-0.299296
12176	-0.135407
12230	0.052007
12234	0.785251
12236	0.677014
12237	0.716802
12250	-0.306981
12252	-0.617035
12253	-0.267897
12315	0.048229
12381	-0.382521
12382	-0.473670
12438	-0.085372
12455	-0.067705
12462	0.528357
12478	0.196307
12603	-0.334623
12711	-0.156978
12714	0.327860
12716	-0.233227
12754	0.213580
12785	-0.124807
12788	-0.208728
12792	-0.270703
12898	-0.709066
12944	0.669036
12949	-0.603383
13062	-0.039504
13099	-0.219120
13160	-0.376186
13198	-0.094714
13239	0.101815
13249	0.189527
13262	0.191712
13263	0.431491
13272	-0.450469
13273	0.158146
13277	0.225392
13305	0.138333
13342	0.323480
13343	0.232521
13345	0.297179
13351	0.201222
13357	0.153924
13427	-0.170719
13436	0.763048
13455	0.107296
13528	0.449993
13532	-0.041845
13553	0.016805
13566	-0.363712
13651	-0.537961
13653	-0.122181
13675	0.109480
13676	-0.289783
13677	0.314351
13678	0.186920
13681	0.146398
13688	0.182990
13697	0.800986
13705	0.764741
13708	-0.253993
13737	0.332536
13760	0.286174
13923	0.251344
13927	0.137499
13995	0.286010
14002	-0.131583
14003	-0.074751
14021	0.265943
14034	0.484861
14064	0.473365
14110	0.380618
14155	0.263138
14203	-0.096474
14208	0.402067
14340	-0.054088
14356	0.581862
14389	0.254837
14499	0.461866
14625	0.207102
14632	0.122035
14637	0.212412
14641	0.321384
14685	0.534360
14694	0.113869
14695	0.466900
14699	0.070469
14700	0.408124
14749	-0.393010
14760	-0.371013
14790	0.121401
14791	-0.195951
14796	-0.388372
14797	-0.253750
14891	0.072519
14927	0.014812
15099	-1.171170
15182	0.279976
15243	-0.033581
15245	0.424312
15254	-0.089017
15322	0.129297
15327	0.353648
15463	-0.184282
15496	-0.344292
15499	0.114098
15502	-0.030190
15514	0.439298
15566	-0.022658
15580	-0.083645
15583	0.234595
15586	0.416291
15601	0.332450
15621	-0.080171
15780	0.558893
15869	-1.069333
16082	0.333103
16281	0.738588
16293	0.292459
16300	0.223391
16304	0.190232
16360	-0.006759
16361	0.025270
16367	0.359862
16432	-0.312977
16433	-0.538149
16438	0.373733
16446	0.421093
16453	0.223304
16463	-1.709454
16466	0.176936
16477	-0.259433
16482	-0.083925
16605	0.391338
16606	0.737676
16635	-0.336941
16638	0.630156
16655	0.512783
16673	0.438901
16676	0.104777
16677	0.026887
16678	0.118109
16808	-0.482378
16829	-0.367962
17150	0.123896
17182	0.163336
17199	0.280410
17273	-0.143578
17431	-0.536647
17466	-0.324441
17472	-0.177113
17485	-0.125714
17585	-0.189963
17620	0.793600
17647	-0.028870
17690	0.627546
17772	-0.632931
18410	-0.271590
19647	0.058180
21458	-0.766341
21885	0.261550
21973	-0.184335
21976	0.126308
21977	0.194924
22084	0.206897
23475	0.269107
23754	-1.637791
23764	-0.267140
24372	-0.752849
24918	-0.647999
24944	-0.324680
25022	-0.692251
25140	-0.279682
26484	-0.332717
27764	-0.038292
28424	-1.414006
28845	-0.649406
29861	0.980817
30684	0.309867
31288	0.055066
31704	0.095430
32421	-1.188599
32520	0.243144
32893	0.134840
34340	0.072991
35227	0.285767
35334	0.082854
36499	-1.175894
36843	0.013973
36844	0.064363
36955	0.072971
36970	0.379869
39336	-0.001350
39353	0.004476
40538	-0.338648
40541	-0.023456
40542	-0.042846
40599	0.357669
40601	0.211911
40602	-0.280639
40656	-0.084512
40657	-0.273501
42157	-0.277856
42203	-0.307458
42204	-0.499813
42851	-0.511609
43061	-0.197349
44144	0.158553
45195	0.458555
47030	0.135023
47285	-0.172546
47317	-0.406679
47457	0.351941
47460	0.515164
48147	-0.233674
48297	0.940575
48474	0.277380
48696	-0.364745
49516	-1.311144
49630	0.114820
49927	-0.203634
50199	0.008022
50249	-0.659486
50259	1.485345
50904	0.161780
53231	-0.172159
53471	-0.229050
53531	0.342663
53986	-0.039081
55057	-0.362752
56431	-0.583604
56432	-0.635166
56466	0.132459
56478	0.131317
56621	-0.116178
57644	0.526863
57756	0.358104
58783	-0.428428
59657	-0.262878
59715	-0.194365
64825	0.471291
64947	-0.004392
65950	-0.019276
70102	-0.728269
75003	0.380342
75099	0.236817
75742	-0.618040
75823	-0.276896
75824	-0.521943
78157	-1.371278
78181	0.927833
78191	0.085350
80479	0.304601
80480	0.200279
80715	-0.624690
80719	-0.482973
80750	-0.213709
81231	0.537340
84436	0.151762
84780	-0.451354
84844	-0.500787
85002	-0.056224
85003	0.279624
85659	-0.327689
85663	-0.089173
85710	0.006251
92185	0.503386
96142	0.380896
96144	0.292048
96482	-0.103258
98871	-0.125149
