# 1342 minima projected onto PC69
# Min	PC
3	0.057563
4	0.075087
5	0.143430
6	0.023135
7	-0.008741
9	0.108227
16	0.011123
17	0.033481
21	0.091800
23	0.037882
31	0.009010
44	0.077781
47	0.128011
48	0.146961
51	0.044768
52	0.025898
55	0.093645
56	0.086223
57	0.011241
58	-0.015651
60	-0.139031
67	0.012145
68	0.070452
71	0.040609
72	0.074364
74	0.147159
79	0.097895
82	0.085592
85	0.095939
86	0.089484
87	0.097172
88	0.024352
91	0.042100
92	0.056151
94	0.090370
95	0.009081
97	0.023226
104	-0.143906
106	-0.039089
109	0.074607
111	0.223219
115	0.044663
120	0.026966
126	0.161436
129	-0.322936
136	-0.216966
137	0.040674
188	-0.026684
189	0.030103
196	-0.056954
199	0.088176
200	0.033452
202	-0.003410
211	0.140772
213	0.045613
214	0.032988
219	0.067897
221	0.067605
276	-0.032220
279	0.035908
283	-0.216228
295	0.098338
308	0.065794
312	0.101585
315	-0.134166
318	-0.019794
319	0.060390
321	0.011694
324	-0.050060
328	0.071048
334	0.072883
336	0.434768
338	-0.084828
347	0.076060
351	0.032291
352	0.131270
354	0.137394
357	-0.156641
359	0.004731
362	-0.009535
364	0.032139
365	0.005523
368	-0.044142
376	0.087729
377	0.130214
380	0.061357
386	-0.062256
388	0.065878
390	-0.248951
396	0.063381
404	0.063211
410	-0.039113
413	-0.048883
420	-0.057198
423	0.133062
424	0.161818
437	-0.026177
438	0.024437
444	-0.471372
452	-0.040116
473	0.034293
474	0.027660
475	0.125919
476	-0.071958
478	-0.023389
479	-0.236942
480	-0.002658
483	-0.032660
503	0.245502
508	0.032694
509	-0.263181
530	-0.130723
536	0.129965
556	-0.088055
581	0.060048
583	0.047854
603	0.025276
606	0.019800
607	0.138545
620	-0.022859
628	0.101125
636	0.091704
637	0.137361
639	0.090133
640	0.106957
644	0.053346
645	0.008876
677	-0.037040
678	0.123835
679	0.138910
682	0.109603
698	0.001455
700	0.102142
710	-0.199627
722	0.001328
723	0.196225
724	0.045789
725	0.025262
726	0.064831
747	-0.010008
753	-0.039672
755	-0.125117
757	-0.158170
765	-0.036019
782	0.036999
783	0.002138
793	0.122321
808	0.074364
814	0.265685
840	0.165711
848	-0.106642
859	0.055100
864	0.029891
867	-0.032536
878	0.249102
888	-0.016822
890	-0.406198
892	-0.047411
899	0.051813
918	-0.019293
926	0.085169
933	0.058139
934	0.060467
981	-0.037340
1028	-0.133582
1034	-0.068709
1051	-0.073253
1054	-0.116168
1058	-0.278967
1062	-0.051755
1063	0.142558
1064	-0.028703
1066	0.111121
1068	0.090726
1073	-0.019355
1082	-0.068332
1083	-0.076644
1086	-0.098591
1089	-0.107745
1090	-0.048324
1091	-0.201424
1092	-0.050851
1164	0.049035
1165	0.036017
1174	-0.310046
1176	0.010870
1184	0.142962
1191	0.121410
1192	0.000553
1201	-0.142252
1230	0.011456
1339	0.068433
1341	-0.028711
1370	0.256293
1385	-0.050656
1405	0.131069
1437	0.045537
1441	-0.074816
1443	-0.147400
1521	-0.002018
1522	0.094642
1523	-0.007639
1524	0.123534
1525	0.127104
1541	-0.141773
1542	0.111988
1550	-0.038035
1551	0.021010
1596	-0.058096
1597	0.074255
1628	0.132637
1629	-0.037994
1633	0.014638
1636	0.045380
1637	-0.332745
1765	0.036742
1766	-0.087599
1780	0.010898
1862	0.020133
1865	0.024197
1870	-0.046426
1885	-0.591701
1910	0.088542
1911	0.016312
2007	-0.041342
2060	0.112534
2062	0.110093
2090	0.213271
2093	-0.032055
2094	-0.061209
2095	-0.049640
2096	-0.113041
2100	-0.065896
2101	-0.165163
2102	-0.232874
2103	-0.126173
2104	-0.197147
2105	0.035878
2128	-0.024959
2129	-0.000063
2135	-0.060691
2190	0.012021
2195	0.020809
2197	0.016638
2198	0.048443
2199	-0.073864
2200	-0.003743
2201	-0.071290
2202	0.020051
2205	-0.008830
2217	-0.037489
2218	-0.415408
2221	-0.039887
2272	0.160005
2273	0.131316
2275	0.044014
2288	-0.002900
2293	0.037902
2298	-0.073667
2299	0.091761
2300	-0.051169
2301	0.021854
2338	0.024327
2342	-0.031332
2343	0.032823
2358	-0.089832
2384	0.035926
2385	0.122736
2399	0.057479
2435	-0.209968
2436	-0.033452
2465	0.027849
2467	-0.116286
2468	-0.008902
2469	-0.046946
2470	-0.075129
2471	0.055721
2474	-0.117311
2620	0.136508
2650	0.070573
2651	0.000119
2685	0.061958
2688	-0.112873
2730	-0.021422
2843	-0.103904
2951	0.220687
2959	0.158343
3236	0.046737
3305	-0.077450
3318	0.084635
3340	-0.175389
3352	-0.067021
3355	-0.024728
3356	0.004820
3365	-0.126548
3366	-0.073858
3367	0.036662
3368	-0.003267
3401	0.051768
3405	-0.611955
3434	0.059806
3448	-0.050578
3454	0.040937
3481	0.045247
3495	0.019559
3504	-0.090773
3532	-0.054264
3540	0.126013
3549	0.186143
3550	0.114711
3569	-0.127575
3595	-0.027289
3596	0.053986
3603	0.075385
3621	-0.074365
3622	-0.055234
3647	-0.050934
3649	0.224128
3651	-0.085637
3652	-0.003749
3723	-0.095298
3757	-0.111949
3772	-0.071866
3787	-0.113010
3798	0.143433
3799	-0.105369
3889	0.101955
3897	0.012096
3898	-0.031592
3904	-0.063650
3945	-0.159629
3990	-0.074395
4024	0.063459
4039	0.026856
4048	0.025916
4050	0.185037
4076	0.001882
4094	-0.142140
4170	0.145757
4251	-0.098737
4252	-0.155772
4299	0.094896
4302	0.087101
4318	0.093689
4319	-0.004668
4320	-0.051087
4360	0.021736
4388	0.062404
4414	0.001553
4426	0.006250
4446	-0.035185
4527	-0.085539
4545	0.029653
4546	-0.033131
4554	0.113226
4564	-0.032996
4567	0.082265
4634	-0.050318
4693	0.004848
4736	-0.136289
4761	-0.065827
4879	-0.011114
5071	0.064880
5138	-0.008197
5164	-0.046027
5182	0.132674
5183	0.112925
5184	0.114300
5187	0.027196
5188	-0.019699
5189	0.097570
5193	-0.037959
5194	0.112848
5195	-0.044566
5197	0.124241
5203	0.738737
5205	-0.005711
5212	0.043575
5213	-0.134904
5222	-0.108331
5223	0.165728
5228	0.181070
5232	-0.278476
5244	0.067520
5245	0.635669
5246	0.001269
5248	-0.020690
5292	0.125339
5293	0.194867
5299	-0.394082
5300	-0.446087
5315	-0.027436
5316	0.064726
5319	0.000398
5320	0.036483
5321	0.104161
5322	0.069151
5323	0.051394
5324	0.073959
5325	0.063171
5329	-0.169350
5342	0.025425
5343	0.043478
5374	-0.384324
5376	-0.074127
5378	-0.116900
5379	-0.109807
5382	-0.213438
5390	-0.058857
5398	0.076905
5402	-0.029568
5404	0.158322
5407	0.071247
5408	-0.107764
5409	0.056777
5411	-0.006188
5412	0.165891
5413	-0.175918
5416	-0.166778
5418	0.159948
5422	0.127498
5425	-0.031788
5427	0.122690
5428	0.076107
5432	-0.026892
5436	0.084921
5443	0.046677
5444	0.051687
5458	0.049959
5462	-0.099323
5465	0.034510
5468	-0.005058
5471	0.177633
5480	0.046467
5481	0.134429
5485	0.042109
5486	0.102626
5488	-0.012380
5489	0.082663
5495	0.064431
5513	-0.091768
5515	0.094516
5516	-0.037069
5521	0.013111
5527	0.018946
5528	-0.241090
5536	0.041669
5537	0.091646
5547	-0.107541
5565	0.054309
5573	0.110628
5579	-0.027596
5583	-0.118101
5586	-0.177954
5589	-0.005571
5590	-0.021480
5593	0.050455
5599	0.260710
5604	0.056466
5605	0.083331
5606	-0.042166
5625	-0.465486
5649	0.090617
5656	0.003360
5657	-0.380950
5658	0.018819
5686	-0.061368
5695	-0.083224
5705	-0.338088
5706	0.118046
5716	0.078689
5717	-0.016036
5718	-0.077388
5719	-0.052099
5720	-0.073856
5724	-0.086096
5738	-0.159019
5742	0.150026
5750	-0.140204
5751	-0.039134
5756	0.215303
5761	-0.513433
5768	-0.093355
5773	-0.105425
5792	0.069497
5793	0.015344
5794	0.119774
5806	0.058596
5811	-0.062084
5812	0.051359
5813	0.090267
5814	-0.001986
5821	-0.019173
5823	0.333636
5825	-0.023893
5831	-0.034034
5832	-0.198972
5833	-0.122555
5847	0.125560
5849	0.233231
5851	0.071001
5854	0.180096
5858	0.117098
5862	0.048484
5875	-0.155906
5876	0.134403
5903	0.185613
5910	0.103293
5912	-0.255536
5913	-0.470186
5925	-0.027061
5926	0.053633
5927	0.024447
5928	0.108316
5930	-0.051162
5931	0.196149
5933	-0.055237
5934	-0.100040
5937	-0.215215
5939	0.084283
5940	0.090353
5941	-0.029681
5943	-0.110329
5963	-0.051298
5964	-0.030497
5965	-0.003467
5966	-0.049339
5968	-0.003496
5969	0.112907
5970	0.131143
5971	0.102877
5975	-0.070351
6006	0.028158
6011	-0.017797
6017	0.124348
6019	-0.097848
6022	0.199338
6032	0.482510
6095	-0.124816
6115	-0.189521
6116	-0.043622
6119	0.090357
6127	0.090812
6128	0.086622
6130	0.031243
6140	0.026543
6141	0.258161
6147	0.713497
6148	0.700426
6163	-0.017832
6164	-0.038902
6170	-0.000707
6171	-0.028317
6177	-0.179904
6184	0.118891
6200	0.153631
6204	-0.153750
6206	0.067284
6223	-0.117114
6240	0.225974
6245	0.091017
6253	0.010439
6267	0.161905
6269	0.036080
6290	0.265885
6303	0.166028
6317	0.065025
6343	0.002866
6350	-0.066983
6360	-0.198092
6367	0.171706
6383	0.016638
6389	-0.185081
6397	-0.111631
6398	-0.003801
6406	0.028364
6407	-0.025853
6412	0.172748
6413	0.114170
6434	-0.004943
6435	0.044537
6460	0.243228
6463	0.081335
6464	0.112375
6489	0.012229
6507	0.082096
6510	-0.106890
6516	0.077063
6518	0.110122
6522	-0.034339
6523	-0.113863
6524	0.056413
6525	-0.094426
6531	0.233218
6536	0.042025
6575	0.088105
6584	0.074553
6585	0.006324
6586	-0.072994
6594	0.113834
6595	0.057883
6610	0.279685
6612	0.088944
6615	0.068366
6624	0.073302
6628	0.174757
6649	0.120114
6698	-0.016816
6706	0.031818
6718	0.167110
6719	0.127466
6722	0.076611
6770	0.159527
6780	0.050796
6781	0.021813
6794	-0.079805
6795	0.061448
6796	-0.041998
6799	0.083951
6809	0.199264
6837	0.164770
6838	0.171786
6839	-0.292770
6846	-0.004919
6865	0.082266
6869	-0.074640
6870	-0.195453
6871	-0.118821
6873	-0.098599
6876	-0.122502
6885	-0.141556
6895	0.014390
6896	-0.034613
6897	0.065978
6900	0.079237
6903	0.218206
6906	0.174745
6916	0.019012
6917	0.029971
6918	-0.003444
6919	0.016497
6938	-0.021043
6941	0.049182
6942	-0.167743
6943	0.051944
6944	0.085621
6948	0.087221
6953	0.177232
6957	-0.000694
6958	0.036556
6970	-0.115386
6971	0.148453
6976	0.187941
6977	0.150328
6990	0.070964
7014	-0.020305
7015	0.121541
7016	-0.085166
7018	0.042695
7019	-0.022673
7042	-0.128501
7053	-0.127566
7066	0.036790
7067	0.127740
7083	-0.011391
7092	-0.206538
7100	-0.050505
7103	-0.046400
7110	0.051494
7111	-0.051144
7112	-0.045854
7113	0.048535
7116	0.022800
7119	-0.072919
7120	-0.034674
7121	0.019830
7122	-0.119031
7140	-0.025187
7143	0.330398
7157	0.009329
7165	-0.026559
7175	0.035465
7178	0.079528
7206	-0.090763
7207	-0.059752
7217	-0.038961
7218	-0.000834
7221	0.008543
7227	0.314692
7230	-0.089041
7236	-0.096496
7239	-0.219518
7242	-0.055802
7260	-0.151974
7268	-0.013640
7269	0.095782
7304	0.130470
7326	-0.003264
7327	-0.019377
7336	0.046564
7342	0.032238
7346	0.151021
7348	-0.210181
7355	0.011741
7361	-0.065338
7372	0.056256
7387	-0.061036
7422	-0.139499
7423	0.115619
7425	0.044086
7436	0.056571
7442	0.031511
7446	0.106228
7448	-0.142640
7453	0.062572
7463	0.045301
7492	-0.033018
7493	-0.062116
7494	-0.218394
7495	-0.191023
7518	0.046133
7520	0.178261
7540	-0.029472
7546	-0.024749
7556	0.013209
7559	0.023740
7560	0.107828
7561	0.044675
7564	-0.008786
7575	0.032889
7583	0.101234
7585	-0.097097
7586	-0.226300
7599	-0.077991
7600	0.017860
7606	-0.081457
7614	-0.002247
7617	-0.011080
7622	0.026161
7629	0.004634
7637	-0.117711
7640	0.004437
7657	0.028219
7665	0.054054
7666	0.012930
7667	0.087417
7668	-0.073239
7669	-0.001942
7670	0.159045
7671	-0.002960
7681	-0.074942
7683	-0.290623
7684	0.034396
7696	-0.148316
7722	0.069064
7723	0.098003
7799	-0.076788
7852	-0.018032
7859	0.062873
7860	-0.021592
7861	-0.036990
7865	-0.146360
7875	0.084195
7876	-0.122662
7895	-0.128973
7913	0.006852
7917	-0.188932
7952	-0.029534
7969	0.379896
7971	-0.018609
8000	0.040037
8002	0.030277
8006	-0.067689
8036	-0.003425
8056	0.120693
8069	0.082634
8103	-0.098060
8107	-0.087338
8120	-0.092510
8122	-0.059420
8125	-0.077557
8127	-0.038745
8136	-0.063745
8149	-0.079323
8154	-0.064223
8197	-0.072916
8208	-0.340227
8223	0.235459
8232	-0.119613
8241	-0.096024
8256	0.057435
8262	0.058221
8266	0.008457
8267	0.013289
8268	0.050448
8269	0.031619
8271	0.020074
8273	-0.001599
8280	-0.109154
8284	-0.164119
8303	-0.056268
8304	0.012051
8305	0.020647
8308	-0.074934
8332	0.167319
8333	-0.005388
8334	0.033223
8338	-0.013792
8363	0.094359
8370	-0.181854
8398	0.032268
8465	0.378076
8468	0.037494
8469	0.132267
8470	0.039026
8507	-0.061988
8552	0.131453
8572	-0.148609
8574	-0.185020
8577	-0.095320
8586	0.037398
8592	0.116679
8593	0.168054
8594	0.137846
8597	0.001658
8599	0.075129
8606	-0.104933
8607	0.011695
8615	0.122972
8617	0.054283
8626	-0.108152
8636	0.042829
8669	-0.084308
8671	0.002705
8673	-0.065024
8675	0.145312
8790	-0.013641
8791	0.099112
8811	0.219812
8822	-0.111047
8841	-0.068983
8849	0.075466
8856	-0.165038
8875	-0.127805
8884	0.338235
8906	0.215382
8907	-0.053594
8910	-0.161138
8911	-0.298855
8912	-0.121084
8913	-0.011259
8934	0.043707
8935	0.081967
8954	0.058534
8968	-0.076362
8972	-0.060878
9001	-0.080166
9029	0.001624
9032	0.017710
9058	-0.085642
9059	0.119328
9068	0.215833
9070	0.001795
9108	0.069996
9139	-0.149564
9140	-0.251539
9158	0.121238
9187	0.006739
9188	-0.026228
9189	-0.101156
9190	-0.028862
9253	-0.003377
9259	-0.107535
9268	0.020045
9269	0.037604
9271	-0.052989
9312	-0.118225
9323	0.138188
9329	0.074086
9330	-0.056641
9331	-0.091031
9356	0.090167
9376	-0.071352
9394	-0.068294
9424	0.044089
9428	-0.029731
9429	-0.028395
9496	0.029653
9536	-0.072912
9543	0.318786
9589	0.013214
9614	-0.258585
9615	-0.090160
9617	0.000373
9631	-0.090515
9661	0.080272
9668	-0.031261
9718	-0.206449
9728	-0.008164
9734	0.026100
9788	0.007510
9791	0.122847
9793	0.023496
9804	0.059154
9809	-0.060567
9810	-0.004145
9823	-0.144021
9828	-0.184857
9907	0.291595
9951	-0.075333
9968	-0.081867
9969	-0.066418
10010	0.033509
10011	-0.124205
10012	0.102255
10018	0.107156
10021	-0.107841
10022	-0.021501
10031	-0.134851
10032	-0.082348
10033	-0.064736
10034	-0.133363
10035	-0.139592
10039	-0.082123
10044	-0.063569
10045	-0.023032
10060	-0.225581
10065	-0.094786
10077	-0.043146
10080	-0.119326
10130	0.061710
10131	-0.089351
10149	0.154819
10194	-0.211552
10197	0.268910
10221	-0.152112
10226	-0.016169
10232	-0.166460
10233	-0.101349
10263	0.121157
10264	0.074455
10274	-0.105563
10286	0.082328
10292	-0.497866
10299	-0.015688
10302	0.137633
10324	0.113239
10355	-0.100992
10358	-0.141472
10362	-0.036785
10366	0.026859
10368	-0.070144
10370	-0.182065
10392	0.148883
10405	0.098718
10406	0.078866
10409	0.003092
10419	0.059550
10420	0.134508
10424	0.057279
10434	0.154871
10455	0.029028
10478	-0.033410
10480	-0.021388
10484	-0.120134
10510	0.061974
10519	-0.284519
10520	0.151186
10524	0.058909
10578	-0.018683
10630	0.039510
10643	0.087433
10645	-0.024618
10677	0.068178
10678	0.038503
10690	0.040544
10717	0.019127
10718	0.043806
10719	-0.250313
10721	-0.016532
10723	-0.039199
10735	-0.020305
10736	0.033970
10829	-0.201688
10837	0.019128
10846	-0.055148
10921	0.100856
10922	0.041709
10923	-0.098140
10924	-0.116354
10964	-0.112615
10978	0.066862
11017	-0.238352
11018	-0.141798
11019	0.145554
11032	-0.150821
11034	-0.069599
11035	-0.091736
11036	-0.117861
11052	0.085317
11056	-0.100739
11060	-0.193459
11063	0.002695
11064	-0.095812
11068	-0.134435
11069	-0.187919
11090	0.007349
11098	0.035438
11099	0.153535
11100	0.146462
11105	-0.028480
11109	0.098037
11122	0.002719
11123	-0.019381
11125	-0.029499
11126	0.024411
11149	0.095000
11153	0.100980
11188	-0.007587
11193	-0.057116
11230	0.030668
11233	-0.080042
11236	0.004475
11243	-0.008561
11251	0.029617
11259	-0.102179
11263	0.111346
11272	0.348679
11321	-0.051531
11322	-0.134850
11326	-0.055773
11327	-0.124032
11335	-0.143427
11337	0.100435
11343	0.019698
11390	0.129481
11444	0.000697
11464	0.015155
11471	-0.042964
11472	-0.008642
11473	0.010961
11492	-0.008537
11499	-0.008516
11500	0.069795
11505	0.015274
11527	-0.089821
11528	-0.091533
11532	-0.122794
11564	-0.060775
11589	0.123086
11591	0.031934
11592	-0.128522
11599	0.057800
11605	-0.212086
11617	0.056991
11630	-0.007748
11631	-0.008695
11632	-0.461736
11656	0.070351
11657	0.105812
11777	0.331010
11786	-0.117575
11812	0.062773
12020	0.111388
12061	0.035959
12115	-0.055573
12154	0.016217
12155	-0.026716
12156	0.067569
12159	-0.043847
12174	0.077103
12176	0.215412
12230	0.053044
12234	-0.011265
12236	-0.026241
12237	-0.055784
12250	0.115133
12252	-0.093168
12253	-0.102641
12315	0.044983
12381	0.009248
12382	-0.036740
12438	0.024090
12455	0.180752
12462	-0.131844
12478	-0.097690
12603	0.033014
12711	0.026623
12714	0.056363
12716	-0.018337
12754	0.018504
12785	0.135426
12788	-0.084049
12792	0.152667
12898	0.014805
12944	0.108218
12949	0.262606
13062	-0.317041
13099	-0.064402
13160	-0.137383
13198	-0.059420
13239	-0.076132
13249	-0.286233
13262	0.399390
13263	-0.120819
13272	-0.044140
13273	0.071977
13277	-0.031979
13305	-0.173856
13342	0.086376
13343	0.085374
13345	0.612806
13351	0.124795
13357	-0.015995
13427	-0.390232
13436	0.298248
13455	-0.084138
13528	0.682340
13532	-0.156555
13553	-0.057925
13566	0.267559
13651	-0.072121
13653	-0.029849
13675	-0.082854
13676	-0.145930
13677	-0.177557
13678	-0.045990
13681	-0.207858
13688	0.052049
13697	0.090234
13705	0.140823
13708	-0.069059
13737	-0.222578
13760	0.033873
13923	-0.148377
13927	-0.112526
13995	0.090493
14002	0.012236
14003	0.117525
14021	0.146768
14034	-0.368580
14064	-0.391363
14110	0.042455
14155	0.091654
14203	-0.134686
14208	-0.063335
14340	-0.173743
14356	-0.071382
14389	0.079538
14499	-0.073685
14625	-0.055786
14632	-0.107051
14637	0.006775
14641	0.116999
14685	-0.124675
14694	-0.059176
14695	-0.019025
14699	0.033062
14700	0.129133
14749	-0.020078
14760	-0.044089
14790	-0.018980
14791	-0.069325
14796	0.051302
14797	-0.119530
14891	0.080834
14927	-0.024654
15099	0.103320
15182	0.618397
15243	-0.038622
15245	-0.091833
15254	-0.072325
15322	0.157916
15327	-0.094139
15463	0.069490
15496	-0.077141
15499	-0.063762
15502	-0.103113
15514	0.175059
15566	0.107131
15580	-0.180505
15583	-0.074573
15586	0.114934
15601	-0.184384
15621	-0.250903
15780	0.122868
15869	0.034485
16082	-0.135148
16281	-0.038346
16293	-0.356550
16300	0.087765
16304	-0.063470
16360	0.075268
16361	-0.097022
16367	0.136907
16432	0.045793
16433	0.016100
16438	-0.156852
16446	-0.247211
16453	-0.192462
16463	-0.017218
16466	-0.101776
16477	-0.165299
16482	0.060711
16605	0.106875
16606	-0.407145
16635	0.200961
16638	-0.123600
16655	-0.339810
16673	-0.175439
16676	0.072364
16677	0.026935
16678	0.146659
16808	0.016617
16829	-0.056262
17150	-0.044831
17182	-0.066198
17199	-0.044467
17273	0.119405
17431	-0.005946
17466	0.752479
17472	0.053805
17485	-0.008390
17585	0.099606
17620	0.406030
17647	0.513803
17690	-0.022815
17772	0.068184
18410	-0.105948
19647	-0.492071
21458	-0.020842
21885	0.048585
21973	0.046181
21976	-0.051154
21977	0.048719
22084	0.025773
23475	0.066014
23754	-0.052643
23764	-0.064628
24372	0.111325
24918	-0.155787
24944	0.009616
25022	0.070586
25140	-0.263433
26484	-0.158963
27764	0.021957
28424	0.000576
28845	0.021634
29861	0.110989
30684	-0.022185
31288	0.075642
31704	-0.062800
32421	0.023376
32520	0.014638
32893	0.022131
34340	-0.087453
35227	-0.389611
35334	0.092701
36499	-0.092495
36843	0.006546
36844	0.019778
36955	0.037015
36970	0.199388
39336	0.138910
39353	-0.035237
40538	0.100712
40541	-0.026640
40542	-0.001170
40599	-0.281969
40601	-0.018036
40602	0.078214
40656	0.022223
40657	0.078069
42157	-0.346368
42203	-0.125698
42204	-0.095466
42851	-0.175853
43061	0.036095
44144	0.037144
45195	-0.237368
47030	0.031692
47285	0.058687
47317	-0.075227
47457	-0.233109
47460	0.041296
48147	-0.023122
48297	0.055087
48474	0.084272
48696	0.022351
49516	0.065128
49630	0.029981
49927	-0.043898
50199	-0.189495
50249	-0.121040
50259	0.045958
50904	0.053681
53231	-0.015283
53471	0.037786
53531	-0.060876
53986	0.105955
55057	-0.032923
56431	0.080915
56432	0.073009
56466	0.066121
56478	0.148831
56621	-0.032325
57644	-0.206074
57756	-0.103714
58783	-0.126077
59657	0.089651
59715	-0.088672
64825	0.020761
64947	-0.072793
65950	-0.310558
70102	0.133035
75003	0.220502
75099	0.203492
75742	0.337091
75823	0.313302
75824	0.133886
78157	0.109682
78181	-0.178418
78191	0.024815
80479	0.065177
80480	-0.146273
80715	-0.070705
80719	-0.140118
80750	0.153532
81231	0.056137
84436	0.059187
84780	0.019095
84844	-0.149399
85002	0.038089
85003	-0.195487
85659	-0.089182
85663	-0.095269
85710	-0.073550
92185	-0.094628
96142	-0.322590
96144	-0.540229
96482	-0.059458
98871	-0.348345
