# 1342 minima projected onto PC28
Min	PC
3	0.205979
4	0.267574
5	0.142430
6	0.391748
7	0.566421
9	-0.903516
16	0.431854
17	0.429557
21	-0.019394
23	-1.342077
31	-0.845827
44	-0.137523
47	0.220689
48	0.868108
51	0.203205
52	0.275446
55	0.082537
56	-0.101814
57	-0.149436
58	-0.235250
60	0.102799
67	0.313422
68	-0.030679
71	0.270340
72	0.286102
74	0.119000
79	0.650246
82	-1.180407
85	-0.339387
86	-0.530820
87	0.394251
88	-0.788695
91	-0.372289
92	-0.689270
94	-0.158892
95	-0.031397
97	0.177692
104	0.257412
106	0.456763
109	-0.997281
111	0.413904
115	1.481789
120	-0.353959
126	0.760992
129	-1.727347
136	0.673841
137	-0.503498
188	0.160507
189	0.585828
196	0.158483
199	0.296254
200	0.138252
202	-1.634205
211	0.060138
213	-1.288051
214	0.518021
219	-0.653234
221	-0.859748
276	0.073927
279	-0.085591
283	0.617102
295	0.221403
308	0.691828
312	0.424575
315	0.809871
318	0.186132
319	-0.260195
321	0.488815
324	0.319501
328	0.243109
334	-0.193863
336	1.588626
338	0.801848
347	0.500138
351	0.534592
352	0.298443
354	-0.741274
357	1.013120
359	-0.410095
362	-0.383927
364	-0.386857
365	-0.473190
368	-0.416856
376	-0.485143
377	-0.192926
380	0.316406
386	-0.084145
388	0.107506
390	-0.245666
396	0.626981
404	-0.166961
410	-0.945632
413	0.166306
420	-0.554432
423	-0.435966
424	-0.137104
437	0.628225
438	0.233549
444	0.547536
452	0.040290
473	0.122305
474	0.209230
475	0.633987
476	-0.091932
478	0.430122
479	0.377459
480	0.377239
483	0.383838
503	0.505583
508	0.043818
509	-1.549778
530	0.887973
536	0.181483
556	0.514896
581	-0.386666
583	0.028320
603	0.022381
606	-0.054181
607	-0.271626
620	0.185677
628	-1.091529
636	-0.028316
637	0.836650
639	0.425447
640	0.367679
644	-0.364937
645	-0.642023
677	0.287216
678	1.181160
679	-0.210557
682	1.322020
698	-0.214049
700	0.439539
710	-0.083088
722	0.515824
723	0.275167
724	0.073227
725	0.551409
726	0.461199
747	-0.515961
753	-0.223211
755	0.396559
757	-0.516144
765	-0.733308
782	0.512375
783	-0.834711
793	0.482926
808	-0.008369
814	0.446900
840	-0.669872
848	-0.289167
859	-0.491870
864	-0.024707
867	-0.963178
878	1.183563
888	0.870220
890	-2.036668
892	0.425205
899	-0.086723
918	0.195996
926	-0.060540
933	-0.619357
934	-1.039594
981	-0.256205
1028	-0.683150
1034	-0.118131
1051	-1.098265
1054	-0.876282
1058	-1.117187
1062	-0.724668
1063	0.331239
1064	-0.874993
1066	0.368071
1068	0.032964
1073	-0.325468
1082	0.222495
1083	0.230019
1086	0.482522
1089	1.066550
1090	0.785807
1091	0.619702
1092	0.815647
1164	-0.173232
1165	-0.515790
1174	0.455684
1176	-0.699697
1184	0.062591
1191	-0.252019
1192	0.318032
1201	-2.028367
1230	-0.482622
1339	0.182619
1341	0.770932
1370	1.078617
1385	-0.416313
1405	0.596122
1437	-0.682744
1441	-0.862228
1443	-0.722343
1521	-0.108843
1522	0.292076
1523	0.190405
1524	-0.682041
1525	0.133904
1541	0.295537
1542	-0.497449
1550	0.113334
1551	-0.278242
1596	0.846512
1597	-0.583584
1628	-0.191531
1629	-0.162479
1633	0.211099
1636	-1.425704
1637	0.574759
1765	0.330623
1766	0.726747
1780	-0.776366
1862	-0.100120
1865	0.041373
1870	-0.344857
1885	0.770361
1910	-0.031163
1911	0.729989
2007	0.563228
2060	0.682122
2062	0.582671
2090	0.773372
2093	-1.236098
2094	-0.467268
2095	-0.155921
2096	0.034933
2100	0.470793
2101	0.019652
2102	0.071352
2103	0.447001
2104	0.488450
2105	0.429947
2128	0.318337
2129	0.834704
2135	0.361245
2190	-0.193963
2195	-0.378555
2197	0.125527
2198	-0.387803
2199	0.340314
2200	-0.313762
2201	0.269323
2202	-0.451511
2205	0.094937
2217	0.171770
2218	-0.385661
2221	-0.306517
2272	0.010564
2273	0.119018
2275	0.723178
2288	1.081117
2293	-0.322030
2298	0.539119
2299	0.143357
2300	1.168848
2301	-0.074316
2338	0.667028
2342	0.248374
2343	-0.242368
2358	0.535185
2384	0.111645
2385	0.087746
2399	-0.039728
2435	0.682144
2436	-0.466360
2465	1.233991
2467	0.528120
2468	0.092242
2469	0.972821
2470	-0.459199
2471	1.103023
2474	1.181041
2620	-0.349690
2650	-0.295799
2651	-0.177253
2685	0.215898
2688	-0.152789
2730	-0.107451
2843	-0.573895
2951	0.785143
2959	1.359151
3236	-0.342765
3305	0.532246
3318	-1.140065
3340	0.594815
3352	0.918405
3355	0.217161
3356	-0.389464
3365	0.229451
3366	0.083393
3367	0.304448
3368	0.501557
3401	0.801905
3405	0.680538
3434	0.020283
3448	-0.058752
3454	-1.070763
3481	0.103407
3495	0.210118
3504	-1.000504
3532	0.063887
3540	-0.904580
3549	-0.617915
3550	-1.097582
3569	-0.090295
3595	0.279342
3596	-0.964257
3603	0.283918
3621	-0.254397
3622	0.937847
3647	-0.388181
3649	0.623517
3651	0.100209
3652	0.706276
3723	0.005135
3757	-1.133568
3772	1.342180
3787	-0.777500
3798	-0.121206
3799	0.496735
3889	0.183257
3897	-0.756289
3898	0.569555
3904	-0.237018
3945	-0.062092
3990	-0.044421
4024	-0.799154
4039	0.182807
4048	1.048634
4050	0.807880
4076	-0.218326
4094	0.103962
4170	-0.184634
4251	-0.243253
4252	0.014959
4299	0.425652
4302	-0.376549
4318	0.350460
4319	-0.530221
4320	-0.310474
4360	0.843623
4388	0.434717
4414	0.143816
4426	-0.228503
4446	0.789985
4527	-0.108354
4545	0.211897
4546	0.367375
4554	0.443243
4564	0.644214
4567	-0.273545
4634	-0.670652
4693	-0.903204
4736	-1.211060
4761	0.754612
4879	-0.059807
5071	-0.635713
5138	-0.255036
5164	-0.053148
5182	0.453751
5183	-0.220662
5184	0.053528
5187	0.396093
5188	0.162495
5189	0.532014
5193	0.827321
5194	0.515426
5195	0.672967
5197	-0.115737
5203	0.039311
5205	-0.466305
5212	-0.887032
5213	-0.718281
5222	0.728736
5223	1.784440
5228	0.796285
5232	0.578746
5244	-0.901971
5245	0.809368
5246	0.511155
5248	0.150791
5292	-0.479291
5293	0.046129
5299	0.568740
5300	1.284145
5315	0.033817
5316	-0.101446
5319	-0.350024
5320	-0.598728
5321	0.277887
5322	0.545701
5323	0.307913
5324	0.126225
5325	0.113850
5329	0.510314
5342	0.072864
5343	0.018788
5374	0.396213
5376	-0.350170
5378	0.093342
5379	0.407958
5382	0.624733
5390	0.286290
5398	0.506553
5402	-0.381530
5404	1.024677
5407	0.122347
5408	-0.101620
5409	0.208507
5411	-0.091256
5412	-0.185682
5413	0.176508
5416	0.766371
5418	0.283659
5422	-0.052503
5425	0.139333
5427	-0.168042
5428	0.291242
5432	-0.337757
5436	0.273578
5443	0.487935
5444	-1.549638
5458	-1.384217
5462	0.627876
5465	0.164620
5468	0.129835
5471	-0.198610
5480	0.121799
5481	-0.114889
5485	-1.096189
5486	-0.751143
5488	-0.309400
5489	-0.352835
5495	-0.246548
5513	0.538911
5515	0.524531
5516	-0.182643
5521	-1.067193
5527	-0.784283
5528	-0.165488
5536	0.580354
5537	0.828664
5547	0.509767
5565	-0.307088
5573	0.384526
5579	0.546578
5583	-0.074853
5586	0.215033
5589	-0.399084
5590	0.270295
5593	-0.127643
5599	0.737801
5604	0.039343
5605	-0.104948
5606	-1.785994
5625	0.478088
5649	-0.271499
5656	-0.140984
5657	0.566244
5658	-1.300929
5686	0.199571
5695	1.003612
5705	0.279607
5706	0.159433
5716	0.301328
5717	0.551860
5718	0.443243
5719	0.072205
5720	0.406066
5724	-0.863404
5738	0.172269
5742	0.623813
5750	1.123051
5751	-0.632405
5756	0.073461
5761	1.154879
5768	0.536704
5773	0.140080
5792	-0.168052
5793	0.608743
5794	0.207504
5806	0.248260
5811	-0.119105
5812	0.022526
5813	-0.222167
5814	-0.266817
5821	0.269785
5823	0.560524
5825	0.224160
5831	-0.524126
5832	-0.545723
5833	-0.738290
5847	-0.538337
5849	-0.487029
5851	0.180800
5854	0.037233
5858	-0.040562
5862	-0.714273
5875	-0.920314
5876	0.008451
5903	-0.030233
5910	-0.433959
5912	0.473373
5913	0.185789
5925	-0.062806
5926	-0.496840
5927	0.043884
5928	0.108553
5930	0.902760
5931	0.100982
5933	0.549830
5934	-0.203291
5937	-1.549995
5939	-1.967727
5940	-1.996028
5941	0.344581
5943	0.019172
5963	-0.373662
5964	-0.324323
5965	0.401521
5966	0.447143
5968	0.029918
5969	-0.557078
5970	-0.478302
5971	0.082072
5975	0.495482
6006	-0.665454
6011	0.997134
6017	0.046395
6019	-0.954964
6022	0.112063
6032	0.020655
6095	-0.275476
6115	0.964899
6116	-0.223968
6119	-0.149597
6127	-0.676081
6128	-1.045387
6130	0.080522
6140	-0.299156
6141	0.726028
6147	0.200493
6148	0.152533
6163	-0.162330
6164	0.802316
6170	0.570060
6171	0.129583
6177	-0.223738
6184	-0.195952
6200	0.952154
6204	-0.635084
6206	-0.448011
6223	0.189724
6240	-0.187165
6245	0.070134
6253	-0.882571
6267	0.030283
6269	0.422163
6290	0.163851
6303	-0.054054
6317	0.475984
6343	0.580199
6350	0.532192
6360	0.626300
6367	0.066102
6383	0.352518
6389	0.753026
6397	-0.491587
6398	0.699918
6406	-0.312864
6407	0.394752
6412	-0.190909
6413	0.274404
6434	-0.806588
6435	-0.283402
6460	0.466259
6463	-0.333958
6464	-0.266489
6489	0.499481
6507	-0.417822
6510	1.388968
6516	0.456929
6518	1.233561
6522	0.651210
6523	0.967975
6524	-0.133802
6525	-0.011911
6531	0.376950
6536	-1.021276
6575	-0.381281
6584	-0.302038
6585	-0.453688
6586	0.230336
6594	0.015279
6595	0.908625
6610	0.774760
6612	-0.553398
6615	0.333118
6624	0.383655
6628	0.455154
6649	0.298055
6698	-0.374034
6706	-0.004993
6718	0.584681
6719	0.200702
6722	-0.081319
6770	-0.986908
6780	0.423606
6781	0.528988
6794	0.432753
6795	-0.469979
6796	-0.019596
6799	0.370407
6809	-0.758753
6837	1.108584
6838	0.628397
6839	0.517575
6846	-0.946830
6865	-0.096357
6869	-0.356809
6870	-0.087514
6871	-0.281183
6873	-0.466605
6876	-0.203954
6885	-0.235094
6895	0.166403
6896	-0.087457
6897	-0.391272
6900	0.090246
6903	0.339561
6906	0.386088
6916	0.664273
6917	-0.347213
6918	0.106745
6919	0.143048
6938	0.470830
6941	0.329517
6942	-0.149816
6943	0.201391
6944	-0.152745
6948	0.186310
6953	-0.469791
6957	0.144074
6958	0.114758
6970	0.270641
6971	0.150960
6976	-0.254990
6977	-0.112319
6990	0.458043
7014	-0.550099
7015	-0.509495
7016	-1.097545
7018	-0.486534
7019	-0.374917
7042	-0.400554
7053	0.062328
7066	0.242954
7067	0.381140
7083	1.037337
7092	-0.239794
7100	0.301236
7103	0.498199
7110	-0.334943
7111	0.069905
7112	-0.360616
7113	-1.126114
7116	0.600184
7119	-1.757433
7120	-0.818377
7121	-0.805413
7122	-1.265156
7140	0.190361
7143	1.059444
7157	-0.635466
7165	0.436238
7175	0.029658
7178	0.039890
7206	-0.192734
7207	-0.131176
7217	0.608240
7218	-0.018496
7221	-0.442908
7227	0.023000
7230	0.021734
7236	0.333969
7239	-0.096450
7242	-0.347573
7260	0.206014
7268	-1.095188
7269	-0.566822
7304	-0.245551
7326	0.103640
7327	0.729299
7336	-0.270738
7342	-0.255399
7346	-0.039744
7348	0.205574
7355	-0.481298
7361	-0.381054
7372	-0.462452
7387	-0.629716
7422	0.818064
7423	0.066602
7425	-0.273240
7436	-0.670882
7442	1.344811
7446	-0.021701
7448	0.595753
7453	-0.019182
7463	-0.234336
7492	-1.019294
7493	-0.268763
7494	-0.619501
7495	-0.619021
7518	0.094855
7520	-0.224681
7540	-0.633068
7546	0.016407
7556	-0.461814
7559	-0.609744
7560	-0.282436
7561	-0.978076
7564	-0.334138
7575	-0.069618
7583	0.076597
7585	0.238129
7586	0.115923
7599	-0.993478
7600	0.524498
7606	-0.417648
7614	-1.105329
7617	0.412239
7622	-0.404575
7629	0.150577
7637	-0.277772
7640	0.196861
7657	0.092354
7665	-0.396034
7666	-0.921753
7667	-0.153689
7668	-0.432961
7669	-0.808130
7670	0.900810
7671	-0.576618
7681	1.796056
7683	0.103693
7684	0.530162
7696	0.450513
7722	-0.096014
7723	0.420256
7799	-0.402898
7852	0.093719
7859	-0.705824
7860	-1.213711
7861	0.418396
7865	0.114548
7875	-0.711149
7876	0.704203
7895	-0.429737
7913	-0.489672
7917	0.080020
7952	-0.535350
7969	1.083769
7971	-0.256127
8000	-0.667413
8002	-0.442927
8006	0.104509
8036	0.443075
8056	-0.361700
8069	-0.016351
8103	-0.451252
8107	-0.221322
8120	-0.790580
8122	-0.139593
8125	-1.348735
8127	-1.138544
8136	0.055034
8149	-0.018032
8154	0.615350
8197	0.212609
8208	0.661275
8223	0.683120
8232	-0.841773
8241	-0.037415
8256	-0.292932
8262	-0.203582
8266	-0.905984
8267	-0.222454
8268	-0.741189
8269	-0.656929
8271	-0.331638
8273	-1.062279
8280	-0.451055
8284	-0.441138
8303	-0.293400
8304	0.150837
8305	0.119384
8308	-0.917954
8332	1.755883
8333	0.574353
8334	1.308751
8338	1.212094
8363	-1.300269
8370	-0.023179
8398	0.095849
8465	-1.516963
8468	-0.162255
8469	-0.262894
8470	-0.968166
8507	0.141407
8552	-0.243608
8572	0.368824
8574	-0.003924
8577	-0.538033
8586	-1.864738
8592	-1.137587
8593	-0.588119
8594	-0.513160
8597	0.054593
8599	-0.663644
8606	0.898977
8607	0.020387
8615	0.445669
8617	0.489334
8626	-0.428314
8636	-0.648269
8669	-0.314486
8671	0.455231
8673	0.293921
8675	-0.320665
8790	0.024777
8791	0.553511
8811	0.524405
8822	-0.378541
8841	-0.302988
8849	0.410681
8856	-0.580589
8875	0.069090
8884	0.796376
8906	1.161797
8907	-0.401345
8910	0.182864
8911	1.656904
8912	0.099279
8913	-0.230786
8934	0.315242
8935	0.139374
8954	-1.188920
8968	-0.143769
8972	-0.314377
9001	-0.056436
9029	0.180025
9032	1.049419
9058	0.865519
9059	0.153575
9068	0.110201
9070	-0.348158
9108	-1.105249
9139	0.647610
9140	0.241593
9158	0.323215
9187	1.760811
9188	-0.692870
9189	0.461701
9190	-0.285337
9253	0.629844
9259	-0.619301
9268	-0.345336
9269	-0.833209
9271	0.162678
9312	0.903502
9323	0.399600
9329	0.678534
9330	0.995314
9331	0.228249
9356	-0.009698
9376	-0.771506
9394	0.685660
9424	0.327336
9428	0.384922
9429	0.548189
9496	0.078757
9536	-0.784831
9543	0.474746
9589	0.075163
9614	0.685532
9615	0.705239
9617	0.668815
9631	0.049968
9661	-0.800389
9668	-0.654546
9718	0.074900
9728	0.445639
9734	-0.130723
9788	-0.871875
9791	-0.040109
9793	0.062341
9804	-0.959991
9809	-1.240151
9810	-1.173958
9823	-0.168611
9828	-0.135875
9907	0.963677
9951	0.045249
9968	-0.221929
9969	-0.921389
10010	-0.341129
10011	-0.982965
10012	-0.009056
10018	-0.282437
10021	-0.284093
10022	0.084868
10031	-0.481333
10032	-0.864966
10033	0.080379
10034	-0.269264
10035	-0.259649
10039	-0.287816
10044	0.047287
10045	0.013487
10060	1.538132
10065	-0.294807
10077	-0.636123
10080	-0.472858
10130	0.085933
10131	0.152352
10149	-0.661484
10194	-0.236912
10197	-1.777449
10221	-0.253947
10226	0.509680
10232	-1.288833
10233	-1.969680
10263	-1.178063
10264	-1.167881
10274	-0.550054
10286	0.066279
10292	0.586203
10299	-0.760860
10302	-0.152860
10324	-0.335960
10355	-0.167495
10358	0.625148
10362	-0.705893
10366	-1.012669
10368	-0.482432
10370	-0.207552
10392	-0.178937
10405	-0.395114
10406	-0.425441
10409	-0.435703
10419	0.474395
10420	-0.131450
10424	0.566739
10434	0.107810
10455	-0.350872
10478	-0.332198
10480	-0.126749
10484	-0.542959
10510	-0.171732
10519	0.668257
10520	-0.133098
10524	0.222952
10578	1.965248
10630	-0.156734
10643	0.075514
10645	-0.888356
10677	-0.481240
10678	0.145372
10690	-0.606382
10717	0.027944
10718	-0.544193
10719	-0.359859
10721	-0.936621
10723	0.136535
10735	0.182175
10736	0.107472
10829	-0.760656
10837	-0.241239
10846	-1.084049
10921	0.100404
10922	0.043203
10923	0.663950
10924	0.003324
10964	-0.090279
10978	-0.520703
11017	0.745342
11018	0.840230
11019	-0.584151
11032	0.605767
11034	-0.045962
11035	0.534740
11036	-0.059644
11052	-0.419736
11056	-0.641549
11060	-0.577881
11063	-0.329639
11064	1.226469
11068	-0.991860
11069	-0.132538
11090	-0.617336
11098	0.419851
11099	0.319266
11100	-0.013872
11105	-0.228408
11109	0.243892
11122	0.692229
11123	0.824042
11125	0.874632
11126	-0.966999
11149	0.360788
11153	-0.048693
11188	0.161083
11193	0.471231
11230	-0.529788
11233	-0.273778
11236	0.909727
11243	0.745302
11251	-0.278783
11259	0.343566
11263	-0.040101
11272	1.261589
11321	0.195109
11322	-0.940178
11326	-0.375390
11327	-0.345522
11335	0.431352
11337	-0.404972
11343	-0.230549
11390	-0.545084
11444	-0.261786
11464	0.133474
11471	0.491956
11472	0.202142
11473	-0.315181
11492	0.563786
11499	0.362422
11500	-0.140707
11505	1.000988
11527	-0.425534
11528	-0.326069
11532	0.743185
11564	0.374909
11589	0.278288
11591	0.057602
11592	-0.189902
11599	0.581501
11605	0.277341
11617	-0.285141
11630	1.086917
11631	0.402273
11632	0.523867
11656	0.727755
11657	0.181742
11777	-0.142703
11786	-0.094366
11812	-0.081201
12020	-0.194578
12061	-0.431958
12115	-0.088791
12154	-0.043982
12155	0.196173
12156	0.707539
12159	0.803318
12174	-0.650529
12176	-0.205947
12230	-0.154435
12234	0.089921
12236	0.352815
12237	0.988985
12250	-0.685443
12252	0.426186
12253	-0.114199
12315	-0.331388
12381	-0.671306
12382	-0.456681
12438	0.877263
12455	0.376660
12462	1.489977
12478	-0.431884
12603	-1.334304
12711	0.210049
12714	-0.026286
12716	-0.593424
12754	-0.361354
12785	-0.285814
12788	-2.240215
12792	-1.192696
12898	0.457266
12944	-0.358401
12949	-0.168498
13062	0.106443
13099	-0.909202
13160	0.914751
13198	0.117937
13239	0.009870
13249	-1.263606
13262	0.298460
13263	1.047143
13272	-0.014152
13273	0.478751
13277	0.373281
13305	1.508565
13342	-0.036059
13343	0.316824
13345	0.496616
13351	-0.285289
13357	0.697994
13427	0.748673
13436	0.479469
13455	-1.214521
13528	0.757380
13532	0.549865
13553	1.336970
13566	-0.776560
13651	-0.155981
13653	0.371596
13675	-0.266726
13676	-1.072072
13677	-0.285013
13678	0.102995
13681	-0.756578
13688	0.150243
13697	0.260352
13705	-0.307762
13708	-0.088955
13737	0.306675
13760	-0.045354
13923	-1.146635
13927	-1.116541
13995	-0.967529
14002	0.626991
14003	0.106305
14021	0.438229
14034	0.816653
14064	1.031431
14110	0.750121
14155	-0.604289
14203	0.597609
14208	-0.323852
14340	-0.415977
14356	-2.564529
14389	-0.079505
14499	-0.415808
14625	0.473134
14632	0.063461
14637	0.011170
14641	-0.501435
14685	0.368054
14694	-0.009340
14695	-0.290590
14699	0.894327
14700	0.223519
14749	-0.013986
14760	-0.078766
14790	-0.921617
14791	-0.894708
14796	-1.167907
14797	-1.649037
14891	-0.058308
14927	-0.221062
15099	-0.875818
15182	0.237956
15243	0.846635
15245	0.521389
15254	-0.059842
15322	0.632116
15327	-0.187817
15463	0.161459
15496	1.141037
15499	0.763045
15502	0.473457
15514	0.437129
15566	-0.313165
15580	0.080434
15583	0.552659
15586	-0.410008
15601	1.274128
15621	0.229974
15780	0.560009
15869	0.330285
16082	0.892146
16281	-0.850435
16293	0.289540
16300	-0.016465
16304	-0.226453
16360	-0.499414
16361	-0.163856
16367	0.480537
16432	-0.652365
16433	-0.442449
16438	-0.495334
16446	-0.157935
16453	-0.092160
16463	1.515302
16466	-0.140601
16477	-1.508943
16482	-0.611311
16605	-0.063194
16606	0.821109
16635	0.156304
16638	-0.296757
16655	0.330230
16673	-1.013444
16676	-0.445774
16677	0.085347
16678	-0.780113
16808	0.239024
16829	0.090637
17150	-0.158270
17182	-0.126320
17199	-0.254724
17273	-0.707835
17431	0.858177
17466	-0.583258
17472	-0.198339
17485	-0.250109
17585	0.188894
17620	0.123167
17647	0.669231
17690	0.715683
17772	0.239117
18410	-0.061556
19647	0.346210
21458	0.320130
21885	-0.020797
21973	0.420723
21976	-0.234784
21977	0.158749
22084	-0.720928
23475	-0.318199
23754	0.118483
23764	-0.218801
24372	-0.218854
24918	0.060892
24944	-0.503129
25022	0.713810
25140	-0.475270
26484	0.687839
27764	-0.358403
28424	0.084249
28845	0.132799
29861	0.141162
30684	-0.585168
31288	0.740968
31704	-0.162261
32421	0.240995
32520	-0.058270
32893	0.352216
34340	0.152942
35227	0.461815
35334	-0.270537
36499	-0.735327
36843	0.377294
36844	0.469315
36955	-0.632709
36970	-1.040144
39336	0.193025
39353	-0.014206
40538	0.092997
40541	-0.326011
40542	-0.979289
40599	-0.362917
40601	-0.441668
40602	-1.155668
40656	-0.165823
40657	-0.003929
42157	0.799560
42203	1.003792
42204	1.126776
42851	-0.647693
43061	0.411686
44144	-0.168559
45195	0.171749
47030	0.171123
47285	0.311499
47317	0.305248
47457	-0.541058
47460	-0.451763
48147	0.489077
48297	2.173070
48474	-0.410792
48696	-0.200328
49516	1.385862
49630	-0.652930
49927	0.208037
50199	-0.132514
50249	-0.736782
50259	0.264492
50904	0.159939
53231	-0.124810
53471	-0.597354
53531	-0.567218
53986	0.041655
55057	0.362852
56431	0.720824
56432	0.739028
56466	0.261544
56478	0.140577
56621	-0.145731
57644	-0.312854
57756	-0.091338
58783	-0.011680
59657	-0.700017
59715	0.802570
64825	0.552462
64947	-0.415016
65950	0.441752
70102	0.811852
75003	0.300958
75099	0.406245
75742	0.246071
75823	1.622223
75824	0.821621
78157	0.519541
78181	1.008655
78191	-0.338369
80479	-0.424896
80480	-0.779548
80715	0.270334
80719	0.081737
80750	0.139032
81231	-0.280755
84436	0.603126
84780	0.021964
84844	0.416312
85002	-0.199744
85003	0.275656
85659	0.017331
85663	0.419033
85710	0.365519
92185	1.019621
96142	0.626004
96144	1.004838
96482	1.429102
98871	-0.807597
