# 1342 minima projected onto PC73
# Min	PC
3	0.093810
4	0.112370
5	-0.093360
6	-0.033933
7	-0.051192
9	0.002466
16	0.076040
17	-0.066808
21	0.063206
23	-0.148638
31	0.004605
44	0.086705
47	0.067484
48	0.149275
51	0.095364
52	0.073617
55	0.220432
56	0.145914
57	0.046212
58	-0.035606
60	-0.024903
67	-0.125754
68	-0.085794
71	-0.043585
72	-0.076232
74	0.084325
79	-0.139322
82	-0.151943
85	0.071368
86	-0.000655
87	0.121940
88	0.035269
91	-0.115692
92	0.035595
94	0.091175
95	-0.043610
97	-0.028868
104	0.177404
106	-0.086442
109	0.001243
111	0.193453
115	-0.479496
120	0.086154
126	-0.196359
129	0.072771
136	0.042744
137	0.055321
188	0.007372
189	0.033101
196	0.045399
199	0.070402
200	0.069009
202	-0.109587
211	0.038213
213	-0.140021
214	0.123424
219	0.046731
221	0.075843
276	-0.085748
279	-0.094615
283	-0.031856
295	-0.033984
308	-0.097666
312	0.021248
315	-0.028602
318	0.059606
319	0.097615
321	0.129336
324	0.125235
328	0.126207
334	-0.074751
336	0.124614
338	-0.041981
347	-0.110113
351	-0.112074
352	-0.037872
354	0.081849
357	0.034762
359	-0.080263
362	-0.108081
364	0.073686
365	0.067476
368	-0.070591
376	0.030039
377	-0.050761
380	0.077765
386	0.170146
388	0.102464
390	0.023746
396	0.095724
404	0.016766
410	-0.005036
413	-0.031670
420	0.031424
423	0.016459
424	-0.080487
437	-0.015729
438	0.039363
444	-0.148037
452	0.038460
473	0.071711
474	0.046022
475	0.012091
476	-0.003232
478	0.057407
479	-0.049681
480	0.071503
483	-0.062322
503	0.240011
508	0.125145
509	0.060223
530	-0.130774
536	-0.104465
556	0.089742
581	-0.014071
583	-0.114823
603	-0.105346
606	-0.015125
607	-0.036260
620	-0.000071
628	-0.162227
636	-0.028490
637	-0.276806
639	-0.086274
640	-0.034336
644	-0.133123
645	-0.133129
677	0.053940
678	-0.142585
679	-0.089704
682	-0.058955
698	-0.007795
700	0.011103
710	0.003844
722	-0.028382
723	0.008932
724	0.109834
725	0.057438
726	-0.042787
747	-0.170999
753	0.016071
755	0.023528
757	-0.157190
765	0.015311
782	-0.077596
783	0.085119
793	-0.013078
808	-0.002324
814	0.130779
840	0.020272
848	0.008706
859	-0.055357
864	0.169133
867	0.031073
878	-0.018055
888	-0.224877
890	0.188091
892	0.182394
899	0.066788
918	0.054798
926	-0.004652
933	-0.010546
934	0.079555
981	-0.046854
1028	0.069912
1034	0.057949
1051	0.011680
1054	0.145081
1058	0.296502
1062	0.041673
1063	0.084451
1064	0.122439
1066	-0.035174
1068	-0.063597
1073	0.056340
1082	0.039671
1083	0.042928
1086	0.129720
1089	0.070718
1090	0.083395
1091	0.038607
1092	-0.052724
1164	0.020921
1165	0.040084
1174	-0.023002
1176	0.041930
1184	-0.088170
1191	-0.022837
1192	-0.046931
1201	-0.025186
1230	0.027003
1339	0.021887
1341	-0.030898
1370	-0.043496
1385	-0.064933
1405	0.184652
1437	0.032446
1441	0.036328
1443	0.167363
1521	0.132057
1522	-0.116920
1523	0.042988
1524	0.060260
1525	0.158356
1541	0.023234
1542	-0.069659
1550	0.073924
1551	0.015628
1596	0.020746
1597	0.025550
1628	0.003998
1629	-0.030656
1633	0.138282
1636	-0.114222
1637	-0.216667
1765	-0.092167
1766	-0.055575
1780	-0.100920
1862	-0.090972
1865	0.156991
1870	-0.084720
1885	0.052581
1910	-0.064179
1911	0.066256
2007	-0.049583
2060	-0.190657
2062	-0.067599
2090	-0.151517
2093	-0.003788
2094	0.015862
2095	0.033192
2096	-0.061569
2100	-0.073841
2101	-0.106140
2102	-0.093427
2103	-0.124473
2104	-0.110967
2105	0.003422
2128	0.092352
2129	0.063145
2135	0.097302
2190	0.010816
2195	0.029775
2197	0.081099
2198	0.072618
2199	0.194946
2200	-0.011424
2201	0.163321
2202	0.018602
2205	0.008568
2217	-0.116246
2218	0.354426
2221	0.277212
2272	-0.079348
2273	0.032531
2275	0.078899
2288	0.195925
2293	0.062904
2298	0.165797
2299	-0.112871
2300	0.194485
2301	0.050422
2338	-0.079745
2342	0.011366
2343	-0.018077
2358	0.049944
2384	0.169389
2385	-0.192803
2399	-0.067768
2435	0.336422
2436	0.063515
2465	0.072326
2467	0.127697
2468	0.039510
2469	0.135482
2470	0.007256
2471	0.126173
2474	0.168643
2620	0.053302
2650	-0.093066
2651	0.027326
2685	0.157773
2688	-0.042781
2730	0.041816
2843	0.145851
2951	-0.259830
2959	-0.147993
3236	-0.043951
3305	0.095417
3318	-0.007326
3340	-0.072797
3352	-0.048572
3355	-0.029981
3356	-0.308210
3365	0.019417
3366	0.022293
3367	-0.216802
3368	-0.231229
3401	0.078595
3405	0.084602
3434	-0.029484
3448	0.125117
3454	0.036178
3481	0.141920
3495	0.060883
3504	-0.068687
3532	-0.027714
3540	-0.095992
3549	0.030012
3550	-0.005843
3569	-0.079399
3595	-0.031706
3596	-0.191518
3603	-0.183806
3621	0.083216
3622	-0.038238
3647	0.009879
3649	-0.028712
3651	0.050622
3652	0.113986
3723	0.008372
3757	0.080351
3772	-0.141317
3787	0.077950
3798	-0.160999
3799	-0.295379
3889	-0.060385
3897	-0.051178
3898	0.100848
3904	0.030031
3945	0.013470
3990	-0.027696
4024	0.033724
4039	0.119219
4048	-0.075785
4050	-0.095353
4076	-0.078423
4094	-0.061877
4170	-0.024888
4251	-0.046965
4252	-0.042393
4299	0.102523
4302	0.066109
4318	-0.032585
4319	-0.062563
4320	-0.065991
4360	-0.013028
4388	-0.043940
4414	0.125192
4426	-0.018718
4446	-0.236181
4527	-0.055112
4545	0.127517
4546	0.141396
4554	0.016636
4564	0.049941
4567	-0.011029
4634	0.063093
4693	0.020374
4736	0.067707
4761	0.131086
4879	0.059973
5071	-0.123592
5138	0.018062
5164	0.142838
5182	0.185246
5183	0.060059
5184	0.086574
5187	0.020994
5188	0.090576
5189	0.065868
5193	-0.110257
5194	-0.213125
5195	0.143955
5197	-0.009124
5203	0.002062
5205	-0.070010
5212	-0.046403
5213	-0.086201
5222	0.015992
5223	0.093278
5228	-0.023729
5232	0.002557
5244	-0.088433
5245	0.010559
5246	-0.072681
5248	0.063082
5292	-0.064579
5293	-0.061508
5299	0.021755
5300	0.101800
5315	0.010325
5316	-0.089051
5319	-0.051346
5320	-0.010139
5321	-0.124258
5322	-0.151996
5323	-0.000580
5324	-0.092837
5325	-0.094338
5329	-0.026978
5342	-0.134160
5343	0.045369
5374	-0.069996
5376	0.148187
5378	-0.222798
5379	0.106361
5382	-0.037978
5390	0.194162
5398	0.021358
5402	0.034709
5404	-0.073601
5407	0.138742
5408	0.110921
5409	-0.021161
5411	0.057777
5412	-0.144563
5413	0.084528
5416	-0.176257
5418	0.074034
5422	0.060837
5425	-0.113215
5427	-0.085202
5428	0.120663
5432	0.189141
5436	0.059172
5443	0.070550
5444	0.117883
5458	0.083383
5462	0.032179
5465	0.097054
5468	-0.053768
5471	0.122661
5480	-0.019106
5481	-0.007159
5485	0.034313
5486	0.040172
5488	-0.027732
5489	-0.035033
5495	-0.063790
5513	0.103499
5515	0.034733
5516	0.073164
5521	-0.010777
5527	0.052074
5528	-0.020271
5536	-0.026617
5537	-0.007597
5547	0.118252
5565	0.026581
5573	-0.054170
5579	0.190555
5583	0.094176
5586	0.086371
5589	-0.091732
5590	-0.117168
5593	-0.120505
5599	0.152864
5604	0.093980
5605	-0.072692
5606	-0.039569
5625	0.048777
5649	-0.183542
5656	0.106952
5657	0.010682
5658	0.016215
5686	0.094717
5695	-0.089133
5705	0.016488
5706	0.006528
5716	0.028565
5717	0.097791
5718	-0.069218
5719	-0.025890
5720	0.017940
5724	0.086689
5738	-0.132191
5742	0.113481
5750	0.032308
5751	0.113342
5756	0.077961
5761	0.031772
5768	0.042373
5773	-0.003408
5792	0.074628
5793	0.105644
5794	0.077088
5806	0.138861
5811	-0.097144
5812	0.004611
5813	-0.010072
5814	-0.084917
5821	0.022322
5823	0.046260
5825	-0.042131
5831	-0.129945
5832	-0.056992
5833	0.065793
5847	-0.091259
5849	0.033231
5851	0.053638
5854	-0.180124
5858	0.001711
5862	0.004208
5875	0.003761
5876	-0.040137
5903	-0.037633
5910	0.049783
5912	-0.034457
5913	0.241543
5925	-0.083298
5926	-0.141246
5927	-0.024225
5928	-0.026655
5930	-0.152258
5931	-0.062473
5933	0.040514
5934	0.069835
5937	-0.083867
5939	-0.225436
5940	-0.299965
5941	0.029181
5943	0.030429
5963	0.024711
5964	0.136666
5965	-0.026275
5966	-0.034042
5968	0.072709
5969	-0.091856
5970	-0.040128
5971	0.006736
5975	0.002229
6006	-0.000171
6011	0.176405
6017	0.141513
6019	-0.219847
6022	0.078996
6032	0.143755
6095	-0.003792
6115	0.080700
6116	-0.131559
6119	-0.053504
6127	0.170277
6128	-0.007358
6130	0.146808
6140	0.067989
6141	0.069061
6147	0.103494
6148	0.102551
6163	-0.196069
6164	-0.125923
6170	-0.178717
6171	-0.090671
6177	-0.068267
6184	-0.047626
6200	0.039196
6204	-0.039959
6206	0.018289
6223	-0.140374
6240	-0.099053
6245	0.010833
6253	0.114338
6267	0.163663
6269	-0.116696
6290	0.117997
6303	-0.077546
6317	0.207229
6343	-0.019742
6350	-0.047825
6360	0.090037
6367	0.036469
6383	-0.060316
6389	-0.066274
6397	0.147253
6398	-0.059312
6406	0.069043
6407	0.073709
6412	-0.130621
6413	-0.163970
6434	0.076808
6435	0.081853
6460	0.000023
6463	0.131105
6464	0.122770
6489	-0.077036
6507	0.063033
6510	0.035381
6516	-0.056612
6518	-0.030288
6522	0.169754
6523	-0.039928
6524	0.000224
6525	0.065177
6531	0.272122
6536	-0.070500
6575	0.001651
6584	-0.031675
6585	0.093439
6586	-0.073994
6594	0.114316
6595	-0.158739
6610	-0.050234
6612	0.038471
6615	0.035206
6624	0.103974
6628	-0.168307
6649	-0.038122
6698	0.260717
6706	0.159249
6718	0.079290
6719	0.166654
6722	0.219806
6770	-0.008263
6780	-0.051172
6781	-0.110024
6794	0.111906
6795	-0.035890
6796	0.077382
6799	-0.116909
6809	0.039950
6837	-0.261128
6838	-0.014995
6839	-0.113154
6846	0.143291
6865	0.019595
6869	-0.049004
6870	-0.063981
6871	0.011230
6873	0.002036
6876	-0.095731
6885	0.074145
6895	0.088967
6896	0.036960
6897	0.018700
6900	-0.084482
6903	0.140326
6906	0.062392
6916	0.079022
6917	-0.073606
6918	0.034016
6919	0.022392
6938	0.212104
6941	0.141771
6942	0.144058
6943	-0.088838
6944	-0.161174
6948	0.138915
6953	-0.103953
6957	-0.019585
6958	-0.017280
6970	0.139255
6971	-0.008868
6976	-0.274526
6977	-0.199843
6990	0.073165
7014	0.044162
7015	0.095783
7016	-0.001799
7018	-0.111843
7019	0.030023
7042	0.070545
7053	-0.151208
7066	0.113455
7067	0.149467
7083	0.111144
7092	-0.181675
7100	0.137137
7103	0.037087
7110	0.126859
7111	0.164365
7112	0.065329
7113	0.087406
7116	0.208192
7119	-0.123028
7120	0.137418
7121	-0.033950
7122	-0.084849
7140	-0.066538
7143	0.355881
7157	0.094997
7165	-0.184580
7175	-0.044366
7178	0.034030
7206	-0.039922
7207	-0.197499
7217	0.014976
7218	0.210595
7221	0.199783
7227	0.154562
7230	0.100724
7236	-0.160324
7239	-0.069003
7242	0.034383
7260	-0.096000
7268	-0.184948
7269	-0.027072
7304	-0.014628
7326	0.075203
7327	0.155435
7336	0.202388
7342	-0.146743
7346	-0.002263
7348	-0.168056
7355	-0.118123
7361	0.004067
7372	-0.065904
7387	-0.000610
7422	0.071393
7423	0.206526
7425	0.085583
7436	0.053444
7442	-0.195888
7446	-0.039889
7448	-0.128932
7453	0.008126
7463	0.030779
7492	-0.225051
7493	0.059778
7494	-0.081102
7495	-0.097958
7518	-0.154909
7520	-0.039889
7540	0.023267
7546	0.042305
7556	0.124236
7559	-0.046971
7560	-0.000231
7561	0.022645
7564	-0.124142
7575	-0.050200
7583	-0.050852
7585	0.066436
7586	-0.011776
7599	-0.001108
7600	-0.132279
7606	0.063903
7614	0.011573
7617	-0.000862
7622	0.137962
7629	0.271625
7637	0.028935
7640	0.019636
7657	0.081229
7665	0.075466
7666	0.079233
7667	-0.139285
7668	0.080981
7669	-0.017227
7670	0.200681
7671	-0.026093
7681	-0.297137
7683	-0.083358
7684	-0.093821
7696	-0.248369
7722	-0.005141
7723	-0.081069
7799	-0.086325
7852	-0.091495
7859	0.010571
7860	-0.182465
7861	0.053753
7865	-0.068193
7875	-0.090492
7876	-0.147146
7895	0.048860
7913	0.032895
7917	0.206023
7952	-0.090287
7969	0.139614
7971	0.092076
8000	-0.028236
8002	0.043508
8006	-0.236403
8036	0.090866
8056	-0.158153
8069	0.042792
8103	-0.020501
8107	-0.106804
8120	0.064280
8122	-0.171188
8125	-0.184783
8127	-0.135989
8136	0.083793
8149	0.013084
8154	0.073400
8197	-0.085036
8208	0.013853
8223	-0.055343
8232	0.011101
8241	-0.021307
8256	0.152396
8262	-0.041462
8266	-0.017597
8267	-0.051901
8268	-0.056810
8269	-0.091736
8271	-0.012781
8273	0.039289
8280	0.106104
8284	0.118088
8303	0.015181
8304	-0.088116
8305	0.002552
8308	-0.189266
8332	-0.258915
8333	-0.090135
8334	-0.116841
8338	-0.069224
8363	0.126380
8370	0.046460
8398	0.102736
8465	-0.181707
8468	-0.082496
8469	-0.122093
8470	-0.008823
8507	-0.066424
8552	0.083016
8572	0.119318
8574	0.162254
8577	-0.022708
8586	-0.008841
8592	-0.003782
8593	0.096538
8594	-0.084030
8597	-0.032991
8599	-0.046044
8606	0.129450
8607	-0.110047
8615	0.021644
8617	-0.049474
8626	0.073098
8636	0.102881
8669	0.024058
8671	-0.033841
8673	0.030420
8675	-0.140367
8790	0.127676
8791	0.020537
8811	0.094988
8822	-0.067863
8841	0.135655
8849	-0.115441
8856	-0.008992
8875	0.120058
8884	0.337090
8906	0.017361
8907	0.168327
8910	-0.084638
8911	-0.057930
8912	0.005565
8913	-0.090320
8934	-0.065800
8935	-0.041714
8954	0.072431
8968	-0.069031
8972	-0.093084
9001	-0.101395
9029	0.007812
9032	0.102480
9058	-0.026262
9059	-0.119140
9068	0.122850
9070	0.108666
9108	0.072207
9139	-0.098122
9140	-0.046146
9158	-0.141630
9187	-0.010510
9188	-0.173163
9189	0.105920
9190	-0.205028
9253	0.049422
9259	0.134775
9268	-0.016541
9269	0.112205
9271	-0.007094
9312	0.025885
9323	0.088618
9329	0.045550
9330	0.052313
9331	0.076680
9356	0.043794
9376	0.142796
9394	0.158358
9424	-0.180218
9428	-0.004617
9429	-0.044869
9496	0.036210
9536	-0.074086
9543	-0.063567
9589	-0.102176
9614	-0.016415
9615	0.120509
9617	0.037558
9631	0.240318
9661	-0.068165
9668	-0.004662
9718	0.210521
9728	-0.154286
9734	-0.014345
9788	0.076098
9791	0.057857
9793	0.131122
9804	-0.108201
9809	-0.115155
9810	-0.151316
9823	0.005264
9828	-0.132173
9907	-0.021098
9951	-0.151425
9968	0.006452
9969	-0.059231
10010	-0.229067
10011	-0.148199
10012	-0.235149
10018	0.095377
10021	-0.088966
10022	-0.239001
10031	-0.036849
10032	-0.127338
10033	-0.260253
10034	0.033907
10035	-0.250616
10039	0.202034
10044	-0.025091
10045	-0.067943
10060	-0.195427
10065	0.093096
10077	-0.044750
10080	0.081661
10130	-0.001017
10131	-0.105854
10149	-0.115281
10194	0.088381
10197	-0.219440
10221	-0.082462
10226	-0.130267
10232	-0.134505
10233	-0.251093
10263	-0.165632
10264	-0.098213
10274	0.130281
10286	0.170649
10292	0.015608
10299	0.007727
10302	-0.143183
10324	0.102443
10355	0.115686
10358	0.120452
10362	-0.136453
10366	-0.182840
10368	0.085076
10370	-0.102169
10392	0.160734
10405	-0.130847
10406	0.066196
10409	0.042390
10419	-0.043361
10420	-0.080236
10424	-0.190367
10434	0.105221
10455	0.110418
10478	0.007285
10480	-0.185821
10484	-0.054030
10510	0.126103
10519	0.036749
10520	0.078653
10524	0.130972
10578	0.197100
10630	0.009038
10643	0.151979
10645	-0.057011
10677	0.159426
10678	0.165219
10690	0.159692
10717	0.104973
10718	0.123335
10719	0.002080
10721	0.101163
10723	0.070683
10735	-0.044261
10736	-0.063718
10829	-0.114413
10837	-0.120653
10846	0.109669
10921	0.137889
10922	0.034932
10923	0.118963
10924	0.071408
10964	-0.111138
10978	-0.209656
11017	-0.015330
11018	-0.006495
11019	0.173255
11032	0.103852
11034	0.066342
11035	0.145972
11036	0.025702
11052	-0.041935
11056	0.002116
11060	-0.117306
11063	0.092940
11064	-0.044055
11068	-0.079195
11069	0.034523
11090	0.159660
11098	0.184830
11099	-0.033619
11100	0.015737
11105	-0.195868
11109	0.167042
11122	-0.025228
11123	-0.098854
11125	0.101071
11126	-0.035215
11149	0.228465
11153	-0.135040
11188	-0.161468
11193	-0.101400
11230	0.124362
11233	-0.076261
11236	-0.099967
11243	-0.197875
11251	0.071426
11259	-0.007397
11263	0.178303
11272	0.079359
11321	0.001754
11322	0.122960
11326	0.097875
11327	0.143651
11335	0.052773
11337	-0.054872
11343	-0.046358
11390	-0.059849
11444	0.270170
11464	-0.064380
11471	0.042575
11472	0.030558
11473	0.032024
11492	0.085778
11499	0.097019
11500	-0.030451
11505	0.058008
11527	-0.034039
11528	-0.052120
11532	0.025825
11564	-0.147540
11589	-0.012048
11591	0.094896
11592	0.085943
11599	0.158663
11605	-0.164398
11617	-0.290678
11630	-0.037305
11631	0.396418
11632	0.213126
11656	-0.046955
11657	0.069012
11777	0.170759
11786	0.027775
11812	-0.149195
12020	0.022030
12061	0.004029
12115	-0.212974
12154	0.092164
12155	-0.210900
12156	-0.060505
12159	-0.094626
12174	-0.107097
12176	0.007607
12230	-0.012186
12234	-0.013127
12236	0.056051
12237	-0.198812
12250	0.001250
12252	0.010366
12253	0.028263
12315	0.074929
12381	-0.115935
12382	-0.101858
12438	-0.158672
12455	-0.034954
12462	-0.058086
12478	0.056791
12603	0.222620
12711	-0.054963
12714	-0.029305
12716	-0.161367
12754	-0.004203
12785	-0.057467
12788	-0.182694
12792	0.094396
12898	-0.122214
12944	-0.024353
12949	0.431960
13062	-0.009531
13099	-0.256740
13160	0.008987
13198	-0.074047
13239	0.239135
13249	0.052998
13262	0.073906
13263	-0.095214
13272	0.082004
13273	0.188741
13277	0.004177
13305	-0.013701
13342	-0.068123
13343	-0.004301
13345	0.172514
13351	-0.026378
13357	0.084929
13427	-0.125339
13436	-0.084682
13455	-0.043108
13528	0.110103
13532	-0.113615
13553	-0.033609
13566	-0.091858
13651	-0.012804
13653	0.136453
13675	0.106117
13676	0.071644
13677	0.274974
13678	0.103119
13681	0.187123
13688	0.062290
13697	0.086220
13705	0.019479
13708	0.064489
13737	0.055265
13760	0.020602
13923	0.158656
13927	0.124739
13995	0.107563
14002	0.009271
14003	0.008284
14021	-0.268507
14034	-0.027019
14064	-0.079771
14110	-0.243245
14155	0.009028
14203	0.010576
14208	-0.086903
14340	-0.023501
14356	-0.191808
14389	-0.085902
14499	-0.062628
14625	0.044726
14632	-0.009821
14637	-0.031881
14641	-0.050836
14685	0.111095
14694	-0.182208
14695	-0.109449
14699	-0.114618
14700	-0.042865
14749	-0.037345
14760	0.086714
14790	0.157198
14791	0.096430
14796	-0.000487
14797	0.077464
14891	-0.057579
14927	-0.034845
15099	0.011234
15182	-0.436155
15243	-0.036806
15245	0.090775
15254	0.098875
15322	0.111210
15327	0.091560
15463	-0.095509
15496	0.039859
15499	-0.029860
15502	0.093969
15514	0.134048
15566	0.089787
15580	-0.130655
15583	-0.173822
15586	0.104687
15601	0.064017
15621	-0.161630
15780	0.175141
15869	-0.070143
16082	0.039806
16281	0.007494
16293	-0.040184
16300	-0.026272
16304	-0.057577
16360	0.103566
16361	0.279789
16367	-0.206182
16432	-0.048659
16433	-0.004614
16438	-0.181912
16446	-0.131807
16453	0.069634
16463	-0.067496
16466	-0.014871
16477	0.158336
16482	-0.021164
16605	-0.045992
16606	-0.173162
16635	0.045796
16638	0.014886
16655	-0.352907
16673	-0.037365
16676	0.121599
16677	0.127625
16678	-0.081607
16808	-0.176110
16829	0.066987
17150	0.087528
17182	-0.159756
17199	0.146685
17273	0.024056
17431	0.023838
17466	-0.097437
17472	-0.234665
17485	0.097468
17585	0.093363
17620	-0.430841
17647	-0.398816
17690	-0.097685
17772	0.014756
18410	0.166978
19647	-0.063454
21458	-0.148302
21885	0.065418
21973	0.057733
21976	0.196655
21977	0.155160
22084	-0.172362
23475	-0.068316
23754	-0.249530
23764	0.087850
24372	0.107425
24918	-0.143309
24944	-0.079478
25022	-0.181146
25140	-0.107466
26484	0.038068
27764	-0.110017
28424	-0.330147
28845	-0.080809
29861	-0.019335
30684	0.171205
31288	0.018166
31704	0.100266
32421	-0.067143
32520	-0.107794
32893	0.016901
34340	0.415009
35227	-0.077285
35334	0.004555
36499	0.147660
36843	0.117659
36844	0.157389
36955	0.057483
36970	0.069820
39336	0.078417
39353	-0.118438
40538	0.044862
40541	0.042609
40542	0.002159
40599	-0.158308
40601	-0.035931
40602	0.027727
40656	-0.065012
40657	-0.095869
42157	-0.144421
42203	0.069856
42204	0.080712
42851	-0.093490
43061	-0.013637
44144	0.085225
45195	0.013329
47030	0.089226
47285	-0.214519
47317	-0.016597
47457	-0.152676
47460	-0.254679
48147	0.045393
48297	-0.194760
48474	-0.044739
48696	-0.020073
49516	-0.118356
49630	-0.056725
49927	-0.128356
50199	0.182552
50249	0.085849
50259	0.039078
50904	-0.063324
53231	0.217146
53471	-0.004706
53531	-0.071097
53986	0.074967
55057	0.161824
56431	-0.040622
56432	-0.060449
56466	0.009670
56478	0.212363
56621	0.084979
57644	0.015003
57756	0.101284
58783	0.005979
59657	-0.152483
59715	-0.582527
64825	-0.138449
64947	0.136699
65950	-0.113239
70102	-0.423490
75003	0.253896
75099	0.248104
75742	-0.290723
75823	-0.114120
75824	-0.022154
78157	-0.095274
78181	-0.036103
78191	0.155337
80479	0.069863
80480	0.110326
80715	-0.037677
80719	-0.012562
80750	-0.066154
81231	0.142744
84436	-0.102635
84780	-0.036528
84844	-0.121190
85002	0.051774
85003	0.060183
85659	-0.149080
85663	-0.031266
85710	0.101274
92185	-0.102686
96142	-0.099829
96144	-0.005469
96482	0.037202
98871	-0.131854
