# 1342 minima projected onto PC35
Min	PC
3	0.222657
4	0.066047
5	-0.015901
6	-0.148393
7	0.443066
9	0.380743
16	-0.070414
17	0.100350
21	0.357587
23	-0.280749
31	0.247388
44	0.173106
47	-0.175089
48	0.159767
51	-0.421324
52	-0.639903
55	-0.365874
56	-0.147511
57	-0.170052
58	0.155330
60	-0.397913
67	0.216335
68	0.511026
71	0.115689
72	-0.046962
74	0.290636
79	-0.369947
82	-0.321498
85	0.015545
86	-0.199721
87	0.338081
88	-0.223647
91	-0.134353
92	-0.316862
94	-0.043941
95	-0.195918
97	0.122806
104	0.135601
106	-0.355354
109	0.474423
111	0.376614
115	0.553287
120	0.220091
126	-0.407130
129	-0.113117
136	0.016089
137	0.079189
188	0.338083
189	-0.109714
196	0.231670
199	0.511329
200	-0.247090
202	-0.380533
211	0.113460
213	0.146587
214	0.481729
219	0.450293
221	-0.233145
276	-0.090412
279	0.441365
283	0.493531
295	0.167445
308	-0.149094
312	-0.024590
315	0.338337
318	0.169651
319	0.053130
321	0.101576
324	0.275579
328	0.385891
334	0.045878
336	0.032129
338	-0.000946
347	-0.065295
351	-0.152880
352	-0.239881
354	0.059476
357	0.664632
359	0.013016
362	-0.072685
364	0.063655
365	0.197046
368	0.070565
376	-0.212461
377	0.053840
380	0.257662
386	-0.199382
388	-0.044587
390	0.260721
396	0.351488
404	-0.098884
410	-0.178301
413	-0.197517
420	-0.167881
423	0.120700
424	-0.554234
437	-0.273765
438	-0.173971
444	-1.714397
452	-0.397705
473	0.508469
474	0.410207
475	0.274959
476	0.383029
478	0.023500
479	0.592916
480	0.110438
483	-0.125505
503	0.215009
508	0.686745
509	-0.148417
530	-0.500363
536	0.097504
556	0.003044
581	0.135555
583	0.208984
603	-0.072575
606	-0.258777
607	-0.077443
620	0.377598
628	0.122247
636	-0.115946
637	-0.023346
639	-0.073329
640	-0.441222
644	-0.136610
645	-0.131979
677	-0.030671
678	0.855480
679	-0.007147
682	0.260735
698	-0.475527
700	-0.115318
710	0.186669
722	-0.143742
723	0.135138
724	0.348250
725	0.202856
726	-0.333822
747	0.028827
753	-0.147161
755	-0.239695
757	-0.121729
765	-0.384165
782	0.097283
783	0.472181
793	0.302079
808	0.054503
814	0.065342
840	0.130815
848	-0.247741
859	0.044459
864	-0.177145
867	0.316024
878	0.198268
888	0.327549
890	0.308466
892	-0.035592
899	0.299826
918	0.173464
926	0.186785
933	-0.396203
934	0.000831
981	-0.151449
1028	-0.067125
1034	0.111520
1051	-0.072545
1054	-0.090216
1058	0.006348
1062	-0.028982
1063	0.622122
1064	-0.055368
1066	0.034372
1068	0.002656
1073	-0.065876
1082	-0.027737
1083	0.032389
1086	-0.187320
1089	-0.169118
1090	-0.220896
1091	-0.031982
1092	-0.275821
1164	-0.177861
1165	-0.181329
1174	0.014654
1176	-0.156426
1184	0.174759
1191	0.326339
1192	0.275886
1201	-0.631484
1230	-0.123571
1339	-0.135403
1341	-0.152006
1370	-0.053678
1385	0.047524
1405	0.013283
1437	-0.131355
1441	-0.300585
1443	0.360051
1521	0.366827
1522	0.960478
1523	0.260345
1524	-0.384524
1525	-0.137000
1541	-0.076293
1542	0.398228
1550	-0.141618
1551	-0.218607
1596	-0.182146
1597	-0.176233
1628	0.008339
1629	-0.100296
1633	-0.216777
1636	-0.387700
1637	0.784322
1765	-0.102262
1766	0.016552
1780	0.106657
1862	0.097585
1865	0.258776
1870	0.093889
1885	-0.789795
1910	0.252798
1911	0.170997
2007	-0.193867
2060	0.293028
2062	-0.301583
2090	-0.033886
2093	0.438281
2094	0.445962
2095	-0.253892
2096	-0.108878
2100	-0.041746
2101	0.179096
2102	-0.405182
2103	0.315659
2104	-0.258684
2105	-0.042466
2128	-0.225575
2129	-0.023099
2135	-0.312214
2190	-0.267218
2195	-0.042718
2197	-0.269282
2198	-0.075131
2199	-0.355114
2200	0.436675
2201	0.102343
2202	-0.466200
2205	0.262565
2217	0.316213
2218	-1.199727
2221	-0.500521
2272	0.435492
2273	0.255361
2275	-0.099114
2288	0.471539
2293	-0.045676
2298	-0.486525
2299	0.205410
2300	-0.408847
2301	-0.174492
2338	0.061253
2342	-0.191805
2343	-0.128097
2358	-0.158161
2384	0.127436
2385	-0.095074
2399	-0.248775
2435	0.057168
2436	0.346109
2465	0.357592
2467	0.171460
2468	-0.571057
2469	-0.553478
2470	0.451072
2471	0.410042
2474	0.260116
2620	0.390576
2650	0.334105
2651	-0.093961
2685	0.164307
2688	0.230725
2730	0.316285
2843	0.276819
2951	-0.555941
2959	0.471876
3236	0.084215
3305	0.566304
3318	-0.180122
3340	-0.482412
3352	0.086092
3355	-0.427667
3356	-0.843619
3365	-0.282740
3366	-0.644507
3367	-0.349121
3368	0.060875
3401	-0.150260
3405	-0.722010
3434	0.159966
3448	0.460755
3454	0.206063
3481	0.531975
3495	-0.430521
3504	0.153015
3532	0.009185
3540	0.106784
3549	-0.035175
3550	-0.319740
3569	0.259932
3595	-0.622386
3596	-0.022561
3603	-0.059485
3621	-0.647062
3622	-0.545802
3647	-0.358943
3649	0.340171
3651	0.373364
3652	0.010854
3723	0.373847
3757	0.021675
3772	0.097091
3787	-0.210599
3798	0.164479
3799	0.349763
3889	-0.103030
3897	0.339015
3898	0.308675
3904	-0.992968
3945	-0.628385
3990	-0.088178
4024	0.024393
4039	0.075967
4048	-0.163432
4050	-0.168792
4076	0.207382
4094	0.169299
4170	-0.408061
4251	-0.596116
4252	-1.000080
4299	-0.202831
4302	-0.101348
4318	0.470057
4319	0.108873
4320	0.047298
4360	-0.057805
4388	0.317360
4414	-0.086302
4426	-0.232422
4446	-0.160011
4527	-0.016338
4545	-0.193085
4546	0.109344
4554	0.167044
4564	-0.038492
4567	0.088210
4634	-0.111064
4693	0.417908
4736	0.149485
4761	0.593204
4879	0.303727
5071	0.224954
5138	0.366055
5164	0.605369
5182	0.363159
5183	0.442026
5184	0.411567
5187	-0.342467
5188	-0.633269
5189	-0.678414
5193	0.386095
5194	0.502280
5195	-0.137947
5197	-0.374279
5203	-0.481610
5205	-0.452603
5212	-0.376966
5213	-0.269594
5222	-0.137543
5223	-0.356337
5228	0.377732
5232	-0.415441
5244	-0.081664
5245	-0.162961
5246	-0.115200
5248	0.018725
5292	-0.457419
5293	-0.420294
5299	-0.089464
5300	-0.159197
5315	-0.285548
5316	-0.178232
5319	0.152035
5320	0.237489
5321	0.102795
5322	0.093882
5323	-0.048834
5324	0.270599
5325	0.473872
5329	-0.134404
5342	-0.039332
5343	-0.102538
5374	0.053872
5376	-0.439946
5378	-0.026577
5379	0.463951
5382	-0.186423
5390	-0.053147
5398	-1.089712
5402	-0.355939
5404	0.523947
5407	-0.123622
5408	-0.228984
5409	0.240736
5411	0.151281
5412	-0.193628
5413	-0.219304
5416	0.868659
5418	0.455587
5422	0.009004
5425	0.583989
5427	0.219177
5428	-0.152583
5432	0.673480
5436	-0.537019
5443	0.083877
5444	0.131406
5458	-0.195844
5462	0.071401
5465	-0.386933
5468	-0.068565
5471	-0.347465
5480	-0.425544
5481	0.116794
5485	0.395453
5486	0.395953
5488	-0.155325
5489	0.118506
5495	-0.171593
5513	-0.014256
5515	0.359754
5516	-0.160039
5521	0.526499
5527	-0.444643
5528	0.056513
5536	-0.628237
5537	-0.491924
5547	0.031701
5565	0.040407
5573	-0.734878
5579	0.196647
5583	0.328896
5586	0.972372
5589	0.034625
5590	-0.040484
5593	0.034175
5599	-0.008091
5604	-0.207073
5605	0.075770
5606	0.385354
5625	-0.414538
5649	-0.172456
5656	-0.247459
5657	-0.150962
5658	-0.339986
5686	0.067574
5695	-0.418963
5705	0.907334
5706	0.104417
5716	0.153935
5717	0.278393
5718	-0.237333
5719	0.606947
5720	-0.061544
5724	-0.849133
5738	-1.374956
5742	-0.808471
5750	0.145563
5751	-0.094862
5756	0.356031
5761	-0.797909
5768	-0.170829
5773	0.168940
5792	0.049654
5793	0.013538
5794	0.284218
5806	0.427444
5811	0.314413
5812	0.229829
5813	-0.185563
5814	-0.082678
5821	0.146489
5823	0.312635
5825	0.076908
5831	-0.533234
5832	-0.682625
5833	0.029522
5847	-0.332241
5849	0.167729
5851	0.163328
5854	-2.491268
5858	0.240336
5862	0.115845
5875	0.374600
5876	0.130509
5903	0.097430
5910	-0.028137
5912	-0.068853
5913	-0.519544
5925	0.431009
5926	1.245910
5927	0.440608
5928	0.684463
5930	0.209528
5931	0.462340
5933	-0.221523
5934	0.154225
5937	0.260169
5939	0.505807
5940	0.352203
5941	-0.132828
5943	-0.431855
5963	0.092552
5964	-0.445865
5965	0.102494
5966	0.072256
5968	-0.018604
5969	0.367103
5970	0.722834
5971	0.443488
5975	-0.383328
6006	0.309655
6011	-0.214746
6017	0.397270
6019	0.115038
6022	0.265959
6032	-1.709105
6095	0.100984
6115	0.084013
6116	-0.074599
6119	-0.103070
6127	-0.340777
6128	-0.881282
6130	-0.323719
6140	-0.064590
6141	0.265692
6147	-0.195309
6148	-0.011718
6163	0.114443
6164	0.710410
6170	0.000639
6171	-0.196033
6177	-0.334143
6184	-0.131924
6200	0.379162
6204	0.648394
6206	0.342774
6223	-0.087128
6240	0.180078
6245	-0.194452
6253	0.090116
6267	-0.329815
6269	-0.275738
6290	-0.934240
6303	-0.771296
6317	-0.139423
6343	-0.232453
6350	-0.629723
6360	0.085986
6367	-0.708754
6383	-0.192998
6389	0.953224
6397	-0.154305
6398	-0.122101
6406	-0.359311
6407	-0.069486
6412	-0.072873
6413	-0.042306
6434	0.434506
6435	0.812148
6460	0.178833
6463	0.157136
6464	0.810395
6489	-0.215046
6507	-0.363338
6510	0.479493
6516	-0.100509
6518	-0.592579
6522	-0.280242
6523	-0.553216
6524	-0.105315
6525	0.399190
6531	-1.225146
6536	0.314883
6575	-0.363181
6584	-0.112503
6585	0.127690
6586	-0.063932
6594	-0.062066
6595	0.084625
6610	0.654797
6612	-0.021156
6615	0.130866
6624	0.567298
6628	-0.621070
6649	0.174426
6698	0.389293
6706	0.248316
6718	0.218073
6719	-0.205085
6722	0.021722
6770	-0.388005
6780	-0.498771
6781	-0.116630
6794	0.251482
6795	-0.710231
6796	-0.093998
6799	0.302401
6809	-0.215322
6837	0.625818
6838	0.167353
6839	0.945918
6846	0.516466
6865	0.333165
6869	-0.150802
6870	-0.516954
6871	-0.478352
6873	-0.177379
6876	-0.029253
6885	-0.266991
6895	0.206757
6896	-0.099876
6897	0.281212
6900	0.088345
6903	-0.514317
6906	-1.045602
6916	-0.107115
6917	0.260978
6918	-0.032812
6919	0.337932
6938	0.103517
6941	-0.006637
6942	-0.180246
6943	-0.200417
6944	-0.165164
6948	0.014466
6953	-0.130260
6957	-1.324759
6958	-0.755999
6970	-0.081966
6971	0.319425
6976	-2.320719
6977	-2.516835
6990	0.266047
7014	0.004093
7015	0.063381
7016	0.351002
7018	0.034085
7019	-0.448205
7042	0.303352
7053	-2.134747
7066	0.416285
7067	0.136718
7083	0.098098
7092	-0.163210
7100	-0.139147
7103	0.230358
7110	0.039560
7111	0.667207
7112	0.717640
7113	0.050877
7116	0.420019
7119	0.237801
7120	0.158146
7121	0.183330
7122	0.296653
7140	0.344659
7143	0.010871
7157	-0.110194
7165	0.159387
7175	0.023275
7178	0.030453
7206	0.596707
7207	0.023838
7217	0.534251
7218	0.790855
7221	0.232473
7227	-0.486121
7230	0.203812
7236	-0.401014
7239	0.232743
7242	-0.329231
7260	0.358868
7268	0.102235
7269	-0.166677
7304	-0.115099
7326	0.216432
7327	0.164875
7336	-0.620999
7342	0.736845
7346	0.243401
7348	0.457298
7355	-0.304780
7361	-0.027354
7372	-0.220014
7387	-0.382282
7422	-0.039077
7423	-0.731265
7425	-0.457057
7436	-0.519925
7442	-0.561552
7446	0.407817
7448	0.372183
7453	0.426678
7463	-0.080164
7492	-0.124048
7493	-0.204939
7494	-0.144356
7495	-0.100826
7518	-0.252743
7520	-0.152866
7540	0.113016
7546	-0.916730
7556	-0.428639
7559	-0.166291
7560	-0.230051
7561	0.469026
7564	0.478587
7575	-0.178722
7583	-0.154040
7585	-0.555580
7586	-0.039273
7599	0.270822
7600	0.889110
7606	0.441143
7614	0.215354
7617	-0.510138
7622	-0.151592
7629	-0.586181
7637	-0.230843
7640	-0.125858
7657	-0.413398
7665	-0.357235
7666	-0.504721
7667	-0.197706
7668	-0.283454
7669	0.206206
7670	-0.159521
7671	-0.196812
7681	-0.862998
7683	-0.031624
7684	0.688589
7696	0.188213
7722	0.701775
7723	-0.027588
7799	-0.366414
7852	-0.288120
7859	0.030372
7860	-0.003117
7861	0.062144
7865	0.550381
7875	-0.307220
7876	-0.006974
7895	-0.177596
7913	-0.824249
7917	-0.263668
7952	0.077109
7969	-0.301973
7971	0.004068
8000	0.025226
8002	-0.201496
8006	-0.042022
8036	-0.265143
8056	0.452627
8069	-0.191658
8103	-0.481618
8107	-0.143156
8120	-0.160032
8122	-0.100087
8125	0.107062
8127	0.278884
8136	-0.036522
8149	-0.461599
8154	-0.573253
8197	-2.392586
8208	-2.009419
8223	-0.677083
8232	-0.093515
8241	-0.576217
8256	-0.241072
8262	0.119245
8266	-0.460601
8267	-0.359421
8268	-0.151055
8269	0.384715
8271	0.202881
8273	-0.200625
8280	-0.152677
8284	-0.102446
8303	0.019786
8304	-0.389048
8305	-0.636851
8308	-0.144507
8332	-0.034120
8333	0.275940
8334	0.093810
8338	-0.178583
8363	0.003556
8370	0.187383
8398	0.231267
8465	-0.055791
8468	-0.527493
8469	-0.326206
8470	-0.289521
8507	-0.270263
8552	0.651967
8572	0.005648
8574	-0.082202
8577	0.712286
8586	0.283906
8592	-0.021869
8593	-0.339171
8594	-0.289029
8597	0.377509
8599	-0.191279
8606	0.365727
8607	0.197733
8615	-0.010153
8617	-0.243093
8626	0.225294
8636	0.354652
8669	0.192100
8671	0.242910
8673	-0.074209
8675	-0.986326
8790	0.096177
8791	0.683483
8811	-0.235466
8822	-0.112750
8841	-0.023419
8849	-0.254652
8856	0.784615
8875	-0.271160
8884	0.637517
8906	-0.165269
8907	-0.058370
8910	-0.186588
8911	0.168958
8912	-0.020916
8913	0.106814
8934	0.299835
8935	-0.087816
8954	-0.239194
8968	0.186978
8972	-0.326180
9001	0.482714
9029	0.305963
9032	-0.016241
9058	-0.337059
9059	0.054569
9068	-0.041253
9070	0.441156
9108	0.386963
9139	-0.192078
9140	-0.332165
9158	0.103315
9187	-0.253461
9188	-0.235420
9189	-0.141329
9190	-0.185856
9253	-0.041869
9259	-0.317085
9268	-0.741055
9269	-0.119834
9271	-0.202540
9312	-0.376013
9323	0.162646
9329	-0.003625
9330	-0.081378
9331	0.363746
9356	0.059977
9376	0.290730
9394	-0.132904
9424	-0.055234
9428	-0.165162
9429	0.293171
9496	0.299839
9536	-0.270182
9543	-0.079084
9589	0.454378
9614	0.449847
9615	0.388017
9617	0.763311
9631	-0.626691
9661	-0.523281
9668	-0.209895
9718	0.195280
9728	-0.081827
9734	-0.601586
9788	-0.010391
9791	0.533778
9793	0.563349
9804	-0.175081
9809	-0.742179
9810	-0.513650
9823	0.035131
9828	0.173355
9907	-0.041786
9951	-0.308416
9968	0.348079
9969	0.526516
10010	-0.745773
10011	0.302370
10012	-0.385119
10018	-0.662934
10021	0.062431
10022	-0.933993
10031	0.090609
10032	0.764598
10033	0.632165
10034	0.157751
10035	0.270087
10039	0.398926
10044	0.159408
10045	0.612308
10060	1.404556
10065	-0.250340
10077	0.185573
10080	-0.183518
10130	-0.077477
10131	0.048617
10149	0.299885
10194	-0.332042
10197	-0.607476
10221	-0.296219
10226	-0.233363
10232	-0.340722
10233	-0.385917
10263	-0.109755
10264	-0.153958
10274	-0.338051
10286	0.000837
10292	-0.134245
10299	0.039942
10302	0.220821
10324	-0.513736
10355	-0.190494
10358	-0.595444
10362	-0.517649
10366	-0.422045
10368	-0.520447
10370	-0.621126
10392	-0.572205
10405	0.376769
10406	0.634508
10409	0.101508
10419	0.120268
10420	1.001433
10424	0.419600
10434	-0.142970
10455	0.407307
10478	-0.312295
10480	-0.411538
10484	-0.068254
10510	-0.026757
10519	-0.948914
10520	-0.790682
10524	0.108306
10578	-0.419365
10630	-0.089825
10643	-0.229891
10645	0.041535
10677	-0.143405
10678	-0.474663
10690	-0.064403
10717	0.148609
10718	0.397351
10719	-0.748643
10721	0.011285
10723	0.247253
10735	0.006000
10736	0.640230
10829	-0.347961
10837	-0.266611
10846	-0.121676
10921	-0.012494
10922	-0.542682
10923	-0.463744
10924	-0.577870
10964	0.768172
10978	0.220381
11017	-0.300775
11018	-0.271647
11019	0.697851
11032	0.361716
11034	-0.220655
11035	-0.201621
11036	0.357355
11052	-0.708044
11056	0.521183
11060	0.428533
11063	-0.370278
11064	0.490295
11068	0.567810
11069	0.542342
11090	0.071210
11098	-0.550592
11099	-0.889731
11100	-0.730707
11105	-0.021243
11109	-1.069377
11122	-0.103774
11123	0.306044
11125	0.479590
11126	0.226069
11149	-1.133516
11153	0.302468
11188	-1.196006
11193	0.043770
11230	0.551582
11233	-0.559609
11236	-1.019436
11243	-0.327992
11251	-0.053257
11259	-0.291545
11263	0.206137
11272	-0.111033
11321	-0.259036
11322	0.992874
11326	0.869087
11327	-0.022440
11335	-0.503502
11337	0.319358
11343	0.662549
11390	0.224839
11444	0.289126
11464	-0.240514
11471	0.133121
11472	-0.293610
11473	0.160543
11492	0.510663
11499	-0.440869
11500	-0.194626
11505	-0.286188
11527	-0.349483
11528	-0.330547
11532	0.050262
11564	0.186008
11589	-0.118313
11591	0.132068
11592	0.041815
11599	-0.004960
11605	0.801073
11617	0.039560
11630	0.018446
11631	0.983943
11632	1.001336
11656	0.032432
11657	0.477166
11777	-1.019169
11786	-0.213538
11812	0.277087
12020	-0.249706
12061	0.262964
12115	0.600950
12154	-0.891989
12155	0.620845
12156	0.733402
12159	0.712426
12174	0.256524
12176	-0.116566
12230	-0.111358
12234	-0.270060
12236	-0.202585
12237	0.191373
12250	0.255592
12252	-0.146823
12253	-0.114206
12315	0.112929
12381	1.010944
12382	1.027018
12438	0.526568
12455	-0.246860
12462	0.057429
12478	0.054346
12603	0.550210
12711	0.314848
12714	-0.106237
12716	-0.043175
12754	-0.188214
12785	0.773289
12788	0.113639
12792	0.112810
12898	0.182582
12944	0.624550
12949	0.303578
13062	-0.898663
13099	0.590114
13160	-0.204195
13198	-0.440322
13239	0.101240
13249	0.175425
13262	-0.418054
13263	-0.419471
13272	0.601162
13273	-0.344549
13277	0.698784
13305	1.170094
13342	0.953313
13343	1.032516
13345	1.779017
13351	1.080691
13357	0.673776
13427	0.301938
13436	1.855296
13455	0.536668
13528	1.630680
13532	-0.842917
13553	0.484143
13566	0.024913
13651	0.150748
13653	-0.429562
13675	-0.210641
13676	0.301692
13677	-0.315531
13678	-0.143506
13681	-0.468385
13688	0.790359
13697	0.753719
13705	0.833592
13708	-0.548865
13737	-0.549166
13760	0.771739
13923	-0.216667
13927	-0.180198
13995	-0.008676
14002	0.708739
14003	0.649128
14021	1.161361
14034	0.090577
14064	0.328430
14110	1.007638
14155	-0.235246
14203	0.193504
14208	0.908112
14340	0.274855
14356	-0.035046
14389	-0.369218
14499	-0.195115
14625	0.610407
14632	1.154107
14637	0.647777
14641	0.947633
14685	0.206264
14694	-0.088294
14695	0.113475
14699	0.590871
14700	0.122875
14749	0.210127
14760	-0.464498
14790	0.588073
14791	1.017673
14796	-0.346198
14797	1.125327
14891	0.677547
14927	-0.054996
15099	0.113000
15182	0.446338
15243	0.502583
15245	-0.269321
15254	-0.085417
15322	0.075640
15327	0.084709
15463	0.178962
15496	-0.137107
15499	-0.082666
15502	0.191182
15514	-0.100984
15566	0.414329
15580	-0.059369
15583	0.565583
15586	-0.048593
15601	0.935946
15621	0.361393
15780	0.258407
15869	0.383200
16082	0.061113
16281	0.491432
16293	-1.983708
16300	0.467263
16304	0.166677
16360	0.169132
16361	-0.123928
16367	0.954158
16432	-0.309348
16433	-0.393950
16438	0.946967
16446	1.191746
16453	0.493330
16463	-0.617659
16466	0.843411
16477	-0.295321
16482	0.468261
16605	-0.187444
16606	-0.110966
16635	-0.281028
16638	0.833973
16655	1.059571
16673	0.729638
16676	0.288690
16677	-0.022758
16678	-0.026777
16808	-0.599407
16829	-0.319613
17150	0.194285
17182	0.297444
17199	-0.254840
17273	0.153818
17431	0.128677
17466	1.120396
17472	-0.690805
17485	-0.606075
17585	-0.488107
17620	-2.630740
17647	-0.091439
17690	0.084097
17772	0.129740
18410	-0.004991
19647	0.516745
21458	0.362723
21885	0.170283
21973	-0.634525
21976	-0.155709
21977	0.286717
22084	0.302209
23475	0.492624
23754	-0.100745
23764	-0.266081
24372	-0.606356
24918	0.263786
24944	0.354022
25022	-0.099166
25140	0.351233
26484	0.212977
27764	0.123186
28424	-0.930167
28845	-0.472092
29861	-2.364118
30684	0.230943
31288	-0.493041
31704	0.142150
32421	0.484456
32520	-0.231666
32893	0.293504
34340	0.458626
35227	1.660216
35334	0.717628
36499	-0.091219
36843	0.475367
36844	0.368075
36955	-0.117887
36970	-0.064621
39336	0.096869
39353	0.739841
40538	0.396725
40541	0.186218
40542	0.321941
40599	-0.665199
40601	-0.321694
40602	0.163657
40656	0.182347
40657	0.695366
42157	0.478307
42203	0.021662
42204	0.081286
42851	0.556971
43061	-0.434635
44144	-0.746057
45195	0.162380
47030	0.496883
47285	-0.950020
47317	-0.848124
47457	0.240008
47460	0.649824
48147	-0.430137
48297	-0.565253
48474	-0.332101
48696	-0.220496
49516	0.742514
49630	-0.569245
49927	-0.317539
50199	0.950160
50249	-1.016988
50259	-0.287760
50904	0.524971
53231	0.562521
53471	0.127779
53531	-0.341931
53986	-0.007754
55057	0.616239
56431	-0.839035
56432	-0.647360
56466	-0.567624
56478	-1.195840
56621	0.670815
57644	0.083572
57756	-0.050069
58783	-0.062551
59657	0.200444
59715	0.432315
64825	0.405888
64947	-0.356447
65950	0.216347
70102	-0.943053
75003	-0.483197
75099	-0.579317
75742	-0.828786
75823	-0.406838
75824	-0.515190
78157	0.588252
78181	0.639466
78191	-0.974535
80479	-0.021349
80480	-0.228135
80715	0.233124
80719	-0.065612
80750	-0.491736
81231	0.289952
84436	0.954627
84780	0.291309
84844	-0.311439
85002	-1.048081
85003	-0.134777
85659	0.258835
85663	0.209721
85710	-0.080591
92185	0.932582
96142	-0.439820
96144	0.187427
96482	-0.678054
98871	-0.061943
