# 1342 minima projected onto PC63
# Min	PC
3	-0.118918
4	-0.110922
5	-0.005076
6	0.045295
7	0.042188
9	0.091868
16	-0.078616
17	0.101765
21	0.077297
23	-0.226917
31	0.164288
44	-0.056173
47	-0.106174
48	-0.212540
51	-0.144142
52	-0.116301
55	0.010179
56	-0.153056
57	-0.099189
58	-0.186665
60	0.091602
67	0.082985
68	0.097913
71	0.016009
72	-0.012428
74	0.089097
79	-0.604962
82	-0.202380
85	-0.004500
86	-0.023096
87	-0.170294
88	0.010917
91	0.018879
92	0.027986
94	-0.090414
95	-0.138816
97	-0.174710
104	0.303961
106	0.193446
109	0.072445
111	0.141755
115	0.331345
120	-0.053387
126	-0.608877
129	-0.092380
136	0.414437
137	-0.011328
188	0.069943
189	-0.026441
196	0.344722
199	0.247268
200	-0.153447
202	-0.243425
211	-0.034269
213	-0.189729
214	-0.096918
219	0.135881
221	0.065755
276	0.092351
279	0.076062
283	0.447286
295	0.123325
308	-0.008758
312	-0.196209
315	-0.087412
318	-0.095477
319	-0.098283
321	-0.006647
324	-0.250550
328	-0.188599
334	0.056282
336	-0.057121
338	0.038595
347	-0.029733
351	0.237198
352	-0.017498
354	-0.087131
357	0.464991
359	0.045251
362	0.026236
364	0.040723
365	0.043577
368	0.056334
376	-0.119390
377	0.020420
380	0.074145
386	-0.177793
388	-0.055197
390	-0.044844
396	-0.069497
404	0.093052
410	-0.118453
413	-0.116700
420	-0.136623
423	-0.205908
424	-0.011303
437	-0.068207
438	-0.170934
444	0.253672
452	0.176315
473	0.196211
474	0.038799
475	-0.184063
476	0.052508
478	0.001961
479	0.437997
480	-0.098599
483	0.229865
503	0.165174
508	-0.074057
509	-0.074414
530	0.130155
536	0.038883
556	-0.281223
581	-0.098536
583	0.011892
603	-0.049296
606	0.011753
607	-0.020085
620	0.029060
628	-0.152487
636	-0.103763
637	0.039214
639	0.064899
640	-0.025982
644	-0.160083
645	-0.171968
677	-0.047373
678	-0.129923
679	-0.242444
682	-0.230922
698	-0.077388
700	0.112013
710	-0.024496
722	-0.111994
723	0.016327
724	-0.016025
725	-0.056360
726	0.022915
747	-0.280900
753	0.036853
755	0.281150
757	0.010365
765	0.126206
782	0.023135
783	0.096313
793	-0.009120
808	0.081624
814	0.391177
840	0.450171
848	-0.008877
859	0.023736
864	-0.061577
867	0.137980
878	-0.073780
888	-0.009762
890	-0.085335
892	-0.153363
899	-0.030363
918	-0.003598
926	0.098450
933	0.110387
934	-0.097874
981	0.063720
1028	-0.094288
1034	-0.206867
1051	-0.102277
1054	0.055463
1058	0.016187
1062	0.067945
1063	-0.128233
1064	0.016324
1066	-0.027404
1068	0.045752
1073	-0.090495
1082	-0.068385
1083	0.056351
1086	-0.112177
1089	0.005271
1090	0.032604
1091	-0.133250
1092	-0.053432
1164	0.064894
1165	0.043886
1174	0.145129
1176	0.025494
1184	0.053242
1191	0.041066
1192	0.010488
1201	0.402992
1230	0.070610
1339	0.027884
1341	-0.029634
1370	-0.149763
1385	-0.317362
1405	-0.136405
1437	-0.142829
1441	0.098107
1443	0.104352
1521	-0.053387
1522	0.020094
1523	0.230780
1524	0.186868
1525	-0.076565
1541	-0.171565
1542	0.144053
1550	-0.028458
1551	0.024546
1596	-0.052612
1597	-0.046763
1628	-0.180929
1629	-0.148691
1633	-0.141748
1636	-0.221208
1637	-0.205747
1765	0.024687
1766	0.125966
1780	0.027992
1862	-0.058625
1865	-0.075797
1870	-0.093953
1885	0.584164
1910	0.069753
1911	0.150450
2007	-0.025393
2060	0.542525
2062	-0.015403
2090	0.072222
2093	-0.042605
2094	-0.091681
2095	-0.076121
2096	0.020062
2100	0.018382
2101	0.151163
2102	0.046340
2103	0.192967
2104	0.089344
2105	-0.020583
2128	0.090411
2129	-0.016406
2135	0.029825
2190	-0.086493
2195	-0.010275
2197	-0.027894
2198	-0.094703
2199	-0.127418
2200	-0.055294
2201	-0.188551
2202	-0.137006
2205	-0.105514
2217	0.017023
2218	0.347340
2221	0.027443
2272	0.082316
2273	-0.028294
2275	-0.135131
2288	-0.093616
2293	-0.039637
2298	0.098294
2299	0.253511
2300	0.004511
2301	-0.080861
2338	-0.097022
2342	-0.118900
2343	-0.062223
2358	-0.359339
2384	-0.065948
2385	0.154687
2399	0.014525
2435	-0.647103
2436	-0.031499
2465	0.191451
2467	0.009584
2468	-0.044785
2469	-0.103268
2470	0.069868
2471	-0.171167
2474	-0.062729
2620	-0.147606
2650	0.027854
2651	0.044014
2685	-0.006894
2688	-0.595633
2730	0.080409
2843	0.125136
2951	0.215456
2959	-0.074570
3236	0.001704
3305	0.324533
3318	0.154554
3340	0.251165
3352	-0.204399
3355	-0.023905
3356	0.089928
3365	0.118793
3366	0.052414
3367	0.021449
3368	0.114531
3401	-0.168867
3405	0.513838
3434	0.079530
3448	-0.041581
3454	-0.065771
3481	-0.066238
3495	-0.133810
3504	0.028663
3532	-0.047172
3540	-0.120332
3549	0.452897
3550	0.166220
3569	0.068989
3595	-0.111210
3596	-0.018853
3603	-0.118697
3621	-0.111308
3622	-0.073831
3647	-0.042744
3649	-0.050667
3651	0.332272
3652	-0.106292
3723	0.008582
3757	0.068020
3772	0.272928
3787	0.186155
3798	-0.085211
3799	0.090151
3889	-0.099020
3897	0.140462
3898	-0.073564
3904	-0.102826
3945	-0.052987
3990	-0.127134
4024	-0.196150
4039	-0.070311
4048	0.037743
4050	-0.074373
4076	-0.086698
4094	-0.557485
4170	0.041952
4251	-0.018284
4252	-0.061647
4299	-0.202598
4302	-0.129589
4318	-0.102760
4319	0.149666
4320	-0.007634
4360	-0.057262
4388	-0.064941
4414	-0.282357
4426	-0.077345
4446	-0.039887
4527	-0.037036
4545	-0.253254
4546	-0.228563
4554	-0.186262
4564	-0.007923
4567	-0.127883
4634	0.028161
4693	-0.027229
4736	0.034806
4761	-0.161369
4879	-0.111801
5071	0.076766
5138	0.120442
5164	-0.129046
5182	0.047555
5183	0.075939
5184	-0.006698
5187	-0.167976
5188	-0.193608
5189	-0.094110
5193	0.123781
5194	0.096141
5195	-0.056732
5197	0.384472
5203	0.335061
5205	0.225321
5212	-0.124182
5213	-0.047349
5222	0.003939
5223	0.052328
5228	-0.065088
5232	0.370440
5244	0.103806
5245	0.296055
5246	0.179874
5248	0.040500
5292	0.066860
5293	0.330449
5299	-0.458990
5300	-0.519411
5315	0.115329
5316	0.216992
5319	0.011595
5320	-0.016890
5321	0.073188
5322	0.066236
5323	0.015360
5324	-0.000779
5325	0.030615
5329	0.253286
5342	0.030686
5343	-0.178572
5374	0.243205
5376	0.005880
5378	0.162021
5379	0.010929
5382	0.065647
5390	0.032270
5398	-0.144086
5402	0.100358
5404	0.023175
5407	0.002350
5408	-0.001290
5409	-0.039477
5411	-0.005407
5412	0.160573
5413	0.164176
5416	0.063032
5418	0.032586
5422	0.009757
5425	0.248710
5427	0.188839
5428	-0.072564
5432	-0.112233
5436	0.051201
5443	0.143646
5444	-0.136776
5458	-0.056573
5462	-0.245604
5465	0.019661
5468	-0.094279
5471	-0.029446
5480	-0.006249
5481	-0.170823
5485	0.124569
5486	0.141869
5488	0.036977
5489	0.001015
5495	0.042188
5513	0.016355
5515	-0.217076
5516	-0.080103
5521	0.022925
5527	0.187769
5528	0.294195
5536	-0.005384
5537	-0.089819
5547	-0.028709
5565	0.052275
5573	0.056065
5579	0.199738
5583	0.025094
5586	-0.089388
5589	-0.135014
5590	-0.059311
5593	-0.098651
5599	0.415449
5604	-0.043133
5605	-0.064854
5606	-0.336476
5625	-0.086100
5649	0.096548
5656	0.174542
5657	-0.170445
5658	0.148944
5686	0.105389
5695	-0.022018
5705	-0.288159
5706	-0.032141
5716	-0.094237
5717	0.145063
5718	0.008449
5719	0.164868
5720	-0.199303
5724	0.108121
5738	0.232500
5742	-0.307421
5750	0.068124
5751	-0.104719
5756	-0.113676
5761	0.542055
5768	-0.070353
5773	0.031428
5792	0.037666
5793	-0.160983
5794	0.094081
5806	-0.038903
5811	-0.016944
5812	-0.082378
5813	-0.114701
5814	-0.084051
5821	-0.072975
5823	0.328653
5825	-0.006452
5831	0.336046
5832	0.509549
5833	-0.074360
5847	-0.145568
5849	0.026024
5851	-0.216985
5854	-0.318057
5858	-0.111904
5862	-0.135287
5875	-0.001256
5876	0.029939
5903	-0.100633
5910	0.025999
5912	0.099794
5913	0.048691
5925	-0.061493
5926	-0.005953
5927	-0.006631
5928	-0.131896
5930	-0.072544
5931	-0.078077
5933	0.274814
5934	-0.224610
5937	-0.060656
5939	-0.108808
5940	-0.409300
5941	0.127144
5943	0.051841
5963	-0.062166
5964	-0.016321
5965	-0.051012
5966	0.034126
5968	-0.102975
5969	-0.002715
5970	0.018463
5971	-0.109515
5975	0.224709
6006	0.040865
6011	-0.078882
6017	-0.023837
6019	-0.101863
6022	-0.103966
6032	0.156128
6095	-0.183394
6115	-0.016559
6116	-0.032273
6119	-0.210802
6127	-0.061406
6128	-0.164752
6130	-0.171645
6140	-0.040066
6141	-0.018391
6147	0.635654
6148	0.610392
6163	-0.140432
6164	-0.102111
6170	0.197934
6171	-0.083954
6177	-0.141385
6184	-0.096409
6200	-0.048067
6204	0.172783
6206	-0.001359
6223	-0.007575
6240	0.016965
6245	0.056983
6253	-0.099373
6267	-0.298140
6269	0.054411
6290	-0.361105
6303	0.037368
6317	-0.230742
6343	-0.031142
6350	0.011502
6360	-0.673222
6367	-0.416591
6383	-0.030641
6389	-0.173333
6397	-0.020983
6398	-0.025240
6406	0.002789
6407	-0.289114
6412	-0.081583
6413	-0.057106
6434	0.017543
6435	0.133100
6460	-0.068273
6463	0.037061
6464	-0.080248
6489	0.060126
6507	-0.126942
6510	0.002199
6516	-0.015108
6518	-0.002839
6522	-0.346575
6523	-0.146857
6524	0.011207
6525	0.058391
6531	0.257489
6536	0.101166
6575	-0.006479
6584	0.088888
6585	0.035007
6586	0.050214
6594	0.052272
6595	-0.144245
6610	-0.018779
6612	0.006354
6615	-0.091990
6624	-0.086958
6628	-0.153396
6649	-0.024161
6698	-0.416385
6706	-0.067922
6718	-0.049966
6719	0.006476
6722	-0.008474
6770	-0.036597
6780	-0.095047
6781	-0.061888
6794	-0.171843
6795	0.013432
6796	-0.065146
6799	0.013375
6809	0.003827
6837	0.009014
6838	-0.146076
6839	-0.156691
6846	-0.125591
6865	-0.151699
6869	-0.241756
6870	-0.027004
6871	-0.174961
6873	-0.044357
6876	0.009009
6885	-0.098091
6895	-0.049541
6896	-0.000716
6897	-0.091418
6900	-0.020258
6903	0.105652
6906	-0.123895
6916	0.043045
6917	-0.024702
6918	-0.002894
6919	-0.090867
6938	-0.080739
6941	-0.189937
6942	-0.024766
6943	0.020805
6944	0.057423
6948	0.008679
6953	0.161728
6957	-0.227276
6958	-0.034267
6970	0.036535
6971	-0.076763
6976	-0.257035
6977	-0.042858
6990	0.086989
7014	-0.037791
7015	0.097299
7016	0.025367
7018	0.007596
7019	0.064045
7042	0.031526
7053	-0.127107
7066	0.091439
7067	0.258953
7083	0.035998
7092	-0.139858
7100	-0.001976
7103	-0.011679
7110	0.099164
7111	0.009824
7112	-0.015577
7113	0.041995
7116	0.064718
7119	-0.137147
7120	0.025698
7121	-0.121806
7122	-0.109724
7140	0.038876
7143	-0.143984
7157	-0.074497
7165	0.175015
7175	0.070123
7178	0.012480
7206	-0.128103
7207	0.060959
7217	0.070293
7218	0.084741
7221	0.130009
7227	0.044742
7230	-0.610989
7236	-0.024667
7239	-0.036532
7242	0.053450
7260	0.083884
7268	0.142644
7269	-0.098042
7304	-0.146862
7326	0.349792
7327	0.150847
7336	-0.185838
7342	-0.069203
7346	-0.109136
7348	0.101570
7355	0.212623
7361	0.084406
7372	0.196122
7387	0.105712
7422	-0.083199
7423	-0.115421
7425	-0.133170
7436	-0.153681
7442	0.116550
7446	-0.289774
7448	-0.061578
7453	0.173318
7463	-0.014865
7492	0.227599
7493	0.041579
7494	0.113636
7495	0.085575
7518	0.173808
7520	0.196473
7540	0.057523
7546	-0.074489
7556	-0.109236
7559	-0.200974
7560	0.134280
7561	0.212553
7564	0.081206
7575	0.120757
7583	0.215687
7585	0.037575
7586	-0.071549
7599	-0.088292
7600	-0.143042
7606	-0.031926
7614	0.056152
7617	-0.049389
7622	0.132883
7629	-0.168609
7637	0.005381
7640	0.002771
7657	-0.044984
7665	-0.049722
7666	-0.138967
7667	0.155124
7668	0.036606
7669	-0.154597
7670	-0.056809
7671	0.009154
7681	-0.099096
7683	0.133532
7684	-0.074840
7696	0.041688
7722	0.056774
7723	-0.053820
7799	0.267350
7852	-0.111000
7859	-0.127827
7860	-0.045236
7861	0.081337
7865	0.001535
7875	0.090817
7876	0.054194
7895	-0.009261
7913	-0.067592
7917	0.264371
7952	0.107073
7969	-0.158228
7971	-0.056002
8000	-0.037255
8002	0.068513
8006	0.098620
8036	0.006340
8056	-0.107587
8069	-0.345446
8103	0.048921
8107	-0.063494
8120	0.005849
8122	0.006224
8125	-0.130768
8127	-0.193508
8136	-0.038447
8149	-0.093364
8154	-0.119110
8197	-0.062982
8208	0.066560
8223	-0.357274
8232	0.059124
8241	0.048678
8256	0.150638
8262	0.140284
8266	0.102439
8267	0.006155
8268	0.129012
8269	0.116989
8271	0.114703
8273	0.034910
8280	0.086048
8284	-0.027071
8303	0.029429
8304	0.090177
8305	0.106040
8308	-0.039421
8332	0.112007
8333	-0.012407
8334	0.133585
8338	0.225245
8363	0.091679
8370	-0.054308
8398	-0.075741
8465	-0.133303
8468	-0.033313
8469	0.067067
8470	0.184345
8507	-0.180375
8552	0.005753
8572	0.123863
8574	0.076247
8577	-0.072992
8586	0.023155
8592	-0.077468
8593	-0.152564
8594	0.062839
8597	0.073812
8599	0.130887
8606	-0.215570
8607	0.051837
8615	0.060529
8617	0.046653
8626	0.014164
8636	0.022700
8669	0.022412
8671	0.095251
8673	0.077949
8675	-0.022028
8790	0.076669
8791	0.147006
8811	0.070267
8822	-0.059914
8841	-0.083619
8849	0.020014
8856	-0.081266
8875	-0.016277
8884	-0.116176
8906	-0.164451
8907	0.023168
8910	-0.000203
8911	-0.488792
8912	0.085773
8913	0.198689
8934	0.091293
8935	0.046892
8954	0.084736
8968	-0.066745
8972	-0.102913
9001	-0.054026
9029	0.045142
9032	-0.123904
9058	-0.083265
9059	-0.041587
9068	-0.027556
9070	-0.014761
9108	0.042437
9139	0.112221
9140	0.072928
9158	-0.060812
9187	-0.070969
9188	0.031079
9189	-0.091095
9190	0.043847
9253	-0.093080
9259	0.004001
9268	-0.088124
9269	-0.091503
9271	0.056919
9312	-0.106777
9323	-0.108628
9329	-0.047273
9330	0.001503
9331	-0.027791
9356	0.051514
9376	-0.072841
9394	-0.024957
9424	0.009904
9428	0.004827
9429	-0.014776
9496	0.020625
9536	-0.019188
9543	-0.016671
9589	-0.078571
9614	0.246598
9615	-0.094961
9617	-0.493467
9631	0.180423
9661	0.038280
9668	0.047151
9718	0.329092
9728	0.006662
9734	-0.011824
9788	-0.010730
9791	0.058131
9793	-0.040353
9804	-0.128490
9809	-0.147207
9810	-0.088302
9823	-0.097313
9828	0.116212
9907	-0.213615
9951	-0.088672
9968	-0.068679
9969	0.126322
10010	-0.105262
10011	-0.092251
10012	0.009210
10018	0.044118
10021	-0.177502
10022	-0.272627
10031	-0.129756
10032	-0.110495
10033	-0.020513
10034	-0.057062
10035	-0.130680
10039	-0.116190
10044	0.006179
10045	-0.034132
10060	-0.478522
10065	-0.126646
10077	0.091996
10080	-0.077182
10130	-0.068342
10131	0.106154
10149	-0.101163
10194	0.126473
10197	-0.140698
10221	-0.025807
10226	-0.067152
10232	0.048356
10233	0.194546
10263	0.206473
10264	0.183972
10274	-0.015435
10286	-0.030815
10292	-0.577811
10299	-0.071525
10302	0.012448
10324	0.113691
10355	0.146572
10358	-0.215363
10362	0.147356
10366	0.151452
10368	-0.141854
10370	0.061710
10392	0.109731
10405	0.095631
10406	0.070854
10409	-0.072287
10419	-0.096279
10420	-0.029102
10424	-0.120244
10434	-0.033605
10455	0.227742
10478	-0.060042
10480	-0.030910
10484	-0.012863
10510	0.024500
10519	0.089805
10520	0.005118
10524	0.086151
10578	0.147087
10630	0.089337
10643	0.039206
10645	-0.073024
10677	0.021980
10678	-0.164571
10690	0.015190
10717	-0.137671
10718	-0.025943
10719	0.021956
10721	0.085792
10723	0.177201
10735	-0.037310
10736	0.066321
10829	0.128391
10837	-0.002601
10846	-0.102567
10921	0.077583
10922	-0.085041
10923	-0.058687
10924	0.027847
10964	0.069330
10978	-0.057118
11017	0.083243
11018	0.076167
11019	-0.428210
11032	-0.089906
11034	0.026943
11035	-0.044481
11036	-0.036715
11052	-0.033039
11056	0.085375
11060	0.047150
11063	0.041107
11064	0.015866
11068	0.057112
11069	0.002523
11090	0.169555
11098	-0.048692
11099	0.157302
11100	0.161195
11105	0.069820
11109	-0.048562
11122	-0.062718
11123	-0.030761
11125	-0.145708
11126	0.073998
11149	0.002420
11153	0.033157
11188	-0.075707
11193	0.112572
11230	0.123253
11233	-0.077485
11236	-0.173009
11243	0.153493
11251	-0.144944
11259	0.239639
11263	-0.100181
11272	0.096484
11321	-0.038541
11322	-0.004399
11326	-0.086992
11327	-0.166702
11335	-0.119654
11337	0.040366
11343	0.093010
11390	0.023809
11444	-0.268372
11464	0.107393
11471	-0.017775
11472	-0.047494
11473	-0.025205
11492	0.183468
11499	0.071152
11500	-0.044888
11505	-0.208643
11527	0.044676
11528	0.092089
11532	-0.185827
11564	0.074466
11589	-0.093189
11591	-0.025261
11592	-0.024037
11599	0.025900
11605	0.014349
11617	-0.121904
11630	0.088361
11631	0.183261
11632	-0.466062
11656	0.173389
11657	0.118780
11777	0.271706
11786	-0.061099
11812	-0.001092
12020	-0.112582
12061	0.040845
12115	-0.102841
12154	0.115451
12155	-0.036160
12156	-0.037809
12159	-0.075425
12174	0.098118
12176	0.214219
12230	0.013079
12234	-0.147951
12236	-0.357515
12237	0.017249
12250	-0.191700
12252	0.065553
12253	0.143001
12315	0.121644
12381	-0.188437
12382	-0.166613
12438	-0.071178
12455	-0.036862
12462	-0.005136
12478	-0.010015
12603	-0.227495
12711	0.079519
12714	0.022196
12716	0.057787
12754	-0.031847
12785	0.153178
12788	0.367311
12792	0.210749
12898	0.126806
12944	-0.126353
12949	-0.125713
13062	0.282151
13099	-0.117092
13160	0.007820
13198	-0.037969
13239	-0.051977
13249	-0.007055
13262	0.006778
13263	0.070659
13272	0.290577
13273	0.192833
13277	0.093306
13305	0.062397
13342	0.049271
13343	0.059186
13345	0.333893
13351	0.110275
13357	0.087907
13427	0.186956
13436	0.077089
13455	0.095697
13528	0.168285
13532	0.037568
13553	0.120305
13566	-0.049926
13651	0.036618
13653	-0.019654
13675	0.083099
13676	0.037361
13677	-0.016130
13678	0.127179
13681	-0.059198
13688	0.155365
13697	0.096980
13705	0.031875
13708	-0.072759
13737	0.157008
13760	0.135122
13923	0.182987
13927	0.190200
13995	-0.045086
14002	0.098106
14003	0.165438
14021	-0.086879
14034	0.134770
14064	0.111926
14110	-0.061001
14155	0.110526
14203	-0.079779
14208	-0.060546
14340	-0.064898
14356	0.046452
14389	0.030813
14499	-0.027495
14625	0.171546
14632	-0.067436
14637	0.109893
14641	0.079660
14685	0.037740
14694	0.130041
14695	0.121798
14699	0.060824
14700	-0.153739
14749	0.167682
14760	0.056643
14790	0.008438
14791	-0.018349
14796	0.097988
14797	0.071724
14891	0.150455
14927	-0.029403
15099	0.079167
15182	-0.873779
15243	0.234680
15245	-0.076977
15254	-0.003045
15322	-0.044688
15327	0.135860
15463	0.014124
15496	-0.077914
15499	-0.092520
15502	-0.322101
15514	0.007030
15566	-0.084122
15580	0.374342
15583	0.285600
15586	0.057851
15601	-0.018966
15621	0.144291
15780	0.055188
15869	0.570508
16082	0.448671
16281	-0.054348
16293	0.120266
16300	-0.087074
16304	-0.169732
16360	-0.076292
16361	0.162101
16367	-0.037752
16432	-0.067643
16433	-0.023761
16438	0.087616
16446	0.469238
16453	0.408915
16463	0.056396
16466	0.036304
16477	0.061714
16482	-0.018474
16605	0.023459
16606	-0.557345
16635	-0.051661
16638	-0.223291
16655	-0.171498
16673	-0.244205
16676	-0.025596
16677	-0.130739
16678	-0.120509
16808	-0.185029
16829	0.241979
17150	-0.084366
17182	-0.266648
17199	-0.130628
17273	-0.091849
17431	-0.030940
17466	-0.133593
17472	-0.071059
17485	-0.261296
17585	-0.204440
17620	-0.154998
17647	-0.662946
17690	-0.040617
17772	0.278630
18410	0.029097
19647	0.256796
21458	0.501002
21885	-0.025501
21973	-0.078121
21976	-0.054100
21977	-0.071888
22084	-0.150553
23475	0.066118
23754	-0.078871
23764	0.002457
24372	0.134756
24918	0.408786
24944	0.142074
25022	0.088275
25140	-0.188644
26484	-0.096812
27764	-0.051150
28424	0.118737
28845	-0.234350
29861	0.053909
30684	0.000865
31288	0.265872
31704	-0.083500
32421	0.556420
32520	0.043044
32893	-0.092929
34340	0.058561
35227	-0.204320
35334	0.122466
36499	-0.113052
36843	-0.082994
36844	-0.047826
36955	0.103015
36970	0.074380
39336	0.129087
39353	0.069826
40538	0.062813
40541	-0.029719
40542	0.027214
40599	0.092868
40601	-0.053678
40602	-0.155432
40656	0.030839
40657	0.004612
42157	0.381064
42203	-0.040636
42204	0.084155
42851	-0.025203
43061	-0.110183
44144	-0.156513
45195	0.040364
47030	-0.112046
47285	0.039482
47317	0.254878
47457	0.274511
47460	0.087665
48147	-0.059658
48297	0.467545
48474	0.035500
48696	0.114091
49516	-0.714598
49630	0.059868
49927	0.318147
50199	-0.187916
50249	0.465737
50259	-0.130588
50904	-0.098105
53231	0.176007
53471	-0.325123
53531	-0.025897
53986	0.086728
55057	0.126170
56431	-0.111477
56432	-0.134881
56466	-0.086252
56478	0.219085
56621	-0.022735
57644	0.151173
57756	0.037520
58783	0.330955
59657	0.019279
59715	0.249460
64825	0.156685
64947	-0.061913
65950	0.138594
70102	-0.081727
75003	1.292419
75099	1.350624
75742	-0.084591
75823	0.151564
75824	0.077367
78157	1.059572
78181	0.281979
78191	-0.210126
80479	-0.049638
80480	0.178259
80715	0.011521
80719	-0.154495
80750	-0.069063
81231	0.089403
84436	-0.040711
84780	0.058719
84844	0.006701
85002	-0.166292
85003	0.403290
85659	-0.236488
85663	-0.098054
85710	-0.010079
92185	0.267565
96142	-0.550946
96144	-0.595503
96482	0.070425
98871	-0.100834
