# 1342 minima projected onto PC88
# Min	PC
3	0.050566
4	0.048083
5	-0.014406
6	0.000676
7	0.103664
9	-0.069562
16	0.055618
17	-0.017771
21	-0.039773
23	0.036703
31	-0.034119
44	-0.073199
47	-0.041801
48	-0.029777
51	0.078249
52	0.079507
55	0.056159
56	-0.000458
57	-0.009353
58	0.025746
60	0.023970
67	-0.097877
68	-0.071706
71	0.033942
72	0.055892
74	-0.044044
79	0.017955
82	0.040657
85	-0.054945
86	0.005606
87	-0.012897
88	-0.105899
91	0.039912
92	-0.098160
94	0.053770
95	-0.041977
97	0.045332
104	-0.048502
106	-0.049633
109	-0.081308
111	0.062456
115	-0.020261
120	-0.090695
126	0.041331
129	0.010358
136	-0.061368
137	-0.048482
188	-0.034340
189	-0.036687
196	-0.001847
199	-0.018783
200	0.091014
202	0.097460
211	-0.042655
213	0.043451
214	0.072260
219	-0.036110
221	-0.110491
276	-0.051075
279	0.053067
283	-0.106353
295	-0.057570
308	-0.006173
312	-0.014764
315	0.076319
318	-0.129100
319	0.038592
321	-0.203440
324	0.130116
328	-0.027275
334	-0.100683
336	0.096270
338	-0.052460
347	0.011617
351	0.018003
352	0.003854
354	-0.083709
357	0.087224
359	0.019202
362	0.020089
364	0.035307
365	0.025600
368	-0.004798
376	-0.029224
377	-0.031352
380	-0.009880
386	-0.013906
388	-0.081503
390	0.072917
396	0.074360
404	-0.063681
410	-0.061850
413	-0.008666
420	-0.028062
423	-0.004003
424	-0.014131
437	-0.046824
438	0.007063
444	0.005102
452	-0.059005
473	-0.010791
474	0.023405
475	-0.028503
476	-0.034194
478	-0.063357
479	-0.107118
480	0.083214
483	0.005491
503	0.041863
508	0.025132
509	0.023950
530	0.022567
536	-0.011537
556	0.104441
581	-0.081586
583	-0.075807
603	0.039985
606	-0.013432
607	-0.031378
620	0.075764
628	0.047417
636	-0.016589
637	0.005996
639	0.011550
640	0.016898
644	0.004909
645	-0.003744
677	0.013178
678	-0.009153
679	-0.007334
682	-0.014394
698	-0.044760
700	-0.062569
710	0.067568
722	-0.003512
723	-0.033808
724	0.034128
725	0.031913
726	0.036422
747	-0.098447
753	0.031669
755	0.058622
757	-0.026719
765	-0.047287
782	-0.016565
783	-0.048346
793	-0.011582
808	-0.073127
814	-0.085050
840	0.093934
848	-0.001974
859	-0.100682
864	0.009052
867	-0.040811
878	-0.019653
888	0.016432
890	0.004395
892	-0.045055
899	-0.016900
918	0.024692
926	-0.060947
933	0.026286
934	-0.100650
981	-0.058717
1028	-0.069428
1034	0.034278
1051	-0.087731
1054	0.095476
1058	-0.016419
1062	0.056823
1063	-0.060883
1064	0.097203
1066	0.011048
1068	0.058747
1073	-0.035815
1082	-0.012117
1083	-0.035777
1086	-0.020275
1089	-0.114383
1090	-0.032866
1091	-0.005916
1092	-0.008618
1164	-0.040688
1165	-0.049496
1174	0.021643
1176	-0.032364
1184	-0.031426
1191	-0.067269
1192	-0.049341
1201	0.056629
1230	-0.033071
1339	0.012137
1341	-0.043596
1370	0.005616
1385	-0.102123
1405	0.010324
1437	0.070167
1441	-0.045415
1443	0.054664
1521	0.029907
1522	-0.044628
1523	0.024128
1524	0.139069
1525	0.032108
1541	-0.033572
1542	0.057746
1550	0.090123
1551	0.107089
1596	-0.044381
1597	0.074665
1628	0.002170
1629	-0.001241
1633	-0.002392
1636	0.105691
1637	-0.134207
1765	0.070675
1766	0.091885
1780	0.030359
1862	0.019383
1865	0.043997
1870	0.019727
1885	-0.089313
1910	-0.040665
1911	0.023502
2007	0.086219
2060	0.057748
2062	0.067908
2090	0.025680
2093	0.007691
2094	-0.007413
2095	0.030613
2096	-0.020599
2100	-0.000872
2101	0.013157
2102	0.048865
2103	0.027659
2104	0.062400
2105	0.040454
2128	0.022673
2129	0.056077
2135	0.101076
2190	-0.005406
2195	-0.022293
2197	0.057986
2198	0.022534
2199	-0.053254
2200	0.031564
2201	0.023938
2202	0.065948
2205	0.017039
2217	-0.002681
2218	0.129390
2221	0.044662
2272	-0.027148
2273	-0.001198
2275	0.094022
2288	-0.013853
2293	-0.048821
2298	0.078714
2299	-0.030530
2300	0.016575
2301	-0.018924
2338	-0.049698
2342	0.039247
2343	0.009313
2358	-0.057657
2384	0.049003
2385	-0.088730
2399	0.011740
2435	0.030378
2436	0.010232
2465	-0.025048
2467	0.119215
2468	0.084116
2469	0.032611
2470	0.069912
2471	-0.041196
2474	0.067678
2620	-0.037860
2650	-0.016365
2651	0.020159
2685	0.054473
2688	-0.059623
2730	0.112634
2843	0.056119
2951	0.035982
2959	-0.040755
3236	-0.088556
3305	0.075111
3318	-0.063786
3340	0.055969
3352	-0.025325
3355	0.062064
3356	0.039577
3365	0.015679
3366	0.048313
3367	0.012957
3368	-0.019958
3401	0.017958
3405	-0.089673
3434	0.036091
3448	-0.084779
3454	0.049186
3481	0.035513
3495	0.117997
3504	0.007252
3532	0.020752
3540	-0.015014
3549	0.107699
3550	-0.047582
3569	-0.051317
3595	-0.019652
3596	-0.012082
3603	-0.007151
3621	-0.018822
3622	-0.019099
3647	-0.070087
3649	0.000420
3651	-0.003322
3652	-0.017885
3723	0.063709
3757	-0.011369
3772	-0.040055
3787	-0.030268
3798	-0.106113
3799	0.093449
3889	0.022777
3897	0.043561
3898	-0.007308
3904	0.001657
3945	-0.082877
3990	-0.019717
4024	-0.019749
4039	0.101982
4048	0.033679
4050	0.020046
4076	0.048941
4094	-0.076558
4170	-0.016899
4251	0.025980
4252	-0.060264
4299	-0.012761
4302	0.029419
4318	0.026669
4319	-0.023116
4320	0.019447
4360	0.048566
4388	-0.011967
4414	0.022271
4426	-0.011119
4446	0.073593
4527	0.031680
4545	0.028453
4546	0.128204
4554	-0.052266
4564	-0.061365
4567	0.022511
4634	-0.040843
4693	-0.020642
4736	-0.018287
4761	0.125835
4879	-0.063329
5071	0.000093
5138	-0.016946
5164	-0.021019
5182	0.026403
5183	0.015898
5184	-0.085773
5187	-0.018472
5188	0.036800
5189	-0.005916
5193	0.069040
5194	0.031027
5195	0.028090
5197	0.076746
5203	0.059882
5205	0.075029
5212	0.015040
5213	-0.009223
5222	-0.004519
5223	0.032458
5228	-0.110231
5232	0.088910
5244	0.137367
5245	0.053441
5246	-0.000192
5248	0.011041
5292	0.013570
5293	0.062707
5299	-0.087610
5300	-0.022944
5315	-0.035367
5316	-0.040872
5319	-0.051355
5320	-0.075663
5321	-0.011699
5322	0.059418
5323	-0.004559
5324	0.006419
5325	0.013075
5329	0.008013
5342	-0.008216
5343	0.053494
5374	-0.074099
5376	-0.065962
5378	0.030335
5379	0.020445
5382	0.078254
5390	-0.023898
5398	0.024154
5402	-0.039531
5404	0.015230
5407	0.031244
5408	-0.043936
5409	0.063629
5411	0.025258
5412	-0.045550
5413	-0.027172
5416	-0.173790
5418	0.030656
5422	0.009685
5425	-0.055089
5427	-0.047653
5428	0.023366
5432	-0.063560
5436	0.008389
5443	-0.040460
5444	-0.164546
5458	-0.089841
5462	-0.072652
5465	0.003429
5468	0.020051
5471	-0.018764
5480	0.058985
5481	-0.043453
5485	-0.036851
5486	-0.089980
5488	-0.006346
5489	0.025363
5495	-0.047878
5513	-0.089294
5515	-0.025685
5516	0.001275
5521	0.030637
5527	0.107575
5528	0.049464
5536	-0.056635
5537	0.013864
5547	-0.052334
5565	-0.074919
5573	0.035844
5579	-0.070488
5583	0.045212
5586	-0.047302
5589	0.044358
5590	0.082261
5593	-0.000211
5599	-0.076168
5604	-0.239409
5605	0.082854
5606	-0.153102
5625	-0.198102
5649	-0.071518
5656	0.071115
5657	-0.145937
5658	-0.060917
5686	0.013463
5695	0.024331
5705	0.041986
5706	-0.013235
5716	-0.000184
5717	0.010045
5718	0.014087
5719	0.016003
5720	-0.046146
5724	0.020001
5738	0.120746
5742	-0.121261
5750	0.096614
5751	-0.078935
5756	-0.038479
5761	0.077491
5768	-0.046480
5773	0.043204
5792	-0.006106
5793	0.095928
5794	-0.005668
5806	-0.047440
5811	0.001590
5812	-0.019624
5813	0.015441
5814	0.044295
5821	-0.042597
5823	-0.013739
5825	-0.025245
5831	0.083524
5832	0.161482
5833	0.060351
5847	0.051588
5849	0.014804
5851	-0.084411
5854	0.021136
5858	0.025504
5862	-0.078677
5875	-0.130930
5876	0.016827
5903	0.022245
5910	-0.001338
5912	-0.197743
5913	-0.014882
5925	0.051532
5926	0.017385
5927	0.058689
5928	0.023431
5930	-0.035938
5931	0.076085
5933	0.058461
5934	0.003721
5937	0.105106
5939	-0.092252
5940	-0.214051
5941	0.012702
5943	0.011042
5963	0.007491
5964	-0.060635
5965	0.035744
5966	0.033080
5968	0.035280
5969	0.124919
5970	0.133569
5971	-0.035946
5975	0.068565
6006	-0.002189
6011	0.008584
6017	-0.054061
6019	-0.015982
6022	0.000958
6032	0.152683
6095	0.050487
6115	-0.118838
6116	0.007220
6119	-0.046329
6127	-0.087573
6128	-0.013831
6130	0.081688
6140	-0.084181
6141	-0.016116
6147	0.047646
6148	0.070879
6163	0.069438
6164	-0.023077
6170	-0.049981
6171	-0.031269
6177	-0.030281
6184	0.032560
6200	0.011186
6204	-0.095854
6206	0.089530
6223	-0.036307
6240	-0.035249
6245	-0.046537
6253	0.003145
6267	-0.096660
6269	0.030080
6290	-0.125542
6303	0.041317
6317	-0.086244
6343	0.075198
6350	0.139759
6360	0.124811
6367	-0.055004
6383	0.011689
6389	0.108254
6397	-0.057656
6398	0.057629
6406	-0.024422
6407	-0.015634
6412	-0.007193
6413	-0.014733
6434	-0.085035
6435	-0.080998
6460	0.023346
6463	-0.059263
6464	-0.057580
6489	0.023781
6507	0.059036
6510	-0.032119
6516	-0.023072
6518	0.065050
6522	0.049893
6523	-0.018620
6524	0.004169
6525	0.045630
6531	0.033799
6536	0.070392
6575	0.060836
6584	-0.017845
6585	0.026823
6586	0.025525
6594	0.012371
6595	0.011683
6610	-0.009007
6612	0.008736
6615	0.040281
6624	-0.014355
6628	0.005166
6649	0.040308
6698	-0.037022
6706	0.098209
6718	0.025228
6719	-0.000673
6722	-0.025609
6770	-0.087490
6780	0.040744
6781	0.019068
6794	-0.041800
6795	0.075453
6796	0.012126
6799	0.055337
6809	-0.008247
6837	-0.128370
6838	-0.047275
6839	-0.061106
6846	-0.080358
6865	-0.022747
6869	-0.007364
6870	-0.034586
6871	-0.014161
6873	-0.030014
6876	-0.062994
6885	-0.038830
6895	-0.023626
6896	0.020860
6897	-0.052516
6900	-0.031946
6903	-0.059973
6906	-0.036294
6916	-0.039154
6917	0.052119
6918	-0.029475
6919	0.028722
6938	-0.044548
6941	0.000757
6942	0.021831
6943	-0.048968
6944	-0.040559
6948	0.060813
6953	-0.075274
6957	-0.017713
6958	-0.052452
6970	0.018344
6971	-0.009815
6976	0.039129
6977	-0.005089
6990	-0.010097
7014	-0.040192
7015	-0.075246
7016	0.110876
7018	0.026157
7019	0.041489
7042	-0.002229
7053	-0.079384
7066	-0.056380
7067	0.092420
7083	-0.129361
7092	-0.018385
7100	0.055016
7103	0.061854
7110	-0.118887
7111	-0.087047
7112	-0.036658
7113	0.017481
7116	-0.126044
7119	-0.061035
7120	0.030771
7121	-0.005785
7122	-0.044402
7140	-0.084439
7143	-0.178306
7157	-0.083305
7165	0.014312
7175	-0.032579
7178	0.063610
7206	0.105716
7207	0.038211
7217	-0.084999
7218	-0.006638
7221	-0.073219
7227	-0.069606
7230	-0.019494
7236	-0.020472
7239	-0.022183
7242	-0.087710
7260	-0.038537
7268	0.067794
7269	0.042911
7304	0.052767
7326	-0.047792
7327	0.134876
7336	0.010074
7342	0.042376
7346	-0.019109
7348	0.052857
7355	0.045714
7361	-0.057437
7372	-0.049798
7387	0.106210
7422	-0.070742
7423	0.029083
7425	0.096953
7436	0.117606
7442	-0.035659
7446	-0.030823
7448	0.003537
7453	-0.025268
7463	-0.029127
7492	0.051104
7493	-0.017364
7494	-0.032739
7495	-0.001583
7518	0.071121
7520	0.027165
7540	0.047898
7546	0.064292
7556	0.060261
7559	-0.038946
7560	-0.037795
7561	-0.048821
7564	-0.056517
7575	0.007802
7583	0.017613
7585	0.059041
7586	-0.010760
7599	-0.020443
7600	-0.230382
7606	-0.011873
7614	0.027912
7617	0.024779
7622	-0.007026
7629	0.116454
7637	0.027560
7640	0.020271
7657	0.042433
7665	0.029278
7666	0.092011
7667	0.054844
7668	0.046258
7669	-0.129984
7670	-0.022120
7671	-0.010629
7681	0.050374
7683	0.015631
7684	0.051390
7696	-0.113424
7722	0.080594
7723	-0.020724
7799	-0.065427
7852	0.025163
7859	0.040295
7860	-0.015777
7861	-0.023229
7865	-0.057537
7875	0.057529
7876	0.063037
7895	0.022963
7913	0.055838
7917	0.035996
7952	-0.077037
7969	0.147592
7971	-0.094947
8000	-0.084495
8002	-0.067119
8006	0.060052
8036	0.036921
8056	0.023745
8069	-0.032335
8103	-0.014390
8107	-0.059761
8120	0.046646
8122	0.029226
8125	-0.026786
8127	-0.066857
8136	0.038127
8149	0.070879
8154	0.056707
8197	-0.104678
8208	-0.211372
8223	0.062001
8232	0.041708
8241	0.040857
8256	-0.025431
8262	-0.002236
8266	0.073224
8267	0.058048
8268	0.034336
8269	-0.027265
8271	0.009331
8273	0.018544
8280	-0.038725
8284	-0.029322
8303	0.042904
8304	-0.008263
8305	-0.018573
8308	-0.045080
8332	-0.018681
8333	-0.087378
8334	-0.072488
8338	0.133430
8363	-0.079539
8370	-0.049530
8398	-0.039868
8465	-0.072189
8468	0.082073
8469	0.048487
8470	-0.062066
8507	-0.004041
8552	-0.016909
8572	0.078447
8574	-0.009610
8577	0.136687
8586	0.037232
8592	0.056587
8593	0.087668
8594	0.029996
8597	-0.002600
8599	-0.000470
8606	-0.066799
8607	-0.096566
8615	-0.030064
8617	-0.030165
8626	0.073212
8636	-0.076137
8669	0.012224
8671	0.033659
8673	0.017844
8675	-0.039548
8790	0.055128
8791	0.026340
8811	0.252693
8822	0.065244
8841	-0.056717
8849	-0.031283
8856	-0.044684
8875	0.040100
8884	0.154149
8906	0.002088
8907	-0.026610
8910	0.050982
8911	0.095115
8912	0.059235
8913	0.012399
8934	-0.000502
8935	0.032398
8954	-0.070424
8968	0.079212
8972	0.138510
9001	0.091781
9029	-0.025556
9032	0.000462
9058	0.081115
9059	0.030958
9068	-0.008553
9070	0.039136
9108	-0.043618
9139	0.012573
9140	-0.015695
9158	0.040765
9187	-0.072337
9188	-0.130840
9189	-0.112156
9190	-0.095293
9253	-0.066417
9259	-0.046850
9268	0.115197
9269	-0.100194
9271	0.003270
9312	-0.047926
9323	-0.099872
9329	-0.111931
9330	-0.097501
9331	-0.050807
9356	-0.041986
9376	0.037727
9394	-0.014804
9424	-0.022310
9428	-0.000743
9429	-0.052742
9496	0.046176
9536	-0.069514
9543	0.051378
9589	0.005355
9614	0.036318
9615	-0.025885
9617	0.032386
9631	0.034664
9661	0.073571
9668	0.146656
9718	-0.069915
9728	0.039259
9734	0.032633
9788	-0.124577
9791	-0.008031
9793	-0.117174
9804	-0.014842
9809	-0.011855
9810	0.017267
9823	-0.045085
9828	-0.007966
9907	0.015224
9951	0.035967
9968	0.055817
9969	-0.041911
10010	-0.001689
10011	0.123089
10012	0.001259
10018	-0.042004
10021	0.009791
10022	0.014228
10031	0.027760
10032	-0.025897
10033	-0.059748
10034	0.014100
10035	-0.064779
10039	0.025423
10044	-0.057312
10045	-0.038421
10060	0.129046
10065	-0.021350
10077	0.001438
10080	0.006826
10130	-0.012572
10131	0.074535
10149	0.075818
10194	-0.026002
10197	-0.063566
10221	0.044529
10226	-0.088753
10232	-0.022560
10233	0.048802
10263	-0.020327
10264	-0.000250
10274	-0.043099
10286	0.000188
10292	0.132352
10299	0.008158
10302	-0.070925
10324	0.068890
10355	0.023060
10358	-0.039333
10362	0.024003
10366	0.018993
10368	-0.022940
10370	-0.069184
10392	0.002619
10405	0.090573
10406	0.078766
10409	-0.019675
10419	-0.093291
10420	0.024565
10424	-0.073412
10434	0.019028
10455	-0.010450
10478	-0.073349
10480	0.077311
10484	-0.069331
10510	-0.005629
10519	-0.152562
10520	-0.006251
10524	-0.023927
10578	0.004953
10630	0.059240
10643	-0.109787
10645	-0.061006
10677	0.042314
10678	0.078852
10690	0.022040
10717	0.064047
10718	-0.026792
10719	0.002732
10721	-0.025247
10723	0.003476
10735	-0.021524
10736	-0.014035
10829	-0.016129
10837	0.038977
10846	0.019962
10921	0.054748
10922	0.028650
10923	0.050200
10924	0.112237
10964	-0.043270
10978	0.000923
11017	-0.096150
11018	-0.086496
11019	0.054934
11032	-0.046136
11034	-0.110833
11035	-0.090070
11036	-0.054264
11052	0.088383
11056	0.052634
11060	0.092711
11063	-0.054344
11064	-0.058294
11068	-0.096406
11069	-0.095455
11090	0.025827
11098	0.003579
11099	-0.049480
11100	-0.053967
11105	-0.096303
11109	-0.067405
11122	0.011734
11123	-0.006619
11125	0.127311
11126	0.074496
11149	-0.043199
11153	-0.050701
11188	-0.151838
11193	-0.095898
11230	-0.026359
11233	0.077602
11236	0.025110
11243	0.021935
11251	0.007551
11259	-0.022931
11263	0.058281
11272	-0.134016
11321	0.058110
11322	0.044174
11326	0.054632
11327	0.062762
11335	-0.085683
11337	-0.090392
11343	0.019197
11390	-0.103645
11444	0.043154
11464	-0.027508
11471	-0.057959
11472	-0.042879
11473	-0.000884
11492	0.009703
11499	-0.112209
11500	-0.034972
11505	0.058194
11527	-0.009087
11528	0.001468
11532	-0.047051
11564	0.025831
11589	-0.038136
11591	-0.019706
11592	0.003715
11599	-0.207588
11605	-0.109258
11617	0.022256
11630	0.003191
11631	0.000648
11632	0.192586
11656	0.034217
11657	0.001649
11777	0.052777
11786	0.056745
11812	-0.008316
12020	-0.051818
12061	0.055943
12115	0.022851
12154	0.039040
12155	0.007893
12156	0.043959
12159	-0.000374
12174	0.069655
12176	-0.009962
12230	0.036522
12234	-0.008895
12236	-0.008333
12237	0.083195
12250	-0.147386
12252	0.007192
12253	-0.014341
12315	-0.037988
12381	-0.019312
12382	-0.088196
12438	-0.011961
12455	0.095758
12462	-0.042451
12478	0.008272
12603	0.109823
12711	0.047299
12714	0.075710
12716	-0.133906
12754	0.093730
12785	0.045267
12788	0.023344
12792	0.060994
12898	0.035102
12944	-0.304049
12949	0.136255
13062	-0.128425
13099	0.018928
13160	0.078026
13198	0.018555
13239	0.006620
13249	0.096140
13262	0.051153
13263	-0.210034
13272	0.065213
13273	0.134368
13277	0.110314
13305	-0.106478
13342	0.110338
13343	0.016137
13345	0.063800
13351	0.038792
13357	0.042724
13427	0.005724
13436	-0.035241
13455	-0.046816
13528	-0.099599
13532	0.069786
13553	-0.063368
13566	-0.075168
13651	-0.100415
13653	-0.020222
13675	-0.141321
13676	-0.038091
13677	0.035889
13678	-0.159233
13681	0.072257
13688	0.059964
13697	0.128308
13705	0.136709
13708	0.012255
13737	0.078982
13760	0.081282
13923	-0.034840
13927	-0.059045
13995	0.078012
14002	0.091329
14003	0.062047
14021	-0.020541
14034	0.092090
14064	0.064241
14110	-0.003453
14155	-0.032683
14203	-0.052620
14208	0.083436
14340	-0.012311
14356	-0.109066
14389	-0.009804
14499	0.000171
14625	-0.003639
14632	0.013594
14637	0.022919
14641	0.090036
14685	0.017792
14694	0.031299
14695	0.020095
14699	-0.043524
14700	-0.072631
14749	-0.078508
14760	0.015623
14790	0.031869
14791	0.081649
14796	-0.050496
14797	0.077221
14891	0.085147
14927	0.013442
15099	-0.033717
15182	0.143698
15243	-0.061071
15245	0.025125
15254	-0.004098
15322	0.018260
15327	-0.084297
15463	0.042869
15496	0.028598
15499	-0.071546
15502	0.129030
15514	-0.044841
15566	-0.052780
15580	-0.107445
15583	-0.018144
15586	-0.013020
15601	0.070198
15621	0.109604
15780	-0.069843
15869	0.071090
16082	-0.062719
16281	0.081670
16293	-0.154761
16300	0.048644
16304	0.080362
16360	-0.082294
16361	-0.094936
16367	-0.074429
16432	0.028046
16433	-0.001417
16438	0.008136
16446	0.086778
16453	0.098782
16463	0.050487
16466	-0.022434
16477	-0.009181
16482	-0.021116
16605	0.062049
16606	-0.078615
16635	-0.064344
16638	-0.003984
16655	0.013931
16673	0.000029
16676	0.007714
16677	0.066140
16678	0.020916
16808	-0.013985
16829	0.034562
17150	-0.073922
17182	-0.085772
17199	0.016369
17273	0.112140
17431	0.024048
17466	-0.048409
17472	-0.007705
17485	0.017443
17585	-0.005921
17620	0.103080
17647	0.116036
17690	0.067231
17772	-0.004196
18410	0.044906
19647	0.072596
21458	-0.033278
21885	0.030628
21973	0.004534
21976	0.057496
21977	0.005867
22084	0.030006
23475	-0.074315
23754	0.043108
23764	-0.017721
24372	0.041763
24918	0.192418
24944	-0.139967
25022	-0.105271
25140	0.094635
26484	0.099885
27764	-0.054760
28424	0.049254
28845	-0.029904
29861	-0.040444
30684	-0.031125
31288	0.019071
31704	0.060511
32421	0.054863
32520	0.045569
32893	-0.065665
34340	-0.090984
35227	-0.092315
35334	-0.012835
36499	0.035163
36843	-0.041205
36844	-0.045430
36955	-0.009535
36970	-0.026688
39336	0.028415
39353	0.010889
40538	0.227229
40541	0.088238
40542	0.127547
40599	-0.086134
40601	0.074805
40602	0.153179
40656	0.127805
40657	-0.072560
42157	0.097798
42203	0.004145
42204	-0.155960
42851	0.095378
43061	0.011734
44144	0.011746
45195	0.024011
47030	0.007030
47285	-0.010406
47317	0.077510
47457	0.043694
47460	0.017460
48147	-0.094868
48297	-0.029682
48474	-0.023643
48696	-0.045344
49516	-0.014961
49630	0.052250
49927	0.085643
50199	-0.097812
50249	0.103544
50259	0.007232
50904	0.058483
53231	0.030638
53471	0.085440
53531	0.106293
53986	-0.025894
55057	0.009975
56431	0.049475
56432	0.028970
56466	0.033151
56478	0.093068
56621	0.126118
57644	-0.005705
57756	0.035911
58783	0.017492
59657	-0.020222
59715	0.102940
64825	-0.183300
64947	-0.033179
65950	0.192372
70102	-0.135158
75003	-0.162099
75099	-0.219547
75742	-0.207986
75823	-0.214499
75824	-0.186868
78157	0.286781
78181	0.133402
78191	0.044116
80479	-0.004410
80480	-0.007852
80715	-0.003104
80719	0.038378
80750	-0.014101
81231	-0.039233
84436	-0.101638
84780	0.003274
84844	0.033941
85002	0.031933
85003	-0.077688
85659	-0.031048
85663	-0.064265
85710	-0.087913
92185	-0.082272
96142	0.037760
96144	0.152959
96482	0.043735
98871	0.053910
