# 1342 minima projected onto PC59
# Min	PC
3	-0.068568
4	0.035537
5	-0.108726
6	-0.135915
7	0.124364
9	0.118688
16	0.211554
17	-0.114561
21	-0.069464
23	-0.212036
31	0.188230
44	0.057754
47	-0.045400
48	-0.020965
51	-0.020276
52	0.112957
55	0.049510
56	0.021751
57	0.036155
58	0.285804
60	0.002174
67	0.012121
68	0.054025
71	-0.033479
72	0.135119
74	0.034561
79	-0.074073
82	-0.121385
85	-0.049089
86	0.017525
87	-0.059917
88	-0.017868
91	0.304255
92	0.113303
94	0.029116
95	-0.148179
97	0.254860
104	-0.125013
106	0.553340
109	-0.016021
111	-0.372442
115	0.034523
120	0.025293
126	0.109812
129	-0.325413
136	0.181771
137	-0.137139
188	-0.006325
189	-0.028171
196	0.208145
199	0.085742
200	-0.121435
202	-0.125252
211	-0.153568
213	-0.221952
214	-0.230358
219	0.176651
221	0.139621
276	0.134394
279	0.033466
283	-0.058983
295	-0.031311
308	-0.080307
312	0.171870
315	-0.146616
318	-0.069219
319	-0.061601
321	-0.124811
324	-0.051982
328	-0.152412
334	0.081792
336	0.494245
338	-0.429668
347	0.082241
351	0.485314
352	0.043585
354	-0.052707
357	-0.229826
359	0.147479
362	0.237481
364	0.064991
365	-0.038306
368	0.074446
376	-0.220118
377	-0.117966
380	0.152511
386	-0.129800
388	-0.097250
390	-0.419451
396	-0.118200
404	-0.030446
410	0.126491
413	0.026686
420	-0.081471
423	-0.027766
424	0.184785
437	0.066416
438	0.042504
444	0.700789
452	-0.074691
473	-0.038620
474	0.030848
475	0.179285
476	-0.025534
478	-0.061676
479	-0.092824
480	0.096738
483	0.331854
503	-0.303910
508	-0.061649
509	-0.223907
530	-0.117952
536	-0.072452
556	0.213942
581	0.059945
583	0.037719
603	0.068997
606	-0.167002
607	-0.157202
620	0.061520
628	-0.120982
636	-0.165818
637	-0.096179
639	-0.074954
640	-0.148580
644	0.079993
645	0.075547
677	-0.230323
678	-0.109192
679	0.049617
682	0.006049
698	-0.026047
700	-0.211593
710	-0.315468
722	-0.147097
723	-0.057849
724	0.060353
725	-0.044846
726	0.019730
747	0.044514
753	0.301577
755	0.342997
757	-0.046330
765	0.166914
782	-0.111835
783	0.053098
793	0.145304
808	-0.060787
814	-0.265367
840	0.327107
848	-0.234133
859	0.009328
864	-0.176734
867	0.065639
878	-0.248511
888	-0.402826
890	-0.281827
892	-0.091571
899	-0.160289
918	-0.132273
926	-0.097036
933	0.069070
934	-0.075199
981	0.052037
1028	-0.155382
1034	-0.189256
1051	0.077863
1054	-0.166777
1058	-0.141221
1062	-0.018790
1063	-0.132246
1064	-0.094828
1066	-0.100563
1068	-0.036266
1073	0.005403
1082	0.054392
1083	-0.007836
1086	-0.051730
1089	-0.043405
1090	-0.018466
1091	-0.023612
1092	-0.014558
1164	-0.149904
1165	-0.102120
1174	0.069917
1176	-0.027684
1184	0.012410
1191	-0.050458
1192	-0.152961
1201	0.026665
1230	0.119182
1339	0.005414
1341	-0.149265
1370	-0.080570
1385	-0.027812
1405	-0.138558
1437	0.114866
1441	0.041885
1443	-0.070286
1521	-0.031706
1522	-0.040437
1523	-0.080281
1524	0.174139
1525	-0.178172
1541	0.075523
1542	0.085248
1550	-0.131185
1551	0.067990
1596	-0.186407
1597	-0.233132
1628	0.138576
1629	-0.045779
1633	0.113040
1636	-0.053674
1637	0.025533
1765	-0.115488
1766	-0.047164
1780	-0.036379
1862	-0.021823
1865	-0.294818
1870	-0.052894
1885	-0.219570
1910	0.024101
1911	-0.147116
2007	0.131565
2060	0.451441
2062	0.113920
2090	0.047493
2093	0.081588
2094	0.090947
2095	0.277081
2096	-0.124059
2100	-0.060034
2101	0.134653
2102	0.112257
2103	0.218699
2104	0.196039
2105	0.054390
2128	0.026578
2129	-0.149197
2135	-0.215416
2190	0.180023
2195	0.222782
2197	-0.122580
2198	0.070923
2199	-0.027480
2200	0.224970
2201	-0.001117
2202	0.068403
2205	0.263677
2217	0.136541
2218	0.159054
2221	-0.032829
2272	0.071816
2273	-0.132867
2275	-0.196859
2288	-0.001421
2293	0.013228
2298	-0.000636
2299	-0.012887
2300	0.035238
2301	0.274418
2338	-0.116974
2342	0.293737
2343	0.010181
2358	0.113056
2384	-0.213937
2385	0.015676
2399	-0.146294
2435	0.554393
2436	0.159708
2465	-0.360142
2467	0.007639
2468	-0.143973
2469	-0.116295
2470	-0.134886
2471	-0.020769
2474	0.044458
2620	-0.096652
2650	0.046234
2651	0.020834
2685	-0.211463
2688	0.664581
2730	0.024809
2843	0.031292
2951	0.237126
2959	0.021289
3236	-0.068484
3305	0.110532
3318	-0.073212
3340	-0.160874
3352	-0.055607
3355	0.015787
3356	0.196646
3365	-0.042147
3366	-0.131639
3367	0.008406
3368	0.094379
3401	0.022510
3405	-0.279102
3434	-0.201836
3448	-0.187415
3454	-0.024306
3481	0.028875
3495	-0.001042
3504	-0.101002
3532	0.070469
3540	0.087673
3549	0.443115
3550	0.042135
3569	0.101222
3595	0.097845
3596	0.124971
3603	0.037920
3621	-0.208954
3622	-0.114576
3647	-0.046195
3649	0.006351
3651	0.101830
3652	-0.032651
3723	0.064181
3757	0.252348
3772	0.052573
3787	0.390932
3798	-0.274289
3799	0.162478
3889	-0.108175
3897	0.057550
3898	-0.123531
3904	-0.133151
3945	-0.146009
3990	0.008277
4024	-0.047277
4039	-0.013554
4048	0.114448
4050	0.032735
4076	0.133002
4094	0.723096
4170	0.171559
4251	-0.163025
4252	-0.072737
4299	0.047572
4302	0.018623
4318	-0.079346
4319	0.079677
4320	-0.067567
4360	0.104490
4388	-0.031943
4414	-0.164910
4426	0.145492
4446	-0.445336
4527	0.486895
4545	-0.054124
4546	0.061692
4554	-0.210779
4564	0.023458
4567	0.143182
4634	-0.000204
4693	0.006723
4736	0.109928
4761	-0.183354
4879	0.035355
5071	0.320563
5138	-0.038826
5164	0.020094
5182	-0.058052
5183	-0.297699
5184	-0.141393
5187	0.196217
5188	0.105805
5189	-0.031495
5193	-0.160838
5194	-0.273418
5195	-0.075778
5197	0.381941
5203	0.411145
5205	-0.341379
5212	-0.057631
5213	-0.218553
5222	-0.064914
5223	-0.213544
5228	-0.169046
5232	-0.180271
5244	0.052082
5245	0.423688
5246	-0.268487
5248	0.072757
5292	0.091492
5293	0.407930
5299	0.674373
5300	0.647327
5315	0.081579
5316	0.097027
5319	0.055092
5320	-0.013252
5321	0.085497
5322	-0.137421
5323	0.117579
5324	0.095127
5325	0.153842
5329	-0.038386
5342	0.039584
5343	0.125471
5374	0.313593
5376	-0.194784
5378	0.226174
5379	-0.097945
5382	0.043897
5390	0.125571
5398	-0.030290
5402	0.027141
5404	-0.277803
5407	-0.010558
5408	-0.008807
5409	-0.006088
5411	0.095382
5412	0.037823
5413	0.036240
5416	0.048607
5418	0.104863
5422	0.153725
5425	0.041881
5427	-0.088499
5428	-0.085892
5432	-0.070026
5436	0.022891
5443	-0.212390
5444	-0.187680
5458	-0.125130
5462	-0.031564
5465	-0.068366
5468	0.069356
5471	-0.045927
5480	0.230862
5481	-0.073377
5485	-0.072378
5486	-0.103813
5488	0.179412
5489	0.112425
5495	0.102965
5513	-0.029452
5515	0.063359
5516	-0.261695
5521	0.116131
5527	0.111845
5528	-0.126141
5536	0.080617
5537	0.087660
5547	0.039299
5565	-0.130317
5573	-0.157150
5579	-0.324964
5583	0.163423
5586	-0.144835
5589	0.034482
5590	-0.119101
5593	-0.001282
5599	-0.308925
5604	0.319609
5605	-0.054928
5606	0.147665
5625	0.166373
5649	-0.061981
5656	-0.014518
5657	0.006046
5658	-0.261138
5686	0.008000
5695	-0.039643
5705	-0.186361
5706	-0.167417
5716	0.022071
5717	0.012124
5718	-0.229718
5719	-0.234570
5720	0.105621
5724	0.138123
5738	0.155982
5742	-0.120986
5750	0.080100
5751	-0.010137
5756	0.047567
5761	-0.145061
5768	0.085621
5773	-0.262749
5792	0.036885
5793	-0.291897
5794	0.043231
5806	0.028517
5811	0.044946
5812	-0.090845
5813	-0.169229
5814	-0.021126
5821	-0.040481
5823	0.189640
5825	-0.306848
5831	-0.004808
5832	0.003009
5833	-0.178809
5847	-0.010286
5849	0.084924
5851	0.124966
5854	0.074761
5858	-0.051040
5862	-0.007690
5875	-0.103632
5876	-0.098045
5903	0.084691
5910	0.038665
5912	-0.093434
5913	0.046510
5925	0.074687
5926	0.049542
5927	-0.041777
5928	0.221761
5930	-0.054072
5931	0.181976
5933	0.377706
5934	-0.085372
5937	-0.059376
5939	-0.216318
5940	0.153036
5941	-0.177850
5943	-0.158433
5963	0.102015
5964	-0.282003
5965	0.112956
5966	-0.123722
5968	-0.124429
5969	-0.053378
5970	0.025669
5971	0.074396
5975	0.105422
6006	-0.133181
6011	-0.088170
6017	-0.042242
6019	-0.022240
6022	-0.002405
6032	0.317935
6095	-0.045514
6115	0.121770
6116	-0.099880
6119	0.034657
6127	-0.246226
6128	-0.255728
6130	-0.354462
6140	-0.088911
6141	0.115812
6147	0.396967
6148	0.284218
6163	-0.091203
6164	-0.163470
6170	-0.103758
6171	0.181253
6177	0.119113
6184	0.202694
6200	0.021037
6204	-0.009571
6206	-0.155514
6223	0.053041
6240	-0.059438
6245	-0.263729
6253	-0.092371
6267	-0.059094
6269	-0.052955
6290	-0.189479
6303	-0.128491
6317	0.014125
6343	0.016705
6350	-0.112963
6360	0.670760
6367	-0.276606
6383	0.012334
6389	-0.050138
6397	0.162279
6398	-0.036488
6406	-0.063129
6407	-0.144810
6412	0.021092
6413	0.017212
6434	-0.094773
6435	-0.043298
6460	0.053535
6463	-0.177563
6464	0.065503
6489	0.249910
6507	0.105332
6510	-0.076566
6516	-0.140537
6518	-0.290892
6522	-0.132236
6523	-0.200948
6524	-0.005166
6525	-0.018800
6531	0.182545
6536	-0.059688
6575	-0.067524
6584	-0.113592
6585	0.106758
6586	-0.124681
6594	0.104404
6595	0.172027
6610	-0.147219
6612	-0.032642
6615	-0.109199
6624	0.083143
6628	0.066790
6649	-0.174016
6698	1.048312
6706	-0.044698
6718	-0.028550
6719	-0.134029
6722	0.188095
6770	-0.395341
6780	-0.148540
6781	-0.098479
6794	-0.025957
6795	0.046913
6796	-0.064228
6799	-0.242447
6809	0.087484
6837	-0.090061
6838	-0.105478
6839	-0.337968
6846	-0.163119
6865	0.051971
6869	0.203112
6870	-0.034122
6871	0.213773
6873	0.013198
6876	0.164641
6885	-0.107736
6895	0.122726
6896	-0.032194
6897	0.089148
6900	0.093844
6903	0.074040
6906	0.169100
6916	0.063660
6917	0.146749
6918	-0.215943
6919	-0.051192
6938	0.018104
6941	-0.107853
6942	-0.144443
6943	0.257638
6944	0.299957
6948	-0.113899
6953	0.009333
6957	0.125819
6958	0.028273
6970	-0.353545
6971	0.150675
6976	0.170776
6977	0.184272
6990	-0.181715
7014	0.080185
7015	0.082593
7016	0.035179
7018	0.001982
7019	-0.038237
7042	0.224299
7053	-0.032021
7066	0.106738
7067	0.064819
7083	0.086412
7092	0.152293
7100	0.095507
7103	0.085745
7110	-0.038947
7111	-0.023257
7112	-0.009775
7113	-0.008741
7116	0.084355
7119	0.101939
7120	-0.216978
7121	0.100505
7122	0.021659
7140	0.035083
7143	0.220717
7157	-0.164004
7165	-0.251433
7175	-0.139814
7178	-0.000888
7206	-0.198901
7207	-0.002995
7217	0.077936
7218	0.264638
7221	-0.043219
7227	0.170059
7230	0.497823
7236	-0.279345
7239	0.002990
7242	-0.152442
7260	0.159585
7268	0.229767
7269	-0.056360
7304	0.147332
7326	0.165161
7327	0.278978
7336	-0.102843
7342	0.140602
7346	0.136715
7348	-0.478968
7355	-0.110099
7361	0.012960
7372	0.044532
7387	-0.061525
7422	-0.178944
7423	-0.116167
7425	0.153876
7436	0.095478
7442	-0.205152
7446	-0.131118
7448	-0.108192
7453	0.062212
7463	0.209111
7492	-0.066879
7493	0.043824
7494	-0.120160
7495	-0.080623
7518	-0.058564
7520	-0.328678
7540	-0.051801
7546	-0.147184
7556	0.178740
7559	-0.069609
7560	-0.045012
7561	-0.008812
7564	0.150543
7575	-0.052847
7583	-0.285009
7585	-0.109845
7586	0.063057
7599	-0.105291
7600	-0.058957
7606	-0.041236
7614	-0.035806
7617	-0.159186
7622	0.079464
7629	-0.178389
7637	-0.014541
7640	-0.108277
7657	-0.068158
7665	-0.052064
7666	0.111753
7667	-0.117576
7668	0.022764
7669	0.034348
7670	-0.308724
7671	-0.063583
7681	-0.090486
7683	0.244268
7684	0.125203
7696	-0.052911
7722	0.010571
7723	-0.181668
7799	0.138166
7852	-0.181208
7859	0.033879
7860	0.080167
7861	-0.103759
7865	-0.082469
7875	0.106600
7876	0.015469
7895	-0.131384
7913	-0.126162
7917	0.204650
7952	0.216020
7969	0.423053
7971	0.063517
8000	-0.144860
8002	-0.021038
8006	0.089579
8036	-0.079157
8056	0.047444
8069	-0.175984
8103	-0.039885
8107	0.135142
8120	-0.292968
8122	-0.056968
8125	0.073408
8127	0.131931
8136	-0.105135
8149	-0.097012
8154	-0.070885
8197	0.130372
8208	-0.085516
8223	-0.198593
8232	-0.062540
8241	-0.105642
8256	-0.074502
8262	-0.105574
8266	-0.102092
8267	-0.323306
8268	-0.044287
8269	0.170883
8271	0.081432
8273	-0.077918
8280	-0.158784
8284	-0.110058
8303	0.187239
8304	0.251358
8305	0.219401
8308	0.105470
8332	0.682465
8333	-0.051181
8334	-0.177430
8338	0.405073
8363	0.045866
8370	-0.132096
8398	0.086343
8465	-0.329252
8468	-0.162978
8469	-0.169443
8470	-0.201221
8507	-0.007021
8552	-0.023869
8572	0.005752
8574	0.046564
8577	0.337033
8586	-0.056541
8592	0.059638
8593	-0.009473
8594	-0.225061
8597	0.073107
8599	-0.184306
8606	-0.125932
8607	-0.056953
8615	-0.060975
8617	-0.146423
8626	-0.100977
8636	-0.016911
8669	0.378465
8671	0.051212
8673	-0.142859
8675	0.321324
8790	0.056121
8791	-0.039478
8811	-0.243828
8822	-0.029798
8841	-0.050821
8849	0.219372
8856	-0.308189
8875	-0.115602
8884	0.432734
8906	-0.230535
8907	0.082585
8910	-0.006506
8911	0.047118
8912	0.059411
8913	0.245779
8934	0.026008
8935	-0.076875
8954	-0.022388
8968	0.379453
8972	0.268048
9001	-0.140954
9029	-0.006539
9032	0.014926
9058	-0.328503
9059	-0.027200
9068	0.116710
9070	0.143913
9108	-0.192999
9139	-0.027873
9140	0.037192
9158	0.140001
9187	-0.012945
9188	0.195777
9189	0.137950
9190	0.206112
9253	0.012813
9259	0.385891
9268	-0.023288
9269	-0.066742
9271	0.129506
9312	-0.083719
9323	0.026556
9329	0.029526
9330	0.012629
9331	0.013033
9356	0.143598
9376	-0.157895
9394	-0.105864
9424	0.087397
9428	-0.077677
9429	0.106446
9496	0.000922
9536	0.138879
9543	-0.057860
9589	-0.080134
9614	0.062738
9615	0.054221
9617	-0.297097
9631	0.141510
9661	-0.096686
9668	0.015646
9718	-0.101818
9728	0.266493
9734	-0.012113
9788	-0.112191
9791	-0.259248
9793	-0.140543
9804	0.139268
9809	-0.029156
9810	0.056417
9823	-0.075085
9828	0.033615
9907	-0.013640
9951	0.135169
9968	0.037294
9969	0.003937
10010	0.036545
10011	-0.160575
10012	0.155631
10018	-0.326072
10021	-0.263893
10022	-0.018057
10031	-0.056761
10032	-0.082514
10033	0.416694
10034	-0.056394
10035	0.289340
10039	0.069744
10044	0.107921
10045	0.258641
10060	-0.056490
10065	-0.233233
10077	-0.023263
10080	-0.056279
10130	-0.037643
10131	-0.071537
10149	0.113361
10194	-0.025765
10197	-0.481332
10221	-0.042681
10226	-0.140527
10232	-0.159274
10233	-0.296710
10263	-0.091773
10264	-0.161284
10274	-0.068724
10286	-0.420237
10292	0.503975
10299	-0.205978
10302	0.063083
10324	0.193689
10355	0.182113
10358	0.086768
10362	0.497732
10366	0.450668
10368	-0.071124
10370	-0.025229
10392	-0.032215
10405	0.140786
10406	0.047478
10409	-0.102628
10419	0.258756
10420	-0.029713
10424	0.301785
10434	0.028129
10455	-0.281735
10478	-0.147697
10480	0.249946
10484	0.088345
10510	-0.390935
10519	-0.274664
10520	-0.305219
10524	-0.336923
10578	0.064746
10630	-0.131252
10643	-0.288847
10645	-0.148094
10677	-0.158825
10678	-0.278614
10690	-0.231783
10717	-0.114908
10718	-0.009432
10719	0.077166
10721	-0.321977
10723	0.004903
10735	0.136651
10736	-0.010342
10829	0.048478
10837	0.169040
10846	-0.217147
10921	0.053216
10922	-0.185695
10923	-0.016406
10924	-0.058870
10964	-0.092220
10978	0.053508
11017	-0.321967
11018	-0.363527
11019	0.486319
11032	0.254062
11034	0.252293
11035	0.258022
11036	0.261002
11052	-0.065968
11056	-0.051537
11060	0.333734
11063	-0.169242
11064	-0.035965
11068	0.130166
11069	0.128091
11090	-0.191013
11098	-0.045744
11099	-0.254663
11100	-0.210326
11105	0.215843
11109	-0.154410
11122	-0.075654
11123	-0.020913
11125	-0.076312
11126	0.032825
11149	-0.047049
11153	0.087706
11188	-0.040570
11193	0.062327
11230	0.033543
11233	0.377731
11236	0.091586
11243	-0.382623
11251	-0.104687
11259	0.472490
11263	-0.045275
11272	-0.032996
11321	0.073239
11322	0.119499
11326	0.183307
11327	0.072904
11335	0.107262
11337	0.063897
11343	-0.007304
11390	0.036578
11444	0.256531
11464	0.071666
11471	0.093590
11472	0.037046
11473	0.066783
11492	-0.116417
11499	-0.031352
11500	0.227409
11505	0.160917
11527	0.015127
11528	-0.001619
11532	0.040739
11564	-0.046142
11589	-0.238624
11591	-0.015462
11592	-0.035465
11599	-0.008549
11605	-0.101440
11617	0.125125
11630	-0.089105
11631	0.460654
11632	0.780074
11656	0.142354
11657	-0.020777
11777	0.118952
11786	-0.147246
11812	0.096874
12020	-0.275253
12061	0.025999
12115	-0.068241
12154	-0.132990
12155	-0.059266
12156	0.148241
12159	0.165346
12174	0.099821
12176	-0.116898
12230	-0.160247
12234	-0.190887
12236	0.066078
12237	-0.229746
12250	0.621165
12252	-0.115311
12253	0.100349
12315	0.188624
12381	-0.203112
12382	0.008648
12438	-0.012421
12455	-0.080628
12462	-0.070743
12478	0.174204
12603	-0.328622
12711	-0.083495
12714	-0.135536
12716	0.207755
12754	-0.222024
12785	-0.158247
12788	0.141803
12792	0.447207
12898	-0.271194
12944	0.408546
12949	0.669276
13062	0.150294
13099	-0.050368
13160	0.083093
13198	0.108671
13239	-0.050490
13249	-0.185425
13262	-0.167561
13263	-0.335205
13272	0.167788
13273	0.090663
13277	-0.012543
13305	0.045967
13342	0.059089
13343	0.068219
13345	0.436320
13351	0.045028
13357	-0.010817
13427	-0.010444
13436	-0.001623
13455	-0.063057
13528	-0.054958
13532	-0.117788
13553	0.083896
13566	-0.365713
13651	0.020252
13653	0.061601
13675	0.150025
13676	0.089193
13677	0.198988
13678	0.231021
13681	0.138645
13688	-0.015570
13697	-0.392510
13705	-0.353893
13708	0.031801
13737	-0.029576
13760	0.066676
13923	0.260763
13927	0.349614
13995	-0.341654
14002	0.147443
14003	-0.148080
14021	0.059160
14034	0.158708
14064	0.117090
14110	0.202358
14155	-0.116709
14203	0.016725
14208	0.197457
14340	-0.120783
14356	0.616398
14389	-0.013431
14499	-0.067008
14625	0.122288
14632	-0.053565
14637	0.152535
14641	0.119404
14685	0.219958
14694	-0.088455
14695	-0.006829
14699	0.141499
14700	0.036243
14749	-0.129474
14760	-0.082314
14790	0.124693
14791	0.140893
14796	-0.185097
14797	0.071829
14891	-0.124740
14927	-0.295030
15099	-0.109880
15182	-0.135801
15243	0.054955
15245	-0.003025
15254	-0.087215
15322	0.127179
15327	0.109393
15463	-0.023804
15496	0.022657
15499	0.038182
15502	0.086685
15514	0.080405
15566	0.154530
15580	-0.774645
15583	-0.500820
15586	0.050168
15601	-0.067124
15621	-0.674393
15780	-0.015239
15869	0.214401
16082	0.295338
16281	0.001627
16293	-0.018517
16300	0.060897
16304	-0.083755
16360	0.109781
16361	0.046930
16367	-0.134343
16432	0.108991
16433	-0.093574
16438	0.152614
16446	0.385835
16453	0.365988
16463	-0.008990
16466	-0.140883
16477	-0.330972
16482	0.080368
16605	-0.111776
16606	0.796599
16635	-0.260597
16638	-0.016242
16655	-0.188890
16673	-0.111012
16676	0.070169
16677	-0.030375
16678	-0.009880
16808	0.037948
16829	0.057629
17150	0.420762
17182	0.398663
17199	-0.123298
17273	0.021876
17431	-0.078499
17466	0.300600
17472	0.219558
17485	-0.021189
17585	-0.439917
17620	-0.037917
17647	-0.544417
17690	-0.455823
17772	0.226083
18410	-0.236740
19647	-0.525473
21458	0.222240
21885	-0.206579
21973	0.192109
21976	-0.024242
21977	-0.150496
22084	0.028186
23475	-0.021932
23754	0.017683
23764	0.054985
24372	0.173127
24918	0.061120
24944	0.015164
25022	-0.008802
25140	-0.147435
26484	-0.012452
27764	-0.036906
28424	0.193793
28845	0.243643
29861	-0.285722
30684	-0.125121
31288	-0.116808
31704	-0.017672
32421	0.118098
32520	-0.118434
32893	0.092465
34340	0.432551
35227	0.095682
35334	-0.148705
36499	-0.089298
36843	-0.086909
36844	-0.093240
36955	0.186479
36970	0.180776
39336	-0.227522
39353	-0.341729
40538	-0.167579
40541	-0.131548
40542	-0.180331
40599	-0.084443
40601	-0.152186
40602	0.010286
40656	-0.221310
40657	-0.123062
42157	0.065534
42203	-0.016795
42204	0.034175
42851	-0.351385
43061	0.231444
44144	-0.183261
45195	0.267648
47030	-0.134836
47285	0.158921
47317	-0.116744
47457	-0.652492
47460	0.253971
48147	0.062264
48297	-0.103669
48474	-0.052864
48696	0.043197
49516	-0.166907
49630	0.107488
49927	0.065280
50199	-0.187095
50249	0.102307
50259	-0.093318
50904	-0.287907
53231	0.085072
53471	-0.088075
53531	-0.000336
53986	-0.086593
55057	0.006993
56431	0.012840
56432	0.059696
56466	0.139384
56478	0.633007
56621	-0.180651
57644	-0.054830
57756	0.069299
58783	0.045533
59657	0.044015
59715	0.185572
64825	-0.277008
64947	0.119681
65950	-0.523375
70102	0.491457
75003	0.376746
75099	0.353219
75742	0.016678
75823	-0.222139
75824	-0.163690
78157	0.214271
78181	-0.142820
78191	-0.100135
80479	-0.060811
80480	0.298064
80715	-0.009424
80719	0.020785
80750	0.163530
81231	-0.044952
84436	-0.140681
84780	-0.057906
84844	-0.391096
85002	-0.176240
85003	-0.089079
85659	0.058455
85663	-0.025966
85710	0.000521
92185	-0.609362
96142	0.589506
96144	0.463470
96482	0.008325
98871	-0.223290
