# 1342 minima projected onto PC7
# Min	PC
3	1.885135
4	2.011287
5	2.187991
6	1.922060
7	2.468732
9	1.878835
16	2.402314
17	2.601680
21	1.012656
23	0.788736
31	1.500309
44	1.965333
47	2.666031
48	-1.233902
51	2.172349
52	2.683983
55	-0.794306
56	1.687517
57	1.682672
58	-2.218627
60	-0.625431
67	3.836169
68	3.709848
71	-1.321095
72	-1.159449
74	1.153823
79	-4.686216
82	0.866423
85	0.533712
86	1.665659
87	-0.555671
88	1.539271
91	-1.987995
92	1.703192
94	0.327796
95	-2.333675
97	-1.258199
104	1.114312
106	1.432484
109	1.734646
111	1.314899
115	2.887685
120	1.987409
126	-4.589357
129	0.578115
136	-1.609838
137	0.332019
188	1.995164
189	2.594188
196	1.771798
199	0.092223
200	2.025722
202	-0.035851
211	-0.583579
213	0.652753
214	0.965160
219	0.509603
221	1.775147
276	-3.315085
279	-2.634308
283	2.959224
295	-2.078572
308	-1.428409
312	-0.323250
315	-4.749502
318	1.514059
319	0.125517
321	1.007461
324	1.703100
328	-0.643013
334	2.704292
336	0.350086
338	2.343538
347	-0.131514
351	-4.012934
352	-1.076420
354	0.646245
357	3.719406
359	-2.132156
362	-1.428882
364	1.867859
365	1.754392
368	-1.572924
376	1.441000
377	2.716187
380	2.303729
386	1.872482
388	2.662972
390	1.565755
396	1.073750
404	-3.528319
410	1.936598
413	1.685656
420	2.508186
423	-0.037839
424	-1.243079
437	-0.201664
438	1.660609
444	2.506782
452	3.321239
473	-0.010201
474	2.065741
475	-0.117499
476	1.986195
478	2.564011
479	2.877732
480	2.216867
483	-4.096510
503	1.480127
508	1.833362
509	0.649189
530	-2.280966
536	2.777420
556	2.087373
581	2.213494
583	1.470274
603	2.659067
606	1.866217
607	2.154945
620	2.410139
628	0.722280
636	1.460851
637	-0.282511
639	1.217984
640	1.850488
644	0.716609
645	0.734645
677	1.355138
678	-0.980579
679	0.652392
682	-1.182264
698	2.351206
700	1.999195
710	1.620960
722	2.003378
723	-0.457210
724	-0.524726
725	0.181683
726	-0.910667
747	2.875549
753	2.410453
755	0.937558
757	1.969365
765	1.396943
782	-0.265520
783	0.387593
793	1.875640
808	-2.439341
814	2.087463
840	2.081449
848	1.381497
859	2.579076
864	1.490845
867	1.335187
878	0.083182
888	1.931413
890	0.403215
892	-1.160452
899	1.722691
918	-1.251197
926	-2.215370
933	-1.551071
934	0.731389
981	-3.419923
1028	2.517674
1034	1.580065
1051	1.943833
1054	1.559224
1058	2.253491
1062	0.899203
1063	-0.598036
1064	1.672509
1066	-1.508372
1068	-0.737056
1073	1.680412
1082	-3.659846
1083	-3.007671
1086	-2.959312
1089	-3.674839
1090	-4.394422
1091	-3.512397
1092	-0.865557
1164	-3.481410
1165	-3.636312
1174	-0.247081
1176	1.698995
1184	3.423884
1191	2.841515
1192	3.125222
1201	3.743611
1230	0.465244
1339	-1.134721
1341	-0.992537
1370	0.236092
1385	-2.427894
1405	3.171958
1437	-1.587804
1441	1.244818
1443	1.006156
1521	-0.626289
1522	-0.989426
1523	-1.195444
1524	0.755380
1525	1.457777
1541	3.891800
1542	0.780744
1550	0.479369
1551	-0.929969
1596	2.054109
1597	0.047089
1628	2.863910
1629	2.227588
1633	5.247395
1636	0.006258
1637	-0.358670
1765	1.385834
1766	1.757578
1780	1.682195
1862	0.809042
1865	1.538110
1870	0.779439
1885	-1.777084
1910	3.027273
1911	2.768918
2007	2.524871
2060	0.237184
2062	-0.967048
2090	-1.682128
2093	-1.111463
2094	-0.516000
2095	-2.405200
2096	0.716584
2100	3.348677
2101	1.735419
2102	1.791526
2103	1.842594
2104	1.887961
2105	3.983259
2128	-2.743553
2129	-1.936372
2135	-1.685256
2190	-1.326649
2195	3.544527
2197	4.100273
2198	4.835294
2199	1.958528
2200	4.000498
2201	2.242147
2202	5.087924
2205	4.533804
2217	2.749106
2218	-0.153824
2221	-0.829652
2272	0.588084
2273	1.713835
2275	1.228917
2288	0.122350
2293	1.468301
2298	2.815234
2299	2.087359
2300	3.310270
2301	4.058703
2338	-1.675979
2342	-1.701295
2343	-2.074776
2358	-3.777277
2384	1.647077
2385	1.952677
2399	1.161578
2435	2.517028
2436	5.333797
2465	3.166957
2467	3.216862
2468	4.312060
2469	4.721985
2470	4.169812
2471	-1.532779
2474	3.715723
2620	-0.308251
2650	0.643548
2651	0.483746
2685	0.557730
2688	3.013200
2730	3.186934
2843	1.104740
2951	-2.627819
2959	-1.895675
3236	2.998358
3305	0.905760
3318	1.572148
3340	1.107598
3352	-1.144620
3355	-1.001265
3356	-1.571154
3365	3.019847
3366	2.893894
3367	2.036641
3368	2.048010
3401	2.779572
3405	-1.921334
3434	-0.891779
3448	-0.484986
3454	0.349187
3481	1.966177
3495	2.489452
3504	1.659344
3532	3.455323
3540	1.164168
3549	2.200882
3550	1.693336
3569	3.214568
3595	2.052156
3596	1.143638
3603	-2.440147
3621	0.258134
3622	2.304539
3647	2.303062
3649	-0.747451
3651	1.699671
3652	2.752450
3723	4.167914
3757	2.156948
3772	2.231126
3787	3.601278
3798	3.593414
3799	4.894695
3889	2.204861
3897	0.817775
3898	1.802935
3904	0.506419
3945	1.471479
3990	1.648555
4024	0.182828
4039	-2.229195
4048	-0.019352
4050	-0.962230
4076	4.062760
4094	3.158441
4170	-1.330389
4251	1.628144
4252	1.714807
4299	-0.169229
4302	-0.590041
4318	-1.508990
4319	-2.732150
4320	-3.232747
4360	-0.930100
4388	2.200641
4414	1.003388
4426	3.525553
4446	2.053660
4527	2.854010
4545	1.143401
4546	1.841803
4554	-0.261603
4564	-0.316187
4567	-0.813407
4634	0.352889
4693	-0.150197
4736	2.002950
4761	0.810243
4879	0.242331
5071	-1.393234
5138	-0.772443
5164	-0.207436
5182	0.696738
5183	0.482818
5184	2.141092
5187	-0.831717
5188	5.507764
5189	4.871506
5193	1.450867
5194	2.037591
5195	5.280685
5197	-1.747467
5203	1.083738
5205	-0.565072
5212	-2.024544
5213	0.943805
5222	-0.940743
5223	-2.341201
5228	-1.248447
5232	1.201148
5244	-1.577350
5245	2.313394
5246	1.100190
5248	-1.274821
5292	-1.497777
5293	-1.699631
5299	-0.427952
5300	0.323962
5315	-2.928012
5316	-2.511001
5319	2.620942
5320	2.433375
5321	3.587754
5322	2.500563
5323	-1.210057
5324	-0.615121
5325	-0.710423
5329	-1.452014
5342	-2.472152
5343	-0.960137
5374	5.071911
5376	2.045969
5378	0.865026
5379	4.577522
5382	2.389513
5390	-3.478684
5398	5.134957
5402	-2.916287
5404	-1.645088
5407	-1.855745
5408	-3.408935
5409	-2.182180
5411	-1.892315
5412	-1.416102
5413	-3.070270
5416	-3.809550
5418	-2.936025
5422	-2.981288
5425	1.518507
5427	1.893829
5428	-2.381515
5432	-2.953383
5436	3.471122
5443	-1.186140
5444	5.029909
5458	-0.556056
5462	-0.254168
5465	-0.168338
5468	1.783898
5471	-0.237681
5480	-2.115062
5481	0.051054
5485	-1.114295
5486	-0.337475
5488	-2.332445
5489	-1.868646
5495	-1.428340
5513	-2.288294
5515	-0.230083
5516	1.292811
5521	4.908885
5527	0.740213
5528	-1.146230
5536	-3.319541
5537	-2.359558
5547	-0.421535
5565	-2.570671
5573	-0.188403
5579	-3.031407
5583	-1.512541
5586	-2.344555
5589	0.750790
5590	1.326537
5593	1.524984
5599	-2.799540
5604	0.597359
5605	1.172654
5606	4.336379
5625	1.150520
5649	1.808403
5656	2.711477
5657	0.899557
5658	-2.957711
5686	-0.009234
5695	-0.553510
5705	-3.130502
5706	-1.652523
5716	1.640630
5717	0.397328
5718	2.860917
5719	0.781104
5720	1.883780
5724	-1.402559
5738	-2.879667
5742	-1.922807
5750	-0.315231
5751	-4.065097
5756	1.530509
5761	1.868858
5768	-0.305833
5773	0.110424
5792	-0.096141
5793	1.129387
5794	0.337655
5806	2.506289
5811	2.617584
5812	2.149046
5813	2.156327
5814	2.532621
5821	2.533367
5823	-3.129535
5825	2.608758
5831	-0.230917
5832	0.033372
5833	-3.112221
5847	-0.930063
5849	-3.908867
5851	1.751380
5854	-2.383510
5858	0.848073
5862	2.092092
5875	1.623978
5876	2.337376
5903	-3.738092
5910	-4.177549
5912	-2.962993
5913	-3.008500
5925	-2.207188
5926	-1.612778
5927	-2.650004
5928	-4.523609
5930	-1.827710
5931	-3.688474
5933	0.843100
5934	1.645872
5937	3.078883
5939	5.112840
5940	4.514786
5941	0.966466
5943	0.531172
5963	-3.709098
5964	0.259347
5965	1.899855
5966	1.230881
5968	0.147469
5969	-3.378131
5970	-3.175489
5971	-4.593076
5975	-1.655074
6006	0.243817
6011	4.500434
6017	2.970107
6019	1.472969
6022	2.929261
6032	5.049873
6095	1.701178
6115	0.644311
6116	0.742922
6119	1.294277
6127	0.250222
6128	1.539075
6130	1.756519
6140	-3.363588
6141	1.006601
6147	1.453540
6148	1.280381
6163	-1.908180
6164	-0.951218
6170	2.044553
6171	3.024632
6177	4.089192
6184	2.658568
6200	-0.586850
6204	0.620922
6206	-0.336757
6223	0.592379
6240	1.167841
6245	1.871633
6253	3.200696
6267	-1.918307
6269	-1.695824
6290	-2.014272
6303	-0.413474
6317	-1.851950
6343	-1.133886
6350	-1.548431
6360	2.042871
6367	-1.328888
6383	0.862063
6389	-0.175917
6397	3.858007
6398	-0.527559
6406	0.454259
6407	-1.042944
6412	-0.967435
6413	-0.805654
6434	0.679879
6435	1.197990
6460	-1.337137
6463	0.918431
6464	1.538183
6489	-2.695054
6507	-1.024030
6510	0.998096
6516	-1.586606
6518	-2.365615
6522	-1.597513
6523	-0.919749
6524	4.976033
6525	5.388428
6531	4.855477
6536	4.187013
6575	4.097284
6584	-3.094921
6585	-4.628838
6586	-1.822736
6594	-2.856755
6595	-2.213611
6610	-1.829664
6612	-1.635653
6615	-2.507997
6624	-3.578361
6628	-1.270746
6649	-1.534460
6698	-0.570815
6706	-2.470804
6718	-2.076452
6719	-1.214956
6722	-3.598669
6770	-2.690488
6780	2.220381
6781	1.558339
6794	-1.535697
6795	-1.847974
6796	-1.174067
6799	1.133387
6809	-3.947187
6837	0.863576
6838	-0.163052
6839	-3.853781
6846	-3.898927
6865	0.866023
6869	-1.922016
6870	-0.422734
6871	-2.276413
6873	-4.119965
6876	-3.306075
6885	-3.742242
6895	-3.729816
6896	-3.266417
6897	1.582289
6900	-2.272179
6903	-2.883292
6906	-0.948984
6916	-4.471199
6917	-4.221654
6918	-3.688317
6919	-2.270410
6938	-3.036746
6941	-1.849143
6942	-3.090891
6943	-3.221154
6944	-3.686395
6948	-1.838379
6953	-1.443917
6957	-0.848628
6958	-3.286382
6970	-3.369512
6971	1.788271
6976	-3.132356
6977	-0.796363
6990	2.540125
7014	-4.166981
7015	-4.257869
7016	-3.879362
7018	1.494858
7019	1.271394
7042	-2.408000
7053	-3.243842
7066	-3.160773
7067	1.974170
7083	-3.830526
7092	0.377972
7100	4.073762
7103	4.682348
7110	-3.122474
7111	-1.586471
7112	-2.047937
7113	-4.192498
7116	-2.447758
7119	1.015772
7120	-3.486388
7121	0.822808
7122	1.505427
7140	-1.011692
7143	1.453375
7157	-3.476916
7165	0.587613
7175	2.512675
7178	-3.644974
7206	-5.230504
7207	-3.850289
7217	0.021155
7218	-1.666010
7221	-2.598465
7227	-3.041015
7230	-2.195899
7236	0.237713
7239	2.474348
7242	-2.999706
7260	3.844101
7268	2.688032
7269	-0.996881
7304	1.715028
7326	2.371746
7327	-0.274702
7336	3.139613
7342	1.568411
7346	1.587900
7348	1.055060
7355	-0.976659
7361	4.396506
7372	-2.532115
7387	2.819185
7422	1.952204
7423	-2.938276
7425	-1.678691
7436	-1.645986
7442	3.623235
7446	-0.431392
7448	0.034867
7453	-0.710034
7463	-1.442762
7492	0.247675
7493	2.202205
7494	-0.718880
7495	-2.214101
7518	-2.390154
7520	-2.184575
7540	-0.557893
7546	-0.319179
7556	-2.232327
7559	-3.819472
7560	-3.604628
7561	4.634487
7564	3.732561
7575	-2.887257
7583	-2.110330
7585	-3.172495
7586	0.610994
7599	0.093263
7600	-1.520965
7606	0.082189
7614	-1.081359
7617	-2.054062
7622	-1.806614
7629	-4.145188
7637	-4.847227
7640	-3.391235
7657	-0.625224
7665	-1.125485
7666	-2.185740
7667	-2.606594
7668	-4.282834
7669	-4.128380
7670	-3.101118
7671	-3.304553
7681	2.885486
7683	-0.960641
7684	2.234075
7696	-1.357215
7722	-2.606148
7723	-2.293122
7799	3.890191
7852	1.484018
7859	-1.034723
7860	1.104960
7861	-0.135278
7865	2.224679
7875	-1.302216
7876	1.641151
7895	-3.519796
7913	-0.824530
7917	0.005490
7952	3.194296
7969	0.263000
7971	-3.970161
8000	2.926438
8002	-4.151152
8006	-3.681064
8036	-2.669577
8056	-0.444379
8069	-1.108365
8103	4.756282
8107	2.262225
8120	-3.364669
8122	1.650581
8125	0.978388
8127	0.864931
8136	4.921874
8149	5.196307
8154	5.557440
8197	-1.749174
8208	-1.895464
8223	-3.296980
8232	0.897150
8241	1.463885
8256	-1.198182
8262	-1.473328
8266	-1.019590
8267	-0.793101
8268	-1.461057
8269	-1.548673
8271	-2.068872
8273	-4.086952
8280	-2.491210
8284	-3.343735
8303	2.248585
8304	-2.509249
8305	-2.399599
8308	1.523639
8332	0.683451
8333	-0.167315
8334	3.348190
8338	1.251749
8363	-4.724676
8370	-1.397136
8398	-3.667148
8465	-1.113256
8468	-0.600332
8469	-1.457710
8470	-2.856545
8507	1.389423
8552	-1.358062
8572	-2.408337
8574	-2.945829
8577	1.099573
8586	-0.212020
8592	-1.055770
8593	-0.071607
8594	-1.642928
8597	-0.652372
8599	-2.223037
8606	0.216661
8607	3.754868
8615	1.891851
8617	1.939601
8626	-1.512098
8636	0.894767
8669	-2.298207
8671	1.519011
8673	2.234425
8675	-0.077319
8790	-2.490259
8791	-1.867565
8811	2.135650
8822	-3.258596
8841	-3.777337
8849	-3.255713
8856	-3.097958
8875	-3.028099
8884	0.629793
8906	-1.831056
8907	-3.021201
8910	-2.376484
8911	-4.755508
8912	-2.747728
8913	0.749240
8934	-2.428221
8935	-2.579189
8954	-4.617346
8968	2.624264
8972	2.837399
9001	-4.970986
9029	1.255947
9032	3.097640
9058	2.645644
9059	3.193334
9068	1.485572
9070	-3.081515
9108	1.483783
9139	0.381449
9140	-0.385526
9158	3.917029
9187	4.255000
9188	2.924081
9189	4.938342
9190	2.968863
9253	1.583205
9259	4.122234
9268	5.105628
9269	3.717344
9271	2.316291
9312	2.192039
9323	1.458174
9329	0.544842
9330	0.650868
9331	1.660553
9356	2.181873
9376	-3.176574
9394	1.558385
9424	2.394971
9428	-0.030983
9429	0.133872
9496	-2.648575
9536	2.765818
9543	0.698888
9589	-1.467539
9614	3.424478
9615	2.732203
9617	3.825073
9631	-0.142992
9661	-0.989657
9668	-1.748075
9718	1.161777
9728	-2.764654
9734	3.603872
9788	1.558175
9791	2.497010
9793	2.055455
9804	0.616889
9809	1.268428
9810	0.853167
9823	1.786014
9828	-3.114863
9907	-0.040196
9951	-2.884231
9968	1.902476
9969	3.080363
10010	-2.032464
10011	-1.907375
10012	-1.952895
10018	2.741296
10021	-1.781408
10022	-1.279912
10031	-2.633936
10032	-1.917459
10033	-1.840830
10034	-3.172259
10035	-1.920475
10039	5.638283
10044	3.067345
10045	2.292555
10060	-5.298386
10065	-1.438208
10077	-3.164825
10080	-2.336658
10130	2.041725
10131	0.924328
10149	-4.002289
10194	-3.080533
10197	-2.335680
10221	-2.346337
10226	0.066963
10232	-0.744714
10233	-0.943516
10263	-1.726664
10264	-2.111180
10274	-3.385945
10286	2.977709
10292	0.965857
10299	2.658492
10302	2.755232
10324	-0.637225
10355	-4.339467
10358	-3.766228
10362	-3.942560
10366	-4.351896
10368	-2.544923
10370	-1.840539
10392	-1.700898
10405	-1.298338
10406	-2.412516
10409	1.220777
10419	-1.574480
10420	-1.650140
10424	-1.766607
10434	-2.784966
10455	1.014830
10478	-2.379471
10480	-1.875085
10484	-3.411795
10510	2.189052
10519	2.798032
10520	2.762333
10524	2.260491
10578	2.946828
10630	-0.775409
10643	2.163421
10645	0.993572
10677	0.253035
10678	1.874767
10690	0.117399
10717	1.992547
10718	0.461287
10719	-1.838408
10721	0.201932
10723	-2.539125
10735	3.090127
10736	-0.878225
10829	-2.888388
10837	-2.011537
10846	-1.849293
10921	0.359024
10922	2.190824
10923	3.401166
10924	2.908786
10964	-0.934808
10978	0.505327
11017	-3.026175
11018	-2.092235
11019	-0.739917
11032	4.128043
11034	3.243666
11035	3.727871
11036	3.658421
11052	4.331246
11056	5.018106
11060	5.957713
11063	4.743977
11064	4.367094
11068	4.599194
11069	4.984181
11090	1.549013
11098	3.890654
11099	3.241089
11100	3.045121
11105	3.549138
11109	4.707035
11122	2.217678
11123	1.563347
11125	0.910344
11126	4.926434
11149	3.488954
11153	3.255479
11188	4.367000
11193	3.462583
11230	1.772920
11233	3.076469
11236	1.693270
11243	-0.006027
11251	3.048306
11259	1.505676
11263	-2.160772
11272	3.709514
11321	2.465961
11322	5.712529
11326	4.977789
11327	5.900399
11335	5.159921
11337	3.235497
11343	4.032071
11390	2.756594
11444	-0.947487
11464	-1.916759
11471	-2.975262
11472	-2.985972
11473	-3.162759
11492	-2.955448
11499	-4.757073
11500	-1.345860
11505	3.082765
11527	-3.605645
11528	-3.782252
11532	2.654466
11564	-2.516418
11589	1.890829
11591	-1.092711
11592	-3.155496
11599	1.169054
11605	-3.769690
11617	-0.021075
11630	-0.161811
11631	1.057996
11632	-2.654097
11656	-0.034810
11657	-3.111399
11777	4.362005
11786	0.544202
11812	0.680611
12020	1.911201
12061	-2.634517
12115	2.015487
12154	-1.522125
12155	2.558550
12156	2.695969
12159	2.081533
12174	-1.826008
12176	-1.624868
12230	-2.705944
12234	1.937187
12236	1.176515
12237	2.205677
12250	-0.915398
12252	-1.729558
12253	-2.019048
12315	-2.175311
12381	-0.386063
12382	0.046156
12438	-3.813991
12455	-1.743687
12462	3.033551
12478	-4.431565
12603	5.116173
12711	-3.338120
12714	-3.398409
12716	3.487804
12754	-3.519567
12785	1.869077
12788	3.951626
12792	4.162645
12898	0.404536
12944	0.854837
12949	2.886973
13062	3.773936
13099	1.347395
13160	-0.986204
13198	-2.814713
13239	-3.568200
13249	2.776252
13262	0.447034
13263	1.492833
13272	1.525515
13273	-0.197078
13277	-0.970419
13305	-2.052064
13342	-1.323717
13343	-0.671859
13345	1.048899
13351	-1.061525
13357	-0.358080
13427	-0.180207
13436	0.887348
13455	2.956880
13528	0.826800
13532	-2.503737
13553	-1.714784
13566	-1.183929
13651	-1.219889
13653	-2.285475
13675	-4.306571
13676	-1.760719
13677	-2.865559
13678	-4.165061
13681	-2.851547
13688	-0.759785
13697	-2.865647
13705	-3.179251
13708	-2.298192
13737	-3.017865
13760	-1.471633
13923	3.221460
13927	3.527003
13995	-3.041392
14002	0.190116
14003	-0.485092
14021	-4.785569
14034	-1.173350
14064	-0.624027
14110	3.197096
14155	-3.742018
14203	0.867858
14208	1.454604
14340	-1.859653
14356	3.378305
14389	-1.944657
14499	-3.128338
14625	-2.094365
14632	-3.149174
14637	-2.416975
14641	-1.799190
14685	1.575173
14694	-2.556170
14695	-2.723112
14699	-2.043178
14700	-1.308313
14749	-3.695021
14760	-3.765262
14790	3.868762
14791	4.386140
14796	4.369127
14797	5.280457
14891	-1.134214
14927	-2.621696
15099	0.055164
15182	2.407208
15243	-2.227472
15245	-2.851416
15254	-3.888024
15322	-1.402924
15327	-3.913362
15463	0.664026
15496	2.629455
15499	1.503058
15502	1.873044
15514	-0.756607
15566	-4.587000
15580	2.530326
15583	1.748257
15586	-1.311862
15601	-1.314124
15621	1.847667
15780	-0.914818
15869	-0.058154
16082	-1.531519
16281	2.400192
16293	-2.686167
16300	-3.700436
16304	-2.720185
16360	-4.685359
16361	-4.411209
16367	-4.875163
16432	-1.635643
16433	-1.049353
16438	-4.404924
16446	-5.246463
16453	-5.057535
16463	2.459219
16466	-3.913082
16477	4.514371
16482	-5.031166
16605	-0.739715
16606	-2.130616
16635	2.030449
16638	-3.762816
16655	-4.968830
16673	-4.059372
16676	0.681470
16677	2.132768
16678	-4.043127
16808	0.995981
16829	-4.960302
17150	-5.632759
17182	0.456646
17199	-2.178202
17273	2.422115
17431	-1.097511
17466	2.611361
17472	-0.598559
17485	-3.090093
17585	3.267921
17620	2.447050
17647	1.844767
17690	2.134965
17772	2.356173
18410	0.619177
19647	4.336428
21458	-1.944439
21885	-3.027073
21973	-3.327373
21976	-3.038449
21977	-3.987267
22084	-0.377804
23475	3.620842
23754	-2.844995
23764	-4.459515
24372	-1.612570
24918	-0.662615
24944	-2.193845
25022	-1.418515
25140	-0.030664
26484	-2.921557
27764	1.312623
28424	-2.457140
28845	-1.586239
29861	-0.790473
30684	1.902823
31288	-1.816528
31704	-3.229358
32421	-0.179494
32520	-2.805062
32893	0.643044
34340	1.014234
35227	-0.328160
35334	0.695458
36499	-1.931334
36843	-4.218927
36844	-4.248418
36955	-2.529377
36970	-2.538960
39336	1.198087
39353	0.879985
40538	-2.579197
40541	0.090038
40542	-0.340729
40599	-1.545890
40601	-0.050280
40602	-0.903132
40656	-2.852623
40657	-2.740414
42157	2.876972
42203	2.587996
42204	0.360665
42851	1.791748
43061	-3.402647
44144	2.569605
45195	1.614507
47030	-4.070177
47285	1.919365
47317	-2.004501
47457	-4.147048
47460	-0.411797
48147	-1.328446
48297	3.655373
48474	-1.953934
48696	-1.910181
49516	-4.762900
49630	-0.593400
49927	-0.595689
50199	-3.616909
50249	-5.134490
50259	-6.206997
50904	-3.383819
53231	1.177073
53471	-1.550503
53531	-0.829995
53986	0.896780
55057	-0.825739
56431	-2.157748
56432	-1.911426
56466	-2.867365
56478	-0.718964
56621	-3.551934
57644	0.918710
57756	3.537611
58783	1.839520
59657	-0.386518
59715	3.260440
64825	-2.316057
64947	-1.848810
65950	2.116941
70102	-3.903033
75003	-3.539874
75099	-2.991057
75742	2.392703
75823	1.147387
75824	-0.032030
78157	0.212029
78181	0.900436
78191	3.380492
80479	-4.139103
80480	3.286810
80715	2.264298
80719	2.712978
80750	0.522867
81231	-1.474116
84436	-3.830702
84780	-2.564488
84844	1.244953
85002	2.780144
85003	2.544681
85659	-2.099155
85663	-2.557988
85710	-2.209256
92185	-0.800569
96142	-1.349277
96144	0.110858
96482	2.957492
98871	2.255734
