# 1342 minima projected onto PC66
# Min	PC
3	0.054190
4	0.122821
5	0.052622
6	0.002620
7	-0.049573
9	0.169778
16	0.045998
17	-0.025230
21	0.035844
23	-0.065756
31	0.033747
44	0.123150
47	0.101671
48	0.126464
51	0.141338
52	0.082767
55	0.065695
56	0.061053
57	0.154767
58	-0.015730
60	-0.092508
67	0.049051
68	0.054028
71	-0.070942
72	-0.004961
74	0.109858
79	-0.003820
82	-0.011141
85	0.060173
86	0.099198
87	0.107908
88	0.102830
91	-0.009875
92	0.182013
94	0.094074
95	0.108388
97	0.048641
104	0.123085
106	0.016963
109	0.084298
111	-0.121929
115	0.607135
120	0.097360
126	0.063701
129	0.005875
136	-0.121970
137	-0.009674
188	-0.015221
189	0.006395
196	-0.050038
199	0.071420
200	0.074423
202	-0.186820
211	0.096199
213	-0.064941
214	0.015175
219	-0.035516
221	0.124763
276	0.043496
279	-0.007092
283	0.100444
295	0.119970
308	0.077153
312	0.207722
315	-0.001695
318	-0.046208
319	0.044606
321	0.082353
324	-0.001572
328	0.053520
334	0.073536
336	-1.065822
338	0.056885
347	-0.012435
351	0.140873
352	0.004721
354	0.078264
357	0.140096
359	-0.066959
362	-0.013196
364	0.058699
365	-0.004917
368	-0.079371
376	-0.001032
377	0.043558
380	0.047249
386	0.256886
388	0.088124
390	0.438798
396	0.046886
404	0.032461
410	0.116365
413	-0.016718
420	0.068872
423	0.124530
424	0.012997
437	-0.015775
438	-0.107630
444	0.146341
452	0.086153
473	0.002973
474	-0.037630
475	0.036521
476	-0.032123
478	0.006160
479	0.101709
480	-0.021288
483	0.078338
503	-0.076101
508	-0.047800
509	0.055161
530	-0.056949
536	0.033943
556	-0.017412
581	0.016886
583	-0.067155
603	0.056193
606	-0.017379
607	0.056995
620	-0.052808
628	-0.023204
636	-0.003979
637	-0.218543
639	0.045842
640	0.066026
644	-0.023722
645	-0.029666
677	-0.044354
678	-0.139866
679	-0.084721
682	-0.111941
698	0.013956
700	0.058074
710	0.494919
722	0.028818
723	0.137243
724	0.068697
725	-0.011227
726	0.035517
747	0.231370
753	-0.008444
755	-0.087954
757	-0.075509
765	0.059508
782	-0.106787
783	-0.099305
793	0.000442
808	0.145796
814	-0.049806
840	0.028440
848	-0.220250
859	0.042669
864	-0.050836
867	-0.036941
878	-0.198278
888	0.008023
890	0.051825
892	0.021162
899	-0.004405
918	0.055306
926	0.118809
933	-0.005630
934	0.036841
981	0.035410
1028	0.035286
1034	0.115862
1051	0.115167
1054	-0.083591
1058	-0.014172
1062	0.050426
1063	0.079215
1064	-0.034854
1066	0.098030
1068	-0.084016
1073	0.172239
1082	-0.026075
1083	-0.128136
1086	0.000454
1089	-0.014291
1090	0.137741
1091	-0.080005
1092	-0.000099
1164	0.151450
1165	0.005826
1174	0.207897
1176	0.075806
1184	-0.056955
1191	-0.025207
1192	0.118008
1201	0.161540
1230	-0.020985
1339	-0.017460
1341	0.169258
1370	-0.161332
1385	0.246709
1405	0.027948
1437	-0.057377
1441	-0.005485
1443	0.008024
1521	0.028705
1522	-0.074485
1523	0.062229
1524	-0.020526
1525	-0.002057
1541	0.070306
1542	0.027492
1550	0.089034
1551	0.023796
1596	-0.124533
1597	-0.003425
1628	0.140423
1629	-0.004504
1633	-0.017176
1636	-0.145212
1637	-0.063604
1765	-0.094893
1766	-0.067983
1780	-0.007531
1862	-0.016949
1865	-0.006521
1870	-0.034380
1885	0.254823
1910	-0.016251
1911	0.031982
2007	-0.032086
2060	0.111427
2062	-0.192423
2090	-0.070458
2093	-0.016269
2094	0.028808
2095	-0.011397
2096	-0.049063
2100	0.089851
2101	-0.196206
2102	-0.183219
2103	-0.146700
2104	-0.138639
2105	0.023381
2128	0.034887
2129	-0.019710
2135	-0.101568
2190	0.049468
2195	0.029983
2197	-0.061296
2198	-0.076930
2199	0.051791
2200	0.062145
2201	0.062293
2202	-0.140387
2205	0.121083
2217	-0.014532
2218	0.217073
2221	-0.010008
2272	-0.030147
2273	0.024044
2275	0.050419
2288	0.069253
2293	0.006124
2298	-0.005000
2299	-0.043110
2300	0.076760
2301	0.077802
2338	0.120421
2342	0.001199
2343	-0.068660
2358	0.010136
2384	0.042447
2385	-0.021441
2399	-0.006362
2435	-0.127355
2436	0.013996
2465	0.035485
2467	0.023172
2468	-0.098483
2469	-0.013046
2470	-0.048217
2471	0.050099
2474	0.111658
2620	0.073056
2650	-0.089443
2651	-0.053217
2685	-0.013791
2688	-0.222809
2730	-0.013906
2843	0.050585
2951	-0.053074
2959	-0.017489
3236	0.047409
3305	-0.141551
3318	0.141716
3340	0.118608
3352	-0.217477
3355	-0.274162
3356	-0.249608
3365	0.037954
3366	0.120454
3367	-0.059232
3368	-0.135821
3401	0.023147
3405	0.229228
3434	-0.149586
3448	0.002072
3454	0.021235
3481	0.004260
3495	0.013295
3504	-0.052319
3532	0.065456
3540	-0.125818
3549	0.104303
3550	0.213877
3569	0.017781
3595	-0.057701
3596	-0.056578
3603	0.033170
3621	-0.270476
3622	-0.098857
3647	0.012014
3649	-0.011946
3651	-0.121214
3652	0.013418
3723	0.102264
3757	0.039626
3772	-0.090970
3787	-0.002870
3798	0.060432
3799	-0.163301
3889	0.085778
3897	-0.022651
3898	-0.075064
3904	-0.233539
3945	-0.249090
3990	0.005970
4024	0.102448
4039	0.093812
4048	-0.059152
4050	0.002384
4076	0.162537
4094	-0.205613
4170	0.028320
4251	-0.188896
4252	-0.221646
4299	0.117162
4302	0.048027
4318	0.122029
4319	0.012182
4320	-0.029541
4360	-0.077526
4388	0.012893
4414	0.140161
4426	0.118956
4446	0.027893
4527	-0.021421
4545	0.207573
4546	0.072715
4554	0.117406
4564	0.008881
4567	0.124807
4634	-0.074962
4693	0.073833
4736	-0.052909
4761	-0.023295
4879	0.141659
5071	-0.084778
5138	-0.081909
5164	0.035849
5182	0.166919
5183	0.128047
5184	0.081790
5187	0.105941
5188	-0.088461
5189	-0.103054
5193	-0.105728
5194	-0.126616
5195	-0.015690
5197	-0.033827
5203	0.317179
5205	-0.112776
5212	-0.182858
5213	-0.146512
5222	-0.016226
5223	0.111238
5228	0.195816
5232	0.109798
5244	0.017877
5245	0.391550
5246	-0.139901
5248	-0.067425
5292	0.015653
5293	-0.002021
5299	-0.357208
5300	-0.409030
5315	0.001304
5316	-0.048575
5319	-0.078062
5320	-0.083347
5321	-0.047051
5322	-0.055173
5323	-0.035254
5324	-0.047560
5325	-0.086928
5329	0.118560
5342	-0.027395
5343	-0.012398
5374	-0.032758
5376	-0.002527
5378	-0.144846
5379	0.052272
5382	-0.122078
5390	0.038595
5398	-0.165426
5402	-0.007350
5404	-0.018128
5407	0.036913
5408	-0.018234
5409	0.013903
5411	-0.030753
5412	-0.039063
5413	0.007910
5416	0.167647
5418	0.110870
5422	0.114305
5425	-0.094295
5427	-0.066977
5428	0.040726
5432	-0.124870
5436	-0.013556
5443	-0.194586
5444	0.003519
5458	0.044230
5462	0.025529
5465	-0.004828
5468	-0.025796
5471	0.043146
5480	-0.160877
5481	-0.071019
5485	0.018563
5486	0.109833
5488	0.015092
5489	0.009736
5495	0.062334
5513	-0.086044
5515	-0.006308
5516	-0.063819
5521	-0.046628
5527	-0.099090
5528	-0.101096
5536	0.057452
5537	-0.010303
5547	-0.015562
5565	0.137128
5573	0.141618
5579	-0.254642
5583	-0.301842
5586	-0.381131
5589	0.071762
5590	0.061351
5593	-0.063290
5599	-0.170357
5604	-0.166253
5605	0.151424
5606	-0.321012
5625	0.094836
5649	-0.085135
5656	-0.039511
5657	0.016104
5658	0.213276
5686	0.056981
5695	0.120376
5705	-0.396405
5706	0.119022
5716	0.008068
5717	0.095308
5718	-0.003365
5719	0.120785
5720	-0.138600
5724	0.102667
5738	-0.003945
5742	0.061317
5750	-0.007673
5751	-0.039287
5756	0.113266
5761	0.201581
5768	-0.033011
5773	0.130527
5792	0.064669
5793	0.026928
5794	0.110216
5806	-0.055903
5811	-0.053455
5812	0.005546
5813	0.076136
5814	0.012741
5821	-0.108867
5823	-0.022689
5825	0.025647
5831	0.142109
5832	0.109388
5833	0.063081
5847	0.005014
5849	0.196802
5851	-0.025870
5854	0.239932
5858	-0.091214
5862	-0.012877
5875	0.001943
5876	0.125314
5903	0.050215
5910	-0.004812
5912	-0.091040
5913	0.015761
5925	-0.062594
5926	-0.160050
5927	0.020040
5928	0.168667
5930	-0.161475
5931	0.073093
5933	-0.018569
5934	-0.034326
5937	0.079390
5939	0.118233
5940	-0.428767
5941	0.065200
5943	0.050325
5963	0.015725
5964	0.060135
5965	-0.085553
5966	-0.030455
5968	-0.073572
5969	-0.053574
5970	-0.055141
5971	0.130465
5975	0.208371
6006	0.133288
6011	0.036661
6017	-0.128753
6019	-0.104087
6022	-0.134094
6032	0.080975
6095	0.000404
6115	-0.040489
6116	-0.029894
6119	0.022075
6127	0.165587
6128	0.184901
6130	-0.007663
6140	0.038034
6141	0.038707
6147	0.341519
6148	0.293706
6163	-0.213656
6164	-0.226830
6170	-0.271948
6171	-0.034816
6177	-0.026032
6184	0.061890
6200	0.003954
6204	0.003748
6206	0.016249
6223	-0.111980
6240	0.015568
6245	0.008900
6253	-0.047073
6267	0.079170
6269	-0.177046
6290	0.041541
6303	0.133914
6317	0.139184
6343	-0.158770
6350	-0.094301
6360	-0.353541
6367	0.135339
6383	-0.006108
6389	0.128169
6397	-0.044631
6398	-0.200406
6406	0.120124
6407	0.179946
6412	0.066645
6413	0.045404
6434	-0.037762
6435	0.021400
6460	0.014192
6463	0.177165
6464	0.079224
6489	-0.021486
6507	0.000785
6510	0.084035
6516	0.091828
6518	-0.067547
6522	0.100936
6523	0.228475
6524	-0.067448
6525	0.009814
6531	0.007901
6536	-0.122431
6575	-0.154648
6584	0.005651
6585	0.002377
6586	0.129125
6594	0.122419
6595	0.025906
6610	0.071565
6612	-0.010369
6615	0.060509
6624	0.185603
6628	-0.181791
6649	-0.001595
6698	-0.106017
6706	0.125648
6718	0.109566
6719	0.078237
6722	0.110342
6770	-0.132910
6780	0.106005
6781	0.049616
6794	-0.119224
6795	-0.081734
6796	-0.134384
6799	-0.115499
6809	0.193213
6837	0.060238
6838	0.157459
6839	-0.313466
6846	-0.087845
6865	0.086442
6869	-0.015992
6870	-0.154271
6871	-0.040777
6873	-0.009294
6876	-0.029534
6885	-0.032600
6895	-0.011844
6896	0.079426
6897	0.020725
6900	0.030599
6903	0.164594
6906	-0.060539
6916	0.095834
6917	0.035693
6918	-0.041865
6919	-0.058511
6938	0.048163
6941	0.030065
6942	-0.069246
6943	-0.044926
6944	-0.070411
6948	0.042964
6953	-0.009525
6957	-0.043614
6958	0.034969
6970	-0.125620
6971	0.007312
6976	0.227894
6977	0.185396
6990	0.027352
7014	-0.003147
7015	0.022135
7016	-0.013089
7018	0.068657
7019	0.035965
7042	-0.020233
7053	0.167115
7066	-0.040496
7067	0.008386
7083	0.036529
7092	-0.198885
7100	0.111997
7103	0.160996
7110	0.088596
7111	0.004759
7112	-0.089528
7113	-0.019382
7116	0.039658
7119	-0.000342
7120	0.074560
7121	0.079878
7122	-0.053494
7140	0.006906
7143	-1.112553
7157	0.021990
7165	-0.260421
7175	-0.031692
7178	0.051980
7206	-0.015325
7207	0.117504
7217	-0.095933
7218	-0.129839
7221	0.020710
7227	0.215666
7230	-0.160435
7236	0.059522
7239	-0.031664
7242	-0.019445
7260	0.029065
7268	0.041497
7269	0.006213
7304	0.039318
7326	-0.169093
7327	-0.225896
7336	-0.080402
7342	-0.017293
7346	0.110442
7348	0.077325
7355	0.186935
7361	0.035228
7372	-0.046949
7387	-0.172048
7422	-0.206500
7423	-0.023058
7425	0.127407
7436	0.051949
7442	0.005003
7446	0.024943
7448	-0.061743
7453	-0.021630
7463	0.021838
7492	0.064370
7493	-0.039790
7494	-0.057624
7495	0.019532
7518	-0.017308
7520	0.191584
7540	-0.011562
7546	-0.139912
7556	0.099674
7559	0.083955
7560	0.013204
7561	0.039798
7564	0.091516
7575	0.015248
7583	0.168248
7585	0.000544
7586	-0.089118
7599	-0.088310
7600	-0.001938
7606	0.027462
7614	-0.052594
7617	-0.033478
7622	-0.029065
7629	0.013818
7637	-0.039398
7640	0.070852
7657	-0.036204
7665	-0.078019
7666	0.006706
7667	-0.030376
7668	0.077611
7669	0.035136
7670	0.053097
7671	-0.029290
7681	0.029139
7683	-0.054724
7684	0.106674
7696	0.035477
7722	0.015091
7723	0.009555
7799	0.104680
7852	-0.004988
7859	-0.002652
7860	-0.091432
7861	-0.087188
7865	-0.008211
7875	-0.098876
7876	-0.131607
7895	0.016666
7913	-0.171971
7917	-0.033489
7952	0.061654
7969	-1.148770
7971	-0.016135
8000	0.012753
8002	-0.032169
8006	0.098700
8036	-0.004954
8056	-0.036785
8069	0.159438
8103	-0.035506
8107	-0.129474
8120	0.027678
8122	-0.035554
8125	0.018280
8127	-0.172006
8136	-0.076702
8149	-0.156833
8154	-0.100564
8197	0.044841
8208	-0.011491
8223	-0.337540
8232	-0.014624
8241	-0.055972
8256	0.014189
8262	-0.069601
8266	-0.068729
8267	-0.135676
8268	-0.157278
8269	-0.143135
8271	-0.056645
8273	-0.031618
8280	-0.120239
8284	0.037593
8303	-0.075827
8304	-0.012491
8305	-0.054804
8308	-0.060107
8332	0.015254
8333	-0.031747
8334	0.028271
8338	-0.046898
8363	-0.111976
8370	-0.144664
8398	0.169559
8465	-0.050565
8468	-0.071441
8469	0.016021
8470	0.211891
8507	-0.065201
8552	-0.064178
8572	0.018487
8574	-0.008043
8577	-0.077141
8586	0.007497
8592	0.072798
8593	0.019818
8594	0.045180
8597	-0.060387
8599	0.085798
8606	0.029691
8607	0.023538
8615	-0.133671
8617	-0.152527
8626	-0.112055
8636	0.012873
8669	0.029997
8671	0.044063
8673	-0.033480
8675	-0.084221
8790	0.086555
8791	0.124020
8811	0.058309
8822	-0.194022
8841	0.000750
8849	-0.049018
8856	-0.341186
8875	-0.060841
8884	-0.939356
8906	0.114708
8907	0.050130
8910	-0.060764
8911	-0.218382
8912	-0.039033
8913	0.006690
8934	0.082643
8935	0.175818
8954	-0.120334
8968	-0.112593
8972	-0.098895
9001	-0.026642
9029	0.021003
9032	0.032379
9058	0.026233
9059	-0.016671
9068	-0.023113
9070	-0.027071
9108	-0.018580
9139	-0.134214
9140	-0.201897
9158	-0.152970
9187	0.005892
9188	0.025892
9189	0.136984
9190	-0.005267
9253	0.001383
9259	-0.159964
9268	-0.044965
9269	-0.016584
9271	-0.068171
9312	-0.164814
9323	0.107583
9329	0.036175
9330	-0.008546
9331	-0.069553
9356	0.060082
9376	0.074816
9394	-0.096530
9424	0.124808
9428	-0.120921
9429	-0.130697
9496	0.015910
9536	-0.042820
9543	0.068863
9589	-0.070323
9614	0.128086
9615	-0.099517
9617	-0.148910
9631	-0.059617
9661	-0.059329
9668	0.016222
9718	0.133452
9728	0.016190
9734	-0.105271
9788	-0.054023
9791	0.023819
9793	0.003790
9804	-0.217946
9809	-0.043457
9810	-0.054935
9823	0.077783
9828	0.005525
9907	-0.175944
9951	0.026890
9968	-0.136679
9969	0.122722
10010	-0.028574
10011	-0.168502
10012	-0.040135
10018	0.002979
10021	-0.002808
10022	-0.179306
10031	-0.021604
10032	-0.096533
10033	0.004203
10034	0.034067
10035	0.025865
10039	-0.033753
10044	-0.050076
10045	-0.041587
10060	-0.273655
10065	0.058010
10077	-0.066900
10080	-0.010757
10130	0.040607
10131	-0.101190
10149	0.075929
10194	-0.021637
10197	-0.373769
10221	-0.098332
10226	-0.089166
10232	-0.194691
10233	-0.252879
10263	-0.039039
10264	-0.023978
10274	-0.027551
10286	0.117172
10292	1.031550
10299	-0.159217
10302	-0.115010
10324	0.007729
10355	-0.066812
10358	0.015337
10362	-0.052786
10366	-0.062139
10368	-0.006682
10370	0.088553
10392	-0.066178
10405	0.033771
10406	0.000746
10409	-0.063585
10419	0.000900
10420	-0.105563
10424	0.015977
10434	0.086552
10455	0.042915
10478	0.035456
10480	-0.130729
10484	-0.028324
10510	-0.049808
10519	-0.057822
10520	-0.010483
10524	0.001966
10578	-0.037624
10630	-0.065989
10643	-0.025993
10645	-0.099151
10677	0.066085
10678	0.039318
10690	0.031676
10717	-0.037744
10718	0.038723
10719	0.017574
10721	-0.017856
10723	0.068392
10735	-0.057642
10736	-0.152860
10829	0.066811
10837	-0.081642
10846	0.073954
10921	0.082981
10922	0.134290
10923	-0.018880
10924	-0.119599
10964	-0.174615
10978	-0.051473
11017	-0.121825
11018	-0.102441
11019	-0.092499
11032	0.183540
11034	0.111227
11035	0.146472
11036	0.138075
11052	-0.195501
11056	-0.047984
11060	-0.047196
11063	0.130057
11064	0.028578
11068	0.068152
11069	0.131083
11090	0.035729
11098	0.185819
11099	0.091186
11100	0.104961
11105	-0.036332
11109	0.137284
11122	0.033239
11123	-0.028914
11125	0.003451
11126	0.066704
11149	0.153013
11153	-0.123301
11188	0.059044
11193	0.094586
11230	0.030601
11233	-0.006318
11236	-0.007279
11243	-0.270907
11251	0.021596
11259	0.005334
11263	0.191641
11272	0.103069
11321	-0.030708
11322	-0.026860
11326	0.078291
11327	-0.105136
11335	0.075235
11337	-0.049634
11343	-0.051273
11390	-0.045100
11444	-0.049601
11464	-0.126274
11471	-0.085137
11472	-0.017541
11473	0.039482
11492	0.035618
11499	0.079647
11500	0.015514
11505	0.026784
11527	0.005066
11528	-0.063354
11532	0.062705
11564	-0.027419
11589	0.104492
11591	0.026395
11592	0.013186
11599	0.164115
11605	0.060635
11617	-0.065242
11630	-0.149987
11631	-0.646971
11632	1.253440
11656	0.189473
11657	0.042141
11777	-0.029072
11786	0.011274
11812	-0.018520
12020	0.072267
12061	0.020548
12115	0.059497
12154	-0.221693
12155	0.071237
12156	0.158093
12159	0.046266
12174	0.064130
12176	-0.179884
12230	0.155272
12234	-0.001466
12236	0.034271
12237	-0.073326
12250	-0.117504
12252	-0.114693
12253	-0.146279
12315	-0.021365
12381	0.024059
12382	0.076196
12438	0.084216
12455	0.071772
12462	-0.111857
12478	0.021415
12603	0.104114
12711	-0.049450
12714	0.032837
12716	0.003057
12754	-0.005760
12785	0.196513
12788	0.143907
12792	-0.016430
12898	0.069671
12944	-0.119863
12949	-0.041323
13062	0.125277
13099	-0.062441
13160	-0.282580
13198	-0.020491
13239	0.105669
13249	0.207079
13262	0.021861
13263	-0.093766
13272	-0.286840
13273	-0.000723
13277	-0.090721
13305	0.003415
13342	0.018169
13343	0.145382
13345	0.384648
13351	0.073735
13357	0.002810
13427	-0.181938
13436	0.136797
13455	0.106678
13528	0.231300
13532	-0.152194
13553	0.014462
13566	0.073329
13651	0.086573
13653	0.208727
13675	0.043842
13676	0.010955
13677	0.158969
13678	0.099511
13681	0.016857
13688	-0.048886
13697	-0.141989
13705	-0.082362
13708	0.087061
13737	-0.007818
13760	-0.130395
13923	-0.007911
13927	0.001293
13995	-0.157156
14002	-0.089888
14003	0.021564
14021	0.312510
14034	-0.260852
14064	-0.285789
14110	0.073453
14155	-0.013044
14203	0.043622
14208	-0.068018
14340	-0.204805
14356	-0.338230
14389	-0.030548
14499	-0.002799
14625	-0.029737
14632	-0.380155
14637	0.030555
14641	-0.040794
14685	-0.087498
14694	-0.035802
14695	-0.016532
14699	0.101975
14700	-0.068322
14749	-0.074757
14760	0.056267
14790	-0.028152
14791	0.024026
14796	0.075121
14797	-0.078481
14891	-0.079785
14927	-0.012751
15099	0.225054
15182	0.279894
15243	0.032936
15245	0.036730
15254	0.098652
15322	0.042521
15327	0.084223
15463	0.037199
15496	-0.047680
15499	-0.106643
15502	-0.087111
15514	0.025330
15566	0.263429
15580	-0.067598
15583	0.250670
15586	-0.049629
15601	0.117663
15621	-0.048481
15780	-0.062218
15869	0.196048
16082	-0.046239
16281	-0.090864
16293	-0.029204
16300	0.036387
16304	0.068250
16360	0.247854
16361	0.071849
16367	0.258944
16432	-0.009884
16433	-0.109579
16438	0.083825
16446	0.050616
16453	0.016795
16463	-0.312710
16466	0.204133
16477	0.191404
16482	0.146748
16605	-0.053173
16606	0.844937
16635	-0.054417
16638	-0.202307
16655	-0.463744
16673	-0.228037
16676	0.063667
16677	0.013088
16678	0.044649
16808	-0.003872
16829	0.206100
17150	0.001601
17182	-0.039580
17199	0.171404
17273	0.117043
17431	-0.146408
17466	0.525361
17472	-0.107745
17485	-0.062676
17585	-0.028136
17620	0.076788
17647	0.149900
17690	-0.026871
17772	-0.159648
18410	-0.106410
19647	-0.165029
21458	-0.253108
21885	-0.043597
21973	0.026359
21976	0.059737
21977	-0.009925
22084	-0.104198
23475	0.022781
23754	-0.268564
23764	0.104060
24372	0.186324
24918	0.023683
24944	0.055422
25022	0.023635
25140	-0.125003
26484	-0.203093
27764	-0.131724
28424	-0.222115
28845	0.091910
29861	-0.010026
30684	-0.048169
31288	0.242810
31704	0.076774
32421	0.153208
32520	-0.047991
32893	0.117145
34340	-0.681278
35227	0.013565
35334	0.186625
36499	0.086058
36843	0.093321
36844	0.041014
36955	0.049069
36970	0.097521
39336	-0.163662
39353	0.221440
40538	-0.209496
40541	-0.045209
40542	-0.118628
40599	0.614270
40601	-0.029633
40602	0.046412
40656	-0.081519
40657	-0.053279
42157	0.002622
42203	-0.044075
42204	0.062500
42851	0.025128
43061	0.091043
44144	-0.193433
45195	-0.093117
47030	0.028799
47285	-0.061854
47317	0.011029
47457	0.133358
47460	-0.017676
48147	0.061814
48297	0.251757
48474	-0.018769
48696	-0.106325
49516	-0.161781
49630	-0.160460
49927	0.087991
50199	-0.137894
50249	-0.025728
50259	0.015319
50904	-0.059511
53231	0.145050
53471	0.044366
53531	-0.117979
53986	0.145321
55057	-0.121604
56431	0.006017
56432	0.017234
56466	-0.114455
56478	0.203131
56621	-0.197949
57644	0.504828
57756	0.062805
58783	-0.105418
59657	-0.157982
59715	0.567960
64825	0.018214
64947	-0.005603
65950	-0.096910
70102	0.006376
75003	-0.514170
75099	-0.551067
75742	-0.344544
75823	0.135352
75824	-0.056768
78157	0.304222
78181	0.093067
78191	-0.120404
80479	-0.040362
80480	-0.006568
80715	0.078247
80719	0.026306
80750	0.021323
81231	-0.143710
84436	0.304580
84780	0.069014
84844	-0.027279
85002	-0.211200
85003	0.256260
85659	-0.207886
85663	-0.031499
85710	0.000075
92185	0.254522
96142	0.974367
96144	0.981422
96482	-0.240759
98871	0.403644
