# 1342 minima projected onto PC72
# Min	PC
3	0.089610
4	0.080873
5	-0.045423
6	0.007828
7	0.018005
9	-0.043052
16	0.113562
17	0.143002
21	-0.058195
23	0.182713
31	0.025472
44	-0.024345
47	-0.066956
48	0.011241
51	0.044431
52	0.079432
55	0.141715
56	0.165419
57	0.044117
58	-0.042298
60	0.035282
67	-0.033186
68	-0.007951
71	0.067835
72	0.094582
74	-0.050345
79	-0.192906
82	0.188792
85	-0.041928
86	-0.022365
87	-0.010889
88	-0.159720
91	0.093976
92	-0.157569
94	-0.015156
95	-0.005583
97	0.070063
104	-0.128848
106	-0.179410
109	-0.049917
111	0.001833
115	0.670570
120	-0.007747
126	-0.140615
129	0.041962
136	-0.012049
137	-0.055001
188	-0.062907
189	-0.112035
196	-0.067753
199	-0.068259
200	0.054584
202	0.270870
211	-0.227491
213	0.021442
214	-0.066670
219	-0.020332
221	-0.056383
276	-0.117848
279	0.060268
283	-0.166970
295	0.003841
308	-0.015949
312	0.078026
315	-0.156604
318	0.026952
319	-0.025691
321	0.224922
324	-0.017549
328	-0.022176
334	-0.015872
336	-0.100087
338	0.019190
347	0.108289
351	-0.257422
352	-0.067103
354	0.038636
357	-0.050994
359	0.064531
362	0.018773
364	0.027253
365	0.036326
368	-0.007225
376	-0.053341
377	0.032448
380	-0.063650
386	-0.060490
388	-0.012628
390	0.083527
396	-0.030092
404	-0.037705
410	-0.079741
413	0.097941
420	-0.141657
423	-0.066652
424	-0.026156
437	0.028635
438	0.230272
444	-0.029368
452	0.067915
473	-0.113313
474	-0.066895
475	-0.049798
476	-0.053959
478	-0.067891
479	-0.139492
480	0.120058
483	-0.305664
503	0.010744
508	0.042144
509	0.046478
530	-0.062011
536	0.036872
556	0.008861
581	-0.011209
583	0.084702
603	-0.092389
606	0.000797
607	-0.055945
620	-0.008733
628	0.055813
636	-0.041022
637	0.073900
639	0.057464
640	-0.023162
644	-0.005717
645	-0.011668
677	-0.009587
678	0.120598
679	0.104841
682	0.073718
698	-0.146088
700	0.042551
710	0.089716
722	0.106285
723	-0.185695
724	-0.061434
725	0.068221
726	0.068708
747	0.157689
753	0.040615
755	-0.168342
757	-0.118205
765	-0.061371
782	0.099614
783	-0.056676
793	-0.168699
808	-0.081692
814	0.101146
840	0.216554
848	-0.049658
859	-0.024640
864	0.014057
867	0.005458
878	0.181239
888	-0.009779
890	0.044531
892	0.054674
899	-0.070442
918	0.045667
926	0.001698
933	0.044633
934	0.052452
981	-0.147337
1028	-0.094316
1034	0.033166
1051	-0.077864
1054	-0.025446
1058	-0.162368
1062	-0.098574
1063	0.114681
1064	-0.017438
1066	0.002691
1068	0.100102
1073	0.048359
1082	0.012517
1083	0.018514
1086	0.058226
1089	-0.077381
1090	-0.064854
1091	0.152555
1092	0.104368
1164	-0.182202
1165	-0.048480
1174	-0.422423
1176	0.020958
1184	-0.070898
1191	-0.074394
1192	-0.017019
1201	-0.208873
1230	-0.092232
1339	-0.050368
1341	0.016614
1370	0.187551
1385	0.161145
1405	0.184628
1437	0.031202
1441	-0.078069
1443	0.044449
1521	-0.091674
1522	0.231962
1523	0.059198
1524	0.058197
1525	-0.011807
1541	-0.084766
1542	-0.025126
1550	0.004191
1551	-0.066769
1596	0.032104
1597	0.101919
1628	-0.041673
1629	-0.001904
1633	0.089570
1636	0.282226
1637	-0.194477
1765	0.020160
1766	0.215586
1780	-0.092901
1862	0.100608
1865	0.090663
1870	0.082591
1885	-0.361434
1910	-0.041992
1911	0.010605
2007	-0.041198
2060	0.250489
2062	0.181630
2090	0.179050
2093	-0.055888
2094	0.034060
2095	0.073378
2096	0.063461
2100	0.001975
2101	0.053530
2102	0.046571
2103	0.061914
2104	0.055668
2105	0.067838
2128	-0.107179
2129	0.035556
2135	0.018513
2190	0.096962
2195	0.070281
2197	0.017373
2198	0.027888
2199	0.073201
2200	0.051572
2201	0.068134
2202	0.000870
2205	0.097143
2217	0.024688
2218	0.152498
2221	0.170927
2272	0.014862
2273	-0.099504
2275	-0.083715
2288	-0.037627
2293	-0.034315
2298	0.005902
2299	-0.063761
2300	0.034281
2301	0.111622
2338	0.037670
2342	0.147959
2343	0.068123
2358	-0.093269
2384	0.087433
2385	0.077234
2399	0.058296
2435	-0.216039
2436	0.073476
2465	-0.011263
2467	0.002442
2468	-0.005902
2469	0.037399
2470	-0.039580
2471	0.020939
2474	0.040123
2620	-0.001423
2650	0.005312
2651	-0.009768
2685	0.307121
2688	-0.441885
2730	0.052793
2843	0.057922
2951	0.008293
2959	0.055071
3236	-0.061810
3305	-0.172834
3318	0.171054
3340	0.070153
3352	0.101062
3355	0.191262
3356	-0.082509
3365	0.020742
3366	-0.081055
3367	0.065942
3368	0.227368
3401	-0.140711
3405	-0.384305
3434	0.075411
3448	0.159468
3454	-0.034545
3481	0.035737
3495	0.093513
3504	-0.068741
3532	-0.106927
3540	0.152526
3549	0.198283
3550	0.160435
3569	0.142024
3595	0.030584
3596	0.040317
3603	-0.060753
3621	0.085898
3622	0.036976
3647	-0.100791
3649	-0.085906
3651	-0.043546
3652	-0.083201
3723	0.065639
3757	0.001987
3772	0.095113
3787	-0.157183
3798	-0.317878
3799	-0.748696
3889	-0.013885
3897	-0.003474
3898	-0.012073
3904	0.108755
3945	-0.061671
3990	0.097586
4024	-0.055636
4039	-0.161144
4048	0.126366
4050	-0.203437
4076	0.016291
4094	-0.435682
4170	-0.025526
4251	-0.037768
4252	-0.051151
4299	0.106217
4302	0.015625
4318	0.035848
4319	0.012697
4320	0.000417
4360	0.207148
4388	0.162925
4414	0.014090
4426	0.059478
4446	-0.036015
4527	0.035787
4545	0.019785
4546	-0.024790
4554	-0.034037
4564	0.033129
4567	-0.005698
4634	-0.125642
4693	-0.063598
4736	-0.000401
4761	-0.081165
4879	0.028199
5071	0.088815
5138	-0.124618
5164	-0.037524
5182	-0.074373
5183	-0.105248
5184	0.014727
5187	0.165245
5188	0.058031
5189	0.089641
5193	0.184220
5194	0.133690
5195	0.136496
5197	-0.001157
5203	0.108650
5205	-0.062837
5212	0.090483
5213	0.052190
5222	0.120876
5223	-0.070898
5228	-0.184901
5232	0.173949
5244	-0.107548
5245	0.127465
5246	0.025397
5248	-0.050936
5292	0.028118
5293	-0.022873
5299	-0.252875
5300	-0.326207
5315	-0.077890
5316	0.002321
5319	-0.096684
5320	-0.126766
5321	-0.049515
5322	0.129859
5323	-0.054126
5324	-0.081279
5325	0.070451
5329	-0.096189
5342	-0.043516
5343	0.120019
5374	0.239010
5376	0.039390
5378	0.201287
5379	0.009435
5382	0.093862
5390	-0.064119
5398	0.062341
5402	-0.082357
5404	-0.157401
5407	0.098264
5408	-0.100818
5409	0.100702
5411	0.144752
5412	-0.063696
5413	-0.023437
5416	0.199873
5418	0.104629
5422	0.110612
5425	-0.149323
5427	-0.099082
5428	0.035065
5432	0.054526
5436	0.062458
5443	-0.160637
5444	0.135795
5458	-0.060988
5462	0.310772
5465	0.035104
5468	0.010050
5471	0.013727
5480	0.072915
5481	-0.100221
5485	-0.004914
5486	0.001371
5488	0.045065
5489	0.037581
5495	0.090769
5513	0.053422
5515	-0.068749
5516	-0.021286
5521	0.010325
5527	0.074395
5528	0.099132
5536	0.026549
5537	0.076191
5547	0.001338
5565	-0.091650
5573	-0.029513
5579	0.043723
5583	-0.010095
5586	0.022375
5589	-0.010366
5590	0.103152
5593	0.037778
5599	0.092817
5604	0.085557
5605	0.155828
5606	0.279080
5625	0.044055
5649	0.063580
5656	0.055227
5657	0.040612
5658	-0.085035
5686	0.020582
5695	0.025929
5705	-0.047828
5706	-0.019509
5716	0.082379
5717	0.053440
5718	-0.058974
5719	0.061213
5720	0.092957
5724	-0.086035
5738	-0.061660
5742	0.127872
5750	-0.036928
5751	-0.044480
5756	0.040906
5761	0.341295
5768	0.008623
5773	-0.129727
5792	0.018339
5793	-0.103114
5794	0.062722
5806	0.073926
5811	0.004576
5812	0.135716
5813	-0.041003
5814	-0.112320
5821	0.031462
5823	-0.190112
5825	-0.075535
5831	0.028181
5832	0.155210
5833	0.163772
5847	-0.134838
5849	-0.055062
5851	0.030527
5854	-0.115778
5858	0.257359
5862	-0.026172
5875	-0.103801
5876	0.020614
5903	-0.028999
5910	0.057157
5912	0.057839
5913	0.066901
5925	0.119833
5926	0.100061
5927	0.044199
5928	-0.065298
5930	0.069386
5931	0.004951
5933	-0.212896
5934	-0.070990
5937	0.228942
5939	-0.137979
5940	0.325679
5941	0.086667
5943	-0.003620
5963	0.043472
5964	0.034760
5965	0.137635
5966	0.025944
5968	0.063193
5969	0.048658
5970	-0.012454
5971	-0.067736
5975	-0.069930
6006	-0.046192
6011	0.064438
6017	-0.010248
6019	-0.030606
6022	-0.067438
6032	-0.121356
6095	-0.010344
6115	0.148595
6116	-0.011802
6119	-0.027388
6127	0.009813
6128	0.005229
6130	0.057733
6140	-0.021079
6141	-0.027957
6147	0.135205
6148	0.133112
6163	-0.091664
6164	0.152335
6170	0.063935
6171	-0.021711
6177	-0.009629
6184	0.009531
6200	-0.075507
6204	-0.111093
6206	0.033002
6223	0.041773
6240	0.000283
6245	0.026871
6253	0.120840
6267	0.098625
6269	0.168587
6290	0.126842
6303	0.025985
6317	0.079681
6343	0.013329
6350	-0.098228
6360	-0.423816
6367	0.027904
6383	-0.001609
6389	-0.041753
6397	-0.162342
6398	0.038430
6406	-0.030740
6407	-0.004696
6412	0.114422
6413	0.060292
6434	-0.062225
6435	-0.092558
6460	-0.107324
6463	0.068419
6464	-0.000047
6489	0.101008
6507	0.112820
6510	-0.011737
6516	-0.032026
6518	-0.026105
6522	-0.073305
6523	-0.054846
6524	0.053836
6525	0.133091
6531	-0.052139
6536	0.022590
6575	0.079300
6584	-0.092383
6585	0.017215
6586	0.019402
6594	-0.080383
6595	0.080775
6610	-0.122857
6612	0.021162
6615	0.028307
6624	0.025782
6628	0.068605
6649	0.145821
6698	0.051338
6706	-0.099837
6718	0.057972
6719	0.114423
6722	-0.046809
6770	-0.027558
6780	0.013664
6781	0.140241
6794	0.181971
6795	-0.017548
6796	0.200388
6799	-0.022685
6809	-0.046979
6837	-0.150620
6838	0.017124
6839	0.012953
6846	-0.107428
6865	-0.011492
6869	-0.101079
6870	-0.042615
6871	-0.007011
6873	0.095752
6876	-0.140596
6885	0.229427
6895	0.073353
6896	0.069993
6897	0.087635
6900	0.078184
6903	-0.214002
6906	0.016060
6916	0.026478
6917	0.064462
6918	-0.006911
6919	0.055609
6938	0.102884
6941	0.069344
6942	0.070048
6943	0.131085
6944	0.067771
6948	0.033330
6953	-0.072027
6957	-0.123289
6958	0.025977
6970	-0.029865
6971	0.102648
6976	-0.169154
6977	-0.057017
6990	-0.015111
7014	0.156288
7015	-0.027232
7016	0.130789
7018	0.091942
7019	0.103034
7042	-0.028670
7053	-0.109807
7066	0.086332
7067	-0.217287
7083	0.000021
7092	0.025972
7100	0.178666
7103	0.156026
7110	-0.067138
7111	-0.042066
7112	-0.054663
7113	-0.026005
7116	0.102443
7119	-0.032847
7120	-0.008573
7121	0.063173
7122	0.019308
7140	0.140694
7143	-0.107070
7157	-0.035705
7165	0.037591
7175	0.140632
7178	-0.020860
7206	-0.055536
7207	-0.009230
7217	0.037729
7218	0.038066
7221	0.092439
7227	-0.183519
7230	-0.484398
7236	-0.047943
7239	0.105846
7242	-0.117021
7260	0.191867
7268	0.098972
7269	-0.140381
7304	-0.036753
7326	-0.173527
7327	-0.040668
7336	0.174084
7342	-0.047314
7346	-0.005730
7348	0.052564
7355	-0.167909
7361	-0.063624
7372	0.006444
7387	0.077414
7422	0.035446
7423	-0.103542
7425	0.050224
7436	0.037037
7442	0.002883
7446	0.259645
7448	-0.060873
7453	-0.085623
7463	-0.045542
7492	-0.332918
7493	0.121282
7494	0.041993
7495	0.123030
7518	-0.106193
7520	0.074130
7540	0.063669
7546	0.054197
7556	0.044678
7559	0.157583
7560	-0.025681
7561	0.060900
7564	0.135865
7575	-0.048609
7583	0.081542
7585	-0.063102
7586	-0.027162
7599	0.262751
7600	0.358270
7606	0.233021
7614	0.025927
7617	-0.036896
7622	0.059989
7629	0.018008
7637	-0.061795
7640	-0.088810
7657	0.079289
7665	0.046889
7666	0.033118
7667	-0.133563
7668	-0.069379
7669	-0.209202
7670	-0.129726
7671	-0.168032
7681	-0.257503
7683	0.075748
7684	-0.007440
7696	0.053133
7722	0.128416
7723	-0.053087
7799	0.085886
7852	0.124215
7859	-0.147412
7860	0.028924
7861	0.091035
7865	-0.031163
7875	0.117096
7876	0.115196
7895	-0.209476
7913	0.026422
7917	0.137404
7952	0.078972
7969	-0.106511
7971	-0.026431
8000	-0.074017
8002	-0.089227
8006	-0.009099
8036	-0.043705
8056	0.053594
8069	0.002403
8103	-0.101282
8107	0.002871
8120	-0.057535
8122	0.048688
8125	-0.097386
8127	0.280812
8136	0.025384
8149	-0.008644
8154	0.100033
8197	-0.006617
8208	0.093111
8223	0.023842
8232	-0.109610
8241	0.059398
8256	0.017243
8262	0.059714
8266	0.075372
8267	0.035516
8268	0.093692
8269	0.066651
8271	0.076644
8273	-0.083402
8280	0.035174
8284	0.019171
8303	0.048481
8304	0.053398
8305	0.058848
8308	-0.030827
8332	-0.275557
8333	0.028355
8334	0.052196
8338	-0.267101
8363	0.139697
8370	-0.085249
8398	0.048961
8465	-0.395485
8468	0.060330
8469	-0.060853
8470	-0.076345
8507	0.008580
8552	0.044717
8572	0.070681
8574	0.044986
8577	-0.085415
8586	-0.143317
8592	-0.072997
8593	0.052632
8594	-0.071432
8597	-0.047025
8599	-0.062500
8606	-0.167079
8607	-0.038970
8615	0.097558
8617	0.042733
8626	0.073250
8636	-0.052643
8669	0.012639
8671	0.075463
8673	-0.058865
8675	-0.000254
8790	0.080180
8791	0.016052
8811	-0.312651
8822	-0.040485
8841	0.272934
8849	0.082028
8856	-0.157909
8875	0.031634
8884	-0.212047
8906	-0.090088
8907	0.051267
8910	0.015841
8911	-0.061015
8912	0.039514
8913	0.171596
8934	-0.063970
8935	-0.163402
8954	0.082532
8968	0.039680
8972	0.007713
9001	-0.067849
9029	0.091529
9032	0.075973
9058	0.013504
9059	-0.138859
9068	-0.166603
9070	-0.040161
9108	-0.069760
9139	0.071236
9140	-0.074577
9158	-0.229292
9187	-0.020245
9188	-0.147629
9189	0.021108
9190	-0.137714
9253	0.172985
9259	-0.340200
9268	-0.047354
9269	-0.420390
9271	0.031037
9312	0.040042
9323	0.114158
9329	0.289563
9330	0.328607
9331	0.132413
9356	-0.030069
9376	0.203526
9394	0.103046
9424	-0.073486
9428	0.080980
9429	0.022667
9496	0.080527
9536	-0.109605
9543	-0.122758
9589	0.101325
9614	-0.496872
9615	0.111201
9617	-0.495004
9631	0.124227
9661	0.047371
9668	-0.121948
9718	-0.079695
9728	0.050665
9734	0.080217
9788	-0.086405
9791	0.002117
9793	-0.000456
9804	0.310668
9809	-0.057600
9810	-0.059344
9823	0.041777
9828	-0.110498
9907	0.142939
9951	-0.013291
9968	-0.024247
9969	-0.020754
10010	0.021274
10011	0.058971
10012	0.079663
10018	-0.057078
10021	0.065259
10022	-0.085948
10031	0.037882
10032	0.017141
10033	0.035067
10034	-0.000692
10035	-0.024363
10039	0.062237
10044	-0.077793
10045	-0.123125
10060	-0.101569
10065	0.071455
10077	-0.049595
10080	0.068270
10130	-0.259529
10131	0.167864
10149	0.059328
10194	-0.019862
10197	-0.037531
10221	0.033727
10226	-0.030500
10232	0.071543
10233	-0.092956
10263	-0.020064
10264	-0.100295
10274	-0.112109
10286	-0.093566
10292	0.086557
10299	0.125685
10302	-0.140335
10324	0.039987
10355	0.298652
10358	0.044936
10362	0.124115
10366	0.053361
10368	0.119559
10370	0.076360
10392	-0.029440
10405	-0.119102
10406	0.087742
10409	-0.048991
10419	0.036628
10420	0.049482
10424	0.028887
10434	-0.025094
10455	-0.081772
10478	-0.084139
10480	0.073448
10484	-0.164750
10510	0.040764
10519	-0.126549
10520	-0.105368
10524	0.054120
10578	-0.116861
10630	-0.000528
10643	-0.043380
10645	0.058873
10677	-0.005892
10678	0.049110
10690	-0.012030
10717	0.005672
10718	-0.050420
10719	0.105634
10721	-0.030108
10723	0.045476
10735	-0.126946
10736	0.047909
10829	0.013048
10837	0.022621
10846	-0.001896
10921	-0.034322
10922	-0.028343
10923	0.056021
10924	0.023615
10964	0.239678
10978	0.053489
11017	-0.114618
11018	-0.090205
11019	0.199924
11032	-0.002857
11034	-0.076453
11035	-0.000432
11036	-0.078107
11052	0.059305
11056	0.022275
11060	0.008367
11063	-0.007026
11064	-0.120021
11068	-0.110120
11069	-0.029838
11090	0.039933
11098	0.017797
11099	-0.052088
11100	-0.027507
11105	-0.004053
11109	0.046699
11122	0.197549
11123	0.337172
11125	-0.046891
11126	-0.018699
11149	0.019409
11153	-0.048511
11188	-0.058576
11193	-0.076017
11230	-0.023370
11233	-0.002961
11236	0.132718
11243	-0.017738
11251	0.021139
11259	-0.155964
11263	-0.134123
11272	-0.126474
11321	-0.063747
11322	0.042828
11326	0.075654
11327	0.025577
11335	-0.009894
11337	-0.065910
11343	-0.054349
11390	-0.159775
11444	0.100974
11464	0.055442
11471	0.229038
11472	0.059045
11473	-0.091779
11492	-0.097488
11499	-0.142922
11500	-0.032580
11505	0.071410
11527	-0.186351
11528	-0.257191
11532	-0.283400
11564	0.050557
11589	-0.161165
11591	0.081700
11592	0.038549
11599	0.235220
11605	0.123242
11617	0.159533
11630	0.120357
11631	-0.207003
11632	-0.035500
11656	-0.231305
11657	-0.056153
11777	-0.132635
11786	0.009329
11812	0.090300
12020	-0.149236
12061	0.137494
12115	-0.115210
12154	-0.031007
12155	-0.086911
12156	0.010375
12159	-0.063520
12174	-0.189815
12176	-0.107904
12230	-0.182200
12234	0.082442
12236	0.013525
12237	0.010563
12250	0.057469
12252	-0.034023
12253	-0.063360
12315	-0.048677
12381	0.221030
12382	0.187792
12438	0.053315
12455	-0.216358
12462	0.105773
12478	0.042010
12603	-0.284825
12711	0.125525
12714	-0.034412
12716	-0.008731
12754	-0.056558
12785	-0.131378
12788	-0.203637
12792	-0.010596
12898	-0.196193
12944	0.006456
12949	0.275196
13062	0.025994
13099	-0.161159
13160	0.074061
13198	0.037061
13239	-0.030230
13249	0.168353
13262	-0.112714
13263	-0.177778
13272	-0.225734
13273	-0.157978
13277	0.024616
13305	0.021867
13342	0.048685
13343	0.060823
13345	0.076663
13351	0.010932
13357	0.047981
13427	0.034595
13436	-0.278983
13455	-0.025179
13528	0.078327
13532	0.110588
13553	-0.071675
13566	-0.405495
13651	0.052764
13653	0.029637
13675	-0.009434
13676	0.030930
13677	0.050153
13678	-0.000747
13681	0.060718
13688	0.009111
13697	0.024587
13705	0.038900
13708	0.044262
13737	0.101944
13760	-0.014641
13923	-0.249862
13927	-0.175381
13995	0.054380
14002	-0.139372
14003	-0.092770
14021	-0.032646
14034	-0.000739
14064	-0.007755
14110	-0.015206
14155	-0.031071
14203	-0.096296
14208	-0.014355
14340	-0.113860
14356	0.323311
14389	-0.112522
14499	-0.008751
14625	-0.077736
14632	-0.014561
14637	-0.057629
14641	-0.003699
14685	0.103048
14694	0.041152
14695	0.096021
14699	-0.040156
14700	-0.127403
14749	-0.028608
14760	-0.076120
14790	0.025124
14791	0.005927
14796	-0.085425
14797	-0.039948
14891	-0.005111
14927	-0.155489
15099	-0.106138
15182	-0.294458
15243	0.049292
15245	0.012925
15254	-0.137287
15322	-0.159864
15327	-0.136085
15463	-0.018908
15496	-0.202971
15499	0.282280
15502	0.012307
15514	0.124564
15566	-0.092152
15580	-0.051467
15583	-0.039695
15586	0.045555
15601	0.081551
15621	-0.078581
15780	0.120190
15869	0.318201
16082	0.015264
16281	0.139802
16293	0.062925
16300	-0.016889
16304	0.054428
16360	-0.068500
16361	0.138442
16367	-0.020920
16432	-0.120689
16433	0.050518
16438	0.107612
16446	0.069128
16453	-0.077775
16463	0.282844
16466	-0.091425
16477	-0.337775
16482	0.031259
16605	-0.028843
16606	0.023992
16635	-0.092019
16638	-0.026648
16655	0.043705
16673	0.030387
16676	-0.049039
16677	-0.005585
16678	0.025384
16808	0.010126
16829	0.042890
17150	0.175554
17182	-0.093840
17199	-0.045817
17273	-0.057976
17431	0.182360
17466	-0.085922
17472	-0.058116
17485	0.075367
17585	-0.041793
17620	-0.129170
17647	-0.345672
17690	0.005643
17772	-0.222213
18410	0.346204
19647	-0.073810
21458	-0.183923
21885	-0.078732
21973	-0.009841
21976	-0.009048
21977	-0.006055
22084	0.045472
23475	-0.018099
23754	0.051601
23764	-0.052149
24372	-0.120457
24918	-0.002023
24944	-0.126784
25022	-0.037589
25140	-0.111558
26484	-0.098857
27764	0.065317
28424	0.037591
28845	-0.049734
29861	-0.129043
30684	0.197620
31288	-0.073294
31704	-0.011172
32421	0.318486
32520	-0.049505
32893	-0.074826
34340	-0.204364
35227	-0.228691
35334	0.038521
36499	-0.094967
36843	-0.055070
36844	-0.039931
36955	0.086663
36970	0.089319
39336	-0.015681
39353	0.038513
40538	-0.114778
40541	0.049628
40542	-0.003091
40599	0.231812
40601	0.115500
40602	0.000153
40656	-0.085413
40657	-0.093259
42157	-0.606344
42203	-0.159012
42204	0.286192
42851	-0.041442
43061	-0.026977
44144	0.210251
45195	0.014582
47030	-0.017549
47285	0.057900
47317	0.058081
47457	-0.281504
47460	0.148272
48147	0.113830
48297	-0.055196
48474	-0.150359
48696	0.011446
49516	-0.045478
49630	0.086155
49927	0.150144
50199	-0.012933
50249	-0.067550
50259	-0.239977
50904	-0.063550
53231	-0.088395
53471	0.217477
53531	-0.023188
53986	0.058790
55057	-0.181620
56431	0.042775
56432	0.048983
56466	-0.111859
56478	-0.270019
56621	-0.075319
57644	0.177882
57756	0.090422
58783	-0.091118
59657	0.083798
59715	0.546237
64825	-0.206828
64947	0.094281
65950	-0.038606
70102	-0.226833
75003	0.044757
75099	0.145790
75742	0.079115
75823	0.167454
75824	0.052174
78157	-0.232824
78181	-0.239639
78191	0.160955
80479	-0.026586
80480	-0.226382
80715	-0.173251
80719	-0.065140
80750	-0.088866
81231	0.034996
84436	0.018292
84780	-0.082118
84844	0.111270
85002	0.200922
85003	-0.052314
85659	0.174416
85663	0.330487
85710	0.362498
92185	-0.204876
96142	-0.153494
96144	0.154201
96482	-0.056563
98871	0.013308
