# 1342 minima projected onto PC43
Min	PC
3	0.092013
4	0.011415
5	-0.114622
6	-0.051108
7	0.079977
9	0.124156
16	0.031585
17	0.068278
21	-0.063691
23	-0.040875
31	0.161117
44	0.124481
47	0.163400
48	-0.056952
51	-0.060118
52	-0.079694
55	-0.134241
56	-0.195074
57	0.075627
58	-0.142395
60	-0.299004
67	0.156739
68	0.095490
71	0.152398
72	-0.060139
74	-0.017798
79	0.396940
82	0.053182
85	-0.083358
86	0.115227
87	0.022181
88	0.044390
91	-0.113724
92	0.054998
94	0.013076
95	-0.251561
97	-0.172817
104	-0.121034
106	-0.111389
109	0.125435
111	0.797424
115	-0.382662
120	-0.086277
126	0.363707
129	0.253257
136	-0.162096
137	-0.164440
188	0.283992
189	0.322917
196	-0.490608
199	0.392054
200	0.034730
202	-0.090598
211	0.040400
213	-0.256811
214	0.111395
219	0.595851
221	0.128813
276	0.335959
279	-0.032484
283	0.236738
295	0.110207
308	0.069434
312	-0.394016
315	0.332112
318	-0.105555
319	-0.015368
321	0.059728
324	0.079683
328	-0.054118
334	0.035475
336	-0.105834
338	0.033001
347	-0.455198
351	0.175755
352	-0.064985
354	0.153725
357	0.157146
359	0.043914
362	-0.116783
364	0.035728
365	0.103037
368	0.069290
376	-0.279938
377	0.004914
380	-0.103819
386	-0.763855
388	0.176592
390	-0.351932
396	0.228835
404	0.103879
410	-0.035981
413	0.264528
420	0.077210
423	0.111695
424	-0.192992
437	-0.013733
438	-0.012894
444	-0.004887
452	0.347628
473	0.127701
474	-0.076858
475	-0.024249
476	0.032983
478	0.296900
479	0.120589
480	0.147648
483	0.154420
503	0.749478
508	0.066724
509	0.318733
530	-0.209564
536	0.003445
556	-0.019338
581	-0.037417
583	0.237750
603	0.021449
606	-0.142289
607	-0.129748
620	0.068551
628	-0.071127
636	-0.254335
637	0.204227
639	0.163892
640	-0.506003
644	0.207973
645	-0.081863
677	-0.162908
678	0.230847
679	-0.060177
682	0.092421
698	0.184298
700	-0.033775
710	-0.283994
722	-0.038208
723	0.263701
724	0.264968
725	-0.050738
726	-0.507712
747	-1.051820
753	-0.079475
755	-0.437727
757	0.099241
765	0.082895
782	-0.172545
783	0.444247
793	-0.198566
808	0.068190
814	0.802639
840	0.312243
848	0.069679
859	0.076733
864	0.494008
867	0.135396
878	0.041224
888	0.205511
890	0.105190
892	-0.392837
899	0.149238
918	-0.070440
926	0.176989
933	-0.395553
934	-0.166801
981	0.330888
1028	0.068900
1034	-0.524385
1051	-0.185535
1054	0.272616
1058	0.739817
1062	0.605233
1063	0.069925
1064	0.565822
1066	0.042310
1068	0.086327
1073	-0.072494
1082	-0.012996
1083	0.107299
1086	-0.137195
1089	0.219829
1090	0.148220
1091	0.151342
1092	0.115387
1164	-0.066371
1165	0.034332
1174	0.072481
1176	0.050064
1184	0.362833
1191	0.396750
1192	0.338801
1201	0.587135
1230	0.521873
1339	-0.223348
1341	-0.007571
1370	-0.381160
1385	-1.034448
1405	0.082783
1437	-0.168131
1441	0.053727
1443	0.286529
1521	0.100551
1522	0.445472
1523	0.422415
1524	0.576733
1525	0.824835
1541	-0.246026
1542	0.307331
1550	0.786289
1551	0.486406
1596	0.131062
1597	-0.204724
1628	-0.538394
1629	-0.156711
1633	0.207121
1636	0.062630
1637	0.087115
1765	-0.413914
1766	-0.739703
1780	0.362322
1862	0.519557
1865	0.375646
1870	0.176196
1885	-0.227170
1910	0.252247
1911	0.251640
2007	0.020441
2060	0.541508
2062	-0.062142
2090	0.240229
2093	-0.011861
2094	0.059223
2095	0.036291
2096	-0.043533
2100	-0.111532
2101	0.371433
2102	0.311432
2103	0.500815
2104	0.447629
2105	0.055512
2128	-0.018851
2129	-0.092358
2135	-0.024359
2190	-0.193322
2195	0.028901
2197	-0.172194
2198	0.059375
2199	-0.063040
2200	-0.063302
2201	-0.067200
2202	-0.196441
2205	0.000797
2217	0.056427
2218	-0.880697
2221	-0.467742
2272	0.489522
2273	0.393924
2275	0.083001
2288	-0.074334
2293	-0.130397
2298	-0.072322
2299	0.389935
2300	-0.011450
2301	0.166816
2338	-0.085195
2342	0.134332
2343	0.114763
2358	-0.188017
2384	0.328479
2385	0.318262
2399	-0.007934
2435	0.019314
2436	0.038427
2465	0.180883
2467	-0.046257
2468	-0.322182
2469	-0.264658
2470	-0.309122
2471	-0.288462
2474	-0.032641
2620	-0.265427
2650	-0.007856
2651	0.109624
2685	0.594242
2688	0.213835
2730	-0.006738
2843	0.341283
2951	0.369887
2959	0.307605
3236	0.012973
3305	-0.304240
3318	0.107361
3340	0.006133
3352	-0.302278
3355	-0.431744
3356	-0.470892
3365	0.380119
3366	0.349365
3367	0.394260
3368	0.440114
3401	0.208177
3405	-0.304816
3434	0.313690
3448	-0.201560
3454	0.035898
3481	-0.005937
3495	0.068185
3504	0.198337
3532	-0.043058
3540	0.066795
3549	0.194774
3550	0.028221
3569	-0.060396
3595	-0.238100
3596	0.369283
3603	-0.562246
3621	0.167010
3622	-0.154205
3647	0.141244
3649	0.139867
3651	-0.410408
3652	0.265969
3723	-0.220634
3757	0.235510
3772	-0.024816
3787	0.070282
3798	0.118690
3799	0.095396
3889	-0.042944
3897	0.012731
3898	0.284791
3904	-0.017509
3945	0.046738
3990	0.114159
4024	-0.220284
4039	-0.278749
4048	-0.274908
4050	-0.024636
4076	0.025788
4094	0.134163
4170	-0.300527
4251	-0.175145
4252	-0.201139
4299	-0.126652
4302	-0.255684
4318	-0.179518
4319	-0.129580
4320	-0.080547
4360	-0.043440
4388	-0.008236
4414	-0.024651
4426	0.135353
4446	0.148686
4527	0.096983
4545	-0.025361
4546	-0.001857
4554	0.023978
4564	0.008735
4567	-0.452297
4634	0.354373
4693	-0.111350
4736	0.259047
4761	0.110480
4879	-0.017126
5071	-0.433135
5138	-0.000292
5164	0.021753
5182	-0.116790
5183	0.014974
5184	0.423025
5187	-0.075248
5188	-0.071076
5189	0.256636
5193	-0.226392
5194	-0.335781
5195	0.137519
5197	-0.329710
5203	-0.494794
5205	-0.303599
5212	-0.141804
5213	-0.233156
5222	0.019582
5223	-0.026972
5228	-0.086263
5232	-0.087632
5244	-0.304708
5245	-0.325827
5246	-0.071014
5248	-0.005815
5292	-0.194782
5293	-0.120734
5299	-0.166922
5300	-1.094711
5315	0.145503
5316	0.249379
5319	0.144829
5320	0.270291
5321	0.204127
5322	-1.056657
5323	0.211085
5324	-0.571107
5325	-0.288202
5329	-1.512097
5342	0.302332
5343	-0.062361
5374	0.822992
5376	0.299777
5378	-0.350614
5379	-0.264208
5382	0.174346
5390	-0.191026
5398	0.026685
5402	0.124293
5404	-0.435258
5407	-0.014989
5408	0.028216
5409	0.183126
5411	-0.001696
5412	-0.109039
5413	0.293783
5416	0.083094
5418	0.083828
5422	0.346752
5425	0.270307
5427	0.396709
5428	-0.153463
5432	0.051283
5436	0.062933
5443	0.588258
5444	-0.221278
5458	-0.469343
5462	-0.818790
5465	-0.233665
5468	-0.295248
5471	-0.244781
5480	-0.371455
5481	-0.366379
5485	0.170653
5486	0.045341
5488	0.348125
5489	0.023308
5495	0.085704
5513	-0.004890
5515	-0.067861
5516	-0.261036
5521	-0.076491
5527	0.272275
5528	0.108823
5536	-0.024126
5537	0.124284
5547	0.148054
5565	0.100045
5573	-0.416627
5579	0.711564
5583	0.076030
5586	-0.140412
5589	-0.128331
5590	-0.286619
5593	0.008171
5599	0.866928
5604	-0.879927
5605	-0.091752
5606	0.121924
5625	0.836212
5649	0.227016
5656	-0.067774
5657	0.918932
5658	-0.043982
5686	-0.273576
5695	-0.638248
5705	-0.168172
5706	0.227405
5716	-0.296684
5717	-0.192352
5718	-0.011480
5719	-0.373220
5720	-0.254018
5724	-0.488770
5738	-0.512668
5742	0.334022
5750	0.200007
5751	-0.042762
5756	-0.061104
5761	-0.588767
5768	0.184838
5773	-0.178194
5792	-0.315464
5793	-0.004752
5794	-0.145925
5806	0.009696
5811	0.107374
5812	-0.036170
5813	-0.065203
5814	0.061315
5821	-0.020242
5823	0.293874
5825	0.355499
5831	0.029623
5832	-0.249088
5833	-0.429471
5847	-0.333377
5849	-0.151916
5851	0.032312
5854	0.939865
5858	0.238874
5862	-0.026355
5875	0.468270
5876	0.004230
5903	0.315672
5910	0.742452
5912	-0.836351
5913	-1.007273
5925	0.041959
5926	-0.093713
5927	-0.346663
5928	-0.283844
5930	-0.205020
5931	-0.092290
5933	-0.040091
5934	-0.390157
5937	-0.379172
5939	0.159806
5940	0.343264
5941	-0.075160
5943	-0.294256
5963	0.004227
5964	-0.206913
5965	-0.191368
5966	-0.095549
5968	-0.239565
5969	0.538087
5970	0.025763
5971	0.246979
5975	-0.372018
6006	-0.483404
6011	-0.086854
6017	-0.012025
6019	-0.189513
6022	-0.066086
6032	0.076478
6095	-0.128142
6115	-0.215552
6116	-0.262059
6119	-0.135286
6127	-0.159661
6128	-0.067400
6130	0.300356
6140	0.051305
6141	-0.223414
6147	0.294722
6148	0.372113
6163	-0.420340
6164	-0.135322
6170	0.124097
6171	-0.131986
6177	-0.169619
6184	-0.558021
6200	-0.205747
6204	0.439387
6206	-0.210027
6223	0.144243
6240	-0.107285
6245	-0.126466
6253	-0.089647
6267	-0.148764
6269	-0.343039
6290	0.131925
6303	-0.438600
6317	0.090548
6343	-0.249610
6350	-0.312821
6360	-0.367338
6367	0.176460
6383	-0.112217
6389	-0.426912
6397	0.233631
6398	-0.471110
6406	-0.247856
6407	0.122568
6412	-0.557152
6413	-0.561469
6434	-0.308335
6435	-0.190975
6460	0.289057
6463	0.136571
6464	-0.088361
6489	0.154230
6507	0.060138
6510	0.015479
6516	0.230280
6518	-0.369363
6522	0.029466
6523	-0.167016
6524	0.092642
6525	0.001765
6531	0.516436
6536	-0.054993
6575	0.052049
6584	0.434072
6585	0.565514
6586	0.241402
6594	0.213522
6595	-0.007071
6610	-0.233411
6612	0.110952
6615	-0.044513
6624	-0.153091
6628	0.064204
6649	-0.216131
6698	0.939492
6706	-0.065674
6718	0.188356
6719	-0.481051
6722	-0.057101
6770	0.551495
6780	-0.350949
6781	0.355798
6794	-0.388282
6795	-0.762942
6796	-0.410477
6799	-0.004621
6809	0.177401
6837	-0.390632
6838	0.241488
6839	0.884959
6846	-0.116814
6865	-0.259583
6869	-0.236890
6870	-0.353328
6871	-0.000312
6873	-0.116931
6876	0.233351
6885	-0.253807
6895	-0.041548
6896	0.482820
6897	0.191007
6900	-0.471825
6903	-0.765489
6906	-0.200420
6916	0.009335
6917	0.250167
6918	0.575244
6919	-0.230693
6938	-0.080303
6941	0.175784
6942	0.659183
6943	0.079380
6944	0.263290
6948	0.407774
6953	0.021974
6957	-0.316003
6958	-0.137590
6970	0.020521
6971	0.039033
6976	0.969305
6977	0.797369
6990	0.356147
7014	-0.179826
7015	-0.102533
7016	-0.461281
7018	-0.124851
7019	-0.145101
7042	0.066334
7053	1.144536
7066	0.243328
7067	0.041389
7083	0.241535
7092	-0.140241
7100	0.124160
7103	-0.189890
7110	-0.000968
7111	0.158451
7112	0.194331
7113	-0.422722
7116	0.208872
7119	-0.324832
7120	-0.328040
7121	-0.141345
7122	-0.044731
7140	-0.042629
7143	0.159503
7157	0.032754
7165	0.050617
7175	0.010920
7178	-0.089988
7206	0.102112
7207	-0.250902
7217	-0.379973
7218	0.357163
7221	0.216577
7227	-0.703065
7230	0.186766
7236	0.001135
7239	0.019958
7242	-0.163517
7260	-0.078550
7268	-0.390325
7269	-0.413808
7304	-0.362527
7326	-0.368365
7327	-0.473510
7336	0.025447
7342	-0.232547
7346	0.140182
7348	-0.537971
7355	-0.114018
7361	0.212311
7372	0.256675
7387	-0.391052
7422	0.376124
7423	-0.142628
7425	0.236409
7436	-0.069941
7442	-0.795668
7446	0.055751
7448	-0.136185
7453	0.290789
7463	-0.201114
7492	0.178296
7493	0.124992
7494	0.371092
7495	0.129837
7518	0.143285
7520	0.176239
7540	-0.016113
7546	-0.053942
7556	0.174381
7559	-0.989722
7560	0.022651
7561	-0.167113
7564	-0.013171
7575	0.256914
7583	0.027757
7585	-0.093572
7586	0.050607
7599	1.077051
7600	1.345580
7606	1.270596
7614	-0.064584
7617	-1.048367
7622	-0.084772
7629	0.010541
7637	0.512305
7640	0.389175
7657	0.240400
7665	0.158782
7666	-0.154745
7667	0.324792
7668	0.179045
7669	0.567166
7670	0.219100
7671	0.269197
7681	-0.089807
7683	1.057099
7684	-0.189708
7696	0.495501
7722	0.370453
7723	-0.373924
7799	0.005832
7852	0.199985
7859	-0.327784
7860	0.095877
7861	0.022724
7865	-0.329305
7875	-0.059264
7876	-0.104257
7895	0.196680
7913	-0.100050
7917	0.573236
7952	0.194610
7969	-0.523960
7971	0.051079
8000	-0.052870
8002	-0.114627
8006	-0.451348
8036	-0.235904
8056	0.461966
8069	-0.021387
8103	-0.155517
8107	-0.346894
8120	-0.364446
8122	-0.346482
8125	-0.301694
8127	-0.547774
8136	0.012380
8149	-0.289695
8154	-0.176788
8197	1.020390
8208	1.413427
8223	0.066499
8232	0.200625
8241	-0.389527
8256	-0.580308
8262	-0.293074
8266	-0.500719
8267	0.182638
8268	0.135873
8269	-0.236172
8271	0.137620
8273	-0.378063
8280	0.071735
8284	-0.065003
8303	0.034227
8304	0.291024
8305	0.173931
8308	-0.113448
8332	-0.175746
8333	0.218962
8334	-0.236032
8338	-0.216431
8363	-0.355176
8370	-0.134817
8398	0.218758
8465	-0.177176
8468	-0.047960
8469	0.071612
8470	-0.013153
8507	-0.324145
8552	-0.120615
8572	0.117208
8574	-0.087593
8577	0.209429
8586	-0.054420
8592	-0.371605
8593	-0.089531
8594	0.208067
8597	-0.653190
8599	0.178706
8606	-0.164487
8607	0.142947
8615	0.010567
8617	0.060788
8626	-0.020089
8636	-0.241286
8669	-0.010320
8671	0.369912
8673	0.180697
8675	-0.166122
8790	0.213509
8791	-0.367616
8811	-0.030774
8822	0.103322
8841	-0.237888
8849	0.216952
8856	-0.279023
8875	0.693489
8884	-1.137166
8906	-0.234999
8907	-0.054273
8910	0.270949
8911	0.442253
8912	0.223445
8913	0.015811
8934	0.128683
8935	0.125994
8954	-0.314333
8968	0.223748
8972	0.177941
9001	0.064618
9029	-0.061202
9032	0.218026
9058	-1.257538
9059	0.218268
9068	0.687309
9070	0.421409
9108	0.377150
9139	-0.117215
9140	-0.448638
9158	0.115483
9187	0.135551
9188	-0.179344
9189	-0.115386
9190	-0.161165
9253	-0.102243
9259	0.203753
9268	-0.003276
9269	0.147272
9271	-0.145376
9312	0.150547
9323	0.165598
9329	0.268344
9330	0.176284
9331	-0.055650
9356	0.214732
9376	-0.421068
9394	0.771871
9424	0.197313
9428	-0.031533
9429	-0.462493
9496	-0.277764
9536	0.034107
9543	0.051212
9589	-0.454660
9614	0.226411
9615	0.267432
9617	0.315922
9631	0.625432
9661	-0.358349
9668	-0.233801
9718	-0.342602
9728	0.057094
9734	-0.203645
9788	0.321070
9791	0.339995
9793	0.677463
9804	-0.397073
9809	-0.399057
9810	-0.100955
9823	-0.232966
9828	0.199507
9907	-0.226932
9951	-0.056760
9968	-0.219837
9969	0.017612
10010	-0.039569
10011	0.240298
10012	0.084928
10018	0.191700
10021	-0.533580
10022	-0.234585
10031	-0.102042
10032	-0.237100
10033	-0.283731
10034	-0.411598
10035	-0.397779
10039	0.348666
10044	0.204934
10045	-0.189532
10060	0.598975
10065	-0.594378
10077	-0.250224
10080	-0.089077
10130	-0.334521
10131	-0.411834
10149	-0.240062
10194	0.202593
10197	0.155638
10221	0.166212
10226	-0.078293
10232	0.205730
10233	0.422720
10263	0.305041
10264	0.220859
10274	-0.006251
10286	0.335239
10292	0.549730
10299	-0.012439
10302	-0.348567
10324	0.218123
10355	-0.089397
10358	-0.064999
10362	-0.118018
10366	0.102581
10368	0.072748
10370	-0.069261
10392	0.290570
10405	-0.043614
10406	0.053623
10409	-0.153905
10419	-0.241429
10420	0.098425
10424	-0.069195
10434	-0.127870
10455	0.111787
10478	0.119329
10480	0.098720
10484	0.249594
10510	-0.188065
10519	-1.202736
10520	0.192824
10524	0.017011
10578	0.171848
10630	-0.297079
10643	0.169416
10645	-0.066782
10677	0.201199
10678	0.230621
10690	0.149534
10717	0.000214
10718	-0.156630
10719	-0.042631
10721	-0.044747
10723	-0.491652
10735	0.168277
10736	-0.054246
10829	0.252279
10837	0.418540
10846	-0.007386
10921	0.499643
10922	-0.296642
10923	-0.365574
10924	-0.445889
10964	0.038473
10978	-0.186148
11017	-1.389208
11018	-1.986202
11019	0.402734
11032	-0.111659
11034	-0.163990
11035	-0.028910
11036	-0.200813
11052	-0.105004
11056	-0.099623
11060	0.174261
11063	-0.228042
11064	-0.038765
11068	-0.391356
11069	-0.300839
11090	0.367932
11098	-0.030302
11099	0.134968
11100	0.200830
11105	-0.077199
11109	-0.060802
11122	-0.300939
11123	0.407468
11125	0.209491
11126	0.107060
11149	0.032223
11153	-0.242569
11188	0.194577
11193	0.087893
11230	-0.005343
11233	0.025612
11236	-0.905348
11243	0.243942
11251	-0.077296
11259	-0.516607
11263	0.033308
11272	-0.950389
11321	0.011908
11322	0.193516
11326	0.085070
11327	0.070697
11335	-0.312115
11337	-0.188729
11343	0.264506
11390	-0.306247
11444	0.616393
11464	-0.093806
11471	0.168274
11472	0.107138
11473	-0.057093
11492	-0.312850
11499	0.017634
11500	-0.045557
11505	-0.048119
11527	-0.187766
11528	0.118944
11532	-0.517646
11564	0.083917
11589	-0.303789
11591	-0.569344
11592	-0.290726
11599	0.092581
11605	-0.341112
11617	-0.156411
11630	0.044365
11631	0.374670
11632	-0.239762
11656	-1.484846
11657	-0.323290
11777	0.402804
11786	0.357414
11812	0.042883
12020	-0.406845
12061	0.628269
12115	0.012270
12154	-0.173315
12155	-0.210280
12156	-0.426855
12159	0.031598
12174	-0.110217
12176	-0.832730
12230	0.152076
12234	-0.133691
12236	-0.058657
12237	0.244690
12250	0.873332
12252	-0.103156
12253	0.077508
12315	0.402392
12381	-0.236323
12382	-0.228075
12438	0.704785
12455	0.162641
12462	-0.037497
12478	-0.247012
12603	0.222910
12711	0.092913
12714	0.078336
12716	-0.065865
12754	0.019227
12785	-0.143273
12788	-0.052603
12792	0.019859
12898	-0.402453
12944	-1.547122
12949	1.000642
13062	0.579224
13099	-0.093641
13160	-0.207363
13198	0.053526
13239	-0.309875
13249	-0.662859
13262	0.844593
13263	-0.893232
13272	-0.412756
13273	-1.108647
13277	0.203209
13305	-0.146050
13342	0.317226
13343	0.446333
13345	-0.362614
13351	0.209077
13357	0.201032
13427	0.851837
13436	-0.275174
13455	0.071715
13528	-0.295840
13532	0.303794
13553	0.273369
13566	0.095676
13651	-0.290005
13653	-0.242053
13675	0.046127
13676	-0.219488
13677	-0.132676
13678	0.101793
13681	-0.467804
13688	0.040288
13697	0.142150
13705	0.056523
13708	-0.521443
13737	0.745350
13760	0.117482
13923	0.241195
13927	0.234236
13995	-0.131625
14002	0.207238
14003	0.269857
14021	-0.253262
14034	1.263160
14064	1.103281
14110	-0.105930
14155	0.085013
14203	-0.478764
14208	-0.080143
14340	-0.047813
14356	-0.141898
14389	-0.160421
14499	-0.043318
14625	0.239713
14632	0.073017
14637	0.117427
14641	0.139201
14685	0.844261
14694	0.123215
14695	0.080168
14699	0.224950
14700	0.239783
14749	0.364935
14760	-0.383939
14790	0.172891
14791	0.029439
14796	-0.313707
14797	0.074897
14891	0.307857
14927	-0.529264
15099	0.134925
15182	1.048468
15243	0.464573
15245	-0.072560
15254	0.047308
15322	0.299455
15327	0.258083
15463	0.019157
15496	0.394349
15499	-0.043838
15502	0.078525
15514	0.218781
15566	-0.340464
15580	0.440091
15583	0.639833
15586	0.223962
15601	-0.236376
15621	0.078655
15780	0.425889
15869	0.638340
16082	0.028400
16281	-0.350929
16293	1.419005
16300	-0.178288
16304	-0.420058
16360	0.088580
16361	0.051193
16367	0.396506
16432	-1.069094
16433	-0.669264
16438	-0.159905
16446	0.298392
16453	0.005941
16463	-0.121632
16466	0.086412
16477	0.933017
16482	0.180408
16605	-0.187547
16606	0.611363
16635	0.301077
16638	0.074415
16655	0.981002
16673	-0.036346
16676	-0.142954
16677	-0.087884
16678	0.203455
16808	0.269624
16829	0.013342
17150	-0.137317
17182	0.052623
17199	-0.705355
17273	-0.214654
17431	0.209508
17466	-0.929817
17472	0.109010
17485	-0.230247
17585	0.007551
17620	1.003974
17647	1.531424
17690	-0.524123
17772	-0.309040
18410	0.186599
19647	-0.226933
21458	-0.374020
21885	0.028828
21973	0.045062
21976	-0.113465
21977	0.001760
22084	0.011446
23475	0.086634
23754	-0.308295
23764	-0.061323
24372	0.069265
24918	-0.217020
24944	-0.164680
25022	-0.087904
25140	0.043041
26484	0.183474
27764	0.120975
28424	-0.361684
28845	-0.360021
29861	1.564262
30684	-0.238599
31288	0.115237
31704	-0.003465
32421	0.608338
32520	-0.014160
32893	-0.195690
34340	0.267939
35227	-0.294696
35334	-0.304745
36499	-0.518170
36843	-0.230357
36844	-0.179000
36955	-0.074155
36970	-0.185683
39336	0.464808
39353	-0.166286
40538	-0.029199
40541	0.124905
40542	0.000082
40599	-0.466216
40601	0.630214
40602	-0.228336
40656	0.549589
40657	0.009299
42157	0.313180
42203	0.414323
42204	-0.038748
42851	-0.451683
43061	0.073120
44144	0.057173
45195	1.061437
47030	0.029727
47285	-0.905196
47317	-0.466386
47457	0.184849
47460	-0.278989
48147	-0.015346
48297	-0.677145
48474	-0.060248
48696	0.006894
49516	0.528011
49630	-0.123918
49927	-0.317779
50199	-0.080109
50249	-0.500073
50259	-0.184328
50904	0.105756
53231	0.013925
53471	-0.265796
53531	0.091692
53986	0.022878
55057	-0.579565
56431	0.005355
56432	-0.206198
56466	0.544977
56478	-0.446143
56621	0.124658
57644	-0.611104
57756	0.004177
58783	-0.471408
59657	-0.203848
59715	0.234393
64825	-0.824855
64947	-0.033080
65950	0.132099
70102	0.189087
75003	-0.367981
75099	-0.579666
75742	0.379538
75823	-0.479526
75824	0.163610
78157	0.612374
78181	0.475399
78191	-0.135780
80479	-0.024591
80480	0.103916
80715	-0.213346
80719	0.105549
80750	0.020362
81231	0.396944
84436	0.411412
84780	0.174663
84844	-0.120756
85002	-0.010010
85003	0.779506
85659	0.038431
85663	0.183586
85710	0.175105
92185	0.439377
96142	0.422998
96144	0.746757
96482	-0.256084
98871	-0.723011
