# 1342 minima projected onto PC31
Min	PC
3	-0.365340
4	-0.216367
5	-0.271122
6	-0.574425
7	0.708795
9	0.563134
16	-0.368699
17	-0.541146
21	-0.130151
23	-0.015876
31	0.218894
44	0.018465
47	0.036008
48	0.015221
51	-0.290880
52	-0.338918
55	-0.385981
56	0.105923
57	-0.105395
58	-0.363034
60	-0.049119
67	-0.147051
68	0.350554
71	-0.178430
72	0.046797
74	-0.142381
79	-0.025438
82	-0.035216
85	-0.084866
86	0.573874
87	-0.167004
88	0.437302
91	0.242657
92	0.517450
94	-0.139360
95	0.442386
97	-0.425152
104	-0.637577
106	-0.390625
109	0.477293
111	1.045508
115	2.260348
120	0.179272
126	0.039721
129	-0.055457
136	-0.052152
137	-0.032598
188	-0.353591
189	-0.350349
196	-0.060940
199	-0.418162
200	-0.445990
202	0.021741
211	-0.611971
213	-0.329564
214	-0.245840
219	0.014055
221	0.678151
276	-0.544515
279	-0.332065
283	-0.061177
295	0.168892
308	0.013618
312	0.118893
315	0.072360
318	-0.183772
319	-0.196518
321	-0.169131
324	-0.140515
328	-0.179750
334	-0.053482
336	-0.331361
338	0.069818
347	0.192401
351	-0.105530
352	-0.034019
354	0.106477
357	-0.077559
359	0.056476
362	-0.077703
364	-0.313657
365	-0.444598
368	-0.292269
376	0.182309
377	-0.040861
380	-0.225316
386	0.813294
388	0.013820
390	-0.745095
396	-0.268712
404	-0.666536
410	0.091889
413	-0.384638
420	0.280160
423	0.145162
424	0.288757
437	0.273833
438	-0.165982
444	0.537731
452	0.465445
473	-0.182120
474	-0.243870
475	-0.525488
476	-0.122981
478	-0.308703
479	0.102895
480	-0.506192
483	-0.116837
503	1.157823
508	0.038512
509	-0.068600
530	1.731195
536	-0.348459
556	-0.185730
581	0.018994
583	-0.379116
603	-0.004418
606	-0.199469
607	0.079161
620	1.060491
628	-0.444065
636	-0.204313
637	-0.774527
639	-0.791887
640	-0.378291
644	-0.024261
645	0.176571
677	-0.513642
678	-0.292626
679	0.178781
682	-0.469211
698	0.017409
700	-0.528396
710	-0.779751
722	-0.312971
723	-0.758950
724	-0.505058
725	-0.990229
726	-0.944236
747	1.117482
753	-0.446254
755	-0.133805
757	0.019618
765	0.159147
782	-0.087179
783	0.101347
793	-0.668330
808	0.286852
814	1.256852
840	-0.085139
848	0.286576
859	0.162667
864	0.094562
867	0.175734
878	-0.093697
888	-0.306405
890	-0.612347
892	0.437404
899	-0.308184
918	-0.128129
926	0.332770
933	0.258545
934	0.373971
981	-0.316050
1028	0.296013
1034	0.631011
1051	0.145185
1054	0.100293
1058	-0.013944
1062	-0.149783
1063	0.443414
1064	-0.552661
1066	0.299211
1068	0.543780
1073	-0.047684
1082	-0.497707
1083	-0.241535
1086	0.023729
1089	1.083274
1090	0.570859
1091	-0.463675
1092	0.164781
1164	-0.577514
1165	-0.391931
1174	1.087884
1176	0.640459
1184	-0.069615
1191	0.323518
1192	0.342044
1201	0.284815
1230	-0.009140
1339	-0.020861
1341	0.174606
1370	0.333383
1385	1.529163
1405	0.806237
1437	0.038792
1441	0.128536
1443	-0.746963
1521	-0.412970
1522	0.329362
1523	0.886904
1524	-0.146884
1525	-0.302646
1541	-0.358916
1542	-0.109413
1550	-0.001264
1551	0.236976
1596	0.072890
1597	0.268940
1628	-0.265924
1629	0.046132
1633	-0.348514
1636	-0.066272
1637	-1.199846
1765	-0.007243
1766	0.171572
1780	-0.426519
1862	-0.466565
1865	0.222823
1870	-0.162933
1885	-1.026004
1910	0.260338
1911	-0.285743
2007	0.600421
2060	-0.346701
2062	-0.927530
2090	-0.048036
2093	-0.392627
2094	-0.774123
2095	-0.046372
2096	-0.166505
2100	0.601075
2101	0.642970
2102	0.607654
2103	0.181691
2104	0.142959
2105	-0.290924
2128	-0.096065
2129	0.039599
2135	0.157276
2190	0.544576
2195	0.631247
2197	0.063516
2198	0.220211
2199	0.415027
2200	0.460928
2201	0.203653
2202	0.390943
2205	0.041862
2217	0.115170
2218	-0.470375
2221	-0.109216
2272	-0.367403
2273	-0.523765
2275	-0.258979
2288	-0.963612
2293	-0.218458
2298	0.312469
2299	-0.449055
2300	0.089099
2301	0.257152
2338	0.137037
2342	-0.212056
2343	-0.452196
2358	-0.734610
2384	0.331107
2385	-0.507542
2399	-0.273477
2435	0.731219
2436	-0.427473
2465	-0.647375
2467	0.068381
2468	0.167182
2469	-0.275501
2470	-0.081547
2471	-0.038200
2474	-0.243633
2620	-0.171181
2650	0.106306
2651	0.648748
2685	0.479567
2688	1.230571
2730	-0.282846
2843	-0.727601
2951	-1.125863
2959	0.187830
3236	0.178741
3305	-0.111288
3318	0.215509
3340	0.146025
3352	0.011736
3355	-0.539638
3356	-1.580000
3365	0.792929
3366	0.737654
3367	-0.197154
3368	-0.193582
3401	0.046899
3405	-1.058675
3434	0.316689
3448	0.828838
3454	-0.723902
3481	0.163099
3495	-0.490074
3504	-0.238821
3532	0.050696
3540	-0.265279
3549	0.105149
3550	0.375525
3569	0.056121
3595	0.020583
3596	-0.425766
3603	-0.321988
3621	-0.085620
3622	0.236647
3647	0.079711
3649	-0.343629
3651	-0.178787
3652	-0.023226
3723	-0.051833
3757	0.822240
3772	-0.338417
3787	0.090924
3798	0.108759
3799	0.096928
3889	-0.033951
3897	0.200362
3898	-0.226505
3904	0.057703
3945	0.107260
3990	-0.276701
4024	0.390176
4039	0.224252
4048	0.389489
4050	0.382498
4076	0.506448
4094	1.081205
4170	0.181732
4251	0.449230
4252	0.254462
4299	0.105332
4302	0.577316
4318	0.497510
4319	0.026975
4320	-0.439921
4360	0.223565
4388	-0.007191
4414	-0.196215
4426	0.689207
4446	-0.377790
4527	-0.092933
4545	-0.106084
4546	0.016548
4554	-0.068529
4564	0.060716
4567	0.480835
4634	0.094606
4693	0.162789
4736	0.706892
4761	0.077109
4879	-0.306285
5071	0.633959
5138	-0.020283
5164	0.234086
5182	-0.011380
5183	0.359946
5184	-0.102272
5187	0.283324
5188	-0.167147
5189	-0.336731
5193	-0.340888
5194	-0.111379
5195	-0.945093
5197	0.187658
5203	0.562669
5205	0.598736
5212	0.140198
5213	0.499731
5222	0.124474
5223	1.094215
5228	0.895411
5232	0.172286
5244	0.219439
5245	0.103671
5246	0.305369
5248	-0.030447
5292	0.213476
5293	0.119692
5299	1.352390
5300	1.458350
5315	-0.184361
5316	-0.309767
5319	0.348341
5320	0.455169
5321	-0.141286
5322	0.390899
5323	-0.142749
5324	0.353409
5325	0.454474
5329	-0.118330
5342	-0.475167
5343	-0.332194
5374	-0.435681
5376	0.705524
5378	0.447973
5379	-0.501368
5382	0.406343
5390	-0.097619
5398	-0.149147
5402	0.159279
5404	0.197786
5407	-0.080848
5408	-0.158966
5409	-0.447744
5411	0.135380
5412	0.106622
5413	-0.346502
5416	-0.483059
5418	-0.650061
5422	-0.089326
5425	-0.228760
5427	-0.262203
5428	-0.661020
5432	-0.109481
5436	-0.141413
5443	1.419819
5444	-1.337500
5458	-0.478836
5462	1.004952
5465	-0.125172
5468	-0.168002
5471	0.167852
5480	0.089593
5481	0.204206
5485	-0.110930
5486	0.358795
5488	0.175073
5489	0.107081
5495	0.658857
5513	0.247101
5515	-0.546675
5516	-0.124756
5521	0.107681
5527	0.487398
5528	1.678637
5536	-0.680332
5537	-0.273140
5547	-0.036124
5565	0.481697
5573	-0.990709
5579	1.665121
5583	0.391073
5586	0.034498
5589	-0.387043
5590	-0.670250
5593	-0.196571
5599	1.281857
5604	-0.183046
5605	-0.435123
5606	-1.764091
5625	-0.036107
5649	-0.168755
5656	-0.127786
5657	-0.183291
5658	0.013938
5686	-0.367899
5695	0.461452
5705	-0.390598
5706	0.344284
5716	-0.256107
5717	-0.336365
5718	0.131608
5719	0.667460
5720	-0.286084
5724	-0.976850
5738	0.636429
5742	-0.289279
5750	0.370676
5751	-0.289626
5756	-0.157594
5761	0.712012
5768	0.089337
5773	-0.518444
5792	0.048745
5793	-0.272136
5794	0.023559
5806	0.069077
5811	0.322437
5812	0.335654
5813	0.307857
5814	0.210105
5821	0.140172
5823	0.131156
5825	-0.069744
5831	0.239133
5832	0.483190
5833	-0.061927
5847	0.228363
5849	-0.380448
5851	-0.222617
5854	-0.045936
5858	-0.242796
5862	0.258274
5875	0.386994
5876	1.421586
5903	-0.180175
5910	-0.310592
5912	-0.665387
5913	-0.617800
5925	-0.105914
5926	0.302329
5927	-0.520159
5928	-0.473915
5930	0.813821
5931	-0.530442
5933	-0.694251
5934	-0.008527
5937	-1.541327
5939	-0.709006
5940	-2.006909
5941	0.995312
5943	1.139046
5963	0.049486
5964	0.133998
5965	-0.471969
5966	-0.495442
5968	-0.408040
5969	0.429012
5970	0.005489
5971	-0.318496
5975	-0.388996
6006	1.199975
6011	-0.396032
6017	0.204839
6019	-0.327349
6022	0.263830
6032	-0.258234
6095	-0.132749
6115	-0.159294
6116	-0.058428
6119	-0.243909
6127	0.321351
6128	-0.823161
6130	0.116469
6140	0.400701
6141	-0.433370
6147	-0.708767
6148	-0.833699
6163	-1.285811
6164	0.156254
6170	-0.103328
6171	-0.354215
6177	-0.372168
6184	-0.564479
6200	0.344380
6204	-0.236926
6206	0.171039
6223	-0.195368
6240	-0.065788
6245	-0.220850
6253	0.001496
6267	-0.240933
6269	0.562761
6290	0.227150
6303	-0.531755
6317	-0.907417
6343	-0.130842
6350	-0.164792
6360	0.848883
6367	0.166037
6383	-0.386240
6389	-1.273850
6397	0.229273
6398	-0.021095
6406	1.465987
6407	-0.763712
6412	-0.286547
6413	-0.712268
6434	0.322550
6435	0.236468
6460	-0.384380
6463	0.341965
6464	0.178229
6489	-0.351444
6507	0.157659
6510	-0.963557
6516	0.100233
6518	1.800259
6522	-0.099723
6523	-0.002847
6524	-0.471406
6525	-1.028428
6531	-0.761248
6536	-0.274472
6575	-0.047500
6584	0.055368
6585	-0.370638
6586	-0.171550
6594	0.034389
6595	-0.454729
6610	0.525211
6612	0.150417
6615	-0.974772
6624	-0.696650
6628	-0.381161
6649	-0.539488
6698	1.398908
6706	0.153820
6718	0.085279
6719	-0.075121
6722	0.119975
6770	-0.922953
6780	0.109807
6781	-0.258255
6794	0.377462
6795	-1.112420
6796	0.244667
6799	-0.563323
6809	0.111120
6837	-0.299403
6838	-0.226802
6839	1.042543
6846	0.069409
6865	-0.318196
6869	-0.323350
6870	-0.025043
6871	-0.064975
6873	-0.103867
6876	-0.381419
6885	0.469744
6895	-0.484098
6896	-0.278277
6897	-0.108852
6900	-0.192918
6903	-1.043330
6906	0.176088
6916	0.735741
6917	-0.523581
6918	0.678803
6919	-0.287021
6938	0.012106
6941	0.065159
6942	-0.030933
6943	-0.359729
6944	-0.832986
6948	0.130814
6953	0.300088
6957	0.422321
6958	-0.245510
6970	0.643035
6971	-0.391652
6976	-0.525414
6977	-0.001284
6990	-0.223742
7014	-0.060282
7015	-0.110916
7016	-0.462753
7018	-0.432386
7019	-0.465793
7042	-0.114111
7053	-0.736742
7066	-0.439039
7067	-0.283223
7083	1.065440
7092	0.053840
7100	-0.231415
7103	-0.471958
7110	0.509784
7111	-0.380152
7112	-0.761796
7113	-0.578558
7116	0.018134
7119	-0.232579
7120	-0.076932
7121	-0.131297
7122	-0.177527
7140	-0.139646
7143	-0.317813
7157	0.641210
7165	0.069432
7175	-0.208525
7178	0.140186
7206	-0.293612
7207	0.397191
7217	0.316690
7218	0.064443
7221	-0.298123
7227	-0.623900
7230	1.541393
7236	0.025092
7239	-0.051323
7242	0.692681
7260	-0.100406
7268	0.222464
7269	0.123699
7304	-0.389156
7326	0.351414
7327	0.389660
7336	0.140120
7342	-0.050870
7346	-0.216146
7348	0.527382
7355	0.178642
7361	0.152208
7372	-0.011376
7387	0.569217
7422	0.005816
7423	0.030419
7425	-0.143973
7436	0.326447
7442	0.467034
7446	0.627582
7448	-0.598041
7453	-0.281985
7463	0.096455
7492	0.856546
7493	-0.530497
7494	0.110202
7495	-0.184754
7518	-0.400141
7520	0.801385
7540	-0.743402
7546	-0.501603
7556	0.232155
7559	1.045445
7560	-0.378447
7561	0.373075
7564	0.633637
7575	-0.017373
7583	0.534185
7585	0.235197
7586	-0.280367
7599	-0.016855
7600	-0.896111
7606	-0.527982
7614	-0.240866
7617	0.066982
7622	-0.157395
7629	0.182868
7637	-0.225619
7640	-0.184101
7657	-0.749492
7665	-0.210031
7666	0.768426
7667	-0.292278
7668	0.227800
7669	-0.247761
7670	0.368792
7671	0.064386
7681	-0.320004
7683	-1.052095
7684	-0.565733
7696	0.902495
7722	0.091068
7723	-0.535291
7799	-0.069632
7852	0.218774
7859	-0.103368
7860	-0.176350
7861	0.450666
7865	0.228601
7875	0.736900
7876	0.322143
7895	-0.124144
7913	0.018350
7917	-0.200880
7952	0.737953
7969	0.337255
7971	-0.584567
8000	0.474972
8002	-0.034893
8006	0.261523
8036	0.104083
8056	-0.134799
8069	-0.223628
8103	0.443082
8107	-0.119176
8120	-0.036006
8122	-0.640302
8125	-0.466827
8127	-0.132559
8136	-0.447911
8149	-0.255557
8154	-0.754038
8197	0.289067
8208	-0.167219
8223	0.967285
8232	0.486850
8241	-0.769502
8256	-0.159864
8262	-0.654024
8266	0.477997
8267	0.369602
8268	0.530334
8269	0.417552
8271	-0.559609
8273	-0.560372
8280	-0.025222
8284	-0.106688
8303	-0.595619
8304	-0.760830
8305	-0.481469
8308	-0.044673
8332	-0.001631
8333	-0.243946
8334	-0.002578
8338	-0.543820
8363	0.433447
8370	-0.076426
8398	-0.304400
8465	0.660321
8468	0.586253
8469	-0.317669
8470	-0.203722
8507	-0.364256
8552	0.369025
8572	0.170360
8574	0.045313
8577	-0.196495
8586	-0.159018
8592	0.297388
8593	-0.281665
8594	-0.220685
8597	0.294879
8599	0.001277
8606	-0.885541
8607	0.107098
8615	-0.095317
8617	-0.164661
8626	0.167294
8636	0.279799
8669	0.008076
8671	0.393237
8673	-0.052876
8675	0.210454
8790	0.377151
8791	0.718701
8811	0.191140
8822	0.142133
8841	0.510047
8849	-0.519217
8856	0.465466
8875	-0.094118
8884	-0.075038
8906	1.307152
8907	0.311715
8910	-0.302473
8911	0.055901
8912	0.127157
8913	0.652605
8934	0.499211
8935	0.431894
8954	0.424010
8968	-0.215356
8972	-0.201346
9001	-0.458000
9029	-0.399420
9032	0.620806
9058	0.424238
9059	0.265257
9068	-0.311319
9070	-0.034010
9108	0.099260
9139	-0.205640
9140	-0.315280
9158	0.158248
9187	0.740500
9188	0.137707
9189	-0.181819
9190	-0.130744
9253	-0.204335
9259	0.256199
9268	0.369918
9269	0.468809
9271	-0.357022
9312	0.163559
9323	-0.126509
9329	0.071472
9330	-0.215880
9331	0.163006
9356	-0.368223
9376	-0.037235
9394	0.273189
9424	1.198458
9428	0.707474
9429	0.598769
9496	-0.399216
9536	0.341017
9543	-1.105640
9589	-0.138242
9614	0.209234
9615	-0.007565
9617	-0.241445
9631	-0.136497
9661	0.498410
9668	-0.068766
9718	-0.438056
9728	-0.443829
9734	0.456478
9788	-0.062204
9791	0.361385
9793	-0.212699
9804	-0.606945
9809	-0.729025
9810	-0.830804
9823	-0.062673
9828	0.523020
9907	0.298146
9951	-0.344172
9968	0.219778
9969	0.273238
10010	0.020773
10011	0.436475
10012	-0.012408
10018	-0.708166
10021	-0.219955
10022	0.003107
10031	-0.105294
10032	0.321434
10033	0.185399
10034	-0.411793
10035	0.231320
10039	0.181477
10044	-0.046017
10045	-0.495888
10060	0.354599
10065	0.062633
10077	0.015406
10080	0.064802
10130	-0.683192
10131	-0.205791
10149	-0.198788
10194	0.091304
10197	-0.219211
10221	0.097497
10226	0.071990
10232	0.630946
10233	0.508065
10263	0.495949
10264	0.647668
10274	0.196820
10286	0.772694
10292	-0.101192
10299	-0.007754
10302	0.233961
10324	-0.000497
10355	0.356143
10358	-0.334377
10362	-0.067183
10366	-0.533251
10368	0.390984
10370	0.459468
10392	-0.381551
10405	0.452440
10406	0.166723
10409	-0.194964
10419	0.260234
10420	-0.007196
10424	-0.086604
10434	0.299514
10455	0.277191
10478	0.411022
10480	0.560530
10484	-0.159475
10510	-0.061520
10519	-0.603191
10520	-0.693643
10524	-0.446899
10578	0.926481
10630	0.296711
10643	0.147694
10645	0.085109
10677	0.312430
10678	0.240132
10690	0.269749
10717	-0.035965
10718	0.194358
10719	0.372910
10721	0.400565
10723	0.973608
10735	-0.020879
10736	0.213060
10829	0.054504
10837	0.464286
10846	0.061109
10921	-0.063451
10922	0.462610
10923	0.611016
10924	0.908449
10964	0.865158
10978	0.233827
11017	-0.221679
11018	-0.352404
11019	0.759307
11032	0.080561
11034	0.721608
11035	0.322424
11036	0.507771
11052	0.083610
11056	-0.547827
11060	-0.778141
11063	-0.856415
11064	0.533177
11068	0.234338
11069	-0.273802
11090	0.144449
11098	-0.542846
11099	-0.842828
11100	-0.558377
11105	-0.149852
11109	-0.791944
11122	0.124944
11123	-0.244833
11125	0.069079
11126	0.121899
11149	-0.297096
11153	0.187295
11188	0.486201
11193	-0.156697
11230	0.038018
11233	-0.074705
11236	0.375032
11243	0.867606
11251	1.057270
11259	0.032165
11263	-1.425473
11272	-0.097653
11321	0.938679
11322	0.086619
11326	0.633964
11327	0.350908
11335	-0.050667
11337	0.427630
11343	0.411836
11390	0.508022
11444	1.469773
11464	0.702973
11471	0.068267
11472	0.002929
11473	-0.148110
11492	0.606937
11499	1.155199
11500	0.112447
11505	0.767681
11527	0.961236
11528	1.043296
11532	0.048450
11564	-0.710557
11589	-0.372605
11591	0.221148
11592	-0.351145
11599	-0.145260
11605	-0.139258
11617	-0.121875
11630	0.080216
11631	0.031892
11632	-0.000684
11656	0.546707
11657	1.089811
11777	-0.273722
11786	0.554241
11812	-0.272739
12020	0.077256
12061	0.657143
12115	-0.170874
12154	-0.344385
12155	-0.172195
12156	-0.520530
12159	-0.339741
12174	0.492851
12176	-1.018914
12230	0.627310
12234	0.057750
12236	-0.499617
12237	-0.416916
12250	1.751942
12252	0.023398
12253	0.125951
12315	0.148894
12381	0.585895
12382	1.178333
12438	0.893420
12455	-0.357857
12462	-0.108866
12478	-0.322100
12603	-1.053408
12711	-0.444447
12714	-0.476915
12716	0.086139
12754	-0.216468
12785	1.033321
12788	-0.252050
12792	-0.895837
12898	-0.067594
12944	-0.698304
12949	-0.202564
13062	0.499821
13099	0.376284
13160	0.010218
13198	-0.267893
13239	-0.560300
13249	-1.033270
13262	-0.878079
13263	-1.148783
13272	0.052434
13273	0.337481
13277	-1.468398
13305	-0.211046
13342	-1.142286
13343	-0.657678
13345	0.035433
13351	-0.193138
13357	-0.888178
13427	-0.928098
13436	-0.285292
13455	0.465775
13528	-0.047627
13532	1.929922
13553	-0.144461
13566	0.137327
13651	-0.676752
13653	-0.300767
13675	-0.422344
13676	-0.562693
13677	-0.385953
13678	-0.801426
13681	0.331512
13688	-0.519440
13697	-0.188350
13705	0.337007
13708	0.346078
13737	1.209310
13760	-0.993229
13923	0.633617
13927	0.322674
13995	-0.183527
14002	-0.866902
14003	-0.392598
14021	0.699345
14034	-0.513916
14064	-0.461243
14110	0.201737
14155	-0.120225
14203	-0.204624
14208	-0.457158
14340	-0.476266
14356	-1.410753
14389	0.578379
14499	-0.172853
14625	-0.095597
14632	-0.560180
14637	0.531773
14641	-0.567247
14685	-0.507336
14694	-0.411862
14695	0.096735
14699	0.400982
14700	-0.316893
14749	-0.427998
14760	-0.071463
14790	1.186698
14791	1.010671
14796	-0.372931
14797	0.550062
14891	-0.837362
14927	-0.557908
15099	0.276285
15182	0.419622
15243	0.269414
15245	0.170512
15254	-0.838720
15322	-0.247949
15327	-0.461436
15463	-0.628273
15496	-0.290152
15499	-0.455238
15502	-0.318472
15514	-0.255078
15566	-0.399311
15580	-0.138532
15583	-0.791931
15586	-0.007952
15601	-0.160642
15621	-0.348605
15780	-0.639769
15869	-0.022917
16082	-0.204313
16281	0.102219
16293	-0.575128
16300	0.377606
16304	0.668977
16360	-0.098258
16361	0.268869
16367	0.719140
16432	-0.842732
16433	-1.414597
16438	0.408160
16446	0.389305
16453	-0.292323
16463	-3.861994
16466	-0.154679
16477	0.123072
16482	-0.064838
16605	0.338925
16606	0.217920
16635	0.078832
16638	-0.242691
16655	0.586379
16673	0.060210
16676	0.257602
16677	0.100318
16678	0.128571
16808	0.069635
16829	0.673324
17150	-0.155149
17182	-0.316806
17199	0.952997
17273	0.574704
17431	-0.037729
17466	-0.355070
17472	0.464733
17485	-0.125086
17585	0.464429
17620	-0.241096
17647	-0.242822
17690	-0.003725
17772	0.317931
18410	0.988913
19647	-0.319477
21458	-0.055535
21885	0.275696
21973	-0.367237
21976	0.049083
21977	0.058964
22084	0.281162
23475	0.595861
23754	-0.201088
23764	-0.662880
24372	-1.590055
24918	-0.044475
24944	0.553243
25022	1.116264
25140	-0.405733
26484	0.020521
27764	-0.018278
28424	-0.277968
28845	0.236594
29861	-0.626690
30684	0.614661
31288	0.858427
31704	-0.249451
32421	-0.091285
32520	-0.209586
32893	0.043045
34340	0.075607
35227	-1.963362
35334	0.916223
36499	-0.792288
36843	-0.436365
36844	-0.338643
36955	-0.462968
36970	-0.131684
39336	1.119142
39353	0.544128
40538	-0.216652
40541	-0.388836
40542	0.123096
40599	-0.598291
40601	-0.037367
40602	0.690880
40656	0.355769
40657	0.251769
42157	-0.087044
42203	-0.285862
42204	-0.025635
42851	0.983651
43061	-0.577500
44144	0.261571
45195	-0.609168
47030	-0.161430
47285	0.450493
47317	1.461927
47457	-0.167917
47460	0.240530
48147	-0.559639
48297	-0.119156
48474	0.818508
48696	0.960280
49516	0.244859
49630	0.891168
49927	0.200011
50199	-0.422970
50249	-1.069840
50259	-0.253896
50904	-0.042429
53231	0.378298
53471	1.570462
53531	1.019559
53986	1.273880
55057	-0.011806
56431	-0.265355
56432	-0.173969
56466	0.532391
56478	0.265321
56621	0.236858
57644	-0.364576
57756	0.124837
58783	-0.227135
59657	0.517619
59715	1.979246
64825	-1.055085
64947	-0.347182
65950	-0.387071
70102	-0.256667
75003	0.120787
75099	0.332164
75742	0.131218
75823	0.547056
75824	0.040843
78157	-0.124487
78181	0.126201
78191	0.257273
80479	-0.269653
80480	0.379732
80715	0.410561
80719	0.082110
80750	0.177613
81231	-0.377492
84436	0.669734
84780	0.678825
84844	0.978568
85002	0.325772
85003	0.289889
85659	-0.107169
85663	-0.116565
85710	0.105524
92185	-0.877068
96142	-0.389673
96144	0.038968
96482	1.678548
98871	-0.304809
