# 1342 minima projected onto PC84
Min	PC
3	-0.042322
4	-0.047327
5	-0.016778
6	0.130832
7	-0.081627
9	-0.000750
16	0.014422
17	0.045620
21	-0.016617
23	-0.041553
31	0.074477
44	-0.067758
47	-0.032416
48	0.005155
51	-0.082071
52	-0.003087
55	-0.096929
56	-0.094120
57	-0.063450
58	0.028579
60	0.054373
67	0.065520
68	0.035025
71	0.013737
72	0.036089
74	0.006184
79	0.023596
82	-0.034297
85	0.003475
86	-0.071133
87	0.042136
88	-0.031586
91	-0.010597
92	-0.007410
94	-0.016001
95	-0.017474
97	0.057254
104	-0.026769
106	-0.077724
109	-0.030255
111	0.003538
115	0.088865
120	-0.039166
126	0.098507
129	0.004755
136	0.014884
137	-0.014300
188	0.064904
189	0.038458
196	0.019193
199	0.060802
200	-0.073537
202	-0.012718
211	0.039572
213	0.040855
214	-0.018988
219	0.072037
221	-0.041067
276	0.054104
279	0.099871
283	-0.046388
295	-0.073949
308	-0.079221
312	0.065008
315	0.061152
318	0.097259
319	-0.017442
321	0.063911
324	-0.114098
328	0.025254
334	0.042024
336	-0.100202
338	-0.121902
347	0.046743
351	0.126366
352	0.029393
354	-0.049565
357	0.106194
359	-0.036713
362	-0.004191
364	-0.038475
365	-0.036652
368	-0.031109
376	-0.017567
377	-0.039547
380	0.177031
386	-0.013863
388	-0.014175
390	-0.056309
396	-0.009769
404	0.098508
410	-0.049976
413	0.008627
420	-0.071835
423	-0.021011
424	0.062008
437	0.075142
438	-0.041852
444	0.103921
452	0.007751
473	0.022666
474	0.161300
475	0.070374
476	0.070889
478	0.041768
479	-0.031809
480	0.028470
483	0.066142
503	-0.006830
508	-0.015047
509	0.015683
530	0.140927
536	-0.072232
556	-0.049029
581	0.031412
583	0.005026
603	-0.061265
606	0.130164
607	0.005702
620	-0.060152
628	0.064883
636	-0.034778
637	0.278176
639	-0.011332
640	-0.042929
644	-0.005838
645	0.001829
677	0.131903
678	-0.098296
679	-0.052636
682	0.032286
698	0.022598
700	0.044732
710	-0.038838
722	0.054947
723	0.071092
724	0.073724
725	0.033197
726	0.069391
747	-0.041616
753	0.057421
755	0.053916
757	-0.099231
765	0.058061
782	0.032398
783	0.029377
793	-0.047987
808	-0.030950
814	-0.069768
840	-0.063485
848	-0.098143
859	0.034696
864	0.135800
867	0.055750
878	0.094751
888	-0.105907
890	0.099280
892	-0.043084
899	0.025597
918	-0.099748
926	-0.055920
933	0.014555
934	-0.025166
981	0.039182
1028	-0.077782
1034	-0.042025
1051	-0.022248
1054	0.038110
1058	-0.024985
1062	0.027583
1063	-0.107907
1064	0.032560
1066	-0.075956
1068	0.024982
1073	-0.014602
1082	-0.004486
1083	0.034918
1086	-0.038631
1089	-0.115488
1090	-0.089681
1091	0.080974
1092	0.127322
1164	-0.075496
1165	0.087049
1174	0.032086
1176	-0.069388
1184	-0.009973
1191	0.014884
1192	-0.044889
1201	-0.182778
1230	0.074089
1339	0.031042
1341	-0.066871
1370	0.075402
1385	-0.046455
1405	0.104817
1437	0.012051
1441	0.043521
1443	0.012398
1521	0.049547
1522	0.019904
1523	0.052882
1524	0.108550
1525	0.137335
1541	0.066821
1542	0.034244
1550	0.089604
1551	0.127680
1596	-0.085974
1597	0.098365
1628	0.007357
1629	0.074212
1633	0.037363
1636	-0.007899
1637	-0.182044
1765	-0.190782
1766	-0.030693
1780	-0.008670
1862	0.006116
1865	-0.029911
1870	-0.000608
1885	-0.117669
1910	0.021000
1911	0.035905
2007	-0.046073
2060	-0.025222
2062	-0.108691
2090	0.056730
2093	0.048176
2094	0.047555
2095	0.021631
2096	0.022998
2100	-0.020839
2101	0.070609
2102	0.047340
2103	0.078401
2104	0.053678
2105	-0.043391
2128	-0.025999
2129	0.045868
2135	0.022113
2190	0.003262
2195	-0.027035
2197	-0.050594
2198	-0.017722
2199	-0.081156
2200	0.026314
2201	-0.019585
2202	-0.021790
2205	0.057743
2217	-0.039502
2218	-0.103548
2221	-0.140554
2272	0.032511
2273	0.040898
2275	-0.043908
2288	-0.022750
2293	0.125993
2298	0.005148
2299	0.009128
2300	-0.013996
2301	-0.010635
2338	-0.010253
2342	0.001320
2343	0.037941
2358	-0.044924
2384	-0.052559
2385	-0.019541
2399	-0.021972
2435	-0.038948
2436	0.121969
2465	0.113816
2467	0.003591
2468	-0.048616
2469	-0.025822
2470	0.076545
2471	-0.057181
2474	0.012762
2620	-0.013224
2650	0.005904
2651	0.058344
2685	-0.011057
2688	0.038164
2730	-0.045718
2843	0.027300
2951	0.084548
2959	0.156454
3236	0.036788
3305	0.032666
3318	0.021165
3340	-0.063235
3352	-0.039509
3355	-0.174545
3356	-0.141314
3365	-0.023215
3366	-0.038999
3367	-0.098555
3368	-0.087758
3401	-0.028546
3405	-0.138157
3434	0.016301
3448	-0.145474
3454	0.074540
3481	-0.036336
3495	0.015556
3504	-0.049108
3532	0.020533
3540	0.008125
3549	-0.067942
3550	0.023824
3569	-0.013233
3595	-0.086418
3596	0.021146
3603	0.021337
3621	-0.038754
3622	-0.054856
3647	0.020660
3649	0.065801
3651	0.015660
3652	-0.006235
3723	0.074247
3757	0.007374
3772	0.176805
3787	-0.009662
3798	0.012504
3799	0.158968
3889	-0.060885
3897	0.001032
3898	0.035136
3904	0.011433
3945	-0.047589
3990	0.039045
4024	-0.003451
4039	-0.037459
4048	0.078435
4050	-0.034069
4076	-0.004480
4094	0.053283
4170	0.080569
4251	-0.067109
4252	-0.010747
4299	-0.006022
4302	-0.040184
4318	-0.060892
4319	-0.034249
4320	0.089682
4360	0.092225
4388	-0.030732
4414	-0.072302
4426	-0.066207
4446	-0.118785
4527	-0.073373
4545	-0.057294
4546	-0.113003
4554	-0.020146
4564	0.101734
4567	0.034207
4634	0.033135
4693	-0.014498
4736	-0.023099
4761	-0.094519
4879	0.019035
5071	0.005700
5138	0.041612
5164	0.037112
5182	0.037063
5183	0.061785
5184	-0.021670
5187	0.009885
5188	0.032414
5189	-0.055761
5193	0.007508
5194	-0.005808
5195	0.006800
5197	-0.100013
5203	-0.083842
5205	-0.005850
5212	0.033998
5213	0.021433
5222	0.127610
5223	-0.104504
5228	-0.146490
5232	-0.048286
5244	-0.133865
5245	-0.042482
5246	0.034810
5248	0.042449
5292	0.010934
5293	-0.096271
5299	0.111308
5300	-0.139124
5315	0.031680
5316	-0.005333
5319	0.033579
5320	0.020156
5321	-0.007516
5322	-0.064703
5323	0.064833
5324	-0.020477
5325	0.056137
5329	0.026837
5342	-0.025548
5343	0.017246
5374	0.024330
5376	0.028710
5378	-0.127667
5379	0.092870
5382	0.136948
5390	0.031305
5398	-0.058032
5402	0.043459
5404	-0.017912
5407	0.033121
5408	0.025698
5409	0.008523
5411	0.117940
5412	-0.035972
5413	0.087561
5416	0.066497
5418	0.064598
5422	0.098210
5425	0.082892
5427	-0.027864
5428	-0.062142
5432	0.053253
5436	-0.093619
5443	0.081308
5444	-0.038294
5458	-0.061862
5462	0.038195
5465	0.017785
5468	-0.063689
5471	0.000565
5480	-0.039637
5481	-0.028619
5485	0.002471
5486	-0.042329
5488	-0.036010
5489	0.004794
5495	-0.032402
5513	-0.005411
5515	0.058138
5516	0.126816
5521	0.071807
5527	0.103512
5528	0.010232
5536	0.006793
5537	-0.088728
5547	0.088553
5565	-0.022275
5573	0.003584
5579	0.002198
5583	-0.017077
5586	-0.109415
5589	-0.079403
5590	-0.115326
5593	-0.035569
5599	0.032919
5604	0.002216
5605	-0.017638
5606	-0.037734
5625	0.066731
5649	-0.052166
5656	-0.063158
5657	0.064197
5658	0.037510
5686	0.070339
5695	-0.061803
5705	-0.141355
5706	-0.064956
5716	-0.027113
5717	0.060583
5718	-0.053082
5719	-0.006472
5720	0.060789
5724	-0.056431
5738	0.170935
5742	-0.003847
5750	-0.045505
5751	0.033163
5756	-0.017606
5761	-0.115964
5768	0.085093
5773	0.033282
5792	0.041789
5793	-0.043689
5794	0.033219
5806	-0.003749
5811	-0.051023
5812	-0.014465
5813	-0.046800
5814	-0.075480
5821	-0.035963
5823	-0.074935
5825	-0.073933
5831	-0.104259
5832	-0.092379
5833	-0.061843
5847	0.015300
5849	0.036390
5851	0.081232
5854	-0.012616
5858	-0.041698
5862	0.018009
5875	-0.152687
5876	0.039483
5903	0.005984
5910	-0.035455
5912	-0.154970
5913	-0.129798
5925	0.059434
5926	-0.036988
5927	-0.041235
5928	-0.108497
5930	0.067048
5931	-0.002665
5933	-0.000580
5934	-0.012605
5937	0.071422
5939	-0.224710
5940	-0.035166
5941	-0.012385
5943	0.025361
5963	0.072814
5964	0.027354
5965	0.003944
5966	0.112256
5968	0.011651
5969	-0.119258
5970	-0.052973
5971	-0.083191
5975	-0.072976
6006	0.054081
6011	-0.024982
6017	0.048416
6019	-0.011948
6022	0.004550
6032	-0.073929
6095	0.066429
6115	0.135100
6116	0.113526
6119	-0.013484
6127	0.010057
6128	0.056691
6130	-0.022658
6140	-0.047982
6141	0.020402
6147	-0.047065
6148	-0.032574
6163	-0.143997
6164	-0.159898
6170	0.035476
6171	0.127910
6177	0.123967
6184	0.055437
6200	0.102520
6204	-0.104427
6206	0.160334
6223	0.100290
6240	0.039782
6245	0.013385
6253	0.085770
6267	-0.003016
6269	-0.037217
6290	-0.077221
6303	0.045560
6317	0.093088
6343	-0.005520
6350	-0.069513
6360	-0.074868
6367	-0.272720
6383	-0.045536
6389	0.092518
6397	0.098266
6398	0.010337
6406	0.012403
6407	-0.165035
6412	0.049222
6413	0.006919
6434	-0.003443
6435	-0.018805
6460	0.044536
6463	-0.028530
6464	-0.018678
6489	-0.022444
6507	0.067436
6510	0.024793
6516	-0.070750
6518	-0.100435
6522	-0.083198
6523	-0.063490
6524	0.030095
6525	0.076966
6531	-0.062194
6536	0.003970
6575	-0.098994
6584	0.000235
6585	0.000601
6586	-0.051584
6594	0.008546
6595	-0.108726
6610	-0.007097
6612	-0.022675
6615	-0.085987
6624	-0.074866
6628	-0.025421
6649	0.059285
6698	0.106053
6706	0.056976
6718	0.085044
6719	0.069470
6722	0.043880
6770	0.120204
6780	-0.105424
6781	-0.072820
6794	-0.080559
6795	-0.123597
6796	-0.183132
6799	-0.166447
6809	0.066879
6837	0.014299
6838	0.021436
6839	-0.049194
6846	0.026553
6865	-0.028473
6869	0.047314
6870	0.057279
6871	0.020966
6873	-0.003469
6876	0.021162
6885	-0.033358
6895	0.019523
6896	-0.003292
6897	-0.045475
6900	0.024508
6903	0.022776
6906	-0.015144
6916	-0.069214
6917	0.026860
6918	-0.032498
6919	-0.073554
6938	-0.020595
6941	-0.043208
6942	0.043282
6943	0.043074
6944	-0.030224
6948	0.078307
6953	-0.006972
6957	0.006719
6958	-0.001418
6970	0.060819
6971	0.008921
6976	0.034346
6977	-0.000861
6990	0.009976
7014	0.023937
7015	0.046743
7016	-0.044661
7018	-0.002944
7019	0.045935
7042	-0.001568
7053	0.044618
7066	0.086701
7067	0.034979
7083	-0.071771
7092	0.077251
7100	0.030993
7103	0.083618
7110	0.003215
7111	0.001769
7112	0.047889
7113	0.107193
7116	0.041677
7119	0.061518
7120	0.052792
7121	-0.048046
7122	-0.028183
7140	0.018485
7143	0.206380
7157	-0.051811
7165	0.054148
7175	0.062713
7178	0.092599
7206	0.036312
7207	0.091422
7217	0.122870
7218	0.030735
7221	0.047704
7227	0.011903
7230	-0.013030
7236	-0.020067
7239	-0.056436
7242	-0.036890
7260	-0.103903
7268	0.018601
7269	0.022359
7304	0.015058
7326	-0.026898
7327	0.014942
7336	-0.024177
7342	0.041673
7346	-0.021911
7348	-0.119376
7355	-0.080558
7361	0.008727
7372	0.011789
7387	-0.084196
7422	-0.089016
7423	0.119564
7425	-0.046180
7436	-0.037163
7442	0.071225
7446	-0.042374
7448	0.127673
7453	0.080233
7463	0.099388
7492	-0.042440
7493	-0.049489
7494	-0.024717
7495	0.054597
7518	-0.054325
7520	0.026870
7540	0.096008
7546	0.022106
7556	-0.021034
7559	0.045118
7560	0.085661
7561	0.023705
7564	-0.047331
7575	0.014840
7583	0.035682
7585	0.076122
7586	0.103517
7599	-0.019254
7600	-0.178444
7606	0.003074
7614	0.093515
7617	0.105193
7622	0.072503
7629	-0.115527
7637	-0.066831
7640	0.058353
7657	0.031412
7665	0.022970
7666	-0.018189
7667	-0.072360
7668	0.032220
7669	-0.212305
7670	0.136558
7671	-0.020475
7681	0.330263
7683	0.111629
7684	0.077571
7696	-0.040413
7722	-0.050140
7723	0.110028
7799	-0.018248
7852	-0.086242
7859	0.036593
7860	-0.001950
7861	0.074368
7865	-0.040588
7875	0.001938
7876	-0.068640
7895	-0.001063
7913	0.014751
7917	-0.070540
7952	-0.061057
7969	-0.167475
7971	0.047124
8000	0.020438
8002	0.007368
8006	0.078441
8036	0.098676
8056	0.077057
8069	-0.230761
8103	-0.022620
8107	-0.044342
8120	0.034413
8122	-0.093942
8125	0.031319
8127	-0.058579
8136	-0.022381
8149	-0.052821
8154	-0.023634
8197	0.021700
8208	0.063045
8223	0.226141
8232	0.031240
8241	-0.023722
8256	0.087348
8262	0.080160
8266	0.010746
8267	0.036997
8268	-0.010227
8269	-0.007440
8271	0.052574
8273	0.084437
8280	0.000306
8284	-0.030285
8303	0.068802
8304	-0.075992
8305	-0.063881
8308	-0.006436
8332	-0.140248
8333	0.010046
8334	0.007730
8338	0.098650
8363	0.105795
8370	-0.048747
8398	-0.020710
8465	0.085826
8468	0.041116
8469	-0.030296
8470	0.031768
8507	-0.012804
8552	-0.070669
8572	0.019554
8574	0.030443
8577	0.091027
8586	0.052515
8592	0.094580
8593	0.050803
8594	-0.021643
8597	0.015070
8599	0.007671
8606	-0.026697
8607	0.061927
8615	-0.040505
8617	-0.052472
8626	0.030258
8636	-0.001233
8669	0.033331
8671	0.008331
8673	0.011038
8675	-0.016228
8790	0.031816
8791	-0.005150
8811	0.124966
8822	-0.020842
8841	-0.020229
8849	-0.014835
8856	-0.138632
8875	0.025595
8884	-0.077522
8906	-0.190030
8907	0.033745
8910	0.053428
8911	0.292123
8912	0.117592
8913	-0.088464
8934	-0.059992
8935	-0.087021
8954	0.097996
8968	-0.049990
8972	-0.073577
9001	-0.014818
9029	0.082355
9032	0.080953
9058	-0.041831
9059	-0.048100
9068	-0.090597
9070	0.001834
9108	-0.030561
9139	0.025676
9140	0.066865
9158	0.001487
9187	-0.030974
9188	0.049928
9189	-0.069200
9190	0.031912
9253	-0.004048
9259	0.110565
9268	-0.038019
9269	0.029254
9271	-0.049719
9312	-0.062218
9323	0.008365
9329	0.017606
9330	0.024840
9331	0.006951
9356	-0.028204
9376	-0.055629
9394	0.136196
9424	-0.037898
9428	0.023511
9429	0.064685
9496	0.002020
9536	-0.096656
9543	0.047861
9589	0.102020
9614	-0.021152
9615	0.071981
9617	-0.003733
9631	-0.114368
9661	-0.021241
9668	-0.108494
9718	0.000376
9728	-0.060101
9734	-0.101551
9788	0.019986
9791	-0.025219
9793	-0.022895
9804	-0.048514
9809	0.076202
9810	0.042613
9823	-0.028197
9828	-0.037335
9907	0.046326
9951	-0.062031
9968	-0.041335
9969	0.020149
10010	-0.086268
10011	-0.065967
10012	-0.090465
10018	0.049554
10021	0.094510
10022	-0.058736
10031	0.033248
10032	-0.039705
10033	-0.098510
10034	-0.020911
10035	-0.094902
10039	0.021303
10044	-0.071824
10045	-0.134195
10060	0.137217
10065	0.149359
10077	-0.076866
10080	0.090757
10130	-0.074848
10131	0.030847
10149	-0.005103
10194	0.073135
10197	0.117038
10221	0.060459
10226	0.043792
10232	-0.037396
10233	0.075231
10263	-0.081676
10264	-0.012487
10274	0.033549
10286	0.175217
10292	-0.024263
10299	0.055435
10302	0.065997
10324	0.115067
10355	0.017080
10358	-0.024595
10362	-0.036293
10366	-0.084978
10368	-0.029193
10370	-0.083802
10392	0.094084
10405	-0.096995
10406	0.047116
10409	0.109792
10419	-0.101233
10420	-0.053696
10424	-0.087844
10434	0.098093
10455	-0.023638
10478	-0.047878
10480	0.071746
10484	0.009103
10510	0.075516
10519	-0.232258
10520	0.025770
10524	0.113180
10578	0.059435
10630	-0.000462
10643	0.127458
10645	0.022305
10677	0.002769
10678	-0.049665
10690	0.016726
10717	-0.019874
10718	-0.004354
10719	-0.091073
10721	0.015675
10723	0.067608
10735	-0.093249
10736	0.045807
10829	-0.091697
10837	0.084461
10846	0.051182
10921	0.053553
10922	-0.093631
10923	-0.025625
10924	-0.013433
10964	-0.053136
10978	-0.025868
11017	-0.148069
11018	-0.084016
11019	0.251163
11032	-0.011906
11034	-0.055284
11035	-0.032359
11036	-0.043135
11052	-0.096747
11056	0.050047
11060	-0.059196
11063	0.089743
11064	0.098484
11068	0.014938
11069	0.055642
11090	-0.062098
11098	0.024963
11099	-0.051104
11100	0.001854
11105	-0.045108
11109	-0.035678
11122	-0.070883
11123	-0.042891
11125	-0.075386
11126	0.050062
11149	0.012469
11153	0.002656
11188	0.085948
11193	-0.086906
11230	-0.059106
11233	-0.104630
11236	0.403081
11243	0.099419
11251	0.068875
11259	0.016069
11263	-0.078794
11272	-0.239524
11321	-0.022059
11322	0.111548
11326	0.078122
11327	0.010991
11335	-0.073219
11337	0.039908
11343	0.004064
11390	0.095549
11444	0.016901
11464	0.032703
11471	0.044176
11472	0.030561
11473	-0.094131
11492	0.101300
11499	-0.074352
11500	0.104332
11505	0.075805
11527	0.029431
11528	-0.005446
11532	0.003587
11564	0.089858
11589	-0.015184
11591	0.163329
11592	0.023909
11599	0.102503
11605	0.142624
11617	-0.022230
11630	0.068698
11631	-0.373217
11632	0.121216
11656	0.163319
11657	0.081253
11777	-0.074327
11786	0.088705
11812	-0.025920
12020	0.003352
12061	-0.034640
12115	0.164252
12154	0.045371
12155	0.184893
12156	0.070213
12159	0.071455
12174	-0.035221
12176	-0.001918
12230	-0.085974
12234	0.047869
12236	-0.003395
12237	-0.015065
12250	-0.037122
12252	0.028639
12253	-0.034382
12315	0.009781
12381	0.035960
12382	-0.069661
12438	-0.091231
12455	-0.027958
12462	-0.105085
12478	0.006005
12603	-0.164900
12711	0.089978
12714	0.051042
12716	-0.013971
12754	0.033594
12785	0.085642
12788	-0.244602
12792	-0.010914
12898	0.093648
12944	-0.067324
12949	0.142117
13062	0.026658
13099	0.104643
13160	-0.000959
13198	-0.032319
13239	0.041556
13249	0.104127
13262	0.029150
13263	-0.149724
13272	-0.001901
13273	-0.035213
13277	-0.085189
13305	0.025525
13342	0.031006
13343	-0.009440
13345	-0.135484
13351	-0.006360
13357	-0.160089
13427	-0.087672
13436	0.100912
13455	0.018622
13528	-0.003190
13532	-0.073445
13553	-0.175213
13566	0.130994
13651	-0.052148
13653	-0.166497
13675	-0.049305
13676	0.008561
13677	-0.082617
13678	-0.019558
13681	-0.087836
13688	-0.131139
13697	-0.222811
13705	-0.159980
13708	-0.166315
13737	-0.021031
13760	-0.077915
13923	0.090913
13927	0.019772
13995	0.043127
14002	-0.114075
14003	-0.174269
14021	-0.237852
14034	-0.074305
14064	-0.060972
14110	-0.041239
14155	0.077461
14203	0.029831
14208	0.080545
14340	-0.010165
14356	-0.086588
14389	-0.000051
14499	0.066628
14625	-0.161578
14632	-0.025829
14637	-0.079855
14641	0.016666
14685	-0.127735
14694	0.065930
14695	0.102785
14699	-0.074930
14700	0.001078
14749	-0.052208
14760	0.106798
14790	0.044839
14791	0.089332
14796	0.057634
14797	0.105542
14891	-0.078051
14927	0.014629
15099	-0.040882
15182	-0.068196
15243	-0.149914
15245	-0.046500
15254	0.032330
15322	0.045837
15327	-0.074773
15463	-0.014216
15496	0.026530
15499	-0.002798
15502	-0.042661
15514	-0.036462
15566	-0.056208
15580	0.191572
15583	0.268413
15586	0.015674
15601	-0.198046
15621	0.064223
15780	-0.134374
15869	-0.053945
16082	0.058993
16281	-0.121418
16293	0.114342
16300	-0.003270
16304	-0.010798
16360	-0.007934
16361	-0.047250
16367	-0.201650
16432	0.061585
16433	0.137823
16438	-0.038943
16446	0.059365
16453	0.046967
16463	0.139765
16466	0.039202
16477	-0.219718
16482	-0.089435
16605	-0.029296
16606	0.109313
16635	0.085789
16638	0.038993
16655	-0.010759
16673	0.030637
16676	-0.017486
16677	-0.045994
16678	-0.004460
16808	0.048992
16829	-0.110374
17150	0.078910
17182	-0.101454
17199	0.047505
17273	0.116514
17431	0.070250
17466	0.180902
17472	0.027602
17485	-0.010075
17585	-0.067528
17620	-0.045894
17647	-0.117826
17690	0.011657
17772	-0.042649
18410	-0.051749
19647	-0.028706
21458	0.017967
21885	-0.121462
21973	-0.034616
21976	0.064304
21977	0.070207
22084	0.047387
23475	0.026748
23754	0.013827
23764	0.039272
24372	-0.052832
24918	-0.216305
24944	0.008260
25022	-0.027061
25140	-0.109196
26484	-0.043651
27764	-0.035510
28424	0.026122
28845	0.126238
29861	-0.183780
30684	0.053112
31288	0.130463
31704	0.044824
32421	-0.057596
32520	-0.064617
32893	0.034102
34340	-0.261285
35227	-0.075048
35334	-0.002550
36499	-0.082794
36843	0.026949
36844	0.063969
36955	-0.020479
36970	-0.048617
39336	-0.046683
39353	-0.070524
40538	0.082052
40541	-0.013095
40542	-0.033087
40599	-0.210503
40601	-0.082199
40602	-0.047804
40656	-0.013771
40657	0.067293
42157	0.026226
42203	0.031395
42204	0.090285
42851	0.016007
43061	-0.043673
44144	-0.066338
45195	-0.125872
47030	0.044785
47285	0.277265
47317	0.099763
47457	0.024490
47460	-0.001301
48147	-0.118338
48297	0.087364
48474	0.009788
48696	0.046240
49516	0.059020
49630	0.137250
49927	-0.089109
50199	-0.067287
50249	0.133167
50259	0.152261
50904	-0.130783
53231	0.046416
53471	-0.075700
53531	0.118261
53986	-0.020685
55057	0.003533
56431	-0.122021
56432	-0.124855
56466	-0.210054
56478	0.108283
56621	0.050061
57644	0.012422
57756	0.034458
58783	-0.016540
59657	0.037989
59715	0.020628
64825	-0.027129
64947	-0.073152
65950	0.147875
70102	-0.225114
75003	0.021963
75099	0.022032
75742	0.163484
75823	-0.067163
75824	0.024658
78157	-0.017631
78181	0.051952
78191	-0.009119
80479	0.060686
80480	0.068270
80715	-0.030163
80719	-0.021549
80750	-0.046809
81231	-0.085523
84436	-0.185099
84780	-0.054501
84844	-0.068174
85002	-0.044146
85003	-0.038223
85659	0.132487
85663	0.091640
85710	0.169083
92185	0.279858
96142	0.133780
96144	-0.056557
96482	0.054734
98871	0.052570
