# 1342 minima projected onto PC12
# Min	PC
3	-0.254667
4	0.582606
5	-0.500115
6	-0.208144
7	0.060789
9	0.746159
16	0.697010
17	-0.461373
21	0.368558
23	-0.063628
31	1.023898
44	1.146709
47	0.075641
48	0.572932
51	0.204679
52	0.218672
55	1.292707
56	0.844666
57	1.063762
58	1.009470
60	-1.581403
67	1.432611
68	1.884686
71	0.351693
72	1.115323
74	1.176496
79	0.579045
82	0.736532
85	0.481699
86	-0.511064
87	0.325387
88	-0.270829
91	0.421174
92	0.540812
94	0.075394
95	1.567184
97	0.847398
104	-0.885326
106	0.727449
109	-0.053061
111	0.908207
115	0.958803
120	0.220913
126	1.316498
129	0.330670
136	0.517740
137	-0.316482
188	1.443630
189	0.261719
196	0.508513
199	1.113490
200	-0.648282
202	-0.848472
211	0.099310
213	0.110755
214	0.312370
219	0.800587
221	0.870943
276	1.071500
279	2.115788
283	1.337335
295	1.684315
308	0.962539
312	0.989112
315	0.980485
318	0.504148
319	-0.732193
321	0.832540
324	0.279121
328	-0.495757
334	1.926023
336	-0.378849
338	0.307238
347	1.106233
351	1.137895
352	1.252006
354	0.487806
357	2.075350
359	-0.348763
362	1.651715
364	1.070418
365	0.253134
368	0.902603
376	-1.763233
377	-1.525484
380	1.239052
386	1.266505
388	-0.868549
390	0.810973
396	1.023975
404	1.837928
410	1.698513
413	1.296811
420	0.689186
423	0.540811
424	0.625890
437	1.158550
438	1.074611
444	2.123588
452	1.741849
473	0.469865
474	0.364509
475	0.464127
476	0.495597
478	-0.715722
479	0.352374
480	-0.184661
483	0.391120
503	1.787024
508	0.350421
509	1.125847
530	0.920657
536	-0.762805
556	1.310545
581	1.233081
583	1.082599
603	2.627764
606	-0.913547
607	-1.213008
620	-0.643219
628	0.870978
636	-1.076510
637	-0.182286
639	-0.799773
640	-0.436103
644	0.641438
645	-0.270256
677	-0.783096
678	0.751381
679	0.369203
682	0.886393
698	-0.381945
700	2.211340
710	1.602541
722	0.518567
723	0.878045
724	0.054507
725	-1.353100
726	-0.419445
747	1.726228
753	1.202422
755	-0.620799
757	0.156822
765	0.681806
782	0.402570
783	0.016131
793	-2.221331
808	1.948421
814	-0.421580
840	0.881124
848	0.630936
859	1.011877
864	0.287045
867	0.178679
878	0.145256
888	-0.906932
890	0.099165
892	-0.127047
899	-0.479283
918	1.477691
926	0.731005
933	-0.202914
934	-0.384272
981	0.173956
1028	-0.232386
1034	0.350785
1051	0.760926
1054	1.229489
1058	-0.335558
1062	3.005338
1063	0.220939
1064	2.317894
1066	1.279309
1068	1.867364
1073	0.108774
1082	-0.390357
1083	-0.685635
1086	-0.295291
1089	0.117330
1090	0.276538
1091	0.114180
1092	1.834335
1164	1.575976
1165	0.923900
1174	-1.263985
1176	-1.431872
1184	-0.661812
1191	-0.297289
1192	-0.998042
1201	-1.851671
1230	0.482289
1339	0.396942
1341	-0.116081
1370	0.878813
1385	2.056248
1405	-2.828758
1437	-0.072277
1441	-0.182700
1443	0.108574
1521	-0.744101
1522	-0.009757
1523	1.133564
1524	0.713188
1525	1.163834
1541	-4.294466
1542	-0.343562
1550	2.138651
1551	1.711697
1596	0.507345
1597	-4.857775
1628	-3.484483
1629	-3.999116
1633	-1.438808
1636	-0.079511
1637	-1.249917
1765	0.036006
1766	-0.115784
1780	0.643246
1862	1.076314
1865	0.578390
1870	0.238486
1885	0.415013
1910	0.738637
1911	0.875859
2007	-0.217563
2060	0.275447
2062	1.595218
2090	1.117911
2093	1.408104
2094	1.086125
2095	0.219314
2096	-2.420590
2100	0.121986
2101	-0.916815
2102	-1.218756
2103	-0.226723
2104	-0.518158
2105	0.332055
2128	-0.424187
2129	-0.541673
2135	-0.596500
2190	0.615611
2195	-0.251682
2197	-1.006420
2198	-1.018184
2199	-0.809312
2200	0.629521
2201	0.023572
2202	-0.166154
2205	0.293835
2217	2.410985
2218	2.266215
2221	0.537398
2272	1.285689
2273	0.362510
2275	0.833534
2288	-0.864297
2293	0.576842
2298	-0.770195
2299	0.494015
2300	-0.874521
2301	-0.560596
2338	1.756167
2342	0.076274
2343	-1.480935
2358	0.200983
2384	1.425845
2385	1.679769
2399	-1.463146
2435	0.790347
2436	0.521743
2465	1.879865
2467	0.317664
2468	-0.123519
2469	-0.385755
2470	1.129698
2471	-1.045360
2474	0.201259
2620	-1.188574
2650	0.535703
2651	1.648559
2685	1.550444
2688	0.936805
2730	0.298963
2843	0.937745
2951	2.193413
2959	0.517935
3236	1.286294
3305	0.905554
3318	1.022267
3340	0.874080
3352	0.110829
3355	0.762696
3356	1.872660
3365	2.394944
3366	2.677323
3367	2.439235
3368	2.172564
3401	0.710426
3405	-0.472438
3434	1.103591
3448	-0.548975
3454	1.935095
3481	1.174012
3495	-0.673520
3504	-0.278490
3532	-3.366814
3540	1.369792
3549	1.685523
3550	1.830151
3569	-3.949272
3595	1.082978
3596	1.634279
3603	-0.798932
3621	-0.156023
3622	1.027881
3647	-1.358099
3649	-0.083421
3651	-0.302359
3652	-0.245060
3723	0.794814
3757	1.182133
3772	-3.074263
3787	0.819562
3798	2.477396
3799	1.876546
3889	0.204007
3897	-1.191203
3898	0.237460
3904	0.401957
3945	-0.119686
3990	0.319404
4024	-0.336343
4039	0.667695
4048	1.621965
4050	1.566531
4076	1.243361
4094	1.922272
4170	-0.315751
4251	1.169040
4252	0.425130
4299	-0.375681
4302	0.035201
4318	2.186988
4319	1.950945
4320	1.398451
4360	1.749931
4388	0.001208
4414	0.715269
4426	0.344016
4446	-1.299425
4527	1.284926
4545	1.543663
4546	1.114632
4554	1.005858
4564	0.196112
4567	1.319942
4634	-0.314788
4693	1.452564
4736	0.364346
4761	1.002532
4879	1.074694
5071	1.021458
5138	-0.175976
5164	0.875275
5182	-4.610534
5183	-4.720443
5184	2.105242
5187	0.338934
5188	-0.574851
5189	-1.330433
5193	-1.185077
5194	-1.173795
5195	-1.421347
5197	0.136940
5203	-4.431457
5205	-3.278847
5212	-2.135543
5213	-2.992507
5222	0.956962
5223	0.463624
5228	1.880387
5232	0.119718
5244	2.183651
5245	-3.962716
5246	-3.023368
5248	0.258024
5292	0.634686
5293	0.961614
5299	1.255314
5300	0.657869
5315	-0.656792
5316	-0.826917
5319	0.066487
5320	-0.971680
5321	0.359477
5322	-0.259755
5323	1.107757
5324	1.875898
5325	1.723401
5329	1.377579
5342	-0.132161
5343	-0.414957
5374	-2.148139
5376	1.409023
5378	-1.135803
5379	0.841927
5382	-0.060162
5390	-1.027803
5398	-0.442487
5402	-1.443875
5404	0.605412
5407	0.069019
5408	-1.239353
5409	-1.121059
5411	0.177714
5412	-0.569469
5413	-0.683156
5416	-0.795128
5418	-1.006892
5422	-0.046364
5425	-0.137110
5427	-0.532594
5428	0.242462
5432	1.022786
5436	-0.670140
5443	1.398408
5444	0.422157
5458	0.653979
5462	0.141961
5465	1.048774
5468	1.151950
5471	-0.101392
5480	1.000031
5481	0.973887
5485	1.218752
5486	1.147170
5488	0.305743
5489	0.976635
5495	0.533312
5513	-0.781786
5515	-0.401455
5516	-1.469674
5521	0.958078
5527	-0.291765
5528	0.385620
5536	-0.915969
5537	0.084495
5547	0.108657
5565	1.014550
5573	0.231773
5579	0.349993
5583	-0.637393
5586	0.384101
5589	-0.920870
5590	-0.294965
5593	-1.886242
5599	-0.569089
5604	-0.521546
5605	-1.412614
5606	1.142889
5625	-0.314393
5649	0.810018
5656	-0.809307
5657	-1.177727
5658	1.841413
5686	1.028987
5695	0.870133
5705	0.817720
5706	0.308626
5716	1.224051
5717	1.789813
5718	0.286961
5719	0.949580
5720	1.370303
5724	1.621817
5738	2.788440
5742	2.058674
5750	0.717968
5751	0.183482
5756	-0.081176
5761	1.028312
5768	1.072264
5773	-0.938994
5792	-0.111688
5793	0.054940
5794	0.528822
5806	-1.955788
5811	1.493195
5812	-0.727942
5813	-0.519308
5814	1.719799
5821	-0.832623
5823	0.542071
5825	-0.884574
5831	0.051130
5832	-0.468637
5833	0.471420
5847	2.257004
5849	-1.695729
5851	0.037850
5854	0.149879
5858	0.774133
5862	0.325561
5875	-1.532378
5876	-3.667062
5903	-0.408780
5910	-1.719984
5912	-1.258525
5913	-1.132453
5925	-1.054827
5926	-0.344270
5927	-0.751290
5928	-0.996556
5930	-0.151753
5931	-1.157965
5933	0.252914
5934	1.194473
5937	2.869770
5939	0.300970
5940	2.190486
5941	1.023468
5943	0.453255
5963	-0.142476
5964	1.572611
5965	1.272579
5966	-1.756412
5968	-1.950655
5969	0.371260
5970	0.121361
5971	-0.288729
5975	0.344831
6006	-0.604711
6011	-1.287353
6017	-0.378415
6019	-1.090406
6022	0.566004
6032	0.139093
6095	-4.129660
6115	2.234206
6116	-2.312799
6119	-0.516566
6127	0.392314
6128	0.194700
6130	0.202799
6140	1.389423
6141	-4.444322
6147	-0.543458
6148	-1.424635
6163	1.453222
6164	-0.071194
6170	-3.249215
6171	-3.926837
6177	-4.463724
6184	-3.329209
6200	-4.379276
6204	-1.655290
6206	-4.940653
6223	-3.070529
6240	-4.791974
6245	1.339836
6253	0.618466
6267	1.061190
6269	0.472279
6290	1.088778
6303	-0.735283
6317	1.987917
6343	1.514689
6350	1.224674
6360	1.159535
6367	0.323359
6383	1.333925
6389	-2.042335
6397	0.381416
6398	1.357095
6406	-0.668863
6407	1.317394
6412	-1.340674
6413	-0.365860
6434	0.328626
6435	1.048872
6460	0.062399
6463	0.888867
6464	0.513934
6489	0.009934
6507	1.041267
6510	-1.128261
6516	0.009840
6518	0.209667
6522	-0.677722
6523	-0.393458
6524	0.682386
6525	0.492972
6531	-0.847130
6536	0.901437
6575	-1.175308
6584	0.951373
6585	-2.568186
6586	-0.159854
6594	-1.670882
6595	-1.077196
6610	-0.647247
6612	-0.246460
6615	-0.906372
6624	-0.735087
6628	-0.697547
6649	-1.023279
6698	-0.791002
6706	-0.462247
6718	-1.811923
6719	0.096116
6722	-2.211628
6770	-4.427202
6780	0.254183
6781	-0.090255
6794	-1.781912
6795	0.260407
6796	-1.594422
6799	-1.049004
6809	-0.735152
6837	2.205250
6838	1.743618
6839	1.672472
6846	0.332974
6865	-0.710999
6869	0.340532
6870	-2.299704
6871	-0.486914
6873	-0.968938
6876	0.404890
6885	-0.748102
6895	-1.641836
6896	-1.144368
6897	-3.129282
6900	-2.129032
6903	-0.190228
6906	0.359711
6916	-0.916290
6917	-2.543651
6918	-0.517029
6919	-1.515958
6938	-1.545608
6941	-0.509820
6942	-0.960885
6943	-1.458872
6944	-1.601431
6948	-1.929676
6953	-1.458195
6957	0.090377
6958	-1.634290
6970	-0.744995
6971	-0.031896
6976	0.126411
6977	1.734498
6990	-0.237545
7014	-2.202547
7015	-2.406050
7016	-0.740934
7018	-1.057391
7019	-0.921294
7042	-0.304531
7053	-1.151504
7066	-1.982805
7067	-0.072952
7083	-1.145479
7092	-3.486913
7100	-0.376326
7103	0.401652
7110	-2.530850
7111	-2.124692
7112	-1.966096
7113	-0.780960
7116	-2.063742
7119	-1.423554
7120	-0.815212
7121	-2.125532
7122	-2.318018
7140	-2.752139
7143	0.664106
7157	0.467359
7165	-3.073731
7175	-1.212732
7178	-0.992116
7206	-0.715672
7207	0.346077
7217	0.680126
7218	-1.892093
7221	-1.299690
7227	-1.361860
7230	0.806932
7236	-0.590595
7239	-3.948302
7242	-1.249830
7260	-4.130228
7268	-3.276245
7269	1.315810
7304	-3.623828
7326	-1.011038
7327	-0.016993
7336	-1.465450
7342	2.910793
7346	-0.194339
7348	0.522392
7355	-1.476969
7361	-0.993277
7372	-1.678884
7387	-0.937739
7422	0.400268
7423	-0.505754
7425	0.910483
7436	0.493397
7442	-0.324814
7446	-0.739466
7448	-5.175309
7453	0.519458
7463	-0.360540
7492	-2.535269
7493	-2.732877
7494	-3.706365
7495	-1.875025
7518	1.598899
7520	0.886646
7540	2.030576
7546	0.884106
7556	1.143861
7559	3.209137
7560	2.947906
7561	0.780321
7564	0.703345
7575	2.015639
7583	1.947868
7585	0.615175
7586	-3.041325
7599	-3.553726
7600	-0.894153
7606	-2.934125
7614	2.399515
7617	0.856180
7622	0.590091
7629	0.480785
7637	-1.383052
7640	-0.719836
7657	-0.111741
7665	0.234676
7666	0.820424
7667	0.551552
7668	-1.269040
7669	-0.409824
7670	-2.017248
7671	0.270538
7681	-0.639697
7683	-1.314306
7684	2.597498
7696	2.696502
7722	-0.327286
7723	-0.371968
7799	-4.535703
7852	-0.790468
7859	1.154374
7860	0.738809
7861	0.754017
7865	-3.316186
7875	1.158339
7876	-0.639214
7895	0.131840
7913	1.233702
7917	-1.027158
7952	-0.008698
7969	-0.966892
7971	1.087331
8000	0.370041
8002	-1.150125
8006	1.307323
8036	-0.962043
8056	0.407610
8069	0.270776
8103	-0.210355
8107	1.603946
8120	0.413118
8122	0.076575
8125	-0.220793
8127	-0.537589
8136	-0.987279
8149	-0.129859
8154	-0.559359
8197	-0.405250
8208	-1.540593
8223	1.228824
8232	2.042106
8241	0.228053
8256	0.605622
8262	-0.488465
8266	0.597946
8267	0.630365
8268	0.390356
8269	0.262986
8271	-0.561357
8273	0.439720
8280	-0.029158
8284	0.471256
8303	0.349992
8304	-0.772611
8305	0.419716
8308	1.184728
8332	-3.743885
8333	-1.817011
8334	-1.045329
8338	-4.277272
8363	-0.926556
8370	-0.841616
8398	0.185441
8465	-3.769852
8468	1.424455
8469	1.776169
8470	2.765266
8507	0.754083
8552	0.692069
8572	-0.174597
8574	-0.963459
8577	1.501452
8586	2.304839
8592	2.076145
8593	0.441046
8594	0.819158
8597	1.037506
8599	2.065728
8606	-1.624492
8607	0.491756
8615	-1.926078
8617	-0.794082
8626	0.383647
8636	1.111238
8669	0.468242
8671	-1.878692
8673	0.204932
8675	2.562005
8790	-1.392137
8791	-0.427366
8811	-1.587595
8822	-0.929234
8841	-2.002613
8849	-0.463059
8856	-0.138973
8875	0.076141
8884	-0.557377
8906	0.518267
8907	-2.126619
8910	-1.372415
8911	-0.382168
8912	-0.821523
8913	-2.312989
8934	2.366685
8935	2.628684
8954	0.277225
8968	0.378516
8972	-0.107706
9001	0.456701
9029	-2.937000
9032	-2.773159
9058	-0.419328
9059	1.457796
9068	-1.774567
9070	-2.179534
9108	2.260422
9139	-2.054193
9140	-2.284674
9158	1.042777
9187	-0.851962
9188	-0.262251
9189	-0.680605
9190	0.477798
9253	1.835485
9259	1.116097
9268	0.358836
9269	1.456440
9271	2.008617
9312	0.973948
9323	0.515410
9329	0.737296
9330	1.976804
9331	2.381128
9356	0.646705
9376	-0.763669
9394	0.947993
9424	-3.717173
9428	1.714631
9429	1.631674
9496	0.357225
9536	-0.772483
9543	-2.820578
9589	-0.770668
9614	0.513096
9615	-1.555819
9617	-1.975228
9631	-1.076212
9661	1.426787
9668	2.065103
9718	-1.779506
9728	-1.201730
9734	-0.889871
9788	1.537577
9791	2.695516
9793	2.030069
9804	-0.742484
9809	-0.246195
9810	-0.397025
9823	0.538743
9828	0.736871
9907	1.106181
9951	-1.865064
9968	1.593243
9969	2.505691
10010	-0.996563
10011	-0.920593
10012	-0.350816
10018	0.051738
10021	-1.490621
10022	-1.018541
10031	-1.724715
10032	-0.890819
10033	-0.443366
10034	-1.516858
10035	-1.095782
10039	-0.789025
10044	-0.131787
10045	-1.628436
10060	-1.555007
10065	-0.281063
10077	1.155653
10080	-0.467335
10130	-2.739070
10131	-1.882145
10149	-1.735851
10194	-1.481469
10197	-4.514748
10221	-2.100047
10226	-0.980148
10232	-4.325885
10233	-3.972951
10263	-0.882446
10264	-0.640537
10274	-2.019829
10286	-1.899589
10292	-0.590804
10299	0.615874
10302	-0.004805
10324	2.017459
10355	-1.893286
10358	-0.508942
10362	-2.053222
10366	-2.232368
10368	-1.062587
10370	-0.638524
10392	-1.530818
10405	2.236885
10406	0.472861
10409	-0.300619
10419	0.636176
10420	-0.517112
10424	-0.580923
10434	-2.130505
10455	1.279549
10478	-0.273575
10480	-0.198587
10484	-0.503259
10510	0.795134
10519	-0.166375
10520	1.037064
10524	1.653813
10578	-0.897789
10630	1.177394
10643	0.134049
10645	-0.137018
10677	0.793070
10678	1.064690
10690	-0.007719
10717	-0.043204
10718	-0.172252
10719	-0.882780
10721	0.584172
10723	-1.042643
10735	0.853620
10736	0.967762
10829	-0.831186
10837	-1.205440
10846	-1.474112
10921	2.522225
10922	-0.427801
10923	-1.003732
10924	-0.833912
10964	-0.757276
10978	-2.221689
11017	-0.435649
11018	-0.150488
11019	-0.728543
11032	0.816131
11034	0.100527
11035	-0.195761
11036	1.119735
11052	-0.270252
11056	0.930754
11060	1.054501
11063	1.533094
11064	1.355052
11068	1.812047
11069	1.422526
11090	1.736186
11098	0.885657
11099	1.379867
11100	1.629021
11105	0.180659
11109	-0.587775
11122	0.029993
11123	-0.314718
11125	1.743075
11126	1.442636
11149	-0.152862
11153	-0.241868
11188	0.379915
11193	1.294367
11230	1.614627
11233	0.814307
11236	2.297900
11243	-2.041566
11251	-2.169323
11259	-0.202356
11263	1.722948
11272	0.205811
11321	-0.933400
11322	1.156966
11326	0.944340
11327	0.071938
11335	0.194818
11337	-0.967543
11343	0.990331
11390	-0.687547
11444	-0.462076
11464	0.216604
11471	-0.140918
11472	0.025102
11473	0.712997
11492	-0.015376
11499	-0.403257
11500	0.582574
11505	-1.679656
11527	0.146015
11528	0.309355
11532	-3.516817
11564	1.613455
11589	-0.809946
11591	0.391992
11592	-0.387404
11599	1.654304
11605	-1.171923
11617	-2.112535
11630	0.930855
11631	0.224140
11632	-1.227784
11656	-2.731680
11657	-1.112554
11777	-0.424847
11786	1.246958
11812	-3.101298
12020	-1.429339
12061	0.639982
12115	1.871798
12154	-0.186035
12155	1.899416
12156	2.569149
12159	2.672702
12174	2.476836
12176	0.692343
12230	1.700080
12234	-0.201242
12236	0.815968
12237	-0.845335
12250	-0.451430
12252	-0.038343
12253	0.020040
12315	-1.278581
12381	1.511795
12382	1.582089
12438	-0.354152
12455	-0.229406
12462	-1.177829
12478	-0.022766
12603	-2.172228
12711	2.373103
12714	2.574915
12716	-0.597118
12754	1.657752
12785	-3.424714
12788	-1.620712
12792	-3.137578
12898	-0.967023
12944	-0.291157
12949	-0.974052
13062	-4.275923
13099	2.226321
13160	1.941151
13198	-0.647895
13239	-0.410335
13249	1.251490
13262	-2.266722
13263	-1.329199
13272	-0.727811
13273	-4.423056
13277	1.694896
13305	0.393826
13342	0.208133
13343	0.212406
13345	-0.388163
13351	0.702218
13357	1.668202
13427	0.172867
13436	0.223721
13455	1.583431
13528	-0.151655
13532	0.708130
13553	1.961705
13566	-3.370969
13651	2.241391
13653	0.936501
13675	1.682350
13676	2.299748
13677	0.749199
13678	2.607091
13681	0.541064
13688	2.101351
13697	1.852306
13705	0.561714
13708	0.620893
13737	0.856502
13760	2.098491
13923	0.227573
13927	-0.055762
13995	1.994667
14002	2.348264
14003	2.730655
14021	-0.257639
14034	-0.899555
14064	-1.093254
14110	0.382302
14155	1.971078
14203	2.247832
14208	2.723954
14340	-0.662563
14356	0.488371
14389	0.461103
14499	1.890796
14625	2.176656
14632	0.424774
14637	0.883627
14641	0.694493
14685	-1.172177
14694	2.093328
14695	2.639571
14699	0.607535
14700	0.705406
14749	-2.938349
14760	1.478134
14790	0.355025
14791	1.237543
14796	1.873396
14797	1.546204
14891	2.818860
14927	0.232878
15099	1.870998
15182	-2.103080
15243	2.784094
15245	0.380448
15254	-0.553806
15322	0.161723
15327	0.729108
15463	-1.911303
15496	0.935730
15499	2.065001
15502	0.429900
15514	1.533979
15566	-1.498460
15580	0.659305
15583	0.859782
15586	1.691890
15601	0.282111
15621	0.759279
15780	0.737240
15869	0.085658
16082	1.252252
16281	-1.058421
16293	-1.469357
16300	-0.381446
16304	-0.445103
16360	-0.584499
16361	-1.785822
16367	0.411919
16432	2.662356
16433	2.563297
16438	0.498144
16446	-0.652756
16453	-0.765726
16463	3.863049
16466	-0.133089
16477	-1.258737
16482	-0.960529
16605	2.020735
16606	1.524319
16635	1.021151
16638	1.055515
16655	1.451829
16673	0.486342
16676	0.609644
16677	0.796131
16678	-0.989776
16808	2.872077
16829	-0.365580
17150	-2.009807
17182	0.202632
17199	0.766452
17273	-1.247497
17431	1.000520
17466	-1.618838
17472	2.376657
17485	-0.670782
17585	0.300404
17620	-0.131428
17647	-1.367240
17690	-1.380407
17772	-0.080359
18410	0.839810
19647	0.639633
21458	0.118619
21885	-0.285577
21973	-0.809798
21976	-0.556418
21977	-0.481848
22084	-0.379976
23475	0.949812
23754	1.289119
23764	0.166508
24372	2.210532
24918	-0.004974
24944	0.045611
25022	1.774299
25140	-1.152084
26484	-0.039794
27764	0.223802
28424	1.765570
28845	1.966454
29861	1.244813
30684	-2.288771
31288	2.090423
31704	-1.747939
32421	-0.742224
32520	-0.867465
32893	0.864054
34340	-0.204530
35227	-1.553083
35334	-0.204481
36499	1.121869
36843	-1.492920
36844	-0.354934
36955	-2.493669
36970	-2.251974
39336	2.076546
39353	-0.776715
40538	-0.313795
40541	0.568440
40542	0.917123
40599	1.413206
40601	0.712726
40602	1.179527
40656	-0.171270
40657	-0.143890
42157	0.956372
42203	-0.049377
42204	2.584907
42851	-4.633709
43061	-2.010691
44144	-1.537354
45195	-1.115057
47030	-1.675963
47285	2.949508
47317	1.708012
47457	-0.440336
47460	-3.347486
48147	-0.034084
48297	-0.678200
48474	-0.368040
48696	-0.607456
49516	0.520197
49630	1.050307
49927	0.265675
50199	1.263729
50249	2.418585
50259	1.048487
50904	-1.459302
53231	-4.094604
53471	-0.317491
53531	0.790858
53986	-0.142835
55057	-0.574727
56431	-0.286834
56432	-0.253336
56466	-0.313785
56478	-0.401458
56621	-1.305803
57644	1.092316
57756	-0.037875
58783	-0.664876
59657	0.053636
59715	-0.469541
64825	0.974058
64947	0.055001
65950	0.802223
70102	-0.640543
75003	1.359882
75099	1.398064
75742	2.680973
75823	-0.952227
75824	-0.800799
78157	-4.663495
78181	1.548469
78191	-0.608494
80479	2.249007
80480	1.076921
80715	-2.707381
80719	-3.399365
80750	2.953804
81231	0.878692
84436	0.716629
84780	1.423966
84844	0.744412
85002	-0.644248
85003	-4.872823
85659	-0.921042
85663	-0.522138
85710	0.717469
92185	0.462035
96142	0.063604
96144	-0.089571
96482	-1.062825
98871	-3.254322
