# 1342 minima projected onto PC87
# Min	PC
3	0.023983
4	0.008986
5	0.044171
6	0.032224
7	-0.009715
9	-0.055954
16	0.020720
17	0.012744
21	0.027220
23	0.048780
31	-0.022985
44	-0.049669
47	0.022066
48	-0.005599
51	-0.008067
52	0.005572
55	-0.094876
56	-0.099794
57	-0.038008
58	0.008304
60	0.005804
67	-0.065466
68	-0.064881
71	0.054021
72	0.073510
74	0.015863
79	-0.098915
82	0.033279
85	0.014809
86	0.003544
87	-0.038400
88	-0.032831
91	0.036967
92	-0.051627
94	0.015099
95	0.029188
97	0.016670
104	-0.013133
106	-0.094791
109	-0.036682
111	-0.008902
115	-0.214528
120	-0.040814
126	-0.094162
129	0.129431
136	0.090952
137	0.027020
188	-0.072933
189	0.029149
196	-0.032003
199	0.008284
200	0.005219
202	0.083563
211	-0.037033
213	0.040619
214	0.034399
219	-0.039496
221	-0.011946
276	0.027562
279	0.031268
283	-0.027299
295	-0.038063
308	-0.048524
312	0.027785
315	-0.041701
318	0.018002
319	0.032818
321	0.116551
324	0.006980
328	-0.015566
334	0.025826
336	-0.003738
338	0.056095
347	0.064077
351	0.009939
352	0.008842
354	-0.007804
357	-0.028270
359	0.020198
362	0.054930
364	0.017860
365	0.032958
368	0.038757
376	0.062710
377	0.004292
380	-0.026961
386	0.117180
388	0.020760
390	0.095548
396	0.002108
404	0.046047
410	0.025886
413	-0.047516
420	0.080368
423	-0.000149
424	-0.008842
437	0.065306
438	-0.106314
444	-0.009589
452	-0.012481
473	0.028144
474	-0.026206
475	-0.027307
476	-0.047977
478	0.040919
479	0.012719
480	0.031518
483	0.004151
503	-0.036613
508	-0.011849
509	0.111678
530	0.114295
536	0.022313
556	0.005539
581	0.033423
583	0.112832
603	-0.042659
606	0.015198
607	0.022247
620	-0.042355
628	0.014454
636	0.086980
637	0.086109
639	0.008104
640	0.090002
644	-0.014358
645	0.008894
677	0.079551
678	-0.025261
679	-0.062766
682	-0.005212
698	0.017572
700	0.116043
710	0.074566
722	0.011064
723	-0.063661
724	0.009566
725	0.077870
726	-0.027697
747	-0.037783
753	0.048885
755	-0.067805
757	0.109065
765	-0.030059
782	0.030717
783	-0.014794
793	-0.056360
808	-0.008498
814	-0.114510
840	-0.038038
848	-0.035426
859	0.024540
864	0.030905
867	-0.004118
878	0.129123
888	0.029116
890	0.147185
892	0.005176
899	0.014814
918	0.125042
926	-0.035709
933	-0.021801
934	-0.007472
981	0.022112
1028	0.076493
1034	0.072103
1051	0.042395
1054	0.036110
1058	0.099866
1062	-0.000322
1063	-0.005030
1064	0.036625
1066	-0.041968
1068	0.061317
1073	-0.012932
1082	-0.022586
1083	-0.032824
1086	-0.020016
1089	0.025897
1090	0.019528
1091	-0.014405
1092	0.064096
1164	0.112135
1165	0.046090
1174	-0.014638
1176	-0.003316
1184	-0.059826
1191	-0.017633
1192	0.036875
1201	0.123167
1230	-0.049111
1339	-0.012314
1341	0.063589
1370	0.149523
1385	-0.251582
1405	-0.070884
1437	0.037509
1441	-0.012639
1443	0.040340
1521	0.033678
1522	0.035766
1523	0.128734
1524	0.024551
1525	0.039402
1541	0.032181
1542	0.000896
1550	-0.002216
1551	0.024417
1596	-0.052090
1597	0.078126
1628	0.037697
1629	0.034788
1633	0.015320
1636	0.072535
1637	-0.211633
1765	0.025678
1766	0.056047
1780	0.040196
1862	-0.045920
1865	-0.002434
1870	-0.021182
1885	-0.071227
1910	-0.016084
1911	0.041815
2007	0.011383
2060	-0.042255
2062	-0.078845
2090	-0.058207
2093	-0.039591
2094	-0.051935
2095	0.060811
2096	-0.014988
2100	0.007215
2101	-0.016963
2102	-0.008945
2103	0.011720
2104	0.017998
2105	-0.037242
2128	-0.001898
2129	-0.033577
2135	-0.068950
2190	0.041709
2195	0.051746
2197	0.070280
2198	0.033050
2199	0.070222
2200	0.005083
2201	0.005451
2202	-0.039033
2205	0.000046
2217	-0.000307
2218	0.005360
2221	-0.063757
2272	-0.064743
2273	0.009104
2275	-0.005281
2288	-0.192104
2293	-0.039756
2298	0.065986
2299	0.038717
2300	0.029598
2301	0.034964
2338	-0.000914
2342	0.044410
2343	0.001163
2358	0.015857
2384	-0.008383
2385	0.084883
2399	-0.010237
2435	0.011910
2436	-0.033846
2465	-0.008364
2467	0.003551
2468	0.015163
2469	-0.021071
2470	0.006271
2471	0.060684
2474	-0.023772
2620	0.087467
2650	-0.055660
2651	-0.012863
2685	-0.043763
2688	0.069686
2730	-0.018868
2843	0.018077
2951	0.078889
2959	0.027459
3236	-0.004226
3305	0.009827
3318	0.045159
3340	0.110802
3352	0.018817
3355	-0.041718
3356	0.084610
3365	-0.017160
3366	-0.055778
3367	0.030174
3368	0.071285
3401	0.044372
3405	-0.035029
3434	0.030575
3448	0.014622
3454	-0.005698
3481	-0.016816
3495	0.010928
3504	0.049494
3532	-0.000960
3540	-0.046388
3549	-0.056547
3550	0.024213
3569	0.000461
3595	-0.009355
3596	-0.027751
3603	0.038112
3621	-0.023054
3622	-0.075130
3647	0.027504
3649	-0.049816
3651	-0.014065
3652	0.044626
3723	0.063928
3757	0.006561
3772	0.037583
3787	0.007833
3798	-0.056244
3799	-0.225397
3889	0.000368
3897	0.002460
3898	0.053203
3904	-0.035427
3945	0.026790
3990	-0.011770
4024	-0.000464
4039	-0.141486
4048	0.130779
4050	-0.027081
4076	0.004327
4094	0.030283
4170	-0.006713
4251	-0.054805
4252	0.006359
4299	0.044246
4302	0.040168
4318	-0.044334
4319	0.174816
4320	0.100625
4360	0.141965
4388	0.055277
4414	-0.054041
4426	0.053509
4446	-0.000080
4527	0.032495
4545	-0.073446
4546	-0.009643
4554	-0.084858
4564	0.069217
4567	0.025855
4634	-0.025019
4693	-0.027209
4736	0.027533
4761	0.041810
4879	-0.025264
5071	0.004149
5138	0.022972
5164	-0.078650
5182	0.003008
5183	0.046837
5184	-0.079351
5187	0.039242
5188	-0.062910
5189	0.000618
5193	0.050126
5194	-0.005617
5195	0.071444
5197	-0.046889
5203	-0.234393
5205	-0.029763
5212	-0.029556
5213	-0.033167
5222	0.046320
5223	-0.013953
5228	-0.070968
5232	0.103247
5244	0.000862
5245	-0.163134
5246	0.040486
5248	-0.023775
5292	0.000034
5293	-0.020766
5299	-0.125840
5300	0.031325
5315	0.046378
5316	-0.014293
5319	-0.005922
5320	-0.010123
5321	-0.063961
5322	0.037681
5323	-0.009089
5324	-0.005877
5325	0.050504
5329	0.058466
5342	-0.051804
5343	0.028800
5374	0.146216
5376	0.056964
5378	-0.037231
5379	-0.022551
5382	0.015056
5390	0.026106
5398	-0.074665
5402	0.015868
5404	-0.109588
5407	-0.023790
5408	0.068167
5409	-0.020155
5411	-0.012511
5412	-0.001402
5413	-0.006862
5416	0.026466
5418	0.017720
5422	0.047811
5425	0.069143
5427	0.029973
5428	-0.030085
5432	0.029034
5436	-0.000227
5443	0.151037
5444	-0.053687
5458	0.050098
5462	-0.120468
5465	0.044836
5468	-0.028445
5471	0.031043
5480	-0.100112
5481	0.024483
5485	-0.080688
5486	-0.050682
5488	0.011739
5489	-0.010999
5495	0.008960
5513	-0.009998
5515	-0.006020
5516	0.059099
5521	-0.016322
5527	0.021068
5528	0.171943
5536	0.076356
5537	0.015896
5547	0.038526
5565	-0.007284
5573	-0.071010
5579	-0.034717
5583	0.072863
5586	0.045157
5589	0.027824
5590	-0.059937
5593	0.017821
5599	-0.088420
5604	0.047970
5605	-0.038952
5606	-0.181242
5625	0.042599
5649	0.072756
5656	0.037662
5657	0.072015
5658	0.014187
5686	0.021769
5695	0.102523
5705	-0.008121
5706	-0.049255
5716	-0.066335
5717	-0.013492
5718	0.015778
5719	-0.043591
5720	-0.051098
5724	0.052321
5738	0.106771
5742	0.048114
5750	0.050266
5751	0.074627
5756	-0.059195
5761	0.070596
5768	0.031359
5773	-0.052546
5792	0.005185
5793	0.024052
5794	-0.031325
5806	-0.134098
5811	-0.002204
5812	0.032112
5813	-0.022987
5814	-0.045619
5821	-0.117769
5823	0.062023
5825	0.046336
5831	0.085618
5832	0.074439
5833	-0.033256
5847	-0.031517
5849	-0.035312
5851	-0.037837
5854	0.001666
5858	-0.090508
5862	0.028475
5875	-0.093250
5876	-0.012798
5903	0.049082
5910	-0.013458
5912	0.058058
5913	-0.053226
5925	-0.008727
5926	-0.023387
5927	-0.014293
5928	0.021913
5930	0.045306
5931	-0.027686
5933	-0.056315
5934	-0.070094
5937	0.058309
5939	0.131687
5940	-0.131851
5941	-0.011685
5943	0.027531
5963	-0.027716
5964	-0.060817
5965	-0.042363
5966	0.019572
5968	0.055383
5969	0.094033
5970	0.071093
5971	0.084925
5975	-0.002014
6006	-0.005686
6011	0.040628
6017	-0.019736
6019	0.120265
6022	-0.001926
6032	0.155045
6095	-0.012875
6115	0.018142
6116	0.021775
6119	0.022021
6127	-0.059248
6128	-0.060095
6130	0.000833
6140	-0.001285
6141	-0.009116
6147	-0.316258
6148	-0.301096
6163	0.084507
6164	0.003722
6170	0.051597
6171	0.036894
6177	0.036426
6184	0.036274
6200	0.018833
6204	-0.036758
6206	0.085231
6223	-0.001107
6240	0.031959
6245	0.109648
6253	-0.028167
6267	0.003910
6269	-0.027968
6290	0.006119
6303	-0.090116
6317	0.051481
6343	-0.074320
6350	-0.065486
6360	0.119895
6367	-0.031461
6383	-0.024409
6389	-0.104726
6397	-0.035591
6398	-0.117721
6406	0.024238
6407	-0.004678
6412	-0.051276
6413	-0.041055
6434	-0.009964
6435	-0.012402
6460	-0.010550
6463	-0.095865
6464	-0.093515
6489	0.047169
6507	0.040695
6510	-0.211210
6516	-0.054026
6518	-0.049039
6522	0.081610
6523	0.150205
6524	-0.051564
6525	0.023873
6531	0.139935
6536	-0.019658
6575	0.032995
6584	-0.015289
6585	-0.172168
6586	0.068255
6594	0.015793
6595	0.047911
6610	-0.087160
6612	0.007246
6615	-0.023481
6624	0.045787
6628	-0.013787
6649	-0.066576
6698	0.006850
6706	-0.114000
6718	0.004449
6719	-0.057820
6722	0.031432
6770	-0.041386
6780	0.039439
6781	-0.027386
6794	-0.023416
6795	0.092307
6796	-0.065981
6799	0.030704
6809	-0.008279
6837	-0.056272
6838	-0.117070
6839	-0.042734
6846	-0.034305
6865	0.029630
6869	0.066120
6870	0.046149
6871	0.101886
6873	-0.015276
6876	0.030992
6885	-0.013837
6895	-0.019472
6896	-0.015631
6897	-0.038136
6900	-0.042831
6903	0.021142
6906	-0.000740
6916	0.002671
6917	-0.059248
6918	0.014914
6919	0.006192
6938	-0.016838
6941	-0.012982
6942	-0.024784
6943	0.082157
6944	0.043298
6948	-0.029340
6953	-0.022502
6957	0.053902
6958	0.054793
6970	0.003371
6971	-0.024963
6976	0.019461
6977	0.106650
6990	0.034126
7014	-0.015647
7015	-0.056426
7016	-0.014280
7018	-0.000201
7019	0.005920
7042	0.011805
7053	-0.012490
7066	-0.012397
7067	-0.009789
7083	0.030315
7092	-0.049803
7100	0.058163
7103	0.057156
7110	-0.030887
7111	-0.039487
7112	-0.049282
7113	-0.042366
7116	0.012555
7119	0.045836
7120	-0.031998
7121	-0.027890
7122	0.055049
7140	-0.001928
7143	0.027984
7157	-0.003575
7165	-0.026941
7175	0.000896
7178	0.028024
7206	-0.218726
7207	-0.041683
7217	0.061465
7218	0.102832
7221	0.041659
7227	0.018052
7230	0.007569
7236	-0.043601
7239	-0.051275
7242	-0.045889
7260	0.001801
7268	-0.050858
7269	-0.031476
7304	0.030315
7326	0.077151
7327	0.286472
7336	0.008114
7342	0.072788
7346	-0.002862
7348	-0.022010
7355	-0.032073
7361	0.009349
7372	-0.036244
7387	0.011808
7422	-0.138155
7423	-0.075430
7425	0.022128
7436	-0.008416
7442	0.008586
7446	0.060537
7448	0.017832
7453	0.002318
7463	-0.016323
7492	0.082608
7493	0.006227
7494	-0.063670
7495	-0.008398
7518	-0.068313
7520	0.046163
7540	-0.048626
7546	-0.068869
7556	0.035700
7559	-0.203967
7560	-0.021151
7561	0.016386
7564	0.073129
7575	-0.028018
7583	0.035200
7585	-0.014006
7586	-0.030647
7599	-0.008110
7600	0.106692
7606	0.009787
7614	-0.034007
7617	-0.047737
7622	0.011272
7629	0.044829
7637	-0.106407
7640	0.018074
7657	-0.002851
7665	0.012227
7666	0.002289
7667	-0.052730
7668	-0.012576
7669	-0.125118
7670	0.020313
7671	-0.012633
7681	0.011147
7683	0.019969
7684	0.073113
7696	-0.140243
7722	0.063590
7723	-0.025589
7799	0.010381
7852	-0.048745
7859	-0.066424
7860	-0.004970
7861	0.066271
7865	-0.053748
7875	0.020061
7876	-0.033957
7895	0.034007
7913	-0.047218
7917	0.084673
7952	0.049974
7969	-0.017174
7971	0.076872
8000	-0.006716
8002	-0.059619
8006	-0.064763
8036	0.027698
8056	-0.013047
8069	-0.039008
8103	-0.074655
8107	0.035202
8120	-0.031743
8122	-0.023682
8125	0.103198
8127	0.020852
8136	0.092702
8149	0.010068
8154	-0.013229
8197	-0.086998
8208	-0.103757
8223	-0.034126
8232	0.003164
8241	-0.006061
8256	-0.002582
8262	-0.014012
8266	-0.039767
8267	0.060439
8268	-0.010925
8269	-0.026120
8271	0.012385
8273	-0.039044
8280	0.015797
8284	-0.008002
8303	0.062875
8304	0.037386
8305	0.022634
8308	0.043446
8332	-0.243506
8333	0.056432
8334	0.023969
8338	-0.162904
8363	-0.058180
8370	-0.066047
8398	0.067413
8465	0.139450
8468	0.093888
8469	-0.051022
8470	0.015553
8507	0.008621
8552	-0.032327
8572	0.009926
8574	0.067954
8577	0.061962
8586	-0.033770
8592	0.013429
8593	0.064244
8594	-0.056485
8597	-0.044392
8599	-0.033695
8606	-0.147747
8607	-0.061299
8615	-0.101032
8617	-0.093471
8626	-0.043663
8636	-0.010194
8669	0.022673
8671	0.031414
8673	0.067028
8675	-0.007097
8790	0.015914
8791	0.010594
8811	-0.184305
8822	-0.143581
8841	-0.019636
8849	0.090155
8856	-0.004086
8875	-0.039610
8884	0.021636
8906	-0.016499
8907	0.068253
8910	-0.019523
8911	0.073264
8912	0.029467
8913	0.013620
8934	-0.056352
8935	-0.102625
8954	-0.047083
8968	0.034310
8972	0.013005
9001	-0.249366
9029	-0.029821
9032	-0.034251
9058	0.084066
9059	-0.052732
9068	-0.007752
9070	-0.186122
9108	-0.060661
9139	-0.072539
9140	0.017910
9158	-0.043624
9187	-0.023597
9188	0.038985
9189	0.023145
9190	0.060052
9253	0.007940
9259	-0.013412
9268	-0.079497
9269	-0.005277
9271	-0.019289
9312	-0.158728
9323	0.016262
9329	0.029187
9330	0.030488
9331	-0.009030
9356	0.000723
9376	-0.037176
9394	0.079809
9424	0.030858
9428	0.073437
9429	0.071538
9496	-0.019491
9536	0.021679
9543	-0.164897
9589	-0.034614
9614	-0.020552
9615	-0.111337
9617	-0.241154
9631	0.109138
9661	-0.005827
9668	0.063565
9718	-0.011765
9728	0.063061
9734	-0.022324
9788	0.000649
9791	0.003917
9793	-0.155416
9804	-0.018688
9809	0.110663
9810	0.063571
9823	-0.043963
9828	-0.032323
9907	0.156289
9951	0.061329
9968	-0.053546
9969	-0.027932
10010	0.032603
10011	0.038893
10012	0.018569
10018	-0.014915
10021	-0.009404
10022	0.036856
10031	0.015174
10032	0.011279
10033	0.031175
10034	0.019047
10035	0.043844
10039	0.007794
10044	0.043823
10045	-0.072119
10060	0.006094
10065	-0.002539
10077	0.166513
10080	0.005853
10130	-0.067008
10131	0.008100
10149	-0.033723
10194	-0.029486
10197	-0.070540
10221	-0.056074
10226	0.038965
10232	-0.094825
10233	-0.134575
10263	0.007207
10264	0.011794
10274	0.035125
10286	0.028984
10292	-0.067176
10299	-0.013012
10302	0.017220
10324	0.020073
10355	-0.027896
10358	0.067081
10362	0.076271
10366	0.022459
10368	-0.024678
10370	-0.022457
10392	0.000279
10405	-0.036759
10406	0.076792
10409	-0.034642
10419	-0.007724
10420	-0.045142
10424	-0.008441
10434	0.045527
10455	0.001197
10478	-0.017862
10480	-0.120822
10484	0.026574
10510	0.059950
10519	-0.004400
10520	-0.019704
10524	0.065984
10578	-0.114687
10630	-0.030833
10643	-0.010552
10645	-0.020201
10677	-0.020834
10678	-0.003457
10690	-0.016277
10717	-0.012626
10718	-0.029887
10719	-0.123691
10721	-0.001989
10723	0.072987
10735	0.039202
10736	0.019329
10829	-0.027592
10837	-0.113066
10846	0.010473
10921	0.003953
10922	0.018542
10923	0.015295
10924	0.047410
10964	0.071876
10978	0.020404
11017	-0.031452
11018	0.000711
11019	0.030347
11032	-0.045373
11034	0.015107
11035	0.007031
11036	-0.042713
11052	-0.030072
11056	0.045573
11060	0.124311
11063	-0.077494
11064	-0.099121
11068	-0.036975
11069	-0.045013
11090	-0.056367
11098	-0.082785
11099	-0.061864
11100	-0.046459
11105	0.060441
11109	-0.007970
11122	0.096278
11123	0.016303
11125	0.010423
11126	-0.044601
11149	-0.030305
11153	0.023073
11188	-0.009973
11193	-0.037898
11230	-0.052814
11233	0.016132
11236	-0.208345
11243	0.043443
11251	0.051370
11259	-0.119365
11263	0.076957
11272	-0.010830
11321	-0.019812
11322	-0.043529
11326	-0.014828
11327	-0.069077
11335	-0.040912
11337	0.003671
11343	-0.106526
11390	-0.005667
11444	-0.039033
11464	0.082429
11471	0.068586
11472	0.012748
11473	0.143474
11492	0.033390
11499	0.004433
11500	-0.022232
11505	-0.059197
11527	0.097891
11528	0.159973
11532	-0.007736
11564	0.051776
11589	0.021001
11591	-0.026164
11592	0.008704
11599	0.103089
11605	-0.017532
11617	-0.056138
11630	0.097062
11631	0.036818
11632	-0.131614
11656	0.215317
11657	0.031768
11777	0.172995
11786	-0.000289
11812	-0.052049
12020	-0.012935
12061	0.098123
12115	0.046776
12154	-0.038822
12155	0.035259
12156	0.069796
12159	-0.010148
12174	-0.031612
12176	-0.037074
12230	-0.102989
12234	-0.008274
12236	-0.039570
12237	0.008793
12250	0.033765
12252	-0.019985
12253	0.032553
12315	0.064543
12381	0.003400
12382	0.024289
12438	-0.001221
12455	-0.006289
12462	-0.011831
12478	0.007991
12603	-0.022670
12711	-0.012636
12714	-0.055095
12716	0.043897
12754	-0.056191
12785	0.026332
12788	0.110149
12792	-0.088077
12898	0.059209
12944	0.054857
12949	-0.340797
13062	0.099367
13099	0.062788
13160	-0.032664
13198	0.045569
13239	0.001090
13249	0.082885
13262	-0.109998
13263	-0.124685
13272	0.113787
13273	-0.017151
13277	0.028399
13305	0.019650
13342	0.032731
13343	0.050173
13345	0.370166
13351	0.019628
13357	0.047550
13427	0.061499
13436	0.304534
13455	-0.028945
13528	0.408103
13532	-0.122162
13553	0.031383
13566	0.168798
13651	-0.078985
13653	-0.042156
13675	0.057634
13676	-0.031596
13677	0.029067
13678	0.067511
13681	-0.003096
13688	0.020591
13697	0.001044
13705	-0.011291
13708	-0.063665
13737	-0.026121
13760	0.044350
13923	-0.003092
13927	-0.023027
13995	-0.058218
14002	-0.004352
14003	-0.026686
14021	-0.053835
14034	0.057514
14064	0.026468
14110	0.063891
14155	-0.019260
14203	-0.022396
14208	0.021661
14340	-0.079923
14356	-0.168097
14389	0.002447
14499	0.017976
14625	0.052723
14632	0.027829
14637	0.050697
14641	0.043555
14685	0.016965
14694	-0.038354
14695	-0.045595
14699	0.034865
14700	0.034265
14749	0.070472
14760	-0.095336
14790	-0.003491
14791	-0.033454
14796	-0.070993
14797	-0.047174
14891	0.001694
14927	-0.011793
15099	-0.083670
15182	0.109185
15243	0.071758
15245	-0.026565
15254	0.023405
15322	-0.024458
15327	0.034663
15463	0.010574
15496	0.057620
15499	0.057085
15502	0.017767
15514	-0.070605
15566	0.008813
15580	-0.052228
15583	0.018497
15586	-0.057945
15601	-0.062831
15621	0.041353
15780	-0.089231
15869	-0.039516
16082	0.079712
16281	-0.090091
16293	-0.109237
16300	0.082259
16304	0.038422
16360	0.023623
16361	0.007989
16367	0.002525
16432	-0.068445
16433	-0.082739
16438	-0.043886
16446	0.115284
16453	0.137879
16463	0.074741
16466	-0.038060
16477	0.146741
16482	0.064813
16605	0.003258
16606	0.001404
16635	0.014766
16638	-0.048404
16655	-0.119531
16673	-0.060685
16676	-0.033303
16677	-0.016120
16678	0.040718
16808	-0.019406
16829	0.008431
17150	-0.048285
17182	0.004799
17199	0.077261
17273	0.027328
17431	0.121585
17466	0.107213
17472	-0.008084
17485	0.024971
17585	0.063963
17620	0.058745
17647	0.105437
17690	0.031339
17772	0.092759
18410	-0.021377
19647	-0.280640
21458	0.023214
21885	-0.048989
21973	0.047021
21976	-0.012970
21977	0.015834
22084	-0.005078
23475	-0.063454
23754	0.095130
23764	-0.040639
24372	0.059009
24918	-0.067972
24944	0.012073
25022	0.060759
25140	-0.205412
26484	-0.072674
27764	0.095829
28424	0.060910
28845	0.022335
29861	0.113684
30684	-0.124081
31288	0.022526
31704	0.000657
32421	-0.019466
32520	-0.019470
32893	-0.005082
34340	0.083314
35227	-0.228071
35334	-0.043198
36499	0.066221
36843	0.043749
36844	0.026207
36955	0.010888
36970	-0.087566
39336	-0.069028
39353	0.009075
40538	-0.013648
40541	0.009259
40542	0.000817
40599	-0.080844
40601	0.012975
40602	-0.004416
40656	0.037433
40657	-0.010721
42157	-0.042510
42203	0.070267
42204	0.075960
42851	0.009045
43061	0.067659
44144	0.029386
45195	0.064846
47030	0.033318
47285	-0.269475
47317	0.018552
47457	-0.183878
47460	-0.028058
48147	-0.022268
48297	0.184669
48474	-0.026880
48696	0.053810
49516	-0.088772
49630	0.013606
49927	-0.014939
50199	0.032595
50249	-0.051921
50259	0.063635
50904	-0.033387
53231	-0.001315
53471	0.033398
53531	0.036147
53986	-0.011600
55057	0.035955
56431	-0.012967
56432	0.004995
56466	-0.053089
56478	-0.033289
56621	-0.043530
57644	0.045848
57756	0.075022
58783	-0.066843
59657	-0.023628
59715	-0.202221
64825	-0.020364
64947	0.014582
65950	0.067943
70102	0.112438
75003	-0.169033
75099	-0.241282
75742	-0.113873
75823	0.211794
75824	0.061826
78157	-0.029013
78181	0.089138
78191	-0.052884
80479	-0.007932
80480	0.031344
80715	-0.017753
80719	-0.043191
80750	-0.001937
81231	-0.076279
84436	-0.016720
84780	-0.055970
84844	0.002416
85002	-0.021119
85003	0.092698
85659	-0.012791
85663	0.083422
85710	0.075786
92185	-0.124122
96142	-0.102989
96144	-0.063532
96482	-0.146456
98871	0.048417
