# 1342 minima projected onto PC26
Min	PC
3	0.076340
4	0.591716
5	0.532215
6	0.600589
7	-0.373419
9	-0.866833
16	0.664985
17	0.742934
21	0.344687
23	-1.422703
31	-0.543095
44	0.174764
47	0.384923
48	-0.933253
51	-0.235437
52	-0.750866
55	-0.332667
56	-0.038509
57	0.430069
58	-0.059201
60	0.304742
67	0.111376
68	0.378963
71	0.636101
72	1.130178
74	0.729967
79	-0.293652
82	-1.089873
85	0.144202
86	0.168800
87	1.457816
88	-1.889416
91	0.412298
92	-1.447648
94	0.571450
95	-0.031013
97	0.377349
104	0.099320
106	-0.306623
109	-1.310771
111	1.151965
115	2.454021
120	-0.063858
126	0.050533
129	-0.378980
136	-0.513542
137	-0.162275
188	0.061430
189	0.299090
196	0.158696
199	0.244936
200	-0.786135
202	-2.012206
211	0.490306
213	-1.465291
214	0.265208
219	-0.772298
221	-1.125047
276	0.743628
279	0.509465
283	-0.675647
295	0.032969
308	0.064227
312	-0.095112
315	0.242995
318	-0.398673
319	0.252188
321	-0.329361
324	-0.313071
328	1.069049
334	0.581088
336	0.517724
338	0.459390
347	0.413321
351	-0.162474
352	0.805778
354	-0.008935
357	-0.625375
359	-0.038449
362	1.910260
364	1.438241
365	0.964787
368	1.426901
376	0.496833
377	0.581939
380	0.632518
386	0.348923
388	0.003636
390	-0.349316
396	0.609401
404	0.742634
410	1.217081
413	0.637840
420	1.230137
423	0.702235
424	0.042380
437	0.735442
438	0.156149
444	1.155200
452	-0.157812
473	0.087394
474	0.105292
475	1.353814
476	-0.166010
478	-0.064618
479	-0.965543
480	0.105134
483	-0.468287
503	1.655214
508	-0.272972
509	-0.013716
530	-0.520911
536	0.595626
556	0.368817
581	0.451033
583	0.004200
603	-0.707665
606	0.665019
607	0.581249
620	-0.299787
628	-1.200866
636	0.426509
637	0.260676
639	0.015443
640	-0.147259
644	0.350947
645	0.144783
677	0.421638
678	0.313641
679	-0.064605
682	-0.851593
698	-0.873319
700	0.586449
710	-0.000304
722	-0.675306
723	0.719068
724	0.457898
725	-0.077732
726	0.150452
747	0.221374
753	1.537693
755	-0.278896
757	1.104224
765	-1.288676
782	-0.097576
783	-1.028494
793	-0.224143
808	0.149043
814	1.157650
840	0.060850
848	0.406372
859	0.538355
864	-0.015632
867	-0.952538
878	-0.746442
888	-0.259635
890	-0.706751
892	-0.913912
899	0.235241
918	0.281676
926	-0.095886
933	-0.876307
934	-0.133762
981	0.688273
1028	0.907002
1034	-0.354266
1051	0.918842
1054	0.706329
1058	0.604897
1062	0.393492
1063	0.268094
1064	0.518242
1066	0.330302
1068	0.368841
1073	0.117662
1082	0.682778
1083	0.501397
1086	-0.071291
1089	0.304197
1090	0.403254
1091	0.194924
1092	0.547170
1164	0.528369
1165	0.731856
1174	-1.035167
1176	-0.117178
1184	0.159862
1191	0.530495
1192	0.605913
1201	0.508562
1230	-1.558673
1339	0.405695
1341	0.396748
1370	-0.119834
1385	-0.425951
1405	-0.061463
1437	0.405023
1441	-1.731986
1443	0.768852
1521	0.200746
1522	0.178674
1523	0.022967
1524	-0.461883
1525	0.012827
1541	-0.318514
1542	0.153497
1550	-0.176777
1551	0.076330
1596	0.857298
1597	-0.443030
1628	0.623091
1629	0.275214
1633	0.197045
1636	-1.736918
1637	-1.429779
1765	0.562061
1766	0.820813
1780	1.002550
1862	0.350973
1865	-0.255945
1870	0.219190
1885	1.410439
1910	0.708775
1911	0.605949
2007	-1.035432
2060	1.321085
2062	-0.357682
2090	-0.705167
2093	0.545643
2094	0.669022
2095	0.090900
2096	0.760689
2100	1.055365
2101	-0.367018
2102	-1.180740
2103	-0.450924
2104	-1.258489
2105	-0.032561
2128	0.545879
2129	-0.018869
2135	-0.498587
2190	-0.640570
2195	0.006926
2197	0.093790
2198	0.146901
2199	0.809234
2200	0.003508
2201	0.823739
2202	0.469071
2205	0.167864
2217	-0.141956
2218	-0.078899
2221	-0.510222
2272	0.112934
2273	0.449832
2275	-0.132043
2288	-1.062450
2293	0.149148
2298	-0.320760
2299	0.092810
2300	-0.025829
2301	0.159370
2338	-0.154975
2342	0.265861
2343	0.765992
2358	0.342134
2384	0.198394
2385	-0.090330
2399	0.153033
2435	1.485873
2436	0.445841
2465	-0.661164
2467	-0.415563
2468	0.319788
2469	0.551312
2470	0.048561
2471	-1.498182
2474	-0.161246
2620	-0.188592
2650	0.103532
2651	-0.155465
2685	-0.612390
2688	1.511521
2730	-0.560734
2843	1.139331
2951	-0.105322
2959	-1.188181
3236	0.198811
3305	0.217295
3318	-1.667884
3340	1.085784
3352	-0.853307
3355	-0.481847
3356	0.427725
3365	-0.769389
3366	-1.410805
3367	-1.469638
3368	-0.784586
3401	-0.116301
3405	0.999158
3434	-0.119370
3448	0.193464
3454	-0.012102
3481	0.184861
3495	-1.349755
3504	0.781022
3532	-0.859005
3540	0.487627
3549	0.605309
3550	-1.173380
3569	-1.012877
3595	-0.344469
3596	0.957189
3603	0.522254
3621	0.639017
3622	1.257069
3647	-1.191721
3649	-0.057709
3651	-0.303940
3652	-0.549598
3723	0.067381
3757	-1.865485
3772	-1.126176
3787	0.286530
3798	-0.590855
3799	-0.795129
3889	-0.737244
3897	0.021452
3898	-0.395826
3904	0.965850
3945	0.206489
3990	0.347850
4024	0.518672
4039	-0.380734
4048	0.035871
4050	-0.214985
4076	-1.136603
4094	1.575519
4170	-0.428914
4251	0.782006
4252	0.588827
4299	-0.159842
4302	-0.393924
4318	-0.161205
4319	0.291726
4320	0.130465
4360	0.641469
4388	-0.146942
4414	-0.691962
4426	-1.152212
4446	-1.129105
4527	0.181794
4545	-0.231313
4546	0.226676
4554	-0.822339
4564	0.164522
4567	-0.425925
4634	-1.818912
4693	-0.208872
4736	-2.380209
4761	-0.148692
4879	0.056993
5071	-0.256243
5138	-0.238918
5164	0.961200
5182	1.415998
5183	0.722813
5184	1.179172
5187	-0.327349
5188	0.548684
5189	0.091884
5193	-0.004355
5194	-0.047784
5195	-0.235319
5197	0.202967
5203	-1.225666
5205	-0.317633
5212	1.186118
5213	1.262387
5222	0.109013
5223	0.196856
5228	0.817780
5232	0.685176
5244	0.902576
5245	-0.283271
5246	0.882413
5248	-0.152721
5292	-0.496361
5293	0.558285
5299	2.243361
5300	1.777176
5315	0.321395
5316	0.586003
5319	0.476754
5320	0.310471
5321	0.367905
5322	0.859776
5323	0.194525
5324	0.220125
5325	0.543943
5329	1.166112
5342	0.460792
5343	0.493382
5374	0.713260
5376	0.211717
5378	0.300623
5379	0.306138
5382	-0.966424
5390	0.297849
5398	0.411620
5402	0.357475
5404	-0.143057
5407	0.570241
5408	0.190261
5409	-0.118117
5411	0.625744
5412	-0.248566
5413	-0.201542
5416	0.347186
5418	-0.402128
5422	0.461811
5425	0.047661
5427	0.057963
5428	0.229030
5432	-0.078922
5436	0.074211
5443	0.805637
5444	0.911266
5458	-0.205561
5462	-0.721874
5465	-0.290690
5468	0.396802
5471	-0.033678
5480	0.258880
5481	0.749725
5485	-0.176291
5486	-0.971836
5488	-0.612258
5489	-0.429087
5495	-1.339768
5513	-0.444038
5515	0.931190
5516	0.484508
5521	0.339889
5527	-0.277590
5528	0.341775
5536	0.347182
5537	0.693935
5547	-0.244713
5565	0.061678
5573	0.121758
5579	0.381548
5583	-0.892532
5586	-1.215821
5589	0.256818
5590	0.684787
5593	0.184927
5599	1.589018
5604	-0.148634
5605	0.755702
5606	0.654468
5625	0.423025
5649	-0.016867
5656	-0.435877
5657	-0.177728
5658	0.090342
5686	-0.721150
5695	0.903700
5705	-1.107190
5706	0.127736
5716	0.237750
5717	-0.068318
5718	0.859471
5719	0.353146
5720	-0.378826
5724	0.316922
5738	0.373858
5742	-0.771848
5750	-0.191928
5751	0.556732
5756	0.286819
5761	1.364745
5768	0.281343
5773	0.487764
5792	-0.455605
5793	-0.520595
5794	0.142404
5806	0.273672
5811	-0.196649
5812	-0.095171
5813	-0.668039
5814	-0.737579
5821	0.560178
5823	-0.212677
5825	0.487798
5831	-0.128167
5832	-0.293464
5833	-0.144553
5847	1.424635
5849	-0.969301
5851	-0.372041
5854	-0.705476
5858	-0.117260
5862	0.424289
5875	0.381238
5876	0.096435
5903	0.662442
5910	0.990631
5912	1.479559
5913	1.166022
5925	-0.048938
5926	-0.637941
5927	-0.214667
5928	-0.216425
5930	-1.041106
5931	-0.046824
5933	-0.357844
5934	-0.819694
5937	-0.736300
5939	1.391184
5940	0.913202
5941	-0.388667
5943	-1.095877
5963	-0.133302
5964	-0.627905
5965	0.304899
5966	-0.022110
5968	0.095484
5969	-0.068244
5970	-0.089798
5971	0.383725
5975	-1.038737
6006	-0.044778
6011	0.283780
6017	-0.497969
6019	0.564867
6022	-0.122451
6032	-0.472203
6095	-0.142641
6115	-0.445005
6116	-0.954178
6119	-0.148798
6127	-0.442174
6128	-0.760265
6130	-1.404232
6140	0.386743
6141	1.334626
6147	0.166695
6148	-0.332641
6163	0.490526
6164	0.246222
6170	0.914473
6171	0.435978
6177	-1.375970
6184	0.707146
6200	1.293103
6204	0.197358
6206	-0.594012
6223	-0.514640
6240	0.110749
6245	0.652599
6253	1.368789
6267	-0.796257
6269	-0.610530
6290	-0.210400
6303	0.369813
6317	-1.409371
6343	0.764281
6350	0.253955
6360	1.303539
6367	0.009948
6383	0.206489
6389	-0.911503
6397	0.091409
6398	0.325401
6406	-0.860728
6407	-0.865821
6412	1.244735
6413	0.939838
6434	-0.676352
6435	-0.136450
6460	0.421690
6463	-0.041589
6464	-0.057075
6489	0.408817
6507	-0.295250
6510	-0.938644
6516	-0.128242
6518	0.717457
6522	-1.018036
6523	-0.258983
6524	0.281937
6525	0.063593
6531	-1.165639
6536	-0.136390
6575	-0.185988
6584	0.598643
6585	0.419954
6586	1.314707
6594	0.643741
6595	0.018555
6610	0.018934
6612	-0.480815
6615	-0.306314
6624	-0.483219
6628	-1.359166
6649	-0.866977
6698	-0.617495
6706	-0.859495
6718	0.002721
6719	-0.121566
6722	0.470872
6770	0.694728
6780	-1.452118
6781	-1.266068
6794	-0.936467
6795	0.798063
6796	-0.162905
6799	-0.200282
6809	-0.195192
6837	-1.122152
6838	-0.623018
6839	-0.342038
6846	-0.775189
6865	0.089721
6869	-0.217413
6870	0.008034
6871	-0.221840
6873	-0.339237
6876	0.457131
6885	-0.337549
6895	0.587488
6896	0.655553
6897	0.321782
6900	0.797640
6903	-0.266431
6906	-0.597515
6916	0.452104
6917	0.243380
6918	0.298120
6919	-0.430345
6938	-0.209899
6941	-0.269122
6942	-0.322850
6943	-0.562213
6944	-0.133271
6948	-0.583520
6953	-0.358806
6957	-1.207020
6958	0.453424
6970	0.167211
6971	0.322392
6976	-0.025238
6977	0.059222
6990	0.469926
7014	-0.432995
7015	-0.338633
7016	0.458317
7018	1.421913
7019	0.918752
7042	-0.332962
7053	-0.408037
7066	0.164577
7067	-0.034543
7083	0.136284
7092	-0.794405
7100	-0.123948
7103	-0.055086
7110	-1.397377
7111	-0.412041
7112	0.517509
7113	0.966117
7116	-0.809351
7119	1.056627
7120	0.272550
7121	0.529876
7122	0.809263
7140	0.632653
7143	0.439155
7157	0.346872
7165	0.660798
7175	0.744298
7178	-0.530131
7206	0.755545
7207	1.100418
7217	-0.519820
7218	-1.346057
7221	-0.687355
7227	0.028617
7230	0.853270
7236	0.705920
7239	-1.175744
7242	-1.058515
7260	-1.259955
7268	-0.439875
7269	0.963975
7304	0.421228
7326	-0.434448
7327	-0.133432
7336	1.355050
7342	-0.121679
7346	0.293571
7348	0.557734
7355	-0.531789
7361	-0.767134
7372	0.542755
7387	-0.028818
7422	0.304657
7423	-0.631279
7425	0.431787
7436	0.737327
7442	0.515218
7446	0.319995
7448	-0.601866
7453	-0.089596
7463	-0.635826
7492	0.008721
7493	0.500419
7494	0.870727
7495	0.765390
7518	0.578609
7520	1.563760
7540	0.568212
7546	0.652238
7556	0.172693
7559	-0.082536
7560	0.473011
7561	-0.415706
7564	-0.700554
7575	0.818798
7583	1.532131
7585	0.562966
7586	-1.036543
7599	0.740281
7600	-0.471699
7606	0.415252
7614	0.356058
7617	-0.099917
7622	1.231229
7629	0.761346
7637	0.450847
7640	-0.044975
7657	0.293098
7665	0.149609
7666	0.534890
7667	0.341713
7668	-0.304686
7669	0.253813
7670	0.036087
7671	0.293050
7681	-0.308193
7683	1.125665
7684	0.492999
7696	0.683335
7722	-1.067966
7723	-0.836532
7799	-2.091378
7852	-1.138067
7859	0.555968
7860	0.798275
7861	-0.594122
7865	-0.952290
7875	-0.538283
7876	0.784379
7895	0.724220
7913	0.478659
7917	0.526454
7952	-0.773330
7969	0.787898
7971	0.560074
8000	0.214783
8002	-0.099901
8006	1.347237
8036	-0.425211
8056	0.386985
8069	-0.481721
8103	-0.360804
8107	0.977080
8120	0.420986
8122	1.352479
8125	0.715886
8127	-0.101965
8136	-0.034992
8149	0.343454
8154	0.148194
8197	-0.977278
8208	-1.507480
8223	-0.390787
8232	0.617791
8241	0.785243
8256	0.624516
8262	-0.141107
8266	-1.725090
8267	-1.645928
8268	-0.982207
8269	-0.695827
8271	0.528643
8273	1.099217
8280	-0.307298
8284	0.037920
8303	0.982006
8304	0.748721
8305	1.267782
8308	1.206488
8332	-0.139082
8333	-0.359911
8334	0.031733
8338	-1.555783
8363	1.067010
8370	0.006083
8398	0.287864
8465	0.553538
8468	-1.174601
8469	-0.027184
8470	0.142660
8507	-0.201181
8552	0.047070
8572	0.422507
8574	0.022676
8577	-0.554749
8586	-0.069492
8592	-0.262850
8593	-0.182309
8594	-0.216784
8597	-0.204555
8599	0.339849
8606	-1.349330
8607	0.088470
8615	-0.095561
8617	0.131826
8626	-0.123071
8636	-0.389833
8669	0.082338
8671	0.691204
8673	0.131160
8675	-0.512578
8790	0.601150
8791	0.047164
8811	-0.065813
8822	-0.365200
8841	-0.449793
8849	-0.378496
8856	-1.882925
8875	0.007525
8884	1.029751
8906	0.579774
8907	0.227428
8910	0.031081
8911	-0.887661
8912	0.235132
8913	0.301868
8934	-0.412060
8935	-1.055117
8954	1.141330
8968	-0.379470
8972	-1.611114
9001	1.097238
9029	0.149330
9032	-0.043408
9058	-0.032378
9059	-0.572565
9068	0.406807
9070	-0.521834
9108	0.671511
9139	0.346262
9140	-0.179964
9158	-0.139259
9187	0.417626
9188	0.057872
9189	-0.212001
9190	0.070953
9253	-0.408975
9259	-0.206447
9268	-0.668121
9269	-0.701815
9271	0.458800
9312	0.676336
9323	-0.365010
9329	-0.736409
9330	-0.904721
9331	-0.719104
9356	0.396556
9376	-0.219204
9394	-0.462200
9424	-0.021855
9428	-0.013270
9429	0.067627
9496	0.205917
9536	-1.722645
9543	0.129171
9589	-0.603825
9614	-0.970706
9615	-0.324339
9617	-1.003490
9631	0.917648
9661	-1.326747
9668	1.132208
9718	-0.106511
9728	0.000661
9734	0.385993
9788	0.462944
9791	0.421176
9793	0.555067
9804	-0.551369
9809	-0.078677
9810	0.171147
9823	-0.044369
9828	0.018226
9907	0.538814
9951	-0.938265
9968	0.054094
9969	0.268092
10010	-1.900865
10011	-1.570923
10012	-0.867964
10018	-0.608297
10021	-1.421268
10022	-1.897388
10031	-0.622497
10032	-1.189832
10033	-0.671060
10034	-0.561643
10035	-1.737414
10039	-0.198361
10044	-0.620571
10045	-0.615077
10060	0.040674
10065	-0.727187
10077	-0.148909
10080	-0.034698
10130	-1.939945
10131	-0.870954
10149	-1.226007
10194	-0.139714
10197	1.272959
10221	0.139673
10226	0.079159
10232	1.290890
10233	1.224869
10263	-0.220935
10264	-0.213759
10274	0.222521
10286	0.237343
10292	0.285964
10299	0.679591
10302	-0.095662
10324	-0.660943
10355	-0.534518
10358	0.525018
10362	-1.176762
10366	-0.859374
10368	-0.659854
10370	0.063593
10392	-0.153107
10405	-0.515021
10406	-0.224680
10409	-0.298097
10419	-0.025857
10420	-0.617445
10424	-0.613519
10434	-0.250939
10455	-0.336185
10478	-0.044416
10480	0.413536
10484	0.377075
10510	0.063339
10519	0.340711
10520	-0.238528
10524	-0.064826
10578	0.063298
10630	-0.265309
10643	-0.460905
10645	-0.440396
10677	0.024422
10678	-0.922034
10690	-0.283782
10717	-1.318795
10718	-0.336046
10719	-0.147014
10721	-0.549467
10723	-0.060078
10735	-0.226022
10736	0.064679
10829	0.633908
10837	0.098691
10846	-0.825988
10921	-0.469629
10922	-1.375612
10923	0.342521
10924	0.115647
10964	0.193593
10978	-0.165990
11017	0.743455
11018	0.236422
11019	-0.147147
11032	-0.510172
11034	-0.512325
11035	-0.450893
11036	-0.571333
11052	0.077608
11056	0.241157
11060	-0.498978
11063	-0.244083
11064	0.333787
11068	-0.207609
11069	-0.146694
11090	0.945381
11098	-0.628475
11099	-0.333020
11100	0.047491
11105	0.009790
11109	-0.284482
11122	-0.871404
11123	-0.658661
11125	0.198495
11126	-0.770911
11149	-0.561722
11153	-0.145243
11188	0.598045
11193	-0.189370
11230	1.061170
11233	-0.992475
11236	-0.324289
11243	0.777446
11251	0.844286
11259	-0.188207
11263	0.255456
11272	0.122044
11321	-0.979109
11322	0.051159
11326	-0.093052
11327	0.145492
11335	0.067095
11337	-0.190642
11343	0.006241
11390	-0.098784
11444	0.059017
11464	-1.214820
11471	-0.450826
11472	-0.975791
11473	0.409901
11492	0.186994
11499	-0.044032
11500	-0.205325
11505	0.426851
11527	0.109979
11528	0.188573
11532	-0.040025
11564	0.021600
11589	0.133033
11591	0.149385
11592	-0.198709
11599	0.141202
11605	0.575188
11617	0.472090
11630	-0.506982
11631	-0.221545
11632	0.591596
11656	0.684946
11657	0.522665
11777	-1.310851
11786	-0.031517
11812	0.255880
12020	0.308241
12061	-0.205429
12115	0.326757
12154	-0.063087
12155	-0.110515
12156	0.175937
12159	-0.007575
12174	-0.207042
12176	0.638366
12230	-1.120130
12234	-0.594348
12236	-0.726809
12237	-0.213586
12250	0.234206
12252	0.627079
12253	1.028735
12315	1.027841
12381	0.415516
12382	0.043742
12438	-0.302463
12455	-0.040051
12462	0.235037
12478	-0.375550
12603	1.000456
12711	0.091273
12714	-0.533437
12716	-0.056486
12754	-0.543316
12785	0.459320
12788	1.116014
12792	1.325985
12898	0.505141
12944	0.282278
12949	-0.385894
13062	0.700527
13099	-0.240600
13160	0.049795
13198	-0.541317
13239	0.233543
13249	-0.592654
13262	0.647592
13263	1.161964
13272	-0.149729
13273	0.688108
13277	0.016631
13305	-0.646181
13342	0.265864
13343	-0.490144
13345	-0.767478
13351	-0.780089
13357	-0.632533
13427	-0.013169
13436	-1.050921
13455	0.203445
13528	-0.316446
13532	0.871842
13553	0.014879
13566	-0.110740
13651	0.535482
13653	0.425668
13675	-0.265927
13676	-0.166671
13677	-0.332201
13678	-0.338906
13681	0.109959
13688	-0.993535
13697	0.070461
13705	0.513422
13708	0.799723
13737	-0.268881
13760	-0.348279
13923	0.456240
13927	0.229386
13995	1.123333
14002	-1.099162
14003	-2.051290
14021	0.104719
14034	1.505593
14064	0.947894
14110	0.325582
14155	0.448317
14203	0.537210
14208	-0.736952
14340	0.931651
14356	0.522785
14389	-1.547788
14499	-0.053787
14625	-0.668760
14632	-0.403638
14637	-0.218381
14641	-0.010265
14685	1.178500
14694	0.047558
14695	0.446242
14699	0.389535
14700	1.184700
14749	0.985614
14760	0.388525
14790	-0.128482
14791	-0.119133
14796	-0.422475
14797	0.090247
14891	-1.425922
14927	0.064944
15099	-1.264526
15182	1.153281
15243	-1.715870
15245	-0.797789
15254	-0.218799
15322	-0.050894
15327	-0.029022
15463	0.052459
15496	-0.069503
15499	-0.403885
15502	-0.204582
15514	0.975939
15566	-0.891034
15580	0.006105
15583	-0.091529
15586	0.696781
15601	-0.299801
15621	0.011600
15780	0.399074
15869	1.257652
16082	-0.294644
16281	0.149565
16293	-0.577373
16300	-1.055088
16304	-0.494891
16360	-0.204714
16361	0.584988
16367	0.560672
16432	-0.463146
16433	-0.395796
16438	-0.084096
16446	-0.840640
16453	-1.134935
16463	-0.522030
16466	0.148518
16477	0.918159
16482	-0.565128
16605	0.152636
16606	0.745927
16635	-0.244883
16638	0.037775
16655	-0.429000
16673	-1.159069
16676	-0.051410
16677	-0.828289
16678	-0.542273
16808	-0.204688
16829	-0.448293
17150	-0.083922
17182	0.343766
17199	0.268533
17273	1.189468
17431	0.102219
17466	1.007201
17472	0.266047
17485	1.055755
17585	-0.174977
17620	-0.688151
17647	0.420542
17690	-1.039345
17772	-0.123668
18410	-0.603026
19647	-0.272483
21458	0.074547
21885	0.602251
21973	0.156500
21976	0.344881
21977	1.131691
22084	0.352402
23475	0.368574
23754	0.285159
23764	-0.364290
24372	0.247212
24918	0.000602
24944	-0.194851
25022	0.238702
25140	-0.957205
26484	0.257788
27764	0.093721
28424	0.159799
28845	-0.169842
29861	-0.547274
30684	-0.399502
31288	-0.426105
31704	-0.172793
32421	0.840961
32520	0.102693
32893	0.593961
34340	-1.249479
35227	-1.522922
35334	0.555071
36499	0.336621
36843	0.395553
36844	0.745961
36955	0.037386
36970	-0.459127
39336	1.305030
39353	0.519101
40538	-0.914323
40541	-0.336457
40542	-0.405232
40599	-0.001413
40601	-0.231377
40602	0.191397
40656	-0.722841
40657	-0.627310
42157	-0.983540
42203	-0.469907
42204	-0.615202
42851	0.360617
43061	-0.250968
44144	0.802225
45195	1.210603
47030	0.631197
47285	0.405223
47317	-0.302693
47457	-0.607925
47460	0.133187
48147	0.364811
48297	-1.802133
48474	-1.531771
48696	-1.235766
49516	0.590986
49630	-0.153910
49927	-0.164574
50199	-0.295317
50249	0.038129
50259	-0.309451
50904	-0.041162
53231	0.888413
53471	0.615178
53531	0.432058
53986	-0.189792
55057	0.668193
56431	-0.094635
56432	-0.205993
56466	0.165442
56478	-1.838184
56621	-0.176079
57644	-0.246407
57756	0.023740
58783	-1.155754
59657	0.025930
59715	1.629076
64825	-0.314777
64947	-0.212579
65950	0.057678
70102	0.038229
75003	-0.564920
75099	-0.685049
75742	-0.501261
75823	0.649358
75824	0.135798
78157	1.528866
78181	-0.133837
78191	1.605224
80479	0.412520
80480	0.471343
80715	-0.844218
80719	-1.160874
80750	-0.062506
81231	0.133954
84436	0.397570
84780	-0.514967
84844	-0.090915
85002	1.000127
85003	0.241088
85659	-0.786698
85663	-0.740872
85710	-0.038516
92185	0.612839
96142	0.793047
96144	0.504396
96482	0.586507
98871	-0.487289
