# 1342 minima projected onto PC54
Min	PC
3	-0.003939
4	-0.031733
5	-0.037695
6	-0.026701
7	0.073828
9	0.249357
16	0.066306
17	-0.084225
21	0.097323
23	-0.405110
31	0.145890
44	-0.174623
47	-0.119522
48	-0.114542
51	-0.061290
52	0.043963
55	0.011178
56	-0.037232
57	-0.171894
58	-0.168174
60	-0.214775
67	0.177126
68	-0.008685
71	0.166017
72	0.149458
74	0.070295
79	-0.493570
82	-0.434373
85	0.098772
86	-0.218209
87	-0.013065
88	0.113506
91	-0.012946
92	0.096053
94	-0.069602
95	0.011242
97	-0.061924
104	-0.364363
106	-0.158843
109	0.270728
111	-0.182399
115	-0.639178
120	-0.160275
126	-0.505492
129	0.610945
136	1.081269
137	0.119272
188	-0.110909
189	-0.020232
196	-0.724188
199	0.155460
200	-0.028999
202	-0.610021
211	0.083105
213	-0.322504
214	0.075995
219	0.135918
221	0.241311
276	0.043314
279	-0.073977
283	-0.201199
295	0.012970
308	0.154575
312	0.000546
315	-0.128200
318	0.087761
319	-0.040325
321	0.160490
324	-0.222667
328	0.006454
334	-0.073149
336	0.081480
338	0.311631
347	-0.060399
351	-0.269551
352	0.065822
354	-0.033961
357	-0.050082
359	0.009186
362	0.176655
364	0.060326
365	0.091500
368	0.190371
376	-0.120210
377	-0.105834
380	0.090561
386	0.140759
388	-0.074057
390	-0.293988
396	0.059098
404	-0.058251
410	-0.319602
413	-0.032914
420	-0.120732
423	-0.259348
424	-0.081024
437	-0.045370
438	0.117486
444	-0.005522
452	0.047084
473	0.175763
474	0.120677
475	0.028099
476	-0.080617
478	0.034555
479	-0.156185
480	0.093406
483	-0.260660
503	-0.225582
508	0.009857
509	0.571166
530	0.006456
536	-0.062461
556	-0.066492
581	-0.205107
583	-0.173841
603	-0.192451
606	-0.072467
607	-0.086007
620	0.050311
628	-0.364163
636	-0.064641
637	0.086219
639	-0.136484
640	-0.012850
644	-0.203406
645	-0.208993
677	0.007924
678	0.304755
679	-0.007610
682	-0.099245
698	-0.038624
700	-0.133103
710	-0.331561
722	-0.159997
723	0.057167
724	0.001476
725	-0.113752
726	-0.232604
747	-0.100836
753	0.115411
755	-0.086879
757	0.174474
765	0.038719
782	-0.045652
783	0.161759
793	0.078930
808	-0.027071
814	0.398786
840	-0.552801
848	0.043304
859	-0.072622
864	0.140795
867	0.152490
878	-0.311702
888	0.356428
890	0.531617
892	-0.124424
899	0.120000
918	0.055095
926	0.003459
933	0.232598
934	-0.051779
981	0.012765
1028	-0.072346
1034	0.188305
1051	-0.306308
1054	0.285290
1058	-0.237783
1062	-0.013976
1063	0.173762
1064	0.414272
1066	0.075756
1068	-0.008565
1073	-0.170004
1082	0.017941
1083	0.009669
1086	-0.054345
1089	-0.172972
1090	-0.186235
1091	0.008533
1092	-0.043883
1164	0.023314
1165	-0.065428
1174	-0.299148
1176	-0.195300
1184	0.199447
1191	0.082312
1192	0.139837
1201	-0.172511
1230	0.060352
1339	0.146482
1341	0.032280
1370	-0.331897
1385	-0.018735
1405	-0.039133
1437	-0.006551
1441	0.061374
1443	0.215949
1521	0.027363
1522	0.251574
1523	0.331168
1524	0.045509
1525	0.162948
1541	-0.010317
1542	-0.045917
1550	0.023655
1551	-0.040463
1596	-0.038389
1597	0.284634
1628	-0.176640
1629	0.076221
1633	0.028511
1636	-0.639221
1637	0.661208
1765	0.225665
1766	0.062042
1780	0.062288
1862	0.007765
1865	-0.019888
1870	0.011680
1885	-0.672894
1910	0.115211
1911	0.091346
2007	-0.055549
2060	-0.469463
2062	0.002707
2090	0.108624
2093	-0.046371
2094	-0.020115
2095	-0.110870
2096	-0.250143
2100	0.144141
2101	0.169356
2102	0.025450
2103	0.180656
2104	0.034182
2105	0.179877
2128	0.092639
2129	0.130622
2135	0.133992
2190	-0.148287
2195	0.023564
2197	-0.097353
2198	0.012675
2199	0.164266
2200	0.034721
2201	0.144399
2202	0.045791
2205	0.096583
2217	-0.035871
2218	-0.142621
2221	0.036783
2272	-0.005567
2273	0.077608
2275	-0.011485
2288	-0.148037
2293	0.179603
2298	-0.155194
2299	0.073284
2300	-0.062061
2301	0.078602
2338	0.112584
2342	-0.102151
2343	-0.120399
2358	-0.097170
2384	-0.052979
2385	-0.070756
2399	-0.169218
2435	0.335096
2436	-0.005131
2465	-0.017603
2467	-0.131036
2468	-0.065603
2469	-0.027474
2470	-0.224198
2471	-0.067303
2474	-0.042888
2620	0.091580
2650	-0.003047
2651	-0.065535
2685	0.284916
2688	0.290660
2730	-0.035926
2843	0.184164
2951	0.252600
2959	0.030025
3236	0.010118
3305	-0.559563
3318	0.066085
3340	0.414697
3352	-0.069068
3355	0.040707
3356	0.056932
3365	-0.068810
3366	-0.112612
3367	-0.021725
3368	0.047860
3401	-0.319629
3405	-0.674509
3434	0.011055
3448	0.172694
3454	-0.032400
3481	-0.018482
3495	0.077865
3504	0.113140
3532	-0.126258
3540	0.009899
3549	-0.585472
3550	0.034417
3569	0.155404
3595	-0.123684
3596	-0.147840
3603	0.108149
3621	0.049071
3622	0.025019
3647	0.004234
3649	-0.003749
3651	-0.685820
3652	-0.276101
3723	0.037523
3757	-0.221622
3772	-0.049750
3787	-0.038961
3798	0.390281
3799	-0.090245
3889	-0.198371
3897	-0.025463
3898	-0.057674
3904	0.097569
3945	-0.198033
3990	-0.018267
4024	-0.324882
4039	0.165457
4048	-0.349856
4050	-0.143715
4076	0.077250
4094	0.265253
4170	-0.021900
4251	0.106779
4252	-0.147119
4299	0.030062
4302	0.005193
4318	-0.056873
4319	-0.004395
4320	-0.079729
4360	0.045692
4388	-0.083432
4414	-0.092073
4426	0.090775
4446	0.342302
4527	0.098404
4545	-0.122478
4546	-0.260572
4554	0.115904
4564	0.028211
4567	-0.066169
4634	0.094115
4693	-0.049867
4736	-0.181014
4761	-0.145363
4879	-0.020798
5071	-0.160396
5138	0.155340
5164	-0.018545
5182	0.034995
5183	0.586158
5184	-0.011888
5187	-0.105162
5188	0.064539
5189	0.167438
5193	0.019783
5194	-0.105886
5195	-0.082381
5197	-0.104689
5203	-0.511153
5205	0.396424
5212	-0.174346
5213	-0.283240
5222	0.030384
5223	-0.337927
5228	-0.262339
5232	0.470634
5244	0.482779
5245	-0.452822
5246	0.103995
5248	0.241852
5292	0.160388
5293	-0.175588
5299	0.324012
5300	0.374955
5315	0.102412
5316	0.132040
5319	-0.023648
5320	-0.058377
5321	0.236836
5322	-0.046070
5323	0.162880
5324	-0.043477
5325	0.062509
5329	0.658469
5342	0.108538
5343	0.019464
5374	-0.140937
5376	-0.126343
5378	-0.034854
5379	-0.148058
5382	-0.025169
5390	-0.077215
5398	0.208219
5402	0.056674
5404	0.053702
5407	0.063754
5408	0.143651
5409	0.070361
5411	-0.030544
5412	0.143634
5413	0.126147
5416	-0.203776
5418	0.097064
5422	-0.074418
5425	0.009138
5427	0.062262
5428	0.106362
5432	-0.284693
5436	0.166380
5443	0.014501
5444	0.084407
5458	0.334161
5462	0.238484
5465	0.007666
5468	-0.084484
5471	-0.017370
5480	0.022126
5481	-0.085027
5485	0.248766
5486	0.210598
5488	0.108197
5489	0.196832
5495	0.065054
5513	-0.105396
5515	0.046986
5516	-0.047585
5521	-0.051300
5527	-0.055471
5528	0.168757
5536	-0.024648
5537	0.118130
5547	0.094947
5565	-0.036505
5573	-0.205847
5579	-0.229283
5583	0.070781
5586	-0.359904
5589	-0.120200
5590	-0.161574
5593	0.023658
5599	0.091961
5604	0.678287
5605	-0.234423
5606	0.051489
5625	-0.574170
5649	-0.050882
5656	-0.045463
5657	-0.557776
5658	-0.145524
5686	-0.010928
5695	0.059140
5705	-0.532645
5706	0.043562
5716	0.056023
5717	0.102497
5718	0.315324
5719	-0.025548
5720	-0.018505
5724	0.060388
5738	0.086915
5742	-0.354222
5750	-0.342972
5751	-0.258998
5756	0.010179
5761	0.279205
5768	0.023430
5773	0.454374
5792	-0.019968
5793	0.003038
5794	0.084267
5806	-0.059235
5811	-0.033097
5812	-0.141759
5813	-0.257195
5814	-0.192574
5821	-0.086068
5823	0.150010
5825	0.316749
5831	0.541521
5832	0.515696
5833	0.079526
5847	0.218955
5849	0.170762
5851	-0.075391
5854	0.111249
5858	0.160207
5862	-0.204959
5875	0.082332
5876	-0.100245
5903	-0.182278
5910	0.019473
5912	0.426888
5913	0.480549
5925	-0.022938
5926	-0.102080
5927	-0.051713
5928	0.005913
5930	0.034957
5931	0.030676
5933	-0.009414
5934	0.162359
5937	0.064248
5939	-0.240390
5940	0.036105
5941	0.109005
5943	0.117615
5963	-0.168638
5964	-0.098548
5965	0.068041
5966	-0.016530
5968	-0.166059
5969	-0.247897
5970	-0.237572
5971	-0.197473
5975	0.813223
6006	-0.040508
6011	-0.058285
6017	-0.093116
6019	-0.017918
6022	-0.128523
6032	0.163593
6095	0.048104
6115	0.026523
6116	0.077946
6119	0.148030
6127	-0.129070
6128	0.018975
6130	-0.101182
6140	-0.186438
6141	0.043175
6147	0.078563
6148	0.114687
6163	0.296747
6164	0.348013
6170	0.055467
6171	0.141548
6177	0.237477
6184	-0.231237
6200	0.176014
6204	0.092142
6206	0.336958
6223	0.188091
6240	0.561962
6245	-0.120692
6253	-0.000708
6267	-0.490646
6269	0.137515
6290	-0.351423
6303	-0.270261
6317	-0.519175
6343	0.276125
6350	0.417735
6360	0.190982
6367	-0.376192
6383	0.023964
6389	0.083214
6397	0.196930
6398	0.095555
6406	0.096088
6407	-0.489992
6412	-0.302558
6413	-0.245764
6434	0.050876
6435	0.032708
6460	0.174795
6463	-0.052455
6464	0.019420
6489	-0.082744
6507	-0.150650
6510	-0.132609
6516	0.120482
6518	-0.397316
6522	0.119378
6523	0.093172
6524	0.119064
6525	-0.092194
6531	0.114274
6536	-0.102699
6575	0.004223
6584	0.115437
6585	0.095851
6586	0.253374
6594	0.041988
6595	0.143535
6610	0.043526
6612	0.223951
6615	0.127017
6624	0.040780
6628	0.152936
6649	-0.107436
6698	0.268154
6706	0.137692
6718	0.065290
6719	-0.109778
6722	-0.125059
6770	-0.198074
6780	-0.179095
6781	-0.168599
6794	-0.162897
6795	-0.044506
6796	0.050657
6799	0.186885
6809	0.026969
6837	0.199822
6838	0.092466
6839	-0.564161
6846	-0.201185
6865	-0.103783
6869	-0.184311
6870	-0.289582
6871	-0.157992
6873	0.239600
6876	-0.095637
6885	0.235508
6895	0.028454
6896	0.022214
6897	-0.023176
6900	0.100408
6903	-0.126704
6906	0.165580
6916	-0.182071
6917	0.138267
6918	0.028213
6919	0.177455
6938	-0.031405
6941	0.046513
6942	0.196181
6943	-0.000158
6944	-0.055347
6948	0.071176
6953	0.098158
6957	0.137888
6958	-0.071365
6970	0.053133
6971	0.014495
6976	0.193484
6977	0.330517
6990	0.088227
7014	0.249399
7015	0.076627
7016	0.133840
7018	-0.191627
7019	-0.045510
7042	0.104506
7053	0.250889
7066	0.042454
7067	0.071360
7083	-0.137676
7092	0.052252
7100	-0.013368
7103	0.019270
7110	0.107781
7111	0.168749
7112	0.332568
7113	-0.050778
7116	-0.061883
7119	-0.324245
7120	-0.103168
7121	-0.175023
7122	-0.065216
7140	-0.070647
7143	0.044977
7157	-0.193647
7165	0.135175
7175	-0.121618
7178	-0.069122
7206	0.227428
7207	0.175632
7217	-0.069072
7218	0.104737
7221	-0.095445
7227	-0.152140
7230	0.425856
7236	0.533563
7239	0.244390
7242	0.073892
7260	0.195424
7268	-0.079644
7269	0.297283
7304	-0.092540
7326	-0.590944
7327	-0.308711
7336	0.070135
7342	0.100663
7346	-0.140179
7348	-0.112360
7355	0.534735
7361	0.044597
7372	0.088352
7387	-0.096980
7422	0.057806
7423	0.150020
7425	0.066838
7436	0.048657
7442	-0.091152
7446	0.056240
7448	-0.028562
7453	0.140699
7463	0.095084
7492	0.510360
7493	-0.032968
7494	0.082475
7495	0.021270
7518	0.245406
7520	0.206481
7540	0.009224
7546	0.065694
7556	0.041095
7559	0.031416
7560	-0.067495
7561	0.159611
7564	0.139842
7575	0.153658
7583	0.229557
7585	0.036789
7586	0.236537
7599	0.494360
7600	0.484390
7606	0.544927
7614	-0.018778
7617	-0.219968
7622	0.048210
7629	0.210327
7637	0.106025
7640	0.014802
7657	0.017051
7665	0.022554
7666	0.013388
7667	0.208967
7668	-0.144812
7669	0.115098
7670	0.025889
7671	-0.041474
7681	-0.306137
7683	-0.384871
7684	0.117432
7696	-0.186784
7722	0.083857
7723	-0.275726
7799	0.188308
7852	-0.206356
7859	0.340940
7860	-0.127694
7861	-0.123108
7865	0.208058
7875	-0.207610
7876	0.264552
7895	0.045483
7913	0.066512
7917	-0.114804
7952	0.114268
7969	0.090546
7971	-0.254794
8000	0.018610
8002	0.045913
8006	0.229638
8036	-0.081053
8056	-0.141601
8069	-0.473137
8103	0.102583
8107	-0.098766
8120	-0.145225
8122	-0.118526
8125	-0.272908
8127	0.076120
8136	-0.020102
8149	0.030149
8154	-0.031662
8197	0.101407
8208	0.128638
8223	-0.255880
8232	-0.166558
8241	0.005978
8256	-0.127883
8262	-0.137554
8266	-0.007740
8267	0.071002
8268	-0.185659
8269	-0.138660
8271	0.047744
8273	-0.087624
8280	-0.124476
8284	-0.124120
8303	0.135700
8304	0.187126
8305	0.151461
8308	-0.137731
8332	-0.225755
8333	-0.172593
8334	-0.129818
8338	-0.429486
8363	-0.453986
8370	0.130592
8398	-0.120515
8465	0.013953
8468	0.056662
8469	0.081670
8470	-0.131311
8507	0.191811
8552	0.012046
8572	0.094931
8574	0.015899
8577	0.209129
8586	-0.037512
8592	-0.071528
8593	0.031251
8594	0.042898
8597	0.035158
8599	-0.008622
8606	-0.126867
8607	0.180684
8615	0.040106
8617	0.006808
8626	0.047454
8636	0.037474
8669	0.081607
8671	0.148907
8673	-0.054520
8675	0.263800
8790	0.047989
8791	-0.046671
8811	0.443533
8822	-0.017129
8841	0.261274
8849	-0.007617
8856	-0.180564
8875	0.174918
8884	-0.045595
8906	-0.275358
8907	-0.023116
8910	0.081014
8911	-0.569124
8912	0.030523
8913	-0.135547
8934	-0.074416
8935	-0.138433
8954	-0.488467
8968	0.127756
8972	0.146936
9001	0.274719
9029	-0.095435
9032	0.114159
9058	-0.022141
9059	0.175003
9068	-0.091298
9070	0.023854
9108	0.040132
9139	-0.141191
9140	-0.252343
9158	0.008531
9187	0.020277
9188	-0.019053
9189	-0.030816
9190	0.040390
9253	0.033937
9259	-0.030777
9268	-0.010941
9269	0.278876
9271	-0.211663
9312	0.124358
9323	-0.028267
9329	0.206450
9330	0.243111
9331	0.054473
9356	-0.278633
9376	0.111018
9394	-0.132888
9424	0.138326
9428	-0.194854
9429	-0.139016
9496	-0.072480
9536	-0.077336
9543	0.118542
9589	-0.129949
9614	-0.631529
9615	-0.188500
9617	0.118060
9631	-0.129007
9661	-0.076877
9668	0.457649
9718	-0.321768
9728	-0.044766
9734	0.133400
9788	-0.199252
9791	-0.130168
9793	0.055952
9804	0.111951
9809	-0.292764
9810	-0.224951
9823	-0.131278
9828	-0.111492
9907	-0.206271
9951	0.025249
9968	-0.006184
9969	-0.082206
10010	-0.021052
10011	0.056114
10012	-0.067835
10018	-0.070043
10021	-0.018975
10022	0.148962
10031	0.024447
10032	-0.033310
10033	-0.036563
10034	-0.026005
10035	0.019815
10039	0.091167
10044	0.006089
10045	0.141097
10060	-0.591373
10065	-0.030477
10077	0.009271
10080	0.018266
10130	0.272892
10131	-0.115057
10149	0.203090
10194	0.092012
10197	-0.222646
10221	0.058139
10226	-0.150264
10232	0.034290
10233	0.336274
10263	0.087657
10264	0.053616
10274	0.090308
10286	0.239784
10292	0.249237
10299	0.052836
10302	0.038188
10324	0.125566
10355	0.204652
10358	0.000964
10362	-0.121246
10366	-0.178946
10368	-0.015642
10370	-0.080534
10392	0.012351
10405	0.140049
10406	-0.083983
10409	0.204860
10419	0.084762
10420	0.029332
10424	0.118853
10434	-0.134691
10455	-0.003591
10478	-0.082177
10480	-0.398754
10484	-0.124804
10510	-0.079878
10519	0.115215
10520	-0.118660
10524	-0.101832
10578	0.014226
10630	-0.030630
10643	-0.024539
10645	0.052298
10677	-0.197290
10678	-0.136631
10690	-0.168938
10717	-0.038814
10718	-0.156263
10719	-0.070958
10721	0.000183
10723	-0.140427
10735	-0.043040
10736	0.080683
10829	0.070450
10837	-0.443443
10846	0.009109
10921	0.094924
10922	-0.233801
10923	-0.117068
10924	-0.218033
10964	0.263675
10978	-0.051956
11017	0.207774
11018	0.004139
11019	0.378724
11032	0.001985
11034	-0.053268
11035	-0.028782
11036	-0.025406
11052	0.038371
11056	-0.047431
11060	0.017658
11063	-0.229814
11064	-0.105580
11068	-0.127584
11069	-0.111236
11090	0.074907
11098	-0.118639
11099	0.108737
11100	-0.002265
11105	0.010190
11109	-0.144722
11122	-0.076206
11123	-0.057100
11125	-0.155842
11126	-0.055853
11149	-0.152803
11153	0.039862
11188	0.137254
11193	0.222099
11230	0.053052
11233	0.110545
11236	0.058332
11243	0.112659
11251	-0.116355
11259	-0.270343
11263	0.335809
11272	-0.274156
11321	-0.081441
11322	0.050290
11326	0.172676
11327	0.127592
11335	0.001038
11337	-0.012423
11343	0.253490
11390	-0.017779
11444	0.325916
11464	0.128111
11471	0.192014
11472	0.045755
11473	-0.195860
11492	-0.091863
11499	-0.143919
11500	0.034485
11505	0.059181
11527	0.337929
11528	0.402889
11532	0.006111
11564	0.074285
11589	0.172548
11591	-0.130935
11592	-0.042893
11599	0.122496
11605	-0.100269
11617	-0.130293
11630	-0.326015
11631	-0.571207
11632	0.142237
11656	0.270949
11657	-0.107982
11777	0.041943
11786	-0.085488
11812	0.029412
12020	0.131835
12061	-0.092323
12115	0.031320
12154	0.060059
12155	-0.102467
12156	0.036857
12159	0.116886
12174	0.094222
12176	0.113626
12230	-0.153806
12234	-0.209100
12236	-0.015917
12237	0.458756
12250	0.332556
12252	0.241574
12253	0.271767
12315	0.211511
12381	0.007735
12382	-0.007228
12438	-0.046069
12455	0.330013
12462	-0.034250
12478	-0.148450
12603	-0.225785
12711	0.091258
12714	-0.062673
12716	-0.043157
12754	-0.073610
12785	0.043642
12788	-0.281980
12792	-0.393627
12898	0.285438
12944	0.633283
12949	0.582740
13062	-0.332479
13099	0.021623
13160	0.126504
13198	-0.010898
13239	-0.093190
13249	-0.096974
13262	-0.086434
13263	0.238367
13272	-0.332567
13273	-0.096370
13277	0.200712
13305	1.440145
13342	0.218441
13343	0.091341
13345	0.854222
13351	-0.017364
13357	0.120617
13427	-0.272920
13436	0.115015
13455	-0.088252
13528	0.308125
13532	-0.142222
13553	-0.020092
13566	0.031882
13651	-0.083012
13653	-0.079714
13675	-0.175923
13676	-0.166414
13677	-0.111169
13678	-0.188040
13681	-0.144674
13688	0.007815
13697	0.230219
13705	0.221897
13708	-0.087485
13737	-0.132566
13760	0.105757
13923	-0.058819
13927	-0.071254
13995	0.087615
14002	-0.093923
14003	0.158990
14021	-0.360912
14034	-0.374338
14064	-0.589256
14110	0.186463
14155	-0.073651
14203	-0.006518
14208	0.082977
14340	0.303999
14356	0.013347
14389	-0.002504
14499	-0.130642
14625	-0.065217
14632	-0.245585
14637	-0.044617
14641	0.125326
14685	-0.273936
14694	0.055484
14695	-0.103501
14699	0.010815
14700	0.221517
14749	-0.125785
14760	-0.036122
14790	0.084606
14791	0.111712
14796	-0.245133
14797	0.013453
14891	0.304491
14927	-0.239385
15099	0.023524
15182	-0.066643
15243	0.102332
15245	0.063929
15254	0.072498
15322	0.259871
15327	-0.002688
15463	0.067475
15496	-0.239054
15499	0.174280
15502	-0.022778
15514	0.005459
15566	0.127527
15580	0.130241
15583	0.193341
15586	0.025818
15601	1.174598
15621	0.030942
15780	0.005697
15869	-0.576975
16082	1.061466
16281	0.072165
16293	0.262156
16300	0.485166
16304	0.308911
16360	-0.009870
16361	-0.070925
16367	-0.523827
16432	-0.107905
16433	-0.026879
16438	-0.309506
16446	-0.142936
16453	-0.068123
16463	-0.542147
16466	-0.050041
16477	-0.096662
16482	-0.064856
16605	-0.108758
16606	0.347866
16635	-0.018274
16638	-0.442409
16655	-0.685580
16673	-0.269335
16676	-0.179867
16677	-0.068533
16678	0.004337
16808	0.149364
16829	-0.169987
17150	-0.177128
17182	-0.012949
17199	0.259774
17273	-0.055197
17431	0.068268
17466	0.041629
17472	0.098801
17485	0.044564
17585	0.029353
17620	0.180296
17647	-0.006541
17690	-0.057375
17772	-0.617741
18410	0.282187
19647	0.342820
21458	-0.400087
21885	-0.187520
21973	-0.068546
21976	-0.075440
21977	-0.073536
22084	-0.167581
23475	-0.005004
23754	0.277792
23764	0.009034
24372	0.168313
24918	1.030300
24944	0.075789
25022	0.589464
25140	0.543822
26484	-0.204308
27764	-0.150284
28424	0.153260
28845	-0.121337
29861	0.308178
30684	0.134241
31288	0.322392
31704	-0.060211
32421	-0.541916
32520	-0.294998
32893	-0.010234
34340	-0.671561
35227	0.553264
35334	-0.065689
36499	0.187784
36843	-0.016675
36844	-0.048080
36955	-0.549713
36970	-0.670764
39336	-0.144769
39353	-0.169578
40538	-0.031816
40541	0.065734
40542	0.071483
40599	-0.418206
40601	0.043335
40602	0.084894
40656	-0.017024
40657	-0.121155
42157	-0.507496
42203	-0.186836
42204	0.182209
42851	-0.047134
43061	-0.028820
44144	0.175606
45195	-0.536589
47030	-0.060171
47285	0.006362
47317	0.140199
47457	0.351922
47460	-0.084298
48147	-0.009655
48297	-0.529539
48474	-0.061697
48696	0.070821
49516	-0.112661
49630	-0.106761
49927	0.915698
50199	-0.427152
50249	0.056447
50259	-0.477237
50904	-0.187208
53231	0.067653
53471	-0.047961
53531	-0.259439
53986	0.077697
55057	-0.544930
56431	0.121838
56432	0.106666
56466	0.045542
56478	-0.104988
56621	0.064611
57644	-0.235396
57756	0.016980
58783	-0.742287
59657	0.015326
59715	-0.461776
64825	0.201895
64947	-0.056457
65950	0.142429
70102	0.155904
75003	0.476387
75099	0.351646
75742	0.041207
75823	-0.029306
75824	-0.081057
78157	-0.633046
78181	-0.073145
78191	0.100805
80479	-0.186767
80480	-0.022109
80715	-0.030674
80719	0.092367
80750	0.284544
81231	0.025134
84436	-0.517546
84780	-0.087102
84844	0.060091
85002	0.209214
85003	-0.263962
85659	0.111023
85663	0.075698
85710	0.043916
92185	0.369925
96142	0.258755
96144	0.236752
96482	-0.067925
98871	-0.253091
