# 1342 minima projected onto PC116
Min	PC
3	0.006026
4	-0.006287
5	-0.002363
6	-0.011566
7	0.000952
9	0.004451
16	-0.000374
17	-0.018901
21	0.008901
23	-0.001864
31	0.009727
44	-0.023535
47	-0.010117
48	0.010732
51	-0.013402
52	-0.005378
55	0.006538
56	0.027253
57	-0.004532
58	0.014404
60	-0.011027
67	0.005689
68	-0.004696
71	-0.004600
72	-0.015274
74	0.006825
79	-0.014382
82	-0.009511
85	-0.005838
86	-0.020775
87	-0.003492
88	0.002412
91	-0.000320
92	-0.004904
94	-0.000725
95	-0.006729
97	0.000334
104	-0.013984
106	0.009458
109	0.012615
111	-0.014908
115	0.040088
120	-0.030668
126	-0.016567
129	0.024140
136	0.005156
137	-0.002731
188	-0.001867
189	-0.000879
196	-0.010718
199	0.004932
200	-0.002034
202	0.005250
211	-0.017009
213	-0.004412
214	-0.007324
219	-0.009677
221	-0.004036
276	0.002169
279	0.018742
283	-0.034220
295	-0.005909
308	0.001001
312	-0.003400
315	0.010506
318	-0.020313
319	0.009730
321	-0.008565
324	-0.004078
328	0.004046
334	0.014120
336	0.000894
338	0.002887
347	-0.017312
351	0.045468
352	-0.010221
354	-0.012890
357	-0.020656
359	0.008630
362	-0.002946
364	0.000564
365	0.014139
368	0.007569
376	0.001956
377	0.010854
380	-0.005679
386	-0.009889
388	-0.007148
390	-0.015190
396	-0.013904
404	0.016499
410	-0.019138
413	0.004895
420	-0.020405
423	-0.002982
424	0.005543
437	-0.003334
438	0.033650
444	0.035022
452	0.005568
473	0.000033
474	-0.011759
475	-0.003050
476	-0.013632
478	-0.003131
479	-0.041655
480	0.005442
483	0.044643
503	-0.013909
508	0.001914
509	0.016839
530	0.007880
536	-0.005477
556	-0.004837
581	0.003897
583	0.011125
603	0.013289
606	0.006113
607	0.012851
620	0.015895
628	-0.007550
636	-0.012339
637	-0.028112
639	-0.002675
640	0.004090
644	0.001423
645	-0.011724
677	-0.024004
678	-0.014448
679	0.044727
682	0.020201
698	-0.004791
700	0.024946
710	-0.024385
722	0.003672
723	-0.016166
724	0.008294
725	-0.013646
726	0.000646
747	-0.071793
753	0.006219
755	0.013456
757	-0.005137
765	-0.003755
782	0.000187
783	-0.009417
793	0.034358
808	0.004620
814	0.043983
840	0.008963
848	0.019825
859	0.010511
864	0.006710
867	0.012819
878	0.004923
888	-0.004515
890	0.030832
892	0.005775
899	-0.004665
918	-0.013993
926	0.003143
933	-0.019982
934	-0.020533
981	0.002285
1028	-0.021191
1034	0.008723
1051	-0.025469
1054	-0.004987
1058	0.005020
1062	-0.017835
1063	-0.007973
1064	0.008949
1066	0.007311
1068	-0.015118
1073	-0.006853
1082	0.004433
1083	0.001714
1086	-0.008958
1089	-0.004549
1090	0.004290
1091	-0.023423
1092	-0.046660
1164	-0.017125
1165	0.022146
1174	0.036005
1176	-0.025519
1184	0.003713
1191	-0.003449
1192	-0.003472
1201	0.002443
1230	-0.026608
1339	-0.018942
1341	0.006278
1370	-0.015095
1385	-0.032359
1405	0.007011
1437	0.015083
1441	-0.002300
1443	0.012549
1521	0.009049
1522	0.010936
1523	0.017536
1524	0.038173
1525	0.014147
1541	0.007928
1542	0.012752
1550	-0.009927
1551	0.028391
1596	0.010227
1597	-0.010570
1628	0.031082
1629	0.005899
1633	0.009447
1636	-0.001046
1637	-0.001867
1765	-0.014506
1766	-0.001064
1780	-0.013982
1862	0.010182
1865	-0.004529
1870	-0.002059
1885	0.003087
1910	-0.001034
1911	-0.001033
2007	-0.003294
2060	0.012485
2062	0.004167
2090	-0.010333
2093	0.006808
2094	-0.006042
2095	0.006103
2096	-0.020947
2100	-0.006780
2101	0.014367
2102	0.005027
2103	0.000169
2104	-0.009136
2105	-0.007595
2128	-0.003097
2129	-0.012145
2135	0.008705
2190	0.003684
2195	0.000591
2197	0.008290
2198	-0.006479
2199	0.005611
2200	-0.014404
2201	-0.004335
2202	-0.012579
2205	-0.005679
2217	0.006545
2218	-0.007418
2221	0.005178
2272	0.016899
2273	0.001337
2275	-0.030544
2288	0.030710
2293	-0.017716
2298	0.020707
2299	-0.008611
2300	0.002693
2301	-0.000019
2338	0.000784
2342	-0.011221
2343	-0.010030
2358	0.023225
2384	-0.016891
2385	0.017159
2399	0.009862
2435	0.012927
2436	0.006617
2465	-0.012782
2467	-0.000337
2468	0.001997
2469	-0.004991
2470	0.015743
2471	-0.006085
2474	-0.014807
2620	-0.011325
2650	-0.000787
2651	0.000851
2685	0.008849
2688	-0.005363
2730	-0.005536
2843	0.007786
2951	-0.019881
2959	0.010269
3236	-0.001326
3305	-0.021622
3318	0.021353
3340	0.037869
3352	0.006448
3355	-0.005972
3356	-0.007129
3365	-0.004949
3366	0.003187
3367	0.012822
3368	0.005770
3401	-0.003863
3405	0.002065
3434	-0.003977
3448	-0.013511
3454	-0.003378
3481	-0.012053
3495	0.000525
3504	-0.024311
3532	0.009262
3540	0.038190
3549	-0.006384
3550	0.008114
3569	0.014353
3595	0.004946
3596	-0.002363
3603	0.017721
3621	0.028894
3622	0.014837
3647	-0.008700
3649	-0.007863
3651	0.006126
3652	0.002045
3723	-0.014732
3757	-0.003168
3772	-0.004652
3787	0.027510
3798	0.029498
3799	0.002519
3889	0.010636
3897	0.000073
3898	-0.011493
3904	0.033617
3945	0.020238
3990	-0.001868
4024	-0.015604
4039	0.001187
4048	-0.019902
4050	0.002256
4076	-0.014455
4094	-0.006877
4170	-0.002700
4251	0.024646
4252	0.025054
4299	0.004905
4302	0.006148
4318	-0.009479
4319	-0.007923
4320	0.015692
4360	-0.019518
4388	0.000486
4414	0.001680
4426	-0.007960
4446	-0.008210
4527	-0.000344
4545	-0.005750
4546	-0.015100
4554	-0.029194
4564	-0.006117
4567	0.004320
4634	-0.026812
4693	-0.001180
4736	0.002869
4761	-0.026234
4879	-0.009876
5071	0.000683
5138	-0.000596
5164	-0.002107
5182	-0.009296
5183	-0.047552
5184	0.004400
5187	-0.009266
5188	0.001600
5189	0.000495
5193	0.015403
5194	0.016237
5195	0.011071
5197	0.010903
5203	0.030293
5205	0.010337
5212	0.000697
5213	-0.009333
5222	-0.053759
5223	0.008910
5228	0.017671
5232	0.047027
5244	-0.013794
5245	0.019617
5246	0.015742
5248	-0.021897
5292	-0.010180
5293	0.022417
5299	-0.022871
5300	-0.036075
5315	-0.006702
5316	-0.013727
5319	-0.005577
5320	-0.008296
5321	0.002779
5322	-0.005942
5323	-0.008803
5324	-0.011769
5325	-0.009919
5329	0.021403
5342	-0.018818
5343	0.008260
5374	-0.008557
5376	0.008177
5378	-0.014348
5379	0.003799
5382	-0.017447
5390	-0.008542
5398	-0.006798
5402	-0.007789
5404	0.003309
5407	0.014807
5408	-0.022675
5409	0.010408
5411	0.002515
5412	0.002969
5413	0.006112
5416	-0.009410
5418	0.006069
5422	-0.000991
5425	-0.009543
5427	-0.014866
5428	0.006683
5432	0.007530
5436	0.007883
5443	-0.010247
5444	-0.032885
5458	0.055449
5462	0.000733
5465	0.018910
5468	0.011962
5471	0.015423
5480	-0.007043
5481	-0.012385
5485	-0.011732
5486	-0.020199
5488	-0.013589
5489	-0.002245
5495	-0.017113
5513	-0.002116
5515	0.000290
5516	-0.006629
5521	-0.001872
5527	0.019992
5528	0.007779
5536	-0.004593
5537	-0.000470
5547	-0.011698
5565	0.011478
5573	-0.010639
5579	0.000846
5583	0.022040
5586	-0.000639
5589	-0.020631
5590	-0.008467
5593	0.007062
5599	0.032844
5604	-0.004263
5605	-0.000718
5606	-0.037513
5625	0.001054
5649	0.012097
5656	0.013569
5657	0.006100
5658	0.012158
5686	0.013579
5695	-0.001194
5705	0.014446
5706	0.010221
5716	0.018088
5717	0.017924
5718	-0.014865
5719	0.019984
5720	0.013964
5724	0.009301
5738	-0.030915
5742	-0.034832
5750	-0.033679
5751	0.022604
5756	0.015269
5761	0.002368
5768	-0.004541
5773	-0.014606
5792	0.010290
5793	-0.022669
5794	0.012173
5806	-0.022179
5811	0.003696
5812	0.014599
5813	0.024084
5814	0.009496
5821	-0.014898
5823	0.022949
5825	-0.013742
5831	0.044454
5832	0.049555
5833	-0.006245
5847	-0.009906
5849	-0.001326
5851	0.017695
5854	0.003829
5858	0.036596
5862	-0.000578
5875	-0.018348
5876	0.025794
5903	-0.020371
5910	0.024164
5912	0.048205
5913	0.012905
5925	-0.006644
5926	0.003203
5927	-0.006971
5928	-0.005219
5930	-0.006422
5931	-0.022209
5933	0.012607
5934	0.003013
5937	0.025739
5939	-0.050438
5940	0.014753
5941	0.012140
5943	0.009093
5963	-0.029121
5964	0.006440
5965	0.025866
5966	-0.005086
5968	-0.000571
5969	-0.017740
5970	-0.024922
5971	0.007191
5975	0.025005
6006	0.013550
6011	0.002160
6017	0.002779
6019	0.017369
6022	-0.003153
6032	-0.022284
6095	0.009796
6115	-0.014339
6116	0.003376
6119	0.009475
6127	0.003736
6128	0.006697
6130	-0.014484
6140	0.011031
6141	-0.003224
6147	-0.041353
6148	-0.034897
6163	-0.020809
6164	-0.027297
6170	0.023934
6171	0.007307
6177	0.002953
6184	0.033285
6200	-0.001364
6204	-0.013628
6206	-0.017218
6223	-0.004787
6240	-0.028465
6245	0.022263
6253	0.005895
6267	-0.041668
6269	-0.027868
6290	-0.043794
6303	-0.009184
6317	-0.035104
6343	0.010109
6350	0.008198
6360	0.002757
6367	0.046521
6383	0.002019
6389	-0.036446
6397	0.042220
6398	0.004450
6406	0.005985
6407	0.067607
6412	0.000961
6413	-0.002900
6434	0.002212
6435	0.011395
6460	-0.001646
6463	0.007965
6464	0.012932
6489	-0.004212
6507	-0.011496
6510	-0.039734
6516	0.005022
6518	0.001875
6522	0.042614
6523	0.025245
6524	-0.000813
6525	0.004739
6531	-0.021288
6536	0.001480
6575	-0.004607
6584	-0.011855
6585	-0.015852
6586	0.022968
6594	0.001313
6595	-0.003026
6610	-0.001671
6612	0.001944
6615	0.005361
6624	0.015321
6628	0.022259
6649	0.022445
6698	-0.026978
6706	0.002224
6718	-0.006818
6719	0.016085
6722	-0.007961
6770	-0.040301
6780	0.011741
6781	0.008126
6794	-0.006672
6795	-0.040613
6796	-0.041879
6799	0.001377
6809	-0.000976
6837	0.018667
6838	-0.029622
6839	0.016069
6846	0.011928
6865	-0.001336
6869	-0.000067
6870	-0.018658
6871	-0.007185
6873	0.000017
6876	0.005958
6885	-0.008763
6895	0.007021
6896	0.014150
6897	-0.003112
6900	0.010159
6903	0.001875
6906	0.010687
6916	0.006231
6917	0.015089
6918	0.004728
6919	0.035572
6938	-0.008682
6941	0.018614
6942	0.011218
6943	-0.005739
6944	-0.000061
6948	0.012175
6953	0.003061
6957	0.000122
6958	-0.005190
6970	-0.006257
6971	0.026775
6976	0.012567
6977	-0.003702
6990	-0.001061
7014	0.002827
7015	0.003163
7016	0.005770
7018	-0.000049
7019	-0.003335
7042	0.011760
7053	0.013255
7066	0.012517
7067	-0.059555
7083	0.003070
7092	-0.024736
7100	-0.008776
7103	-0.001886
7110	-0.001663
7111	0.004808
7112	0.016342
7113	-0.004314
7116	0.007212
7119	-0.011322
7120	-0.003014
7121	-0.011142
7122	-0.004471
7140	0.011252
7143	-0.086213
7157	0.017018
7165	0.019407
7175	-0.000451
7178	-0.011302
7206	0.020310
7207	-0.002837
7217	0.003420
7218	0.033113
7221	0.017377
7227	0.000446
7230	0.012684
7236	-0.008207
7239	0.018214
7242	-0.009931
7260	0.014816
7268	0.018701
7269	-0.018126
7304	0.020403
7326	0.018475
7327	-0.004276
7336	0.001187
7342	-0.023897
7346	0.013822
7348	0.002939
7355	0.013865
7361	-0.013823
7372	-0.014957
7387	0.005005
7422	0.012045
7423	-0.008258
7425	-0.005307
7436	-0.003423
7442	-0.006392
7446	-0.005321
7448	0.013606
7453	0.004813
7463	-0.004662
7492	-0.020957
7493	0.006579
7494	-0.019414
7495	-0.004978
7518	-0.004663
7520	-0.008927
7540	-0.001235
7546	-0.002079
7556	-0.012763
7559	-0.005288
7560	0.019553
7561	-0.010338
7564	-0.019806
7575	-0.006559
7583	-0.006095
7585	-0.000089
7586	0.001480
7599	0.030242
7600	0.035495
7606	0.013508
7614	-0.009652
7617	0.002471
7622	0.015086
7629	-0.029932
7637	-0.020172
7640	-0.001554
7657	-0.004219
7665	-0.019722
7666	-0.015121
7667	-0.010162
7668	-0.020980
7669	-0.019360
7670	-0.010479
7671	-0.023777
7681	-0.016062
7683	-0.005039
7684	-0.011665
7696	0.002359
7722	0.009523
7723	0.009619
7799	0.018411
7852	0.018308
7859	-0.023813
7860	-0.016457
7861	0.000677
7865	0.013715
7875	-0.002963
7876	-0.006250
7895	-0.007689
7913	-0.016106
7917	0.002845
7952	-0.014137
7969	0.017017
7971	0.017349
8000	-0.003502
8002	-0.004900
8006	-0.009544
8036	0.000476
8056	0.015520
8069	0.060793
8103	-0.023314
8107	0.007915
8120	-0.008099
8122	-0.003492
8125	-0.007729
8127	0.037358
8136	-0.006345
8149	-0.013877
8154	0.002992
8197	-0.015792
8208	0.000910
8223	-0.013605
8232	-0.026471
8241	-0.006338
8256	0.018191
8262	0.028369
8266	-0.014756
8267	-0.015674
8268	0.008086
8269	0.012845
8271	0.016476
8273	-0.011338
8280	0.005972
8284	-0.003250
8303	0.015354
8304	0.002090
8305	0.003090
8308	-0.005066
8332	0.003488
8333	-0.042486
8334	-0.012489
8338	0.016211
8363	-0.009841
8370	-0.003585
8398	0.019888
8465	-0.009333
8468	-0.026521
8469	-0.006057
8470	0.005097
8507	0.006434
8552	0.009669
8572	0.005690
8574	0.000738
8577	0.007871
8586	0.006025
8592	0.008701
8593	0.011267
8594	-0.002941
8597	-0.014862
8599	-0.000120
8606	0.006805
8607	0.007821
8615	-0.025009
8617	-0.017220
8626	0.012771
8636	-0.003685
8669	0.008232
8671	-0.007237
8673	-0.000806
8675	0.032127
8790	0.006732
8791	0.027000
8811	-0.008961
8822	0.015157
8841	-0.006802
8849	-0.008126
8856	-0.004390
8875	0.013147
8884	0.046528
8906	0.014764
8907	0.002970
8910	-0.013667
8911	0.053420
8912	-0.001447
8913	-0.029026
8934	-0.013689
8935	-0.002430
8954	-0.013107
8968	0.003800
8972	-0.002865
9001	0.031170
9029	-0.006014
9032	0.017948
9058	0.004097
9059	0.008573
9068	0.023196
9070	-0.000138
9108	0.017489
9139	-0.023848
9140	-0.013812
9158	0.013710
9187	0.007866
9188	0.002242
9189	0.005913
9190	-0.016357
9253	0.016794
9259	0.063838
9268	-0.008798
9269	0.065337
9271	0.021338
9312	0.015217
9323	0.017951
9329	-0.003397
9330	-0.004876
9331	0.012335
9356	0.019992
9376	-0.009372
9394	-0.004730
9424	0.026275
9428	0.000777
9429	0.001483
9496	-0.000952
9536	0.003597
9543	0.015632
9589	0.012130
9614	-0.014721
9615	-0.017783
9617	0.034215
9631	0.006963
9661	-0.009117
9668	-0.026596
9718	-0.016840
9728	-0.018042
9734	-0.001323
9788	0.018820
9791	0.009297
9793	0.005965
9804	0.024076
9809	-0.008707
9810	-0.016309
9823	-0.023297
9828	0.018636
9907	-0.002627
9951	-0.034528
9968	0.010579
9969	0.012597
10010	-0.028242
10011	-0.012329
10012	-0.010324
10018	-0.001180
10021	-0.010967
10022	0.005089
10031	-0.024384
10032	-0.015611
10033	-0.008862
10034	-0.024553
10035	-0.027112
10039	0.011102
10044	0.008577
10045	0.025153
10060	0.080988
10065	-0.007807
10077	-0.015630
10080	-0.013550
10130	0.024948
10131	-0.005022
10149	-0.028739
10194	0.000742
10197	0.008048
10221	-0.008146
10226	-0.042382
10232	0.000491
10233	-0.018984
10263	-0.009289
10264	-0.008711
10274	-0.024354
10286	-0.007161
10292	-0.010533
10299	0.012585
10302	-0.004124
10324	0.033626
10355	-0.004078
10358	0.011790
10362	0.005383
10366	0.015645
10368	0.001035
10370	-0.013399
10392	0.012679
10405	0.003513
10406	-0.003240
10409	-0.024429
10419	-0.006868
10420	0.010724
10424	-0.004681
10434	0.000873
10455	0.004355
10478	0.001892
10480	0.001125
10484	0.007487
10510	0.024948
10519	-0.017688
10520	-0.001520
10524	0.024837
10578	0.024528
10630	-0.015154
10643	0.005334
10645	-0.001895
10677	0.000736
10678	-0.027055
10690	0.011499
10717	-0.007207
10718	0.009973
10719	-0.007684
10721	0.002785
10723	0.036218
10735	0.007157
10736	0.002614
10829	0.021380
10837	-0.000965
10846	-0.001746
10921	0.008554
10922	0.023173
10923	-0.003677
10924	0.012599
10964	-0.008907
10978	0.013216
11017	0.026492
11018	0.020523
11019	0.000990
11032	-0.013676
11034	0.017470
11035	-0.000782
11036	-0.001188
11052	-0.009484
11056	-0.007184
11060	0.020518
11063	0.005685
11064	0.013369
11068	0.016054
11069	0.007920
11090	-0.007690
11098	-0.016463
11099	-0.023701
11100	0.001366
11105	-0.018807
11109	0.003538
11122	0.000953
11123	-0.000940
11125	-0.032533
11126	-0.003007
11149	-0.002824
11153	-0.006388
11188	0.023991
11193	-0.019231
11230	-0.005755
11233	-0.007017
11236	0.028974
11243	0.028789
11251	0.003124
11259	0.007956
11263	-0.014083
11272	0.058320
11321	0.012499
11322	0.009598
11326	-0.001817
11327	0.003050
11335	-0.001617
11337	0.007843
11343	0.009595
11390	0.008237
11444	-0.010616
11464	0.002082
11471	-0.006855
11472	0.001159
11473	-0.000213
11492	0.034742
11499	-0.003227
11500	0.007851
11505	0.013526
11527	0.024180
11528	0.016026
11532	0.003858
11564	-0.003057
11589	-0.000305
11591	0.009849
11592	-0.017126
11599	-0.008884
11605	0.000801
11617	-0.011403
11630	-0.001489
11631	-0.013498
11632	-0.013383
11656	-0.044704
11657	0.028125
11777	-0.022136
11786	-0.011724
11812	-0.013328
12020	0.019174
12061	0.002876
12115	-0.023201
12154	0.013537
12155	-0.025546
12156	-0.018497
12159	-0.013290
12174	0.009907
12176	0.017183
12230	0.003645
12234	0.018864
12236	0.003440
12237	-0.008106
12250	-0.048790
12252	-0.009488
12253	0.007541
12315	0.008055
12381	0.002704
12382	-0.010476
12438	-0.002351
12455	0.000234
12462	-0.001593
12478	-0.016065
12603	-0.032820
12711	-0.005440
12714	0.004529
12716	0.000416
12754	0.009353
12785	0.019419
12788	0.024153
12792	0.036448
12898	0.017386
12944	0.019012
12949	-0.066884
13062	0.001911
13099	-0.036657
13160	0.005693
13198	-0.021409
13239	-0.001766
13249	0.011879
13262	0.017619
13263	0.009894
13272	0.003430
13273	-0.055369
13277	0.009238
13305	-0.017873
13342	0.027495
13343	0.021085
13345	0.025691
13351	-0.007251
13357	0.007231
13427	0.001298
13436	-0.012004
13455	0.009841
13528	0.037108
13532	0.011312
13553	-0.021597
13566	-0.044281
13651	-0.003976
13653	-0.000481
13675	0.011210
13676	-0.008779
13677	-0.005963
13678	0.023413
13681	-0.005723
13688	-0.009572
13697	-0.023852
13705	-0.020838
13708	-0.002005
13737	0.003617
13760	-0.000817
13923	0.011194
13927	0.019999
13995	-0.017121
14002	-0.004795
14003	-0.004128
14021	-0.008123
14034	-0.007614
14064	-0.017385
14110	-0.018567
14155	0.009479
14203	-0.001572
14208	-0.020268
14340	0.006540
14356	-0.004385
14389	0.013684
14499	-0.001616
14625	-0.022083
14632	0.009953
14637	-0.014262
14641	0.006418
14685	0.010909
14694	0.007182
14695	0.002476
14699	-0.007845
14700	-0.016339
14749	-0.033352
14760	0.003968
14790	-0.000213
14791	-0.010081
14796	0.013662
14797	0.004651
14891	-0.003117
14927	0.005504
15099	-0.016028
15182	-0.008350
15243	-0.040823
15245	-0.011888
15254	-0.007913
15322	-0.002448
15327	-0.023997
15463	-0.013456
15496	-0.013292
15499	0.021058
15502	-0.001776
15514	0.018499
15566	0.007361
15580	0.024790
15583	-0.007787
15586	0.032272
15601	0.012049
15621	-0.007795
15780	0.016214
15869	0.017705
16082	0.008416
16281	-0.035620
16293	-0.001193
16300	0.034252
16304	0.015261
16360	0.020506
16361	-0.003357
16367	0.008901
16432	-0.006291
16433	0.039772
16438	-0.015350
16446	-0.005513
16453	-0.006918
16463	-0.021968
16466	-0.012754
16477	-0.051286
16482	0.004934
16605	-0.010159
16606	0.051186
16635	0.005775
16638	0.005133
16655	0.025629
16673	0.001167
16676	-0.003521
16677	-0.021173
16678	-0.025104
16808	-0.011497
16829	0.003980
17150	0.009336
17182	0.002372
17199	-0.001584
17273	-0.019116
17431	-0.007225
17466	0.018575
17472	0.030198
17485	0.019196
17585	-0.029360
17620	-0.001769
17647	0.007319
17690	0.018826
17772	0.008423
18410	0.006016
19647	-0.005503
21458	0.007393
21885	0.004709
21973	-0.001264
21976	-0.006970
21977	-0.000785
22084	-0.002488
23475	-0.006771
23754	-0.021007
23764	-0.004258
24372	0.005109
24918	0.014822
24944	-0.014994
25022	0.007439
25140	-0.001821
26484	-0.020136
27764	0.006192
28424	-0.022270
28845	-0.024170
29861	0.018635
30684	-0.034543
31288	-0.051582
31704	-0.007363
32421	0.028221
32520	0.022336
32893	-0.004633
34340	-0.039890
35227	-0.009604
35334	0.017440
36499	-0.006694
36843	0.000401
36844	0.002865
36955	0.003990
36970	-0.009798
39336	0.002228
39353	0.005272
40538	0.027123
40541	0.008970
40542	-0.000609
40599	0.001501
40601	0.006312
40602	0.014722
40656	0.021850
40657	0.008701
42157	-0.027164
42203	-0.013362
42204	-0.007779
42851	0.015675
43061	-0.004399
44144	0.004687
45195	0.024031
47030	-0.001824
47285	0.004430
47317	-0.026265
47457	-0.011645
47460	-0.010887
48147	-0.013200
48297	-0.023590
48474	0.010897
48696	0.000106
49516	-0.033790
49630	0.026396
49927	-0.012736
50199	0.028183
50249	0.030175
50259	0.014865
50904	0.004129
53231	-0.004072
53471	-0.001903
53531	0.017303
53986	0.007978
55057	-0.008252
56431	-0.010412
56432	-0.010734
56466	-0.011151
56478	0.017431
56621	0.001855
57644	0.007184
57756	-0.010926
58783	-0.000366
59657	0.008488
59715	-0.070496
64825	0.000795
64947	-0.023955
65950	-0.009464
70102	-0.002413
75003	-0.079790
75099	-0.042633
75742	0.032239
75823	-0.022038
75824	-0.015314
78157	-0.007013
78181	0.051834
78191	-0.004592
80479	0.013826
80480	0.019518
80715	0.004504
80719	0.005053
80750	0.008275
81231	0.028005
84436	0.014887
84780	-0.006567
84844	-0.006273
85002	-0.000338
85003	-0.034025
85659	-0.006532
85663	-0.004824
85710	0.006869
92185	-0.010120
96142	-0.010739
96144	-0.019641
96482	0.025319
98871	0.005617
