# 1342 minima projected onto PC45
# Min	PC
3	-0.010386
4	-0.160709
5	-0.134473
6	0.073221
7	0.413522
9	0.168502
16	0.115659
17	-0.135636
21	0.174899
23	-0.200128
31	0.473762
44	0.002309
47	-0.144934
48	-0.177243
51	-0.238478
52	0.109718
55	-0.512840
56	0.111091
57	0.026495
58	-0.063048
60	-0.273350
67	-0.127566
68	-0.021918
71	0.268855
72	0.171923
74	-0.083949
79	0.102051
82	-0.427699
85	-0.349037
86	-0.082431
87	-0.444754
88	0.211130
91	0.255511
92	0.014262
94	-0.064548
95	0.085620
97	0.083147
104	0.406648
106	0.267622
109	0.367038
111	-0.303987
115	0.364161
120	0.139698
126	-0.079369
129	0.178027
136	0.600470
137	-0.091187
188	0.163386
189	-0.041281
196	0.338945
199	0.002309
200	-0.098694
202	0.004656
211	-0.149766
213	-0.179450
214	-0.019574
219	0.237876
221	0.033305
276	-0.086221
279	0.087585
283	-0.005402
295	-0.056947
308	-0.183589
312	0.199881
315	-0.053678
318	-0.130664
319	0.113880
321	0.184134
324	0.019540
328	-0.230313
334	-0.046341
336	-1.347010
338	-0.346379
347	-0.136758
351	0.136658
352	0.048170
354	-0.399105
357	0.262672
359	0.357091
362	0.088258
364	0.000103
365	0.138527
368	0.172818
376	0.002737
377	-0.193352
380	0.270191
386	-0.044763
388	-0.107607
390	-1.305937
396	-0.190540
404	-0.026132
410	-0.168195
413	0.224334
420	-0.471185
423	-0.141570
424	0.001505
437	-0.127259
438	0.315462
444	-0.026692
452	-0.327575
473	0.267824
474	0.528551
475	-0.110561
476	0.363103
478	0.041917
479	0.176958
480	0.263125
483	0.334672
503	-0.472618
508	0.327534
509	-0.044148
530	0.042073
536	-0.303261
556	0.147140
581	-0.033617
583	0.168723
603	0.079182
606	0.241999
607	-0.031030
620	0.514815
628	-0.441131
636	-0.097406
637	-0.304689
639	-0.055181
640	-0.101114
644	0.194477
645	0.377090
677	0.058412
678	-0.297765
679	0.275298
682	0.012868
698	-0.173864
700	0.067691
710	-1.510475
722	0.158228
723	-0.415763
724	0.053483
725	0.062006
726	0.287515
747	0.394718
753	0.132297
755	0.132400
757	-0.262103
765	0.325717
782	-0.082170
783	0.510387
793	-0.246454
808	-0.042844
814	-0.261805
840	0.058428
848	-0.378434
859	0.113751
864	-0.060186
867	0.694170
878	-0.323162
888	-0.294416
890	0.440763
892	0.068595
899	0.045172
918	0.277714
926	0.049370
933	-0.132794
934	-0.231583
981	0.072642
1028	-0.392628
1034	0.105053
1051	-0.031261
1054	0.034625
1058	-0.419068
1062	0.295704
1063	-0.319486
1064	0.156625
1066	-0.093605
1068	0.250767
1073	0.143226
1082	0.209982
1083	0.168804
1086	0.131104
1089	0.026104
1090	0.124828
1091	0.216052
1092	-0.036588
1164	0.026035
1165	0.157338
1174	-0.117700
1176	-0.029531
1184	-0.325382
1191	-0.108850
1192	-0.400019
1201	0.435585
1230	0.106116
1339	0.112424
1341	-0.444559
1370	-0.251948
1385	0.480721
1405	-0.135346
1437	0.003288
1441	0.542787
1443	0.469339
1521	0.291822
1522	-0.135469
1523	0.142949
1524	0.276346
1525	-0.074904
1541	-0.012637
1542	0.110765
1550	0.081090
1551	0.183153
1596	-0.073865
1597	-0.219509
1628	-0.696963
1629	0.181101
1633	0.036845
1636	-0.217129
1637	0.504595
1765	0.166356
1766	-0.015337
1780	-0.317451
1862	0.043289
1865	0.261586
1870	0.245208
1885	0.205936
1910	-0.193366
1911	0.028285
2007	0.511284
2060	-0.418659
2062	-0.264052
2090	-0.702224
2093	-0.189035
2094	0.100867
2095	-0.027908
2096	-0.440896
2100	-0.422494
2101	0.678100
2102	0.707372
2103	0.471715
2104	0.494435
2105	0.084972
2128	0.156108
2129	-0.004793
2135	0.100336
2190	-0.108288
2195	-0.122625
2197	-0.308288
2198	-0.216121
2199	0.411863
2200	-0.145229
2201	0.416781
2202	-0.070566
2205	0.016873
2217	-0.071640
2218	-0.238504
2221	-0.201474
2272	-0.077875
2273	-0.068306
2275	-0.334603
2288	0.290165
2293	-0.086893
2298	-0.251712
2299	0.037048
2300	-0.113361
2301	0.003675
2338	0.179927
2342	0.092960
2343	-0.341919
2358	0.555635
2384	0.092749
2385	0.106772
2399	0.165802
2435	-0.352233
2436	-0.014546
2465	-0.028424
2467	-0.225278
2468	-0.200436
2469	0.121496
2470	-0.388951
2471	0.103912
2474	-0.041616
2620	-0.117132
2650	0.161248
2651	0.031241
2685	0.252723
2688	-0.051139
2730	0.021895
2843	0.262043
2951	-0.733215
2959	-0.345588
3236	-0.206116
3305	0.334189
3318	-0.365883
3340	-0.412612
3352	0.338106
3355	0.101330
3356	0.400109
3365	-0.209404
3366	-0.116361
3367	0.060349
3368	-0.026180
3401	-0.040741
3405	0.456337
3434	0.350993
3448	-0.129552
3454	0.175550
3481	0.163007
3495	0.233250
3504	-0.134224
3532	0.181164
3540	-0.066374
3549	-0.054251
3550	-0.512507
3569	0.072833
3595	0.056687
3596	-0.153317
3603	0.477408
3621	0.500517
3622	-0.014201
3647	-0.078842
3649	-0.169907
3651	0.477619
3652	-0.014617
3723	0.425478
3757	0.184441
3772	-0.173940
3787	-0.444617
3798	-0.250055
3799	0.128214
3889	-0.051596
3897	0.256049
3898	0.011297
3904	0.509371
3945	-0.107647
3990	0.383358
4024	0.044465
4039	0.050067
4048	-0.008994
4050	-0.013792
4076	-0.047182
4094	-0.171532
4170	0.021745
4251	-0.359026
4252	-0.057459
4299	0.320223
4302	-0.044317
4318	0.221731
4319	-0.121597
4320	-0.114433
4360	0.208803
4388	-0.125317
4414	-0.123468
4426	-0.014153
4446	-0.378000
4527	-0.190747
4545	-0.312797
4546	-0.134456
4554	-0.308233
4564	-0.145728
4567	-0.151010
4634	0.383103
4693	-0.203137
4736	0.379051
4761	-0.083283
4879	0.215762
5071	0.498429
5138	0.017934
5164	-0.324473
5182	0.303696
5183	-0.453804
5184	-0.201717
5187	0.177340
5188	0.211013
5189	0.061648
5193	0.033758
5194	-0.275689
5195	0.745033
5197	0.597630
5203	-0.528013
5205	-0.215965
5212	-0.139480
5213	-0.295375
5222	0.020012
5223	0.034767
5228	0.030021
5232	-0.459599
5244	-0.641908
5245	-0.472121
5246	-0.161261
5248	0.119892
5292	-0.214402
5293	0.518372
5299	-0.120127
5300	-0.558185
5315	-0.082683
5316	-0.324862
5319	-0.286551
5320	-0.204027
5321	-0.393296
5322	-0.327821
5323	0.008234
5324	0.234424
5325	0.318843
5329	0.078124
5342	-0.165771
5343	0.223755
5374	-0.323683
5376	-0.243336
5378	0.375253
5379	-0.073973
5382	0.642111
5390	0.298722
5398	0.206887
5402	0.030399
5404	0.158644
5407	-0.018509
5408	-0.157675
5409	0.000167
5411	0.047776
5412	-0.326978
5413	-0.334165
5416	-0.076631
5418	-0.118316
5422	-0.075515
5425	-0.192213
5427	0.209185
5428	0.183800
5432	-0.005561
5436	0.068222
5443	-0.460742
5444	0.106611
5458	-0.215826
5462	0.271937
5465	-0.179693
5468	0.159424
5471	-0.249014
5480	0.335620
5481	0.056966
5485	-0.008397
5486	-0.004536
5488	-0.011471
5489	-0.045689
5495	-0.070099
5513	0.193154
5515	0.102645
5516	0.222979
5521	-0.286755
5527	0.207757
5528	0.173230
5536	-0.259594
5537	-0.195275
5547	-0.072477
5565	0.086872
5573	0.057865
5579	-0.089003
5583	0.263256
5586	0.023160
5589	0.435609
5590	0.281658
5593	0.267315
5599	-0.203063
5604	0.310178
5605	0.165038
5606	-0.208362
5625	-0.293409
5649	0.328826
5656	0.041731
5657	-0.173951
5658	-0.175869
5686	-0.134086
5695	-0.382474
5705	-0.043272
5706	-0.051664
5716	0.075905
5717	-0.030809
5718	-0.207728
5719	0.132083
5720	-0.088646
5724	0.090752
5738	-0.241770
5742	0.258275
5750	0.020801
5751	0.202841
5756	-0.039362
5761	-0.638337
5768	-0.093096
5773	0.383282
5792	-0.173007
5793	-0.146584
5794	-0.057523
5806	-0.077218
5811	0.095257
5812	0.008739
5813	0.085734
5814	0.258332
5821	0.123849
5823	-0.095258
5825	-0.122168
5831	-0.102308
5832	-0.245808
5833	-0.585445
5847	-0.646623
5849	-0.147841
5851	-0.200635
5854	0.386530
5858	0.197328
5862	0.121935
5875	-0.191820
5876	-0.149459
5903	0.200160
5910	-0.259121
5912	0.004796
5913	0.093473
5925	0.220241
5926	0.512677
5927	0.346937
5928	0.231000
5930	0.023248
5931	0.164908
5933	0.258069
5934	0.049003
5937	-1.184531
5939	0.181389
5940	0.011399
5941	-0.044412
5943	-0.250980
5963	0.289817
5964	0.082048
5965	0.380871
5966	0.313631
5968	0.273756
5969	0.162942
5970	0.324319
5971	0.198300
5975	0.113305
6006	-0.213562
6011	-0.014220
6017	0.303975
6019	-0.199571
6022	0.361805
6032	-0.190774
6095	0.271548
6115	-0.305487
6116	0.161165
6119	0.004798
6127	-0.091872
6128	-0.475430
6130	0.242389
6140	-0.010232
6141	0.754508
6147	1.002499
6148	1.148438
6163	0.083296
6164	0.005267
6170	0.157213
6171	0.581309
6177	0.061641
6184	-0.385677
6200	0.364533
6204	0.339564
6206	-0.100317
6223	0.107664
6240	-0.014023
6245	0.278054
6253	0.412875
6267	0.463015
6269	-0.315599
6290	0.292069
6303	0.041882
6317	0.424794
6343	0.147083
6350	-0.241955
6360	0.178055
6367	-0.253189
6383	0.174961
6389	0.407932
6397	-0.409139
6398	0.041728
6406	-0.362003
6407	-0.158810
6412	0.182321
6413	0.239142
6434	0.172527
6435	0.408628
6460	-0.037857
6463	0.050534
6464	0.143518
6489	-0.107037
6507	0.322230
6510	0.170360
6516	-0.126276
6518	0.255638
6522	-0.424490
6523	-0.472843
6524	0.013072
6525	0.686967
6531	-0.324061
6536	-0.196793
6575	-0.121383
6584	0.142006
6585	-0.035680
6586	-0.201925
6594	0.012828
6595	-0.197257
6610	-0.005222
6612	0.093750
6615	0.225850
6624	0.001792
6628	-0.251444
6649	-0.185609
6698	-0.476397
6706	0.068334
6718	-0.184196
6719	-0.154187
6722	0.170605
6770	-0.050942
6780	-0.107656
6781	-0.101364
6794	0.026349
6795	0.126786
6796	-0.159799
6799	0.289808
6809	-0.158977
6837	-0.366285
6838	-0.565558
6839	-0.289190
6846	-0.115503
6865	0.452767
6869	-0.038385
6870	-0.323797
6871	-0.022909
6873	-0.205482
6876	-0.160516
6885	-0.152898
6895	0.023750
6896	0.075958
6897	-0.050442
6900	0.063006
6903	-0.023711
6906	-0.221299
6916	-0.033327
6917	-0.037221
6918	0.014797
6919	-0.533869
6938	-0.067160
6941	-0.404304
6942	-0.217667
6943	-0.307981
6944	-0.149121
6948	-0.109287
6953	-0.275641
6957	-0.441016
6958	-0.099315
6970	-0.134115
6971	0.290814
6976	0.483210
6977	0.232174
6990	0.137677
7014	-0.397702
7015	-0.117558
7016	-0.782521
7018	0.432169
7019	0.447898
7042	0.510162
7053	0.509406
7066	-0.109064
7067	0.036808
7083	-0.216084
7092	-0.160569
7100	0.597698
7103	0.663711
7110	-0.188384
7111	0.359980
7112	0.213563
7113	-0.696107
7116	-0.097386
7119	-0.052473
7120	-0.630578
7121	0.225984
7122	-0.454651
7140	-0.187668
7143	-1.440256
7157	0.131587
7165	-0.048278
7175	0.022279
7178	-0.128349
7206	-0.360271
7207	0.094211
7217	0.065263
7218	-0.107985
7221	-0.290385
7227	-0.078742
7230	-0.052447
7236	0.231239
7239	0.117256
7242	0.077267
7260	-0.303766
7268	-0.857690
7269	-0.609205
7304	-0.629335
7326	0.502211
7327	0.344536
7336	0.498811
7342	-0.639265
7346	-0.038143
7348	0.566467
7355	0.368799
7361	-0.075355
7372	-0.209152
7387	0.221029
7422	-0.094874
7423	0.107375
7425	0.287204
7436	0.447107
7442	0.202918
7446	0.189906
7448	-0.066403
7453	-0.292121
7463	0.119839
7492	-0.022404
7493	0.047123
7494	-0.400645
7495	-0.153109
7518	-0.123441
7520	0.250953
7540	0.298845
7546	0.530169
7556	0.144875
7559	0.699278
7560	0.226236
7561	0.024774
7564	0.001123
7575	0.066458
7583	0.189478
7585	0.147468
7586	0.101493
7599	0.078711
7600	0.126943
7606	-0.093496
7614	0.050765
7617	0.026693
7622	0.122648
7629	0.580223
7637	0.307987
7640	0.050615
7657	0.303503
7665	0.071913
7666	0.313291
7667	-0.071935
7668	0.091704
7669	-0.001020
7670	0.083981
7671	0.063608
7681	0.027455
7683	-0.046697
7684	-0.265560
7696	-0.008014
7722	-0.129053
7723	-0.175648
7799	-0.206415
7852	0.138697
7859	-0.517114
7860	0.077354
7861	-0.010034
7865	-0.076141
7875	0.402056
7876	0.187041
7895	-0.244576
7913	0.267100
7917	-0.468274
7952	-0.059596
7969	-0.970832
7971	0.028173
8000	-0.021180
8002	0.131424
8006	0.027922
8036	0.048114
8056	0.015905
8069	-0.158131
8103	0.170434
8107	0.440260
8120	-0.425388
8122	0.565889
8125	0.112651
8127	0.122638
8136	0.461783
8149	0.629724
8154	0.938208
8197	0.493769
8208	0.363651
8223	0.181236
8232	0.269342
8241	0.552665
8256	-0.101699
8262	-0.167915
8266	-0.132672
8267	0.083638
8268	0.501023
8269	0.587075
8271	0.097736
8273	-0.497960
8280	0.064549
8284	0.156726
8303	0.249710
8304	0.039038
8305	0.006747
8308	0.034915
8332	-0.160674
8333	0.290549
8334	-0.104597
8338	-0.151946
8363	-0.461627
8370	0.674975
8398	0.007197
8465	0.501171
8468	-0.028400
8469	-0.300916
8470	-0.302411
8507	0.091052
8552	0.368865
8572	0.171363
8574	-0.120222
8577	0.351802
8586	-0.182852
8592	-0.070771
8593	0.269848
8594	-0.260791
8597	0.209142
8599	-0.137288
8606	0.138350
8607	0.036879
8615	0.030401
8617	0.203927
8626	0.193428
8636	-0.078871
8669	0.371421
8671	-0.048283
8673	-0.021232
8675	-0.056494
8790	0.090054
8791	0.041305
8811	-0.455725
8822	0.059656
8841	-0.343279
8849	-0.355659
8856	-0.147982
8875	-0.351558
8884	-0.907126
8906	0.256000
8907	-0.187690
8910	-0.215855
8911	0.159818
8912	0.032911
8913	0.167818
8934	0.035936
8935	0.130163
8954	-0.300589
8968	0.008089
8972	-0.013147
9001	-0.490698
9029	0.039715
9032	0.052994
9058	-0.501250
9059	-0.215883
9068	-0.263436
9070	-0.286810
9108	-0.533040
9139	-0.484398
9140	-0.443747
9158	-0.200185
9187	-0.440256
9188	-0.209700
9189	-0.196903
9190	-0.280048
9253	0.154594
9259	-0.367191
9268	0.059315
9269	-0.489469
9271	0.362925
9312	-0.062674
9323	0.060857
9329	0.019713
9330	0.035950
9331	0.301795
9356	0.222579
9376	-0.742006
9394	-0.127614
9424	0.002238
9428	0.046925
9429	0.135015
9496	0.206509
9536	-0.176804
9543	0.008629
9589	-0.110606
9614	0.204951
9615	0.012547
9617	-0.084763
9631	-0.518349
9661	-0.138170
9668	-0.426198
9718	0.422611
9728	0.085781
9734	0.240320
9788	-0.234345
9791	0.124619
9793	-0.233686
9804	0.106339
9809	0.106204
9810	0.090970
9823	0.197030
9828	-0.403711
9907	-0.176233
9951	-0.204070
9968	0.333317
9969	-0.078014
10010	-0.266527
10011	-0.088382
10012	-0.021414
10018	-0.177360
10021	-0.319234
10022	-0.339261
10031	-0.101975
10032	0.249677
10033	-0.003439
10034	0.110401
10035	-0.260511
10039	0.160148
10044	-0.122890
10045	-0.303111
10060	-0.144820
10065	-0.438856
10077	0.131188
10080	-0.273425
10130	-0.638778
10131	0.024104
10149	-0.307107
10194	-0.146365
10197	0.273139
10221	-0.095227
10226	0.588943
10232	-0.263786
10233	-0.269761
10263	-0.290171
10264	-0.099178
10274	-0.044617
10286	0.175675
10292	0.076788
10299	0.402354
10302	0.118713
10324	-0.022828
10355	-0.172126
10358	0.581626
10362	-0.189033
10366	-0.078681
10368	-0.326279
10370	-0.301175
10392	0.116817
10405	-0.257496
10406	0.050258
10409	0.167099
10419	-0.163472
10420	0.441278
10424	-0.109653
10434	-0.082668
10455	0.324069
10478	-0.061010
10480	-0.363453
10484	-0.017128
10510	0.164369
10519	-0.171286
10520	-0.219724
10524	-0.068429
10578	-0.644061
10630	0.141641
10643	0.133037
10645	0.016721
10677	0.259375
10678	0.082311
10690	0.417564
10717	0.280161
10718	0.493717
10719	-0.403576
10721	0.115208
10723	-0.039659
10735	-0.167253
10736	0.414358
10829	-0.045329
10837	-0.383244
10846	-0.296403
10921	0.024571
10922	-0.034724
10923	0.102590
10924	-0.044119
10964	0.149230
10978	0.267965
11017	0.277995
11018	0.193005
11019	-0.600614
11032	-0.037269
11034	-0.249893
11035	-0.010942
11036	-0.291707
11052	-0.033163
11056	0.383579
11060	0.347175
11063	-0.186369
11064	-0.509202
11068	-0.557840
11069	-0.203751
11090	0.478443
11098	-0.016634
11099	-0.480044
11100	-0.214173
11105	-0.466812
11109	-0.182685
11122	-0.163272
11123	-0.147166
11125	-0.269465
11126	-0.161544
11149	0.001574
11153	-0.068889
11188	-0.179214
11193	-0.531890
11230	0.531742
11233	-0.197784
11236	-0.131032
11243	-0.178505
11251	-0.747279
11259	0.056653
11263	-0.572403
11272	0.490976
11321	0.618850
11322	0.148403
11326	0.283273
11327	0.323494
11335	-0.045593
11337	-0.077057
11343	-0.239775
11390	0.104271
11444	0.009765
11464	-0.311241
11471	-0.013969
11472	0.051185
11473	0.389276
11492	0.149587
11499	0.130438
11500	0.056726
11505	0.016450
11527	-0.085476
11528	-0.199988
11532	-0.178276
11564	-0.063207
11589	-0.127251
11591	-0.224201
11592	-0.064042
11599	-0.084782
11605	0.086123
11617	0.238975
11630	0.029620
11631	0.152769
11632	0.127122
11656	0.211549
11657	0.074018
11777	-0.470769
11786	0.123744
11812	0.046076
12020	-0.034383
12061	-0.091851
12115	0.115835
12154	0.339742
12155	0.159645
12156	-0.187815
12159	-0.499469
12174	-0.199251
12176	0.469341
12230	0.280747
12234	0.353700
12236	0.195756
12237	-0.018070
12250	-0.658155
12252	0.241715
12253	0.475728
12315	0.273556
12381	0.215238
12382	0.275784
12438	-0.364141
12455	-0.411643
12462	-0.233970
12478	0.384633
12603	-0.128784
12711	-0.089753
12714	0.000296
12716	-0.403325
12754	0.196796
12785	0.325265
12788	0.350106
12792	0.411361
12898	0.122465
12944	0.303253
12949	-0.254178
13062	0.334089
13099	-0.203223
13160	0.045672
13198	-0.395793
13239	0.176962
13249	-1.469200
13262	-0.063361
13263	0.063149
13272	0.673478
13273	0.023254
13277	-0.221316
13305	0.017988
13342	-0.194285
13343	-0.010592
13345	0.794709
13351	-0.275088
13357	-0.037900
13427	0.037134
13436	0.497543
13455	0.055576
13528	0.461840
13532	0.117255
13553	-0.353882
13566	0.311637
13651	0.323206
13653	0.270987
13675	0.594745
13676	0.165230
13677	0.279935
13678	0.410973
13681	0.468316
13688	-0.349864
13697	0.240029
13705	0.441106
13708	0.464779
13737	-0.224476
13760	-0.468366
13923	-0.299771
13927	-0.377948
13995	0.630788
14002	0.197225
14003	-0.159080
14021	0.179581
14034	-0.398872
14064	-0.480048
14110	-0.335763
14155	0.356829
14203	0.011106
14208	-0.625140
14340	0.523206
14356	0.286108
14389	-0.071219
14499	0.041332
14625	-0.435077
14632	-0.077591
14637	-0.314940
14641	-0.377738
14685	-0.284309
14694	0.046299
14695	0.177074
14699	-0.271139
14700	0.094526
14749	0.550512
14760	0.416529
14790	0.237141
14791	0.126366
14796	-0.528415
14797	-0.111624
14891	-0.348602
14927	-0.328927
15099	-0.138358
15182	0.782819
15243	-0.410765
15245	0.121231
15254	0.281601
15322	-0.071202
15327	0.430973
15463	0.314861
15496	0.099789
15499	0.487983
15502	0.300857
15514	-0.230130
15566	0.031923
15580	-0.197692
15583	-0.330381
15586	-0.542345
15601	-0.135716
15621	0.013899
15780	-0.344839
15869	-0.757495
16082	0.298640
16281	-0.828072
16293	0.345121
16300	-0.128265
16304	0.136375
16360	-0.022737
16361	0.042909
16367	0.115253
16432	0.367297
16433	0.094941
16438	0.344722
16446	0.115222
16453	0.082290
16463	-0.592623
16466	0.228987
16477	0.165137
16482	-0.154473
16605	0.148237
16606	-0.157566
16635	0.291680
16638	0.119248
16655	-0.183025
16673	-0.384057
16676	0.344550
16677	0.121946
16678	-0.302434
16808	0.073595
16829	0.060546
17150	0.102796
17182	-0.268223
17199	0.147319
17273	-0.346129
17431	0.288343
17466	-0.835175
17472	0.088896
17485	0.730722
17585	-0.410777
17620	0.465641
17647	1.018014
17690	-0.494955
17772	0.485396
18410	0.384227
19647	-0.081891
21458	0.890751
21885	-0.348455
21973	-0.055548
21976	-0.020187
21977	-0.310776
22084	0.268167
23475	0.141404
23754	-0.501631
23764	0.456722
24372	-0.267316
24918	0.074207
24944	0.162716
25022	-0.083897
25140	0.580006
26484	0.411766
27764	0.383548
28424	-0.265749
28845	0.315720
29861	0.209130
30684	-0.473631
31288	-0.349082
31704	0.014862
32421	-0.584739
32520	-0.162545
32893	-0.136661
34340	0.083171
35227	0.703711
35334	0.033732
36499	-0.231023
36843	-0.039281
36844	-0.159971
36955	-0.827652
36970	-0.901805
39336	-0.138162
39353	0.351087
40538	0.213548
40541	0.289638
40542	0.043678
40599	-1.145744
40601	0.115071
40602	0.561962
40656	0.100451
40657	0.474923
42157	0.382767
42203	0.174484
42204	-0.130516
42851	0.353094
43061	0.020256
44144	0.500355
45195	-0.229979
47030	-0.221621
47285	0.002300
47317	-0.249106
47457	-0.072241
47460	0.235456
48147	0.324043
48297	0.335464
48474	0.013894
48696	-0.245959
49516	0.022672
49630	-0.063044
49927	-0.113652
50199	0.082169
50249	0.068751
50259	0.131753
50904	-0.327843
53231	0.299147
53471	0.451963
53531	0.183745
53986	-0.158489
55057	0.199264
56431	-0.359557
56432	-0.375184
56466	-0.514302
56478	-0.041898
56621	-0.098869
57644	-1.326483
57756	0.397076
58783	0.371245
59657	-0.160838
59715	0.068212
64825	-0.170717
64947	0.195537
65950	0.294775
70102	-0.324375
75003	0.037333
75099	-0.067506
75742	0.594173
75823	0.736615
75824	0.244064
78157	-0.207688
78181	-0.087521
78191	0.618969
80479	0.192804
80480	-0.374325
80715	-0.074706
80719	0.180495
80750	0.011997
81231	-0.624389
84436	-0.005791
84780	0.167767
84844	0.277864
85002	0.567803
85003	-0.117204
85659	-0.020318
85663	0.313634
85710	0.123336
92185	-0.648689
96142	-0.162138
96144	0.147798
96482	-0.444344
98871	-1.119097
