# 1342 minima projected onto PC119
# Min	PC
3	-0.001044
4	-0.004303
5	-0.005124
6	-0.013889
7	0.024782
9	-0.011834
16	0.004173
17	-0.023897
21	0.005902
23	0.006135
31	-0.006392
44	-0.002423
47	-0.010777
48	-0.008650
51	-0.005366
52	0.003119
55	0.005177
56	-0.005539
57	-0.003173
58	0.024678
60	-0.013187
67	0.007521
68	0.002119
71	-0.000128
72	-0.003002
74	0.001627
79	-0.028810
82	0.005028
85	-0.002878
86	0.007571
87	-0.003656
88	-0.012682
91	-0.004985
92	-0.014447
94	-0.007509
95	0.004016
97	0.002239
104	0.016374
106	0.026078
109	-0.011334
111	-0.008802
115	0.019152
120	0.000216
126	-0.023246
129	-0.025018
136	-0.006073
137	0.000349
188	-0.015712
189	-0.012180
196	-0.010499
199	0.002621
200	-0.001107
202	0.014147
211	-0.010734
213	0.007673
214	0.008868
219	0.002473
221	-0.005054
276	0.000287
279	-0.015924
283	0.022269
295	-0.017581
308	0.014574
312	0.003032
315	0.040909
318	0.005510
319	-0.006501
321	0.005526
324	-0.005054
328	-0.001804
334	-0.010511
336	0.004781
338	-0.006396
347	0.004812
351	-0.008900
352	0.004616
354	0.009712
357	0.010458
359	-0.003959
362	-0.013324
364	-0.008278
365	-0.006365
368	-0.012539
376	-0.012506
377	-0.013697
380	-0.005079
386	0.009610
388	-0.007962
390	0.007796
396	0.004766
404	-0.013477
410	-0.005962
413	-0.006609
420	0.000494
423	0.008312
424	-0.003044
437	-0.005191
438	-0.004623
444	-0.008294
452	0.001503
473	0.011900
474	0.006821
475	-0.004776
476	-0.007902
478	-0.005331
479	0.035711
480	0.008705
483	-0.015024
503	-0.016104
508	-0.002130
509	-0.023718
530	-0.017207
536	-0.013784
556	0.000420
581	-0.014188
583	-0.012394
603	-0.000479
606	-0.013640
607	-0.009290
620	0.018240
628	0.008086
636	-0.007252
637	-0.027325
639	-0.016662
640	0.004855
644	0.000542
645	0.011430
677	-0.013685
678	-0.006152
679	0.005512
682	0.003051
698	-0.009689
700	-0.010358
710	0.007615
722	-0.010763
723	-0.010745
724	-0.006287
725	-0.025560
726	0.016478
747	-0.050061
753	0.003799
755	-0.005972
757	0.007741
765	-0.011468
782	0.007304
783	0.001717
793	-0.003006
808	-0.016075
814	0.041885
840	-0.008245
848	-0.022039
859	-0.004604
864	-0.009139
867	-0.004611
878	0.002929
888	-0.006025
890	-0.029894
892	-0.015301
899	-0.001193
918	-0.005607
926	-0.002017
933	0.005039
934	0.008949
981	0.013183
1028	0.000343
1034	0.006061
1051	0.005698
1054	0.001167
1058	-0.014368
1062	0.004256
1063	-0.004948
1064	0.020132
1066	0.018215
1068	0.002621
1073	0.011623
1082	-0.004810
1083	0.007333
1086	0.005826
1089	0.015169
1090	-0.002937
1091	0.002844
1092	0.004381
1164	-0.030328
1165	0.002712
1174	0.061161
1176	0.004911
1184	0.010663
1191	0.016872
1192	0.022201
1201	-0.005813
1230	-0.002598
1339	-0.001660
1341	-0.001332
1370	-0.008167
1385	-0.030097
1405	-0.004764
1437	-0.002498
1441	-0.008107
1443	-0.008008
1521	-0.004388
1522	0.015490
1523	-0.004259
1524	0.015334
1525	0.000092
1541	0.009630
1542	0.012907
1550	0.003524
1551	0.010273
1596	-0.025212
1597	-0.004826
1628	0.014458
1629	0.008826
1633	0.013876
1636	0.015104
1637	-0.001225
1765	-0.031155
1766	-0.013762
1780	0.005732
1862	0.002101
1865	-0.002717
1870	0.013761
1885	-0.015374
1910	0.010747
1911	-0.001261
2007	0.017942
2060	0.003436
2062	0.009563
2090	0.034906
2093	0.015625
2094	0.014700
2095	0.018396
2096	0.016449
2100	-0.000331
2101	-0.002108
2102	0.000868
2103	-0.003319
2104	-0.001003
2105	0.032131
2128	0.010631
2129	0.019145
2135	-0.005816
2190	0.014662
2195	-0.008505
2197	0.003632
2198	0.009412
2199	0.008762
2200	0.027445
2201	0.042992
2202	0.004971
2205	0.024948
2217	-0.000103
2218	0.033319
2221	0.020128
2272	0.000383
2273	-0.003673
2275	0.002690
2288	-0.026738
2293	-0.007427
2298	-0.008383
2299	0.008118
2300	-0.011602
2301	-0.007997
2338	0.002898
2342	0.018928
2343	0.011251
2358	0.025438
2384	-0.007235
2385	-0.008183
2399	-0.016436
2435	0.014372
2436	-0.001985
2465	0.000056
2467	0.027415
2468	-0.002225
2469	-0.003522
2470	-0.005906
2471	-0.016342
2474	0.025948
2620	-0.013820
2650	0.001290
2651	-0.009201
2685	0.000351
2688	-0.000864
2730	0.032127
2843	-0.010588
2951	0.004922
2959	0.019373
3236	0.007156
3305	0.003701
3318	-0.011928
3340	0.010391
3352	-0.000695
3355	0.020908
3356	-0.004564
3365	0.005043
3366	0.007877
3367	0.001527
3368	0.001375
3401	-0.023980
3405	-0.011075
3434	0.006723
3448	-0.010399
3454	0.013602
3481	-0.006123
3495	0.007889
3504	0.008676
3532	0.005546
3540	0.006309
3549	-0.008624
3550	-0.012250
3569	-0.031615
3595	0.001445
3596	0.003991
3603	0.010945
3621	-0.032156
3622	-0.015969
3647	-0.003723
3649	0.005990
3651	-0.007304
3652	-0.018742
3723	0.024063
3757	-0.004924
3772	0.037813
3787	-0.011114
3798	0.009019
3799	0.001407
3889	-0.004239
3897	0.011926
3898	-0.005924
3904	-0.022292
3945	-0.030692
3990	0.010125
4024	0.011932
4039	-0.024589
4048	0.003513
4050	0.015223
4076	0.028377
4094	-0.009471
4170	-0.008126
4251	-0.012560
4252	-0.021746
4299	0.005193
4302	0.002509
4318	-0.001164
4319	-0.028786
4320	-0.014934
4360	-0.002405
4388	-0.003934
4414	-0.008596
4426	-0.004514
4446	-0.006513
4527	-0.002027
4545	-0.010386
4546	-0.007082
4554	-0.005721
4564	-0.005873
4567	0.005776
4634	-0.002543
4693	0.020731
4736	-0.005176
4761	0.007962
4879	0.021587
5071	0.002880
5138	0.007242
5164	-0.008765
5182	-0.001668
5183	-0.015009
5184	0.020129
5187	0.014467
5188	0.007974
5189	0.007788
5193	0.001112
5194	-0.005159
5195	0.027503
5197	0.013225
5203	0.007369
5205	-0.017138
5212	-0.002490
5213	0.002162
5222	-0.000749
5223	0.002519
5228	-0.001354
5232	-0.009730
5244	0.025297
5245	0.013426
5246	-0.008938
5248	-0.003893
5292	0.011182
5293	0.021189
5299	-0.013154
5300	-0.015645
5315	0.002905
5316	-0.000934
5319	0.015867
5320	0.023690
5321	0.009034
5322	-0.029269
5323	0.003237
5324	0.007210
5325	-0.001205
5329	0.004110
5342	0.018620
5343	-0.002570
5374	-0.048563
5376	0.017361
5378	-0.008965
5379	-0.008069
5382	0.005164
5390	0.016814
5398	-0.001035
5402	0.006195
5404	-0.007809
5407	0.001818
5408	0.004473
5409	0.004584
5411	-0.005534
5412	-0.002822
5413	-0.014974
5416	0.005619
5418	0.008841
5422	0.008169
5425	0.022455
5427	0.020427
5428	-0.007088
5432	0.036875
5436	-0.004051
5443	-0.014157
5444	0.003496
5458	0.019262
5462	-0.001295
5465	-0.011652
5468	-0.003139
5471	-0.007941
5480	0.001478
5481	0.012018
5485	-0.003587
5486	-0.006956
5488	0.023927
5489	-0.014049
5495	0.005663
5513	0.009004
5515	-0.000294
5516	-0.014535
5521	-0.004592
5527	0.001216
5528	-0.011029
5536	-0.009220
5537	0.001547
5547	-0.006722
5565	-0.002358
5573	0.011053
5579	0.002964
5583	-0.010371
5586	-0.016426
5589	0.005271
5590	0.014555
5593	-0.003341
5599	0.013604
5604	-0.012614
5605	0.015686
5606	-0.005120
5625	-0.026436
5649	-0.000778
5656	-0.001686
5657	-0.025077
5658	-0.001888
5686	-0.009909
5695	-0.022577
5705	0.006569
5706	0.028254
5716	-0.003165
5717	-0.007183
5718	0.009157
5719	-0.010596
5720	-0.011346
5724	0.006954
5738	0.001096
5742	0.005176
5750	-0.004557
5751	-0.000353
5756	-0.003714
5761	-0.016834
5768	-0.003783
5773	-0.023869
5792	-0.002846
5793	0.007137
5794	0.000087
5806	-0.009005
5811	0.006510
5812	-0.005754
5813	-0.006438
5814	0.005934
5821	-0.000061
5823	0.028956
5825	0.033228
5831	0.023415
5832	-0.009164
5833	0.014891
5847	-0.003657
5849	0.001742
5851	-0.009443
5854	-0.017805
5858	0.003014
5862	-0.008467
5875	0.030096
5876	-0.017853
5903	0.008384
5910	-0.033158
5912	0.009377
5913	0.022769
5925	0.002249
5926	0.014759
5927	-0.001482
5928	0.002662
5930	0.012055
5931	0.007412
5933	0.015819
5934	-0.006464
5937	0.015533
5939	0.010434
5940	-0.007010
5941	-0.011844
5943	-0.010850
5963	-0.034974
5964	-0.010056
5965	0.005226
5966	-0.007086
5968	-0.029085
5969	-0.000832
5970	0.004060
5971	0.006244
5975	0.004951
6006	-0.008973
6011	0.003430
6017	-0.010907
6019	-0.009027
6022	-0.009873
6032	-0.009084
6095	-0.000485
6115	-0.019570
6116	-0.005185
6119	0.001627
6127	-0.009946
6128	0.001878
6130	-0.005607
6140	-0.027164
6141	0.006506
6147	0.001829
6148	0.008001
6163	0.005623
6164	-0.007044
6170	-0.003192
6171	0.016853
6177	0.024196
6184	0.008085
6200	-0.003474
6204	0.006564
6206	-0.011868
6223	0.013314
6240	0.001588
6245	-0.004305
6253	0.000167
6267	0.018832
6269	0.035431
6290	0.024542
6303	0.019994
6317	-0.005747
6343	0.005523
6350	0.000001
6360	0.008119
6367	0.013928
6383	-0.007091
6389	-0.025993
6397	0.038951
6398	0.003151
6406	-0.007953
6407	-0.005355
6412	0.026045
6413	0.023377
6434	0.005237
6435	0.008994
6460	0.012144
6463	-0.006990
6464	-0.007338
6489	-0.014229
6507	0.001735
6510	-0.001314
6516	0.022927
6518	0.000877
6522	-0.027797
6523	0.002931
6524	-0.006508
6525	0.012648
6531	0.026715
6536	-0.011131
6575	-0.000818
6584	-0.010236
6585	0.006392
6586	-0.008155
6594	0.010028
6595	0.019861
6610	-0.004969
6612	0.000443
6615	0.000164
6624	0.011254
6628	-0.003579
6649	-0.004730
6698	-0.004988
6706	-0.011797
6718	0.016815
6719	-0.004255
6722	0.015350
6770	0.005412
6780	0.008821
6781	-0.009956
6794	-0.007440
6795	-0.052161
6796	-0.026509
6799	-0.018728
6809	0.004116
6837	0.033989
6838	-0.004714
6839	0.018702
6846	0.032016
6865	-0.015695
6869	0.006796
6870	-0.029350
6871	0.011033
6873	-0.004991
6876	0.004757
6885	0.002749
6895	-0.001347
6896	-0.048802
6897	-0.007455
6900	0.021651
6903	0.000956
6906	0.001422
6916	-0.000963
6917	-0.004619
6918	-0.011113
6919	0.022288
6938	0.005599
6941	-0.031018
6942	-0.029406
6943	-0.000674
6944	-0.023331
6948	-0.011252
6953	-0.001586
6957	0.017588
6958	-0.005312
6970	0.014935
6971	0.006909
6976	-0.027658
6977	0.024484
6990	0.013408
7014	-0.002128
7015	0.013773
7016	0.019063
7018	0.014674
7019	0.015456
7042	-0.014667
7053	0.012950
7066	0.014729
7067	0.024005
7083	0.019381
7092	0.004659
7100	0.008990
7103	0.024678
7110	-0.000407
7111	0.007686
7112	0.007196
7113	0.024252
7116	0.011532
7119	0.002786
7120	0.005491
7121	0.006717
7122	-0.007099
7140	0.015928
7143	-0.014020
7157	-0.014481
7165	-0.002340
7175	-0.019275
7178	0.019285
7206	-0.026973
7207	0.002842
7217	-0.006014
7218	-0.010485
7221	0.006146
7227	0.005636
7230	0.001385
7236	0.008102
7239	-0.040209
7242	-0.002766
7260	-0.020496
7268	-0.020853
7269	-0.010112
7304	0.007969
7326	0.004459
7327	-0.002974
7336	0.011457
7342	0.014337
7346	-0.010039
7348	-0.007671
7355	-0.012419
7361	0.040293
7372	0.008073
7387	-0.007664
7422	-0.021545
7423	0.013110
7425	-0.012615
7436	-0.019248
7442	-0.008194
7446	0.013947
7448	0.015882
7453	0.001604
7463	-0.012872
7492	-0.032795
7493	-0.008468
7494	0.022304
7495	0.028366
7518	0.000508
7520	0.019217
7540	0.006161
7546	0.010897
7556	-0.012381
7559	-0.014883
7560	-0.016915
7561	0.003464
7564	-0.004114
7575	-0.004059
7583	0.022681
7585	-0.030873
7586	0.006707
7599	0.008794
7600	-0.028384
7606	0.023525
7614	0.007054
7617	-0.033541
7622	-0.008026
7629	-0.006566
7637	0.025431
7640	-0.005583
7657	0.020984
7665	0.017542
7666	-0.018411
7667	-0.010932
7668	-0.015430
7669	-0.013776
7670	-0.022270
7671	-0.010005
7681	-0.009358
7683	0.009847
7684	-0.005134
7696	-0.023081
7722	-0.008117
7723	-0.012151
7799	-0.035252
7852	-0.006379
7859	-0.007644
7860	0.013960
7861	-0.008960
7865	-0.030024
7875	0.003155
7876	-0.007063
7895	-0.017571
7913	0.008443
7917	0.017701
7952	-0.006798
7969	0.010065
7971	-0.015476
8000	0.010916
8002	0.008175
8006	-0.014842
8036	0.025306
8056	0.012836
8069	0.011662
8103	0.041108
8107	0.001448
8120	-0.001155
8122	0.016614
8125	-0.001623
8127	-0.016400
8136	0.019059
8149	0.010537
8154	0.018293
8197	0.005249
8208	0.025919
8223	0.018047
8232	-0.005171
8241	0.021057
8256	-0.014424
8262	-0.016692
8266	0.003071
8267	0.011874
8268	0.005832
8269	0.004971
8271	-0.006612
8273	0.015772
8280	0.004488
8284	-0.002818
8303	0.007254
8304	-0.001130
8305	-0.009214
8308	0.012680
8332	-0.024754
8333	-0.008375
8334	-0.004823
8338	-0.039075
8363	0.021295
8370	0.004739
8398	0.015526
8465	0.031462
8468	0.007033
8469	0.005114
8470	-0.015305
8507	-0.000902
8552	0.001515
8572	-0.019154
8574	-0.014233
8577	0.005908
8586	0.013847
8592	-0.004274
8593	-0.005480
8594	0.012828
8597	0.000052
8599	0.006290
8606	-0.034625
8607	0.012304
8615	-0.001613
8617	0.003183
8626	-0.012587
8636	0.002493
8669	-0.014798
8671	-0.019504
8673	0.009585
8675	0.012299
8790	-0.014637
8791	-0.021415
8811	0.005526
8822	0.015297
8841	0.001577
8849	0.010193
8856	-0.026538
8875	-0.029050
8884	0.010529
8906	-0.009494
8907	-0.008883
8910	0.000968
8911	-0.013919
8912	0.004352
8913	-0.025551
8934	-0.015222
8935	-0.013768
8954	0.015035
8968	0.002712
8972	0.001374
9001	-0.036066
9029	-0.010385
9032	0.000837
9058	-0.022309
9059	0.009868
9068	-0.028584
9070	-0.001217
9108	0.025336
9139	0.014710
9140	-0.010908
9158	-0.005244
9187	-0.018458
9188	-0.010468
9189	0.002109
9190	-0.008220
9253	-0.004101
9259	0.030848
9268	0.002229
9269	0.026116
9271	0.003109
9312	-0.015043
9323	-0.001979
9329	0.003298
9330	-0.004707
9331	-0.007921
9356	0.004259
9376	0.018099
9394	-0.015836
9424	-0.017311
9428	-0.008890
9429	-0.006539
9496	-0.014647
9536	-0.008489
9543	-0.022027
9589	0.008705
9614	0.008941
9615	-0.004728
9617	-0.013489
9631	0.013035
9661	0.010118
9668	0.021718
9718	0.016105
9728	0.002605
9734	-0.011158
9788	0.015118
9791	0.016015
9793	0.026958
9804	-0.006746
9809	0.000134
9810	0.003991
9823	0.036419
9828	0.023308
9907	-0.006482
9951	0.002897
9968	-0.005071
9969	-0.005178
10010	0.024638
10011	0.007333
10012	0.023471
10018	0.002532
10021	0.012799
10022	0.013279
10031	0.001824
10032	0.014168
10033	0.024556
10034	-0.007492
10035	0.026457
10039	0.014725
10044	-0.009908
10045	0.013992
10060	-0.011568
10065	0.006907
10077	-0.033042
10080	-0.009667
10130	0.000129
10131	-0.002198
10149	0.007530
10194	-0.005869
10197	-0.003962
10221	-0.001891
10226	-0.011286
10232	-0.000667
10233	-0.024262
10263	-0.000561
10264	-0.000532
10274	0.007325
10286	-0.015561
10292	0.020743
10299	-0.006876
10302	0.013098
10324	0.010149
10355	0.011247
10358	0.009956
10362	-0.020480
10366	-0.037927
10368	-0.038278
10370	0.006967
10392	-0.011267
10405	-0.026806
10406	-0.005710
10409	0.004542
10419	0.016409
10420	0.005649
10424	0.024960
10434	0.023572
10455	0.010210
10478	0.023197
10480	0.040540
10484	0.017882
10510	-0.006029
10519	0.032887
10520	-0.004074
10524	-0.009385
10578	0.000816
10630	-0.001676
10643	-0.010126
10645	0.002136
10677	-0.005987
10678	-0.011573
10690	-0.004439
10717	-0.003875
10718	-0.000678
10719	-0.024068
10721	0.001715
10723	-0.023539
10735	-0.016580
10736	0.002636
10829	-0.003622
10837	0.051291
10846	-0.014290
10921	0.002718
10922	-0.002147
10923	-0.020034
10924	-0.015016
10964	0.010508
10978	0.001342
11017	0.040885
11018	0.039432
11019	-0.004387
11032	0.014762
11034	-0.018610
11035	-0.024398
11036	0.020436
11052	-0.010318
11056	0.005392
11060	0.005118
11063	-0.010860
11064	-0.029279
11068	-0.007774
11069	-0.010921
11090	-0.007602
11098	0.015880
11099	-0.004260
11100	-0.001770
11105	-0.017979
11109	0.001647
11122	0.010464
11123	-0.010271
11125	0.005809
11126	-0.007164
11149	-0.022859
11153	0.005337
11188	-0.019445
11193	-0.005418
11230	-0.005012
11233	-0.003680
11236	0.077722
11243	0.013430
11251	-0.022467
11259	-0.000555
11263	-0.009196
11272	-0.040149
11321	0.012633
11322	-0.001703
11326	0.014900
11327	0.010714
11335	-0.001386
11337	-0.003842
11343	0.015360
11390	0.002490
11444	-0.025920
11464	0.007052
11471	0.016950
11472	0.015060
11473	-0.031634
11492	-0.009864
11499	0.011519
11500	-0.006426
11505	-0.008193
11527	-0.007014
11528	0.000960
11532	0.015896
11564	-0.018984
11589	0.015456
11591	0.008178
11592	-0.022944
11599	-0.001040
11605	0.022435
11617	0.009291
11630	0.008246
11631	0.001347
11632	0.013296
11656	-0.009127
11657	-0.000979
11777	0.013234
11786	0.000927
11812	-0.010793
12020	0.000506
12061	-0.012336
12115	-0.051377
12154	-0.004083
12155	-0.058777
12156	-0.006938
12159	-0.006035
12174	-0.020618
12176	0.003047
12230	0.001038
12234	-0.008601
12236	-0.004522
12237	0.003245
12250	-0.018187
12252	0.009331
12253	0.005174
12315	0.001411
12381	0.003144
12382	0.003799
12438	-0.018180
12455	0.009153
12462	-0.005825
12478	-0.037228
12603	0.032717
12711	-0.003433
12714	-0.004356
12716	-0.017671
12754	0.012964
12785	-0.002782
12788	-0.011462
12792	0.040831
12898	0.005891
12944	-0.031336
12949	-0.033547
13062	0.030732
13099	-0.034829
13160	0.007987
13198	-0.015576
13239	-0.007794
13249	-0.014513
13262	-0.041911
13263	0.002631
13272	0.016728
13273	-0.013524
13277	-0.007911
13305	0.004166
13342	-0.004538
13343	-0.007097
13345	0.019386
13351	-0.007977
13357	-0.007307
13427	-0.007706
13436	-0.034347
13455	0.000448
13528	-0.010847
13532	-0.009875
13553	-0.005912
13566	0.039190
13651	0.003922
13653	-0.000585
13675	0.000853
13676	0.008806
13677	0.002669
13678	-0.007590
13681	-0.002921
13688	-0.004993
13697	0.004303
13705	0.002144
13708	-0.006305
13737	0.002633
13760	-0.000802
13923	0.005221
13927	-0.001912
13995	0.004865
14002	-0.004791
14003	-0.002842
14021	0.000041
14034	0.000229
14064	-0.005350
14110	-0.008090
14155	-0.009514
14203	-0.005643
14208	0.016205
14340	-0.000456
14356	-0.002826
14389	0.004862
14499	-0.015409
14625	0.003953
14632	-0.010786
14637	0.003513
14641	-0.000763
14685	0.010361
14694	-0.019042
14695	-0.021269
14699	-0.004083
14700	0.006717
14749	-0.004104
14760	-0.017867
14790	-0.010561
14791	0.019225
14796	-0.006520
14797	-0.004232
14891	-0.001317
14927	-0.021735
15099	0.020965
15182	-0.023628
15243	0.007769
15245	0.007860
15254	-0.009660
15322	0.010701
15327	-0.002131
15463	-0.016838
15496	-0.020054
15499	0.000387
15502	0.004038
15514	-0.003075
15566	0.004834
15580	0.021484
15583	0.028752
15586	-0.005620
15601	0.014555
15621	0.043629
15780	-0.011399
15869	0.006018
16082	-0.004948
16281	0.007019
16293	0.032062
16300	0.016780
16304	0.022382
16360	0.013497
16361	0.059913
16367	0.012402
16432	-0.039926
16433	-0.033067
16438	-0.035582
16446	-0.000407
16453	-0.017252
16463	-0.014227
16466	0.008241
16477	-0.002351
16482	0.005073
16605	0.005211
16606	-0.030622
16635	0.000044
16638	0.033882
16655	0.014779
16673	0.031199
16676	-0.002585
16677	-0.009086
16678	0.008136
16808	0.017541
16829	-0.003481
17150	-0.015160
17182	-0.007448
17199	0.032568
17273	-0.011959
17431	0.001858
17466	-0.019850
17472	0.014050
17485	-0.013274
17585	0.021909
17620	-0.052416
17647	-0.010760
17690	0.008761
17772	0.005194
18410	-0.009851
19647	-0.089752
21458	0.002726
21885	-0.000827
21973	0.006361
21976	-0.001682
21977	0.014696
22084	0.016540
23475	0.005432
23754	0.019374
23764	-0.006176
24372	-0.006924
24918	0.017497
24944	0.015380
25022	-0.027502
25140	0.006583
26484	0.013453
27764	-0.004974
28424	0.013360
28845	-0.017139
29861	-0.001862
30684	0.000120
31288	-0.002827
31704	0.005237
32421	0.009408
32520	-0.000369
32893	-0.008097
34340	-0.010448
35227	-0.007274
35334	-0.007093
36499	0.004930
36843	0.010757
36844	0.006299
36955	-0.022003
36970	-0.032040
39336	-0.002727
39353	-0.012268
40538	-0.012607
40541	0.011530
40542	0.004616
40599	0.007253
40601	0.003636
40602	-0.041487
40656	-0.018903
40657	0.007046
42157	0.001821
42203	-0.011814
42204	-0.009924
42851	-0.004434
43061	0.015025
44144	0.001376
45195	0.009690
47030	0.018969
47285	0.077609
47317	0.037507
47457	-0.038424
47460	0.009536
48147	0.011972
48297	-0.021512
48474	0.003531
48696	0.003844
49516	-0.011303
49630	-0.006261
49927	-0.004293
50199	0.046662
50249	-0.035091
50259	-0.006611
50904	0.002715
53231	0.001302
53471	-0.025064
53531	0.001019
53986	-0.009349
55057	-0.009889
56431	0.005957
56432	0.014168
56466	0.022535
56478	0.008237
56621	0.022601
57644	-0.011799
57756	0.005597
58783	-0.008719
59657	0.006878
59715	-0.018103
64825	0.073643
64947	0.012934
65950	0.058803
70102	0.017701
75003	-0.040770
75099	-0.026147
75742	0.004780
75823	0.025041
75824	0.033422
78157	-0.013317
78181	0.063660
78191	0.005177
80479	-0.016713
80480	-0.002194
80715	0.007633
80719	-0.001784
80750	-0.007128
81231	-0.013720
84436	0.006099
84780	0.000210
84844	-0.009295
85002	-0.009310
85003	0.011781
85659	0.013691
85663	0.004182
85710	-0.004235
92185	-0.041605
96142	-0.002386
96144	0.006652
96482	-0.002242
98871	-0.007831
