# 1342 minima projected onto PC111
# Min	PC
3	0.010946
4	0.010779
5	0.000184
6	-0.020391
7	-0.011381
9	0.017822
16	-0.004523
17	-0.006299
21	0.025306
23	-0.009465
31	-0.001385
44	-0.005363
47	0.016539
48	0.032730
51	0.010253
52	-0.001573
55	-0.042247
56	-0.007260
57	-0.001256
58	0.016403
60	0.007318
67	-0.004041
68	0.012914
71	0.002580
72	0.012580
74	0.020416
79	-0.036312
82	-0.013257
85	0.016075
86	0.014611
87	-0.016463
88	0.018043
91	0.023368
92	0.017081
94	-0.000415
95	0.007942
97	0.025953
104	-0.032395
106	-0.005364
109	0.017190
111	-0.001957
115	-0.048268
120	-0.003442
126	-0.033835
129	-0.020177
136	0.026327
137	0.024579
188	0.002351
189	0.030029
196	0.020476
199	-0.005927
200	0.012250
202	-0.011919
211	0.011630
213	-0.026159
214	-0.021310
219	0.020926
221	0.020518
276	-0.008019
279	0.014897
283	-0.054672
295	0.029572
308	-0.004646
312	0.017865
315	0.032321
318	0.000741
319	0.003028
321	-0.009053
324	0.011062
328	-0.010739
334	0.001460
336	0.019206
338	-0.026021
347	0.037236
351	0.034408
352	-0.006323
354	-0.013995
357	-0.006694
359	0.015484
362	0.011850
364	0.005625
365	0.003554
368	0.001466
376	-0.015531
377	-0.006003
380	0.015987
386	-0.006040
388	0.014875
390	0.000223
396	-0.025017
404	-0.001954
410	0.001041
413	0.009824
420	0.014719
423	-0.015505
424	-0.010582
437	0.021410
438	-0.001493
444	-0.016857
452	0.007233
473	-0.001266
474	0.022452
475	-0.023968
476	0.006497
478	0.029495
479	-0.054772
480	-0.000631
483	0.034538
503	-0.015877
508	0.010626
509	-0.021204
530	0.071378
536	0.001556
556	-0.002382
581	-0.006673
583	-0.006694
603	0.003826
606	-0.029501
607	-0.010523
620	-0.019667
628	-0.033776
636	-0.003358
637	-0.048325
639	-0.012517
640	-0.008517
644	-0.018400
645	-0.021461
677	-0.018780
678	0.023680
679	-0.034421
682	0.033799
698	0.024392
700	-0.030303
710	-0.003269
722	-0.011307
723	0.000776
724	-0.009511
725	-0.010244
726	0.001888
747	-0.023434
753	-0.013789
755	-0.001840
757	0.013719
765	-0.005934
782	0.022152
783	0.027800
793	0.027701
808	0.023647
814	0.024846
840	-0.005477
848	0.036575
859	0.007732
864	-0.006313
867	0.003524
878	0.037333
888	-0.008095
890	-0.039592
892	0.049707
899	0.006361
918	-0.030315
926	0.028223
933	-0.012080
934	-0.008169
981	-0.020856
1028	0.011716
1034	0.010234
1051	-0.009755
1054	0.018270
1058	0.009055
1062	0.004381
1063	0.017214
1064	0.018712
1066	-0.006210
1068	0.019839
1073	-0.010788
1082	0.012494
1083	-0.000099
1086	0.007021
1089	-0.025024
1090	0.000381
1091	0.006190
1092	-0.007176
1164	-0.021627
1165	-0.003830
1174	-0.009756
1176	0.013785
1184	0.008503
1191	0.007389
1192	-0.031234
1201	-0.040174
1230	0.010500
1339	-0.003271
1341	-0.026597
1370	0.049237
1385	-0.029070
1405	-0.037624
1437	0.037380
1441	0.000094
1443	-0.025790
1521	-0.001356
1522	0.011141
1523	0.015452
1524	-0.002949
1525	-0.011066
1541	0.004598
1542	0.001173
1550	-0.002587
1551	-0.011079
1596	0.029531
1597	-0.020780
1628	-0.022803
1629	-0.003829
1633	-0.003510
1636	-0.017157
1637	-0.049778
1765	0.010594
1766	-0.007434
1780	0.030629
1862	0.002882
1865	0.014009
1870	-0.004694
1885	-0.017572
1910	0.009077
1911	0.007133
2007	-0.017101
2060	-0.020253
2062	-0.045600
2090	-0.046307
2093	0.021874
2094	0.014863
2095	0.014638
2096	0.004803
2100	-0.026859
2101	-0.014140
2102	-0.023678
2103	-0.006485
2104	-0.016790
2105	-0.005220
2128	-0.005189
2129	-0.011284
2135	-0.020332
2190	-0.000862
2195	-0.023101
2197	0.000961
2198	0.008078
2199	-0.027300
2200	-0.002192
2201	-0.011368
2202	0.010550
2205	-0.012792
2217	0.003821
2218	-0.003258
2221	-0.049211
2272	-0.011712
2273	0.007043
2275	-0.025792
2288	0.004634
2293	0.005870
2298	-0.002001
2299	0.014277
2300	-0.002987
2301	-0.035255
2338	-0.002183
2342	0.013068
2343	0.004421
2358	-0.000451
2384	0.012136
2385	0.000595
2399	-0.021287
2435	-0.034768
2436	-0.007221
2465	-0.020173
2467	0.008280
2468	0.006896
2469	0.004481
2470	0.016623
2471	0.007183
2474	0.010299
2620	-0.004633
2650	-0.007075
2651	-0.014013
2685	-0.020278
2688	0.008031
2730	0.014809
2843	-0.030513
2951	-0.016112
2959	0.041923
3236	0.002304
3305	-0.016592
3318	-0.003759
3340	-0.001048
3352	0.051010
3355	-0.046284
3356	-0.004584
3365	0.009095
3366	0.006904
3367	0.006627
3368	0.004016
3401	0.018821
3405	-0.007477
3434	0.009649
3448	0.030884
3454	-0.016208
3481	0.010562
3495	0.003278
3504	0.029060
3532	-0.002994
3540	0.003139
3549	-0.000153
3550	-0.000068
3569	0.036656
3595	0.000720
3596	0.010641
3603	-0.037717
3621	-0.008296
3622	0.036355
3647	0.022877
3649	-0.013865
3651	0.015154
3652	0.016042
3723	0.031148
3757	0.003051
3772	-0.026796
3787	0.006472
3798	0.012337
3799	0.012314
3889	-0.001171
3897	0.001596
3898	0.010020
3904	0.000455
3945	0.030198
3990	0.003463
4024	-0.021056
4039	0.015810
4048	0.022725
4050	0.014298
4076	-0.009424
4094	-0.003887
4170	0.000298
4251	0.044312
4252	0.037705
4299	0.028155
4302	0.039784
4318	0.019235
4319	-0.020400
4320	0.002542
4360	-0.003055
4388	-0.008228
4414	0.015020
4426	-0.029830
4446	-0.001931
4527	-0.005077
4545	0.012650
4546	0.010770
4554	0.013013
4564	0.028164
4567	0.027249
4634	0.018473
4693	0.019711
4736	0.003659
4761	-0.020630
4879	0.004495
5071	0.027218
5138	0.011472
5164	-0.016663
5182	0.016889
5183	-0.037319
5184	-0.006595
5187	-0.008627
5188	-0.003722
5189	-0.002377
5193	-0.020193
5194	-0.008384
5195	0.035243
5197	0.004317
5203	-0.008629
5205	0.025042
5212	-0.005021
5213	-0.007432
5222	-0.006853
5223	0.014733
5228	-0.000046
5232	0.009522
5244	-0.007199
5245	-0.033201
5246	0.007533
5248	-0.000193
5292	-0.016902
5293	0.000665
5299	0.001231
5300	0.020546
5315	-0.004554
5316	0.006425
5319	0.012584
5320	0.009051
5321	0.007318
5322	0.007864
5323	-0.002868
5324	-0.019699
5325	0.019623
5329	-0.007687
5342	-0.004528
5343	0.035238
5374	-0.034133
5376	-0.010886
5378	0.019822
5379	0.015036
5382	-0.027329
5390	0.021739
5398	-0.003294
5402	-0.008662
5404	0.032695
5407	0.000957
5408	0.000382
5409	0.010930
5411	0.007226
5412	-0.003951
5413	-0.006946
5416	-0.028727
5418	0.003780
5422	0.003728
5425	0.011911
5427	0.010258
5428	-0.003565
5432	-0.015038
5436	-0.021585
5443	0.037341
5444	-0.000557
5458	-0.025516
5462	-0.020284
5465	0.014118
5468	-0.006533
5471	-0.002943
5480	-0.037587
5481	0.006040
5485	-0.009502
5486	-0.007821
5488	-0.018351
5489	0.039160
5495	-0.021863
5513	0.001084
5515	-0.017320
5516	-0.028821
5521	0.007568
5527	-0.010381
5528	0.008509
5536	0.008152
5537	-0.003228
5547	0.028952
5565	0.020497
5573	-0.004029
5579	-0.025361
5583	-0.041774
5586	0.040978
5589	-0.020270
5590	-0.006792
5593	0.022228
5599	0.014933
5604	-0.053627
5605	0.017560
5606	0.033320
5625	0.008890
5649	0.006602
5656	0.003233
5657	0.008464
5658	-0.001911
5686	0.009505
5695	-0.004180
5705	0.020925
5706	-0.017107
5716	0.008599
5717	-0.013897
5718	-0.013466
5719	0.007025
5720	0.002737
5724	-0.018070
5738	0.047003
5742	0.045757
5750	0.024970
5751	-0.005408
5756	0.002457
5761	-0.008546
5768	0.022356
5773	0.046319
5792	-0.003981
5793	-0.019973
5794	-0.023513
5806	-0.010377
5811	0.011478
5812	-0.016543
5813	-0.009423
5814	0.010852
5821	-0.015713
5823	-0.056508
5825	-0.015677
5831	-0.008053
5832	0.010172
5833	-0.001528
5847	-0.013738
5849	-0.001400
5851	0.000845
5854	0.007507
5858	-0.006689
5862	-0.001573
5875	0.033896
5876	0.001944
5903	-0.009505
5910	-0.019920
5912	-0.004866
5913	-0.021202
5925	0.010067
5926	0.004151
5927	0.005378
5928	0.001464
5930	0.056844
5931	0.003406
5933	-0.007938
5934	-0.004136
5937	0.002763
5939	-0.050736
5940	0.009208
5941	0.007976
5943	0.007170
5963	-0.000454
5964	0.025006
5965	-0.007168
5966	0.022644
5968	-0.022130
5969	-0.032490
5970	-0.027546
5971	-0.017258
5975	0.002421
6006	-0.007017
6011	0.001775
6017	-0.018640
6019	0.013929
6022	-0.018371
6032	0.013426
6095	-0.000220
6115	-0.036544
6116	0.018930
6119	-0.013503
6127	0.008604
6128	-0.020903
6130	0.011879
6140	0.004817
6141	-0.002543
6147	-0.005300
6148	-0.001213
6163	0.001413
6164	0.039607
6170	0.009015
6171	-0.015132
6177	-0.004448
6184	-0.028623
6200	0.016443
6204	0.046669
6206	-0.020413
6223	-0.032751
6240	-0.053266
6245	-0.024564
6253	-0.001372
6267	0.048095
6269	-0.040149
6290	0.037056
6303	0.015002
6317	0.053517
6343	-0.036074
6350	-0.046872
6360	-0.029669
6367	0.078433
6383	-0.004360
6389	-0.013108
6397	-0.019595
6398	-0.021094
6406	-0.008830
6407	0.104644
6412	0.018417
6413	0.005433
6434	0.017404
6435	0.024226
6460	-0.030148
6463	0.004637
6464	-0.002238
6489	0.012137
6507	-0.018459
6510	-0.020458
6516	-0.012719
6518	0.006592
6522	-0.029909
6523	-0.039123
6524	-0.001326
6525	0.026916
6531	0.000565
6536	0.019809
6575	0.008779
6584	0.000460
6585	-0.001329
6586	-0.007854
6594	0.006898
6595	0.020982
6610	0.031831
6612	0.022503
6615	0.006978
6624	-0.010769
6628	0.012817
6649	0.024464
6698	0.018985
6706	0.007021
6718	0.000937
6719	0.023915
6722	0.028499
6770	0.052885
6780	-0.009658
6781	0.002650
6794	0.006439
6795	-0.060966
6796	-0.017834
6799	-0.001121
6809	-0.007276
6837	0.017054
6838	0.005981
6839	-0.028797
6846	-0.019807
6865	0.018575
6869	0.020094
6870	0.010771
6871	0.013419
6873	-0.000255
6876	0.005330
6885	-0.005748
6895	0.010761
6896	0.045395
6897	0.020557
6900	-0.026843
6903	0.026251
6906	0.014410
6916	-0.009458
6917	0.005659
6918	0.006537
6919	-0.004343
6938	0.005914
6941	-0.015974
6942	0.013187
6943	-0.026763
6944	-0.020411
6948	-0.000271
6953	-0.004682
6957	0.008159
6958	0.003472
6970	-0.016840
6971	-0.011786
6976	0.017365
6977	-0.013723
6990	0.002747
7014	-0.002974
7015	0.005252
7016	0.017289
7018	0.029055
7019	0.015061
7042	0.009813
7053	-0.024872
7066	0.010654
7067	-0.031346
7083	-0.026207
7092	-0.025932
7100	-0.001940
7103	0.022177
7110	-0.000300
7111	0.025628
7112	0.030278
7113	0.012858
7116	0.009915
7119	-0.019552
7120	-0.002244
7121	-0.026113
7122	0.019547
7140	0.010408
7143	0.079581
7157	0.001106
7165	0.011693
7175	-0.013053
7178	-0.046280
7206	-0.017444
7207	0.025535
7217	0.026405
7218	-0.030389
7221	-0.004358
7227	0.025211
7230	0.004781
7236	0.030161
7239	0.051777
7242	-0.009222
7260	0.050384
7268	0.017122
7269	-0.002995
7304	-0.008033
7326	0.014843
7327	0.035073
7336	-0.010174
7342	-0.004315
7346	0.013602
7348	-0.005383
7355	0.035414
7361	-0.016474
7372	0.006338
7387	0.001296
7422	0.033082
7423	-0.012455
7425	0.010947
7436	0.011433
7442	-0.010218
7446	0.020762
7448	-0.011575
7453	0.001910
7463	0.001441
7492	0.024033
7493	0.027854
7494	0.007954
7495	-0.005776
7518	0.016503
7520	-0.004764
7540	-0.007299
7546	-0.012036
7556	0.011920
7559	-0.045625
7560	-0.005419
7561	-0.014835
7564	0.011873
7575	0.005345
7583	-0.000022
7585	0.000773
7586	-0.035886
7599	0.018037
7600	-0.034000
7606	0.033484
7614	-0.007896
7617	-0.014106
7622	-0.007141
7629	0.033596
7637	-0.004497
7640	-0.008175
7657	0.001746
7665	-0.003219
7666	0.011617
7667	0.014325
7668	-0.001985
7669	0.014377
7670	-0.011441
7671	0.015157
7681	-0.004022
7683	0.014702
7684	-0.000049
7696	-0.036279
7722	0.014081
7723	-0.028538
7799	0.035956
7852	-0.003266
7859	0.003311
7860	0.003894
7861	0.025923
7865	0.022497
7875	0.020678
7876	-0.013894
7895	-0.017904
7913	-0.014544
7917	0.002917
7952	-0.041777
7969	0.008202
7971	-0.001669
8000	-0.002343
8002	-0.000570
8006	0.023647
8036	0.002237
8056	-0.019821
8069	0.097457
8103	-0.023363
8107	-0.013655
8120	-0.009697
8122	0.002642
8125	-0.023393
8127	-0.000612
8136	0.048158
8149	0.047972
8154	0.034054
8197	-0.003812
8208	-0.019827
8223	-0.090794
8232	-0.007067
8241	-0.007433
8256	0.010916
8262	0.006125
8266	-0.029818
8267	0.002108
8268	0.011665
8269	0.018062
8271	-0.002795
8273	0.007001
8280	-0.011559
8284	0.002109
8303	-0.013771
8304	-0.001866
8305	-0.013901
8308	-0.014529
8332	0.041527
8333	-0.040850
8334	-0.015731
8338	0.039233
8363	0.043209
8370	0.014110
8398	-0.017168
8465	-0.010974
8468	0.011031
8469	-0.013739
8470	0.000725
8507	-0.007745
8552	0.024872
8572	0.009812
8574	0.037982
8577	-0.043925
8586	0.007384
8592	0.017838
8593	0.009153
8594	-0.021407
8597	-0.014824
8599	-0.010416
8606	-0.001945
8607	-0.006738
8615	-0.016511
8617	-0.019454
8626	0.004450
8636	0.007196
8669	0.013917
8671	-0.012723
8673	0.000089
8675	0.005539
8790	-0.001536
8791	-0.005869
8811	0.068817
8822	-0.019470
8841	-0.006142
8849	-0.037120
8856	0.031668
8875	0.011134
8884	-0.031252
8906	0.001450
8907	0.023864
8910	-0.008381
8911	-0.024544
8912	0.002271
8913	0.015424
8934	0.026632
8935	0.021861
8954	0.035164
8968	-0.001631
8972	0.000659
9001	-0.021134
9029	0.015250
9032	-0.034070
9058	-0.002687
9059	0.010507
9068	-0.004506
9070	-0.012467
9108	0.001814
9139	0.008784
9140	0.011456
9158	0.014908
9187	-0.036598
9188	-0.020117
9189	0.001977
9190	-0.010839
9253	0.001524
9259	-0.002937
9268	-0.000057
9269	0.007408
9271	0.003092
9312	0.039739
9323	-0.001017
9329	-0.018583
9330	-0.012158
9331	-0.008138
9356	0.003294
9376	-0.001988
9394	-0.005280
9424	0.009043
9428	0.016462
9429	0.017123
9496	0.006562
9536	-0.000975
9543	0.015104
9589	0.006368
9614	-0.041736
9615	-0.010832
9617	0.034207
9631	0.009543
9661	-0.036853
9668	-0.023250
9718	-0.022233
9728	0.021856
9734	-0.021371
9788	-0.006457
9791	-0.038431
9793	0.002823
9804	0.010579
9809	-0.036417
9810	-0.019706
9823	-0.009329
9828	-0.013125
9907	0.039103
9951	0.026551
9968	-0.017823
9969	0.015138
10010	0.008192
10011	-0.016515
10012	0.010346
10018	0.004722
10021	0.006740
10022	0.002190
10031	0.013644
10032	0.006704
10033	0.022208
10034	0.014811
10035	0.020687
10039	0.000226
10044	0.005917
10045	0.032161
10060	-0.037630
10065	0.007539
10077	-0.007169
10080	0.005908
10130	0.026800
10131	-0.009334
10149	-0.002263
10194	-0.007628
10197	0.024665
10221	-0.015383
10226	-0.047149
10232	-0.003093
10233	0.049555
10263	-0.000172
10264	-0.010407
10274	-0.003802
10286	-0.014746
10292	0.004211
10299	0.014817
10302	-0.012274
10324	0.011997
10355	0.001249
10358	-0.000717
10362	-0.027216
10366	-0.023212
10368	-0.016134
10370	-0.022820
10392	-0.011483
10405	-0.000208
10406	0.013281
10409	0.015196
10419	0.020158
10420	0.030292
10424	0.030847
10434	0.006173
10455	0.022773
10478	-0.017078
10480	-0.042669
10484	-0.007924
10510	-0.030478
10519	0.021718
10520	0.003485
10524	-0.024247
10578	-0.031340
10630	-0.018313
10643	0.000961
10645	0.004124
10677	0.005895
10678	0.008480
10690	0.009882
10717	0.008761
10718	0.010654
10719	-0.041958
10721	0.021765
10723	-0.000281
10735	0.005892
10736	0.009190
10829	0.004129
10837	-0.055250
10846	-0.007907
10921	0.002937
10922	-0.022494
10923	-0.005614
10924	-0.004559
10964	0.017979
10978	0.024721
11017	0.016983
11018	0.014720
11019	0.004106
11032	0.003650
11034	-0.005437
11035	-0.015068
11036	0.010458
11052	0.011136
11056	0.040787
11060	0.012543
11063	0.002344
11064	-0.018515
11068	0.023216
11069	0.011952
11090	0.013952
11098	-0.006182
11099	0.001937
11100	0.001338
11105	-0.006284
11109	-0.009870
11122	-0.017409
11123	-0.008176
11125	-0.024781
11126	-0.005263
11149	-0.023986
11153	-0.017836
11188	-0.020158
11193	0.012067
11230	0.019713
11233	-0.003124
11236	0.034783
11243	-0.000241
11251	-0.009228
11259	0.017427
11263	-0.006911
11272	-0.005601
11321	-0.025148
11322	-0.004544
11326	-0.010534
11327	0.000934
11335	0.006275
11337	-0.028698
11343	0.010385
11390	-0.024715
11444	0.015174
11464	-0.016888
11471	-0.008537
11472	0.000216
11473	-0.045036
11492	0.005038
11499	-0.022108
11500	-0.007927
11505	-0.022068
11527	0.024764
11528	0.047244
11532	-0.020728
11564	-0.003395
11589	-0.012016
11591	0.013696
11592	0.011222
11599	-0.013567
11605	-0.006699
11617	-0.024771
11630	0.006642
11631	-0.067298
11632	-0.083409
11656	0.068920
11657	-0.000744
11777	0.017758
11786	-0.015700
11812	0.019780
12020	-0.026791
12061	0.011608
12115	-0.026459
12154	-0.032852
12155	-0.031541
12156	-0.002725
12159	-0.004538
12174	-0.004307
12176	-0.012002
12230	0.019914
12234	-0.018218
12236	0.009442
12237	-0.010538
12250	0.025157
12252	0.001316
12253	-0.018418
12315	-0.001561
12381	0.022453
12382	0.025730
12438	-0.023356
12455	-0.042137
12462	-0.010734
12478	0.003328
12603	-0.013891
12711	-0.001993
12714	-0.000120
12716	-0.013661
12754	-0.000470
12785	-0.015721
12788	-0.023690
12792	0.010686
12898	0.019958
12944	-0.063322
12949	0.002406
13062	0.023870
13099	-0.025287
13160	-0.023926
13198	0.015001
13239	-0.002290
13249	0.016775
13262	-0.018303
13263	0.012076
13272	0.004871
13273	0.048948
13277	-0.010615
13305	0.045676
13342	-0.001468
13343	-0.005010
13345	-0.073477
13351	-0.001176
13357	-0.010146
13427	-0.006610
13436	-0.027153
13455	0.022486
13528	-0.001934
13532	-0.014149
13553	-0.014779
13566	0.007089
13651	-0.006856
13653	0.019564
13675	0.015800
13676	-0.000126
13677	0.032669
13678	0.009318
13681	0.028670
13688	-0.002957
13697	0.038147
13705	0.042429
13708	0.017105
13737	0.024730
13760	-0.004963
13923	-0.012318
13927	0.002554
13995	0.004670
14002	0.028318
14003	0.011427
14021	0.013620
14034	0.006845
14064	0.029721
14110	-0.001795
14155	0.001771
14203	-0.025135
14208	0.004908
14340	0.016544
14356	0.051781
14389	-0.014184
14499	0.019572
14625	0.009849
14632	0.045159
14637	0.009638
14641	-0.000427
14685	0.023066
14694	0.010478
14695	0.015087
14699	-0.009031
14700	-0.027994
14749	0.011056
14760	0.002166
14790	-0.026371
14791	-0.001391
14796	0.013691
14797	0.009731
14891	0.003563
14927	-0.035268
15099	0.006600
15182	0.024411
15243	-0.011560
15245	0.003095
15254	0.001196
15322	-0.040609
15327	0.006956
15463	0.029008
15496	0.039807
15499	-0.017183
15502	0.002733
15514	-0.017524
15566	-0.006636
15580	0.023011
15583	0.046102
15586	-0.012219
15601	0.014399
15621	0.079696
15780	-0.030129
15869	-0.007081
16082	0.019933
16281	-0.003060
16293	-0.014313
16300	0.061837
16304	0.007283
16360	-0.017483
16361	0.010626
16367	-0.015471
16432	-0.027266
16433	-0.033730
16438	-0.006337
16446	-0.013715
16453	-0.012872
16463	0.060952
16466	-0.009126
16477	-0.052440
16482	-0.021378
16605	-0.023802
16606	0.059653
16635	-0.005272
16638	-0.030780
16655	-0.033159
16673	-0.038548
16676	0.007896
16677	0.007167
16678	-0.018004
16808	-0.005297
16829	0.027668
17150	0.002335
17182	-0.017150
17199	-0.019295
17273	0.015008
17431	-0.014909
17466	-0.007936
17472	-0.016962
17485	0.014791
17585	-0.000761
17620	0.022378
17647	-0.001265
17690	-0.013883
17772	0.015543
18410	0.003262
19647	-0.101063
21458	0.006098
21885	-0.013967
21973	0.002217
21976	0.000381
21977	-0.005924
22084	-0.021595
23475	0.007466
23754	-0.000798
23764	0.007559
24372	-0.017757
24918	-0.008803
24944	0.012700
25022	0.049969
25140	-0.025788
26484	0.006117
27764	-0.002841
28424	-0.014862
28845	-0.023854
29861	-0.041413
30684	-0.022102
31288	0.045794
31704	0.010810
32421	-0.005377
32520	-0.014858
32893	-0.020506
34340	-0.061160
35227	-0.028280
35334	-0.004121
36499	-0.009014
36843	0.001160
36844	-0.011945
36955	-0.049949
36970	-0.027209
39336	-0.027096
39353	0.009560
40538	-0.062788
40541	-0.001321
40542	-0.006564
40599	0.042382
40601	0.002206
40602	-0.001565
40656	-0.020524
40657	0.001304
42157	-0.004230
42203	0.038454
42204	-0.034345
42851	-0.010231
43061	0.017333
44144	-0.003441
45195	0.006895
47030	0.005902
47285	0.051033
47317	-0.015574
47457	-0.042572
47460	0.016935
48147	-0.005729
48297	-0.040764
48474	-0.016358
48696	-0.021141
49516	-0.056292
49630	-0.002937
49927	-0.024815
50199	-0.022777
50249	-0.011849
50259	0.053287
50904	-0.011345
53231	-0.010549
53471	0.037645
53531	-0.029583
53986	-0.003987
55057	-0.014305
56431	-0.004627
56432	0.003733
56466	-0.034551
56478	0.003661
56621	-0.023550
57644	-0.016015
57756	0.006510
58783	0.016616
59657	-0.019889
59715	0.071093
64825	0.010831
64947	-0.004300
65950	0.066127
70102	0.002957
75003	0.001299
75099	0.007010
75742	-0.035834
75823	-0.064621
75824	-0.031707
78157	0.037793
78181	-0.007420
78191	-0.004737
80479	-0.020219
80480	-0.006061
80715	-0.023483
80719	0.008354
80750	0.012283
81231	-0.024921
84436	-0.002924
84780	0.025255
84844	-0.014406
85002	0.001642
85003	0.048850
85659	0.005595
85663	-0.010056
85710	-0.015385
92185	-0.017763
96142	0.016174
96144	0.014204
96482	-0.041174
98871	0.004510
