# 1342 minima projected onto PC37
Min	PC
3	-0.010069
4	0.149431
5	-0.021036
6	-0.079152
7	0.838079
9	0.922909
16	0.378329
17	0.150243
21	-0.076463
23	0.241800
31	0.958158
44	0.144369
47	0.140569
48	-0.786750
51	-0.347710
52	-0.260205
55	-0.675032
56	0.331694
57	0.076447
58	0.331501
60	0.112971
67	0.067816
68	0.539604
71	-0.027852
72	0.168185
74	0.025324
79	0.019706
82	0.314919
85	-0.234195
86	0.187483
87	0.320239
88	-0.166873
91	0.181100
92	-0.020856
94	0.032278
95	-0.265360
97	0.054018
104	0.157571
106	0.247205
109	0.770311
111	-1.531731
115	-1.537637
120	0.148645
126	0.167656
129	-0.095888
136	0.069864
137	-0.295355
188	0.175441
189	-0.015431
196	0.573237
199	-0.373585
200	-0.507651
202	0.442448
211	-0.883707
213	-0.158875
214	-0.282589
219	0.416990
221	0.893538
276	-0.034994
279	0.308498
283	0.612542
295	0.096697
308	-0.161216
312	-0.066262
315	-0.818383
318	0.027051
319	-0.043892
321	-0.274684
324	0.242078
328	0.208594
334	0.106407
336	1.004786
338	-0.103166
347	0.051703
351	-0.258284
352	0.108690
354	-0.045730
357	0.550658
359	0.017633
362	-0.000379
364	-0.102418
365	-0.240115
368	-0.183949
376	0.156053
377	0.183836
380	0.375177
386	0.347327
388	0.058552
390	0.264018
396	-0.213263
404	-0.191019
410	0.063314
413	-0.019328
420	0.137809
423	0.165044
424	0.024555
437	0.297233
438	0.207929
444	0.497787
452	0.705736
473	-0.373259
474	0.211443
475	0.708607
476	0.244846
478	-0.038078
479	0.605819
480	0.196972
483	-0.377924
503	-1.401467
508	-0.530199
509	-0.022046
530	-0.195327
536	0.089347
556	0.693085
581	0.281632
583	0.169700
603	-0.112605
606	0.060633
607	0.087625
620	0.917102
628	-0.125934
636	0.072434
637	0.331614
639	-0.422842
640	-0.373635
644	0.032866
645	0.079377
677	0.288314
678	0.672101
679	0.296032
682	-0.546617
698	-0.327837
700	-0.263441
710	0.342051
722	-0.278673
723	-0.848050
724	-0.295352
725	0.054031
726	0.207287
747	0.523167
753	0.142277
755	0.117930
757	-0.110939
765	0.183217
782	-0.180847
783	0.345592
793	-0.256746
808	-0.050178
814	-1.482084
840	-0.174224
848	0.397182
859	0.171511
864	0.458428
867	0.830562
878	-0.160576
888	-0.431190
890	-0.664629
892	-0.747360
899	-0.301155
918	0.036364
926	0.131448
933	0.103288
934	-0.027030
981	0.033037
1028	0.056248
1034	0.054623
1051	0.020456
1054	0.374497
1058	0.157513
1062	0.205147
1063	0.440560
1064	0.254090
1066	0.166427
1068	0.465591
1073	0.039275
1082	-0.163034
1083	0.014857
1086	-0.283912
1089	0.592527
1090	0.467587
1091	-0.048132
1092	0.231937
1164	-0.439671
1165	-0.099004
1174	-0.448546
1176	0.123735
1184	0.086219
1191	0.172425
1192	0.281220
1201	0.131029
1230	-0.367987
1339	0.094366
1341	0.119489
1370	0.099301
1385	0.443115
1405	-0.200320
1437	0.289239
1441	0.075518
1443	-0.573894
1521	-0.336419
1522	0.054601
1523	0.589614
1524	0.431673
1525	0.336622
1541	-0.258734
1542	-0.179522
1550	0.363508
1551	0.467128
1596	0.200350
1597	0.537773
1628	0.103875
1629	-0.025704
1633	0.050073
1636	0.487638
1637	1.181842
1765	0.511594
1766	-0.090195
1780	-0.181460
1862	-0.300072
1865	0.174097
1870	-0.225139
1885	-0.363568
1910	0.148832
1911	-0.207024
2007	-0.035654
2060	0.396288
2062	-0.531782
2090	-1.087209
2093	0.058650
2094	-0.211118
2095	0.022323
2096	-0.143608
2100	0.379740
2101	0.777066
2102	-0.022739
2103	0.688838
2104	-0.110269
2105	0.255756
2128	-0.022439
2129	-0.787492
2135	-0.003010
2190	-0.062852
2195	0.017553
2197	-0.050372
2198	0.373241
2199	-0.758532
2200	0.360615
2201	-0.510635
2202	0.357787
2205	0.092001
2217	0.756576
2218	-0.413574
2221	-0.656170
2272	-0.315645
2273	-0.345874
2275	-0.690456
2288	0.797241
2293	0.067554
2298	-0.434783
2299	-0.205076
2300	-0.793621
2301	-0.239832
2338	-0.146916
2342	-0.192119
2343	-0.193818
2358	-0.294079
2384	0.285684
2385	-0.166207
2399	-0.288988
2435	-0.683402
2436	-0.151958
2465	-0.246296
2467	-0.084029
2468	-0.149485
2469	-0.530866
2470	-0.302019
2471	-0.603576
2474	-0.419225
2620	0.129545
2650	-0.162933
2651	0.824362
2685	0.434847
2688	-0.941159
2730	0.181376
2843	-0.494669
2951	-0.942479
2959	-1.083929
3236	0.017426
3305	0.159604
3318	-0.749867
3340	-0.019003
3352	-0.459744
3355	-0.462884
3356	-0.306032
3365	1.010660
3366	0.172313
3367	-0.266231
3368	0.562375
3401	0.335451
3405	-0.438890
3434	0.275084
3448	0.455066
3454	0.432488
3481	-0.407646
3495	-0.442164
3504	-0.169571
3532	-0.095438
3540	-0.027655
3549	-0.009664
3550	-0.593161
3569	0.311259
3595	0.311261
3596	-0.222744
3603	-0.131021
3621	-0.288783
3622	0.181248
3647	-0.345843
3649	-0.190609
3651	0.411027
3652	0.229868
3723	0.492711
3757	0.822920
3772	0.032042
3787	0.459421
3798	0.148604
3799	0.643679
3889	-0.348634
3897	-0.130114
3898	-0.115331
3904	-0.342932
3945	-0.180575
3990	-0.007278
4024	0.154405
4039	0.302202
4048	0.167895
4050	0.275650
4076	-0.005301
4094	-0.996851
4170	-0.034997
4251	0.370755
4252	-0.240889
4299	-0.106902
4302	0.235603
4318	0.485764
4319	-0.027802
4320	-0.120191
4360	0.303682
4388	0.474441
4414	-0.523702
4426	-0.332376
4446	-0.950393
4527	0.236707
4545	-0.387018
4546	0.398644
4554	-0.935540
4564	0.216748
4567	0.252288
4634	-0.429673
4693	0.064575
4736	0.676681
4761	-0.014620
4879	-0.283031
5071	-0.617883
5138	-0.433731
5164	-0.174182
5182	0.079988
5183	0.588376
5184	-0.032834
5187	-0.346742
5188	0.040171
5189	0.244731
5193	-0.337032
5194	0.065779
5195	0.293427
5197	0.079442
5203	0.266033
5205	0.402155
5212	0.024931
5213	0.038163
5222	0.190863
5223	0.536801
5228	0.435725
5232	-0.094230
5244	0.576898
5245	0.168276
5246	0.022370
5248	-0.361587
5292	0.131414
5293	0.087878
5299	-0.841748
5300	-0.811111
5315	0.007626
5316	0.233552
5319	0.088821
5320	0.146235
5321	0.044783
5322	0.370416
5323	-0.394327
5324	-0.632805
5325	-0.414989
5329	0.295178
5342	0.030414
5343	0.014122
5374	-0.149750
5376	0.478482
5378	0.124515
5379	-0.691160
5382	-0.039936
5390	0.329862
5398	0.231854
5402	0.129608
5404	-0.154136
5407	0.459679
5408	0.339175
5409	0.156099
5411	0.413290
5412	-0.330360
5413	-0.556373
5416	-0.660517
5418	0.258015
5422	0.395691
5425	0.230169
5427	-0.142213
5428	0.301371
5432	0.487402
5436	-0.111763
5443	-1.023361
5444	-0.574247
5458	0.042811
5462	0.740341
5465	-0.041400
5468	0.098656
5471	0.149145
5480	0.072953
5481	0.150997
5485	-0.032166
5486	-0.092576
5488	-0.098249
5489	0.147829
5495	-0.240541
5513	-0.052321
5515	0.607527
5516	0.411303
5521	0.173136
5527	0.538082
5528	0.763351
5536	-0.469424
5537	-0.081759
5547	-0.168748
5565	-0.012647
5573	-0.292293
5579	-1.497012
5583	-0.429032
5586	0.056428
5589	-0.194623
5590	0.298431
5593	-0.144739
5599	-1.761385
5604	0.817199
5605	0.404285
5606	-0.470932
5625	0.935447
5649	-0.056119
5656	-0.191921
5657	0.753727
5658	0.541179
5686	-0.498409
5695	0.360726
5705	-0.134663
5706	0.162415
5716	0.064106
5717	-0.318709
5718	0.447885
5719	0.130897
5720	0.116551
5724	-0.576413
5738	0.309180
5742	0.709487
5750	0.421271
5751	0.218969
5756	0.212007
5761	0.153339
5768	-0.137354
5773	-0.802253
5792	-0.291480
5793	-0.777337
5794	-0.104950
5806	0.141706
5811	0.813023
5812	0.569752
5813	-0.247906
5814	-0.051349
5821	-0.019413
5823	0.299169
5825	0.350060
5831	-0.050920
5832	-0.141330
5833	0.157703
5847	0.121767
5849	0.074468
5851	0.234218
5854	-0.349528
5858	-0.130014
5862	0.350137
5875	0.068005
5876	-0.018678
5903	0.078367
5910	0.041166
5912	0.418885
5913	0.801881
5925	0.207378
5926	-0.386346
5927	0.092097
5928	-0.406408
5930	-0.954795
5931	0.046153
5933	-0.048078
5934	-0.920434
5937	-0.278883
5939	-0.447527
5940	-0.531670
5941	0.457074
5943	0.173613
5963	0.266210
5964	-0.034449
5965	0.262861
5966	-0.401475
5968	0.168405
5969	0.016568
5970	-0.806030
5971	-0.462960
5975	-0.193604
6006	0.244739
6011	-0.446893
6017	-0.618006
6019	-0.149427
6022	-0.544949
6032	0.122952
6095	-0.405401
6115	-0.160007
6116	-0.354515
6119	0.214498
6127	0.148091
6128	1.085578
6130	-0.502122
6140	-0.154328
6141	0.463230
6147	0.195416
6148	0.048535
6163	0.864779
6164	0.748409
6170	0.230164
6171	0.126519
6177	-0.141178
6184	0.261665
6200	-0.233651
6204	0.136794
6206	0.023119
6223	0.071041
6240	0.832014
6245	-0.117797
6253	-0.869206
6267	0.355462
6269	-0.956719
6290	0.923833
6303	-0.144100
6317	0.152437
6343	0.000068
6350	-0.209578
6360	-0.934700
6367	1.063725
6383	-0.249811
6389	0.618349
6397	0.014962
6398	-0.200005
6406	0.382581
6407	0.307599
6412	0.648065
6413	0.485169
6434	-0.882346
6435	-0.510995
6460	0.055511
6463	0.546931
6464	-0.272827
6489	-0.011398
6507	0.243575
6510	0.442917
6516	-0.138365
6518	0.750457
6522	-0.568173
6523	-0.564940
6524	0.059669
6525	0.081328
6531	-0.006213
6536	-0.032265
6575	0.165596
6584	0.195886
6585	0.034526
6586	0.161717
6594	0.162683
6595	-0.632233
6610	0.045044
6612	0.194996
6615	0.101385
6624	-0.060823
6628	0.605700
6649	-0.273001
6698	0.526958
6706	0.153436
6718	-0.618667
6719	0.054635
6722	0.500704
6770	0.056613
6780	-0.566155
6781	-0.620476
6794	-0.367832
6795	-0.520454
6796	-0.415231
6799	0.316179
6809	0.233341
6837	-0.676808
6838	-0.911226
6839	0.305690
6846	0.391424
6865	-0.069631
6869	-0.046331
6870	-0.008571
6871	-0.255483
6873	0.067374
6876	0.174721
6885	-0.269801
6895	0.050933
6896	0.210556
6897	0.073936
6900	0.108735
6903	-0.420067
6906	0.981949
6916	0.746484
6917	-0.046317
6918	0.441481
6919	-0.279343
6938	-0.109583
6941	0.031858
6942	-0.191957
6943	-0.649761
6944	-0.327744
6948	0.073427
6953	-0.278917
6957	0.381068
6958	-0.310912
6970	0.106330
6971	0.429374
6976	-0.248751
6977	-0.026403
6990	-0.140724
7014	0.253216
7015	0.099106
7016	0.456266
7018	0.270074
7019	0.089298
7042	-0.432067
7053	-0.367252
7066	0.196009
7067	-0.021372
7083	0.854629
7092	0.179287
7100	-0.133901
7103	0.240052
7110	-0.320700
7111	0.044823
7112	0.145470
7113	-0.032438
7116	0.087066
7119	-0.027385
7120	-0.177183
7121	0.047820
7122	0.047951
7140	0.096941
7143	0.693671
7157	-0.105193
7165	-0.343665
7175	0.282130
7178	-0.714088
7206	0.066217
7207	0.208738
7217	-0.522551
7218	-0.320302
7221	0.688424
7227	-0.223382
7230	-1.035391
7236	-0.237533
7239	-0.035891
7242	-0.446874
7260	0.599255
7268	0.486091
7269	0.072219
7304	-0.212509
7326	0.436026
7327	0.502603
7336	-0.663335
7342	0.503412
7346	0.174059
7348	-0.028854
7355	0.147392
7361	0.335275
7372	0.334661
7387	0.048760
7422	-0.269818
7423	0.577628
7425	-0.152572
7436	0.070111
7442	0.494967
7446	0.150085
7448	-0.098377
7453	-0.432712
7463	-0.469710
7492	-0.330345
7493	-0.483836
7494	-0.119764
7495	-0.011070
7518	0.016001
7520	0.045457
7540	-0.194348
7546	0.027970
7556	0.109381
7559	0.452823
7560	0.103363
7561	0.160287
7564	0.306682
7575	0.150678
7583	-0.011455
7585	0.423033
7586	-0.342353
7599	0.715169
7600	0.715878
7606	0.469554
7614	0.127075
7617	0.181981
7622	0.248098
7629	-0.611827
7637	-0.228419
7640	0.234538
7657	0.031353
7665	0.357731
7666	0.350294
7667	0.076485
7668	0.254711
7669	0.215756
7670	0.103434
7671	0.164118
7681	-0.414895
7683	-0.231706
7684	0.002664
7696	-0.188540
7722	0.160837
7723	-0.097159
7799	-0.178346
7852	-0.496921
7859	-0.365246
7860	-0.173210
7861	0.306725
7865	0.034204
7875	0.121174
7876	0.061329
7895	0.121225
7913	0.347973
7917	-0.485950
7952	-0.034404
7969	1.231787
7971	0.132670
8000	0.129184
8002	-0.090849
8006	0.235029
8036	-0.775577
8056	-0.145674
8069	0.496836
8103	0.375876
8107	0.000591
8120	-0.374684
8122	0.185877
8125	-0.242188
8127	0.066938
8136	0.609987
8149	0.649135
8154	0.329012
8197	-0.063533
8208	-0.281373
8223	0.827076
8232	0.361171
8241	0.011359
8256	-0.148297
8262	-0.461909
8266	-0.026065
8267	-0.311832
8268	-0.038684
8269	-0.782664
8271	-0.043482
8273	-0.269322
8280	0.510552
8284	0.235899
8303	-0.027872
8304	-0.397628
8305	-0.227231
8308	-0.086513
8332	0.749765
8333	0.648121
8334	0.343396
8338	0.260525
8363	-0.411433
8370	-0.056166
8398	-0.014799
8465	-0.108972
8468	-0.133740
8469	0.497048
8470	0.461413
8507	0.051257
8552	-0.201736
8572	0.195322
8574	0.150784
8577	-0.485511
8586	0.727736
8592	0.836747
8593	0.588802
8594	0.529917
8597	-0.660278
8599	0.597257
8606	0.686002
8607	0.170818
8615	0.162497
8617	-0.023346
8626	0.377139
8636	-0.830311
8669	-0.292733
8671	0.123747
8673	-0.352826
8675	0.105124
8790	0.423031
8791	0.275653
8811	-0.480406
8822	-0.590363
8841	-0.114470
8849	-0.702510
8856	-0.235677
8875	-0.165886
8884	0.645017
8906	0.782966
8907	0.361340
8910	-0.116426
8911	0.569914
8912	0.182862
8913	0.172681
8934	0.410279
8935	-0.414390
8954	-0.625734
8968	0.036752
8972	-0.588578
9001	0.068029
9029	-0.100916
9032	-0.403279
9058	-0.408352
9059	-0.058099
9068	-0.271838
9070	-0.336300
9108	0.174753
9139	-0.511745
9140	-0.552407
9158	0.499752
9187	-0.726046
9188	0.063574
9189	-0.581021
9190	-0.068758
9253	-0.107789
9259	0.326797
9268	-0.060142
9269	0.176459
9271	-0.314333
9312	-0.289707
9323	0.018291
9329	-0.150096
9330	-0.330244
9331	-0.638211
9356	-0.227484
9376	0.324359
9394	0.498552
9424	-0.240236
9428	0.379901
9429	-0.429480
9496	0.180241
9536	-0.626282
9543	0.418718
9589	-0.187513
9614	0.671070
9615	0.263866
9617	0.531522
9631	-0.015803
9661	-0.001053
9668	0.276397
9718	0.213647
9728	-0.087897
9734	0.120491
9788	-0.421753
9791	0.122620
9793	-0.504983
9804	0.230801
9809	0.154666
9810	0.048966
9823	0.376137
9828	-0.028913
9907	0.172637
9951	-0.236324
9968	-0.458863
9969	-0.180496
10010	-0.013853
10011	-0.221734
10012	0.369187
10018	0.836235
10021	-0.720397
10022	0.084284
10031	-0.039925
10032	-0.761424
10033	-0.928130
10034	-0.152595
10035	-1.300518
10039	-0.235680
10044	-0.265115
10045	-0.599888
10060	1.863512
10065	-0.525807
10077	-0.122791
10080	0.099537
10130	-0.695323
10131	-0.648698
10149	0.143033
10194	-0.442954
10197	0.383209
10221	0.030777
10226	0.670843
10232	0.160609
10233	0.124554
10263	0.292565
10264	0.233510
10274	0.428122
10286	-0.138061
10292	0.602105
10299	-1.004863
10302	-0.572217
10324	0.455454
10355	-0.004241
10358	-0.551029
10362	-0.636541
10366	-0.186537
10368	-0.539817
10370	-0.348642
10392	0.329039
10405	-0.196242
10406	-0.483062
10409	-0.027309
10419	-0.856535
10420	-0.469004
10424	-1.051589
10434	-0.576158
10455	0.325862
10478	-0.290743
10480	-0.105232
10484	0.243160
10510	-0.100964
10519	1.070352
10520	0.856825
10524	-0.289126
10578	-1.052920
10630	0.232797
10643	0.128189
10645	-0.026262
10677	0.120603
10678	-0.386498
10690	0.064590
10717	-1.175981
10718	-0.635313
10719	-0.197742
10721	-0.099334
10723	0.002814
10735	-0.224230
10736	-0.612459
10829	0.115792
10837	-0.172109
10846	0.242149
10921	0.659818
10922	-0.494691
10923	-0.519535
10924	-0.150501
10964	0.152925
10978	0.198057
11017	0.738334
11018	0.475194
11019	0.106948
11032	-0.621998
11034	-0.591936
11035	-0.991707
11036	-0.232420
11052	0.113173
11056	0.394500
11060	0.044227
11063	0.359987
11064	-0.980904
11068	-0.389130
11069	-0.820078
11090	0.041778
11098	0.561258
11099	0.653718
11100	0.934551
11105	0.034088
11109	0.600762
11122	0.250500
11123	0.211264
11125	0.059213
11126	-0.241533
11149	0.188924
11153	-0.517363
11188	-0.042960
11193	-0.513890
11230	-0.597819
11233	-0.380731
11236	0.209458
11243	0.525534
11251	-0.198029
11259	0.406351
11263	0.281140
11272	0.089298
11321	0.035972
11322	-0.443748
11326	-0.258037
11327	-0.231838
11335	-0.648699
11337	-0.445037
11343	-0.290090
11390	-0.490608
11444	0.607285
11464	0.255034
11471	0.576958
11472	-0.215283
11473	0.094975
11492	-0.228866
11499	0.531796
11500	-0.453763
11505	-0.129958
11527	-0.093880
11528	-0.413173
11532	-0.510111
11564	-0.154472
11589	-0.220688
11591	0.090437
11592	-0.080343
11599	-0.157890
11605	-0.560862
11617	-0.152307
11630	-0.070600
11631	0.256461
11632	0.086881
11656	-0.162360
11657	0.019735
11777	0.248464
11786	0.529442
11812	-0.174314
12020	-0.113864
12061	0.272031
12115	-0.299776
12154	0.271141
12155	-0.491743
12156	-0.139788
12159	-0.304535
12174	-0.377020
12176	-0.108319
12230	-0.370384
12234	-0.144013
12236	-0.232375
12237	-0.224383
12250	0.478532
12252	-0.962811
12253	0.003969
12315	0.146745
12381	-0.101943
12382	-0.279440
12438	0.242838
12455	-0.132442
12462	-0.267067
12478	-0.062342
12603	0.026569
12711	0.457335
12714	-0.389796
12716	0.153597
12754	-0.303823
12785	-0.481741
12788	-0.531803
12792	-0.111053
12898	-0.689680
12944	0.004998
12949	0.118188
13062	-0.068139
13099	0.214235
13160	0.290191
13198	-0.173478
13239	0.154152
13249	-0.043696
13262	0.372241
13263	0.757368
13272	-0.002085
13273	0.128267
13277	-0.303219
13305	0.760638
13342	-0.211667
13343	-0.361372
13345	0.424299
13351	0.041473
13357	-0.369186
13427	-0.647681
13436	0.501623
13455	-0.115221
13528	0.023101
13532	0.093444
13553	0.350154
13566	-0.406289
13651	-0.432507
13653	-0.389222
13675	-0.249743
13676	-0.329977
13677	-0.330487
13678	-0.341046
13681	-0.115325
13688	0.013784
13697	-1.060613
13705	-0.945233
13708	-0.203199
13737	0.116740
13760	0.126414
13923	0.500564
13927	0.525638
13995	-0.808759
14002	-0.025528
14003	-0.349605
14021	-0.224194
14034	-0.149013
14064	-0.369498
14110	0.184853
14155	0.167370
14203	-0.178232
14208	-0.010354
14340	0.012765
14356	-0.572774
14389	-0.691999
14499	0.044948
14625	0.632913
14632	0.188294
14637	0.855131
14641	0.246511
14685	0.075914
14694	0.044981
14695	0.464002
14699	0.548037
14700	-0.043908
14749	-0.047722
14760	0.399848
14790	-0.369701
14791	-0.006432
14796	0.782884
14797	-0.139346
14891	-0.255969
14927	-0.364462
15099	-0.382231
15182	0.033809
15243	0.308541
15245	-0.235514
15254	-0.085234
15322	-0.254583
15327	-0.332200
15463	-0.390011
15496	0.140987
15499	0.123416
15502	0.524678
15514	0.279694
15566	-0.235819
15580	0.008464
15583	0.140198
15586	0.465933
15601	1.053826
15621	0.270629
15780	0.210661
15869	0.050273
16082	0.109632
16281	0.580002
16293	-0.204872
16300	0.241460
16304	0.242425
16360	-0.142777
16361	-0.349977
16367	-0.304228
16432	0.107582
16433	-0.017536
16438	-0.221472
16446	-0.232932
16453	-0.092012
16463	0.175949
16466	-0.438110
16477	-0.141710
16482	-0.210894
16605	0.240952
16606	0.547869
16635	0.089403
16638	0.209559
16655	0.182322
16673	0.370159
16676	-0.589511
16677	-1.049252
16678	0.199754
16808	0.139195
16829	0.745353
17150	-0.380078
17182	0.611433
17199	0.645859
17273	-0.312809
17431	0.090978
17466	0.053028
17472	0.211455
17485	-0.438204
17585	0.492306
17620	-0.112698
17647	-0.288823
17690	-0.657143
17772	0.418582
18410	0.569548
19647	0.389763
21458	0.389859
21885	0.348138
21973	0.022323
21976	0.390159
21977	0.620964
22084	-0.052538
23475	0.637233
23754	0.363538
23764	0.011329
24372	-0.752555
24918	0.684332
24944	-0.506308
25022	0.450126
25140	0.984533
26484	0.234556
27764	0.286447
28424	-0.693072
28845	0.072939
29861	-0.408455
30684	0.127894
31288	-0.337419
31704	0.182542
32421	-0.067760
32520	-0.931727
32893	-0.064625
34340	-0.454936
35227	0.630817
35334	0.377276
36499	0.411571
36843	0.212045
36844	0.342072
36955	0.272409
36970	0.401756
39336	-1.393766
39353	0.111175
40538	-0.721969
40541	-0.718003
40542	-0.387155
40599	0.010094
40601	0.188796
40602	-0.766470
40656	0.057798
40657	-0.526844
42157	0.572093
42203	0.098842
42204	-0.384693
42851	0.037420
43061	-0.101301
44144	-0.795515
45195	0.013594
47030	0.416545
47285	0.084155
47317	-0.083536
47457	0.439094
47460	0.274240
48147	-0.236837
48297	1.077778
48474	-0.631147
48696	0.316430
49516	1.368685
49630	0.605078
49927	0.911073
50199	0.066549
50249	-0.245481
50259	-0.537290
50904	0.066373
53231	-0.357370
53471	0.157125
53531	0.617960
53986	0.681414
55057	0.670448
56431	-0.535373
56432	-0.813721
56466	1.029759
56478	0.067052
56621	-0.333250
57644	0.536337
57756	0.085854
58783	-0.040112
59657	-0.144838
59715	-1.433321
64825	-0.101976
64947	-0.119055
65950	0.427628
70102	0.025221
75003	-0.125355
75099	-0.419848
75742	0.098690
75823	0.626877
75824	0.618154
78157	-0.090459
78181	-0.255561
78191	-0.739649
80479	0.410600
80480	0.415709
80715	-0.311353
80719	-0.325162
80750	0.338178
81231	0.397339
84436	-0.108467
84780	0.446411
84844	0.280074
85002	-0.899387
85003	0.415936
85659	0.389166
85663	0.067540
85710	0.251898
92185	0.399896
96142	0.192797
96144	0.542342
96482	-0.791846
98871	0.282808
