# 1342 minima projected onto PC130
Min	PC
3	-0.002858
4	-0.000011
5	0.002775
6	-0.000059
7	0.004254
9	0.002199
16	-0.000473
17	-0.005020
21	0.003921
23	0.000677
31	-0.000314
44	-0.000521
47	0.001574
48	0.012162
51	0.000579
52	0.004310
55	0.015640
56	0.009570
57	0.003078
58	-0.001556
60	0.001114
67	-0.004823
68	-0.002118
71	-0.000616
72	-0.003249
74	0.006068
79	-0.013471
82	0.001742
85	0.002342
86	-0.001727
87	0.004579
88	-0.003184
91	-0.001601
92	-0.002106
94	0.004663
95	0.001408
97	0.000524
104	0.012434
106	-0.008771
109	0.000901
111	-0.005363
115	0.016573
120	-0.001447
126	-0.014556
129	0.000281
136	-0.013220
137	-0.000021
188	-0.004797
189	0.004837
196	0.005690
199	-0.000718
200	-0.002072
202	0.005095
211	-0.000597
213	0.003245
214	-0.004806
219	0.009696
221	0.003073
276	-0.006194
279	0.000185
283	0.003361
295	-0.003292
308	0.007417
312	0.000910
315	-0.046721
318	-0.000942
319	0.003009
321	0.004367
324	-0.005072
328	0.004112
334	0.000386
336	-0.000749
338	0.000920
347	-0.004101
351	0.004515
352	0.003351
354	0.009992
357	-0.001591
359	0.000069
362	0.000223
364	0.001776
365	-0.000858
368	0.002535
376	0.006079
377	-0.004660
380	0.005437
386	0.000625
388	0.000327
390	-0.005417
396	-0.004427
404	-0.002745
410	0.002399
413	0.005509
420	0.000689
423	0.008180
424	-0.002536
437	-0.000349
438	0.012842
444	0.015496
452	0.007408
473	0.000404
474	0.005136
475	-0.000169
476	-0.006243
478	0.003400
479	0.002427
480	-0.002199
483	0.006106
503	-0.004457
508	-0.000696
509	0.002040
530	-0.002919
536	-0.001839
556	-0.005053
581	-0.002476
583	-0.001856
603	-0.004054
606	-0.002241
607	-0.000207
620	0.001497
628	0.002466
636	0.009151
637	-0.001009
639	-0.004436
640	0.002764
644	0.001191
645	0.000842
677	0.007208
678	0.005969
679	-0.008835
682	0.007489
698	0.000618
700	0.000703
710	-0.005408
722	-0.000484
723	-0.001630
724	0.006354
725	0.001502
726	0.008463
747	0.014407
753	0.002545
755	-0.005312
757	0.000388
765	-0.007371
782	-0.000630
783	0.010443
793	-0.001109
808	-0.002940
814	0.020752
840	-0.001413
848	-0.005886
859	0.000499
864	0.004915
867	-0.000575
878	-0.002355
888	0.000891
890	0.000492
892	0.011594
899	-0.000666
918	-0.003325
926	-0.000072
933	0.001959
934	0.011383
981	-0.005684
1028	0.000464
1034	-0.010225
1051	0.000064
1054	0.007225
1058	0.026173
1062	-0.006558
1063	0.006530
1064	0.000518
1066	0.007315
1068	-0.001074
1073	-0.001107
1082	-0.000206
1083	-0.003263
1086	-0.001682
1089	-0.003959
1090	-0.002798
1091	0.004503
1092	0.011976
1164	-0.003139
1165	-0.000230
1174	-0.021295
1176	-0.000713
1184	0.003441
1191	0.001727
1192	-0.003888
1201	0.045342
1230	0.001168
1339	0.004987
1341	-0.005699
1370	-0.004742
1385	-0.019831
1405	0.006780
1437	-0.000764
1441	-0.007589
1443	-0.001038
1521	0.005624
1522	-0.008119
1523	-0.028450
1524	-0.010497
1525	0.003140
1541	-0.005767
1542	-0.003015
1550	0.001192
1551	-0.008757
1596	-0.004211
1597	-0.000116
1628	-0.005200
1629	-0.003158
1633	-0.005626
1636	0.006038
1637	-0.009145
1765	-0.002424
1766	-0.003881
1780	0.002003
1862	0.002361
1865	0.002852
1870	0.000419
1885	-0.003044
1910	0.001373
1911	0.007185
2007	0.002134
2060	-0.006149
2062	0.006972
2090	-0.000851
2093	-0.003960
2094	-0.002688
2095	-0.000759
2096	-0.001243
2100	0.001525
2101	-0.002470
2102	-0.005907
2103	-0.001971
2104	-0.005204
2105	0.001572
2128	-0.007972
2129	-0.003438
2135	-0.005500
2190	-0.005292
2195	-0.000102
2197	-0.006802
2198	-0.008333
2199	0.001118
2200	-0.002838
2201	-0.001525
2202	-0.005790
2205	0.001973
2217	-0.004423
2218	0.002917
2221	0.013962
2272	0.000069
2273	-0.001005
2275	-0.006288
2288	0.022119
2293	0.004338
2298	-0.003914
2299	-0.002926
2300	0.000133
2301	0.005831
2338	0.004551
2342	0.002266
2343	0.003090
2358	0.001470
2384	0.006173
2385	0.000932
2399	-0.004976
2435	-0.005136
2436	-0.000405
2465	-0.011087
2467	-0.003931
2468	-0.004739
2469	-0.002636
2470	-0.004557
2471	-0.010910
2474	-0.000708
2620	0.000984
2650	0.000762
2651	-0.000753
2685	0.001697
2688	0.001827
2730	-0.004437
2843	0.000202
2951	-0.001503
2959	0.001975
3236	-0.000594
3305	0.000395
3318	0.001963
3340	-0.001942
3352	0.007277
3355	0.007080
3356	-0.008215
3365	0.007117
3366	0.006923
3367	-0.001866
3368	-0.003922
3401	0.005271
3405	-0.002577
3434	0.001455
3448	0.003527
3454	0.000505
3481	0.002652
3495	0.003069
3504	0.003147
3532	-0.002865
3540	-0.004931
3549	0.001454
3550	0.004550
3569	0.003570
3595	-0.009854
3596	0.003753
3603	0.009824
3621	0.001502
3622	-0.002258
3647	-0.001013
3649	0.005108
3651	0.000614
3652	0.003114
3723	0.006754
3757	-0.003179
3772	0.000379
3787	-0.012978
3798	0.001360
3799	0.003922
3889	0.002892
3897	-0.001416
3898	0.002507
3904	0.002478
3945	-0.005826
3990	0.001466
4024	0.008845
4039	-0.006075
4048	-0.003534
4050	0.010681
4076	0.005281
4094	0.003208
4170	-0.001388
4251	-0.004500
4252	-0.004113
4299	0.002307
4302	-0.003464
4318	-0.004280
4319	-0.005372
4320	-0.001944
4360	-0.003191
4388	-0.001336
4414	-0.005113
4426	0.008283
4446	0.000112
4527	0.001468
4545	-0.003364
4546	-0.002608
4554	-0.000620
4564	0.000964
4567	-0.006343
4634	0.001898
4693	-0.006853
4736	-0.004013
4761	-0.004297
4879	-0.001589
5071	-0.009224
5138	-0.006283
5164	0.003584
5182	0.006648
5183	-0.006226
5184	-0.001529
5187	0.000539
5188	-0.002689
5189	-0.004332
5193	-0.001706
5194	-0.002625
5195	-0.000762
5197	-0.002137
5203	0.008938
5205	0.006019
5212	0.001388
5213	-0.004353
5222	0.013900
5223	-0.002383
5228	-0.000748
5232	-0.001018
5244	0.007537
5245	-0.001772
5246	0.001751
5248	0.008209
5292	0.000332
5293	-0.003158
5299	0.005627
5300	0.005256
5315	-0.001317
5316	-0.002780
5319	-0.000190
5320	-0.000266
5321	0.002454
5322	-0.007823
5323	0.006602
5324	-0.009726
5325	-0.004653
5329	0.008710
5342	0.000823
5343	0.001325
5374	0.004329
5376	-0.001392
5378	0.014383
5379	-0.001681
5382	0.001788
5390	0.001673
5398	-0.002009
5402	-0.004214
5404	0.000870
5407	-0.005623
5408	0.003667
5409	-0.004197
5411	-0.004169
5412	0.000701
5413	-0.003663
5416	-0.007342
5418	-0.002620
5422	-0.002620
5425	-0.007691
5427	-0.001292
5428	-0.006693
5432	0.003941
5436	0.001151
5443	0.008900
5444	-0.018617
5458	-0.019643
5462	-0.000942
5465	0.008040
5468	-0.011845
5471	0.006701
5480	0.020244
5481	0.012570
5485	0.003660
5486	0.001917
5488	0.013052
5489	0.011320
5495	0.007081
5513	-0.004360
5515	-0.000859
5516	0.004743
5521	-0.004326
5527	-0.002738
5528	-0.023673
5536	0.002159
5537	0.002149
5547	0.001473
5565	-0.000986
5573	-0.005229
5579	-0.006150
5583	0.001040
5586	0.004705
5589	0.000095
5590	-0.010594
5593	0.002611
5599	-0.007505
5604	-0.003015
5605	-0.003971
5606	0.017691
5625	-0.003112
5649	0.002154
5656	-0.005870
5657	-0.007333
5658	0.001151
5686	0.008672
5695	-0.010510
5705	0.002196
5706	0.008447
5716	-0.001811
5717	0.007509
5718	0.002928
5719	0.003231
5720	-0.009385
5724	-0.001516
5738	0.010840
5742	-0.027531
5750	0.003590
5751	-0.002602
5756	-0.006018
5761	0.016313
5768	0.000349
5773	-0.000806
5792	0.007535
5793	-0.006825
5794	0.004333
5806	-0.003301
5811	-0.003077
5812	-0.004009
5813	-0.000049
5814	-0.002964
5821	-0.002394
5823	0.028507
5825	-0.001242
5831	-0.001722
5832	0.004326
5833	0.001172
5847	0.003041
5849	-0.001987
5851	-0.012722
5854	-0.003274
5858	0.005555
5862	-0.003109
5875	-0.002703
5876	-0.012251
5903	-0.004616
5910	0.010173
5912	0.004257
5913	-0.000520
5925	-0.005049
5926	0.003267
5927	-0.004911
5928	0.003549
5930	0.003374
5931	-0.002134
5933	-0.006586
5934	-0.007960
5937	-0.013174
5939	0.006077
5940	0.007281
5941	0.008661
5943	0.008215
5963	-0.006666
5964	-0.001552
5965	-0.008068
5966	0.012861
5968	0.000833
5969	0.002047
5970	-0.001821
5971	-0.000536
5975	0.007525
6006	0.001652
6011	-0.005237
6017	-0.001503
6019	-0.001895
6022	-0.000483
6032	-0.007080
6095	-0.003533
6115	0.000638
6116	0.009882
6119	-0.013859
6127	-0.004136
6128	-0.011723
6130	0.006273
6140	-0.002870
6141	0.002658
6147	0.008462
6148	0.006111
6163	0.001579
6164	0.005603
6170	-0.003961
6171	-0.006050
6177	-0.008471
6184	-0.009684
6200	0.017889
6204	0.003397
6206	-0.000388
6223	0.008247
6240	-0.010829
6245	0.001172
6253	0.002676
6267	-0.016783
6269	0.000336
6290	-0.039127
6303	0.000733
6317	-0.004824
6343	0.011569
6350	0.002975
6360	-0.004956
6367	-0.011333
6383	0.000205
6389	-0.008017
6397	-0.005626
6398	0.007471
6406	0.007210
6407	0.021033
6412	0.008713
6413	0.004616
6434	0.002164
6435	0.002750
6460	0.010053
6463	-0.006567
6464	-0.009615
6489	-0.005153
6507	0.001673
6510	0.025410
6516	0.008705
6518	0.001591
6522	-0.010415
6523	-0.008700
6524	0.000316
6525	0.005758
6531	-0.002770
6536	-0.004435
6575	-0.006997
6584	0.002948
6585	-0.005828
6586	-0.003888
6594	-0.001735
6595	0.001151
6610	0.002898
6612	0.010211
6615	-0.005040
6624	-0.003560
6628	0.000567
6649	0.000870
6698	0.011913
6706	0.003208
6718	0.000988
6719	-0.000489
6722	0.006279
6770	0.011326
6780	0.004704
6781	-0.002518
6794	-0.010937
6795	-0.011194
6796	-0.013383
6799	-0.001891
6809	-0.002876
6837	0.013090
6838	-0.002046
6839	-0.006558
6846	0.003612
6865	0.003619
6869	-0.000853
6870	0.000337
6871	0.000616
6873	-0.000889
6876	-0.001417
6885	0.002077
6895	0.001999
6896	0.000865
6897	-0.000348
6900	0.011044
6903	0.003215
6906	-0.000720
6916	0.000293
6917	0.011413
6918	-0.001849
6919	0.003311
6938	-0.000038
6941	-0.006478
6942	0.001435
6943	0.001444
6944	-0.001318
6948	0.000082
6953	-0.003218
6957	-0.000970
6958	-0.000246
6970	-0.004154
6971	-0.012494
6976	-0.000433
6977	0.004368
6990	0.006656
7014	0.001612
7015	-0.000238
7016	0.005363
7018	-0.004114
7019	-0.003281
7042	-0.001565
7053	0.001573
7066	-0.000839
7067	-0.009487
7083	-0.002823
7092	0.005220
7100	0.017089
7103	0.008678
7110	-0.003037
7111	-0.006150
7112	-0.004993
7113	-0.001287
7116	-0.002506
7119	-0.003325
7120	-0.005428
7121	-0.005748
7122	-0.004364
7140	0.005014
7143	-0.010047
7157	-0.000883
7165	-0.001270
7175	-0.007194
7178	0.006985
7206	0.005162
7207	0.019449
7217	-0.005507
7218	0.002757
7221	-0.001187
7227	0.008777
7230	-0.002890
7236	0.001196
7239	0.006521
7242	-0.004685
7260	0.007020
7268	0.001365
7269	0.004988
7304	-0.000270
7326	-0.001193
7327	0.002700
7336	0.000519
7342	-0.000520
7346	-0.013312
7348	-0.004226
7355	0.001968
7361	-0.000464
7372	-0.005323
7387	0.002169
7422	-0.005857
7423	0.007076
7425	0.000711
7436	0.005320
7442	0.006443
7446	-0.012228
7448	-0.005197
7453	-0.007394
7463	0.000365
7492	0.013002
7493	0.000583
7494	-0.004963
7495	0.005658
7518	-0.003242
7520	-0.005017
7540	0.005844
7546	0.002312
7556	-0.002959
7559	-0.000632
7560	-0.000247
7561	-0.008278
7564	-0.003757
7575	0.002103
7583	-0.004303
7585	-0.008086
7586	0.005684
7599	-0.010174
7600	0.017838
7606	-0.008335
7614	0.003345
7617	-0.003455
7622	-0.005314
7629	-0.006918
7637	-0.001345
7640	-0.009412
7657	-0.000206
7665	-0.002065
7666	0.001679
7667	-0.000823
7668	-0.012301
7669	-0.003068
7670	0.020234
7671	0.002403
7681	0.003812
7683	-0.003353
7684	0.001946
7696	0.004735
7722	0.001234
7723	-0.005891
7799	0.013752
7852	-0.003034
7859	0.008652
7860	0.003874
7861	-0.002795
7865	0.008983
7875	-0.007104
7876	0.005336
7895	-0.003116
7913	0.000200
7917	0.009084
7952	0.007487
7969	-0.000087
7971	-0.003965
8000	-0.001783
8002	-0.001558
8006	0.019113
8036	0.000157
8056	0.003814
8069	0.011452
8103	0.001883
8107	-0.012174
8120	-0.007066
8122	-0.008948
8125	0.000530
8127	0.001503
8136	-0.002498
8149	0.000722
8154	0.002820
8197	-0.000787
8208	0.003058
8223	0.012013
8232	-0.001358
8241	-0.007025
8256	-0.004196
8262	-0.003625
8266	-0.009978
8267	0.001707
8268	-0.005582
8269	-0.007672
8271	-0.004521
8273	-0.003322
8280	-0.002893
8284	-0.003435
8303	0.000504
8304	0.004988
8305	0.004370
8308	0.001414
8332	0.012782
8333	-0.005382
8334	-0.000282
8338	0.013614
8363	0.005066
8370	-0.007640
8398	-0.005217
8465	0.002114
8468	-0.001197
8469	0.010557
8470	-0.000791
8507	-0.010515
8552	-0.004350
8572	-0.003201
8574	-0.003364
8577	0.002068
8586	-0.006342
8592	-0.005744
8593	0.004642
8594	0.011125
8597	-0.008056
8599	0.004606
8606	0.021013
8607	-0.006478
8615	0.000020
8617	0.000112
8626	0.001406
8636	0.005348
8669	-0.003138
8671	0.004114
8673	-0.000855
8675	-0.005624
8790	-0.000970
8791	0.006350
8811	-0.013693
8822	0.004580
8841	0.004575
8849	-0.007177
8856	0.001959
8875	-0.005955
8884	0.003047
8906	-0.001388
8907	0.001316
8910	-0.015975
8911	0.040491
8912	-0.002170
8913	0.014006
8934	-0.003816
8935	-0.003032
8954	0.002528
8968	-0.000011
8972	0.007038
9001	-0.004304
9029	0.009043
9032	-0.002204
9058	-0.006395
9059	0.004508
9068	-0.000507
9070	-0.001502
9108	-0.004226
9139	-0.003198
9140	-0.001202
9158	0.009991
9187	-0.003362
9188	-0.000181
9189	-0.005478
9190	0.003130
9253	-0.000915
9259	-0.012888
9268	-0.001364
9269	-0.001262
9271	-0.004229
9312	-0.004690
9323	-0.004501
9329	0.001340
9330	0.002323
9331	-0.001897
9356	-0.009341
9376	0.003532
9394	0.009570
9424	-0.024707
9428	-0.004048
9429	-0.007151
9496	-0.006431
9536	-0.007633
9543	0.005248
9589	0.006782
9614	-0.006071
9615	0.001979
9617	0.009813
9631	0.008138
9661	-0.011115
9668	0.008996
9718	0.011718
9728	-0.004619
9734	0.008691
9788	-0.004181
9791	-0.003534
9793	-0.003738
9804	-0.001177
9809	0.003581
9810	0.001131
9823	-0.005918
9828	-0.005839
9907	0.002556
9951	-0.007491
9968	-0.012104
9969	0.001612
10010	0.001915
10011	0.007031
10012	0.003908
10018	0.004489
10021	0.001561
10022	-0.002019
10031	-0.003161
10032	0.001721
10033	-0.000656
10034	-0.003311
10035	-0.002698
10039	-0.002300
10044	-0.000081
10045	0.004734
10060	0.060001
10065	0.001381
10077	-0.003633
10080	-0.003761
10130	-0.001770
10131	-0.003342
10149	-0.003625
10194	-0.005265
10197	0.008616
10221	-0.016979
10226	-0.004333
10232	-0.007529
10233	0.011658
10263	-0.001785
10264	-0.001680
10274	0.000567
10286	-0.013791
10292	-0.012606
10299	0.005872
10302	0.009048
10324	-0.003457
10355	0.006383
10358	0.003529
10362	-0.004162
10366	-0.006606
10368	-0.003800
10370	-0.002270
10392	-0.002971
10405	0.004514
10406	0.001363
10409	0.003213
10419	0.002512
10420	-0.003471
10424	0.002190
10434	0.002835
10455	0.003494
10478	0.007514
10480	0.002259
10484	-0.001432
10510	-0.002663
10519	0.006211
10520	0.006284
10524	-0.002160
10578	-0.007518
10630	-0.006048
10643	0.002592
10645	0.002274
10677	0.004810
10678	0.009665
10690	0.002392
10717	0.001958
10718	-0.000982
10719	-0.009777
10721	0.000645
10723	0.008524
10735	0.002015
10736	-0.002154
10829	-0.000138
10837	0.003740
10846	0.000238
10921	-0.004484
10922	0.000756
10923	0.007527
10924	0.003284
10964	-0.008913
10978	0.003592
11017	0.014203
11018	0.014594
11019	-0.004238
11032	-0.000588
11034	-0.005167
11035	0.001877
11036	-0.006887
11052	-0.005416
11056	0.003282
11060	0.009652
11063	0.000813
11064	-0.000818
11068	-0.005972
11069	-0.001523
11090	0.005861
11098	0.000971
11099	0.007718
11100	0.008681
11105	-0.000296
11109	-0.003004
11122	0.000585
11123	-0.007257
11125	-0.004442
11126	0.002039
11149	0.002852
11153	0.006743
11188	-0.026538
11193	0.004658
11230	0.002493
11233	0.007785
11236	0.011219
11243	0.003370
11251	0.009675
11259	-0.008603
11263	0.015340
11272	-0.012498
11321	-0.000794
11322	0.003181
11326	0.004586
11327	0.001183
11335	-0.002150
11337	0.002403
11343	0.010925
11390	0.004828
11444	0.002980
11464	-0.001043
11471	-0.002147
11472	0.001346
11473	-0.002393
11492	0.011025
11499	-0.002168
11500	-0.000558
11505	-0.004308
11527	-0.008197
11528	0.002480
11532	-0.001462
11564	-0.007785
11589	0.003685
11591	0.007427
11592	-0.006231
11599	0.005544
11605	-0.003054
11617	-0.003505
11630	0.000591
11631	0.012900
11632	-0.007087
11656	-0.001809
11657	0.014978
11777	-0.007803
11786	0.001888
11812	-0.001859
12020	0.002138
12061	0.001614
12115	0.006542
12154	-0.007023
12155	0.006124
12156	0.000104
12159	-0.000353
12174	0.002668
12176	0.001819
12230	-0.000167
12234	-0.002468
12236	-0.009484
12237	-0.001451
12250	0.005830
12252	-0.002334
12253	-0.006233
12315	-0.001868
12381	-0.007527
12382	0.001723
12438	-0.008013
12455	0.003520
12462	0.000518
12478	0.003700
12603	-0.010037
12711	-0.005769
12714	-0.004037
12716	-0.003658
12754	-0.000126
12785	-0.014418
12788	0.031999
12792	-0.052426
12898	-0.003399
12944	-0.005250
12949	0.005449
13062	-0.014534
13099	0.003371
13160	0.004251
13198	-0.008408
13239	-0.001107
13249	-0.003840
13262	0.006770
13263	-0.006253
13272	-0.003465
13273	-0.019773
13277	-0.004100
13305	-0.007133
13342	0.003467
13343	0.003765
13345	-0.023419
13351	-0.001797
13357	-0.003335
13427	0.000439
13436	0.006938
13455	0.001371
13528	-0.012930
13532	-0.000938
13553	-0.004195
13566	0.012832
13651	0.008213
13653	-0.000866
13675	0.008282
13676	0.010589
13677	0.001937
13678	0.007855
13681	0.007386
13688	-0.007291
13697	-0.003465
13705	0.006828
13708	0.004582
13737	-0.002759
13760	-0.003976
13923	-0.006377
13927	-0.009629
13995	0.006601
14002	0.004669
14003	0.003099
14021	0.012339
14034	0.007600
14064	0.002350
14110	-0.004200
14155	-0.000850
14203	0.006091
14208	0.001431
14340	-0.006970
14356	0.021234
14389	0.001911
14499	-0.003004
14625	-0.000933
14632	0.008134
14637	0.004249
14641	0.001152
14685	-0.007898
14694	-0.011608
14695	-0.001536
14699	0.002366
14700	0.012970
14749	-0.002559
14760	-0.002140
14790	0.003118
14791	-0.001167
14796	-0.003029
14797	-0.002259
14891	0.002293
14927	-0.003309
15099	0.002311
15182	-0.009986
15243	0.004675
15245	-0.006536
15254	-0.001727
15322	0.012579
15327	0.004773
15463	-0.001194
15496	0.011446
15499	-0.007701
15502	-0.006159
15514	0.006309
15566	0.001996
15580	0.010311
15583	0.002088
15586	0.001728
15601	-0.000431
15621	0.006303
15780	0.007323
15869	-0.004916
16082	-0.012987
16281	-0.005103
16293	0.004489
16300	0.001528
16304	0.002041
16360	-0.001213
16361	0.004945
16367	0.007244
16432	-0.007061
16433	-0.016772
16438	-0.004076
16446	0.002927
16453	0.006995
16463	0.002518
16466	0.000284
16477	0.039308
16482	-0.001989
16605	-0.007276
16606	0.009731
16635	0.001808
16638	-0.001099
16655	-0.003235
16673	-0.003298
16676	0.001766
16677	0.005308
16678	-0.006124
16808	-0.002222
16829	-0.006243
17150	0.001913
17182	-0.002994
17199	0.008962
17273	0.006959
17431	0.000202
17466	0.008091
17472	-0.007283
17485	0.009014
17585	0.003633
17620	-0.003826
17647	-0.006284
17690	0.000603
17772	0.001585
18410	0.001965
19647	-0.011155
21458	-0.004518
21885	-0.004645
21973	0.002175
21976	-0.005963
21977	-0.007308
22084	0.006529
23475	-0.004142
23754	0.001482
23764	0.000464
24372	0.008066
24918	0.011295
24944	0.002365
25022	-0.013895
25140	-0.003453
26484	-0.002684
27764	-0.001766
28424	-0.005138
28845	0.005328
29861	0.008929
30684	0.000900
31288	0.005966
31704	-0.005260
32421	-0.006012
32520	-0.004164
32893	0.003559
34340	-0.000798
35227	-0.019984
35334	0.001612
36499	0.007226
36843	0.007915
36844	0.003056
36955	-0.000172
36970	0.003577
39336	-0.010458
39353	-0.004472
40538	-0.003292
40541	0.003901
40542	-0.002817
40599	0.000151
40601	0.005422
40602	0.008666
40656	-0.004922
40657	-0.005672
42157	0.001345
42203	0.009739
42204	0.008325
42851	-0.004207
43061	0.003102
44144	0.005765
45195	-0.019217
47030	-0.003946
47285	0.001736
47317	0.004308
47457	-0.012727
47460	0.002970
48147	0.002758
48297	0.006723
48474	-0.002607
48696	-0.005248
49516	-0.025707
49630	0.004491
49927	0.002051
50199	-0.001588
50249	-0.024942
50259	0.013048
50904	-0.001413
53231	0.004133
53471	-0.004558
53531	-0.000533
53986	0.007089
55057	-0.002005
56431	0.001071
56432	0.000213
56466	-0.004574
56478	0.008831
56621	0.000672
57644	0.010243
57756	0.012150
58783	0.001228
59657	0.005517
59715	-0.006964
64825	-0.001572
64947	0.006686
65950	0.007168
70102	0.003826
75003	-0.013424
75099	0.004744
75742	-0.019171
75823	0.013166
75824	0.010018
78157	-0.024919
78181	-0.011821
78191	0.001657
80479	-0.002501
80480	-0.008888
80715	0.003163
80719	-0.001330
80750	-0.004034
81231	0.002886
84436	-0.004064
84780	-0.000660
84844	0.002263
85002	0.005774
85003	-0.018456
85659	-0.004249
85663	-0.002739
85710	-0.003955
92185	-0.001370
96142	0.003774
96144	-0.001205
96482	-0.002453
98871	-0.000152
