# 1342 minima projected onto PC8
# Min	PC
3	1.538485
4	1.599775
5	1.584882
6	1.150956
7	1.221457
9	1.533936
16	1.240526
17	1.247965
21	0.597998
23	0.489835
31	0.915074
44	-1.567469
47	-0.663842
48	-2.091152
51	1.654216
52	1.332371
55	-2.092105
56	-1.814777
57	-1.786382
58	-1.919547
60	-1.189045
67	1.740011
68	1.956709
71	1.256943
72	1.351327
74	0.661384
79	1.780606
82	0.501597
85	0.375628
86	-0.781046
87	0.953013
88	1.326407
91	1.322214
92	1.394333
94	1.227548
95	0.628529
97	-2.147895
104	0.281155
106	-0.712377
109	1.465342
111	1.341140
115	2.157112
120	-1.445664
126	1.807843
129	0.985393
136	0.560437
137	0.296359
188	-1.940743
189	-1.010560
196	1.617072
199	0.054583
200	1.580871
202	0.445092
211	0.710610
213	0.130982
214	0.341897
219	0.964612
221	1.558690
276	0.977078
279	0.483040
283	-1.157386
295	1.019136
308	1.577303
312	-1.623718
315	-0.885342
318	1.197617
319	1.173566
321	1.258139
324	1.822966
328	0.934666
334	1.738382
336	-0.665203
338	2.133013
347	2.008344
351	1.463345
352	-0.827850
354	-1.985329
357	1.460187
359	1.255812
362	1.008323
364	1.053176
365	0.999537
368	0.933232
376	1.383596
377	1.757640
380	0.530588
386	1.835457
388	-0.596576
390	0.486675
396	0.512068
404	0.561236
410	-2.126095
413	-2.259978
420	-0.940782
423	-2.122198
424	-0.800536
437	-0.842463
438	-2.306566
444	1.221482
452	2.125040
473	-0.125894
474	0.416899
475	0.725224
476	-1.832304
478	-0.948340
479	-1.094858
480	1.156992
483	1.453397
503	1.407291
508	0.864180
509	0.991026
530	-3.869121
536	1.762526
556	1.506636
581	1.626931
583	1.410162
603	2.070090
606	1.159151
607	1.604422
620	1.237001
628	0.193583
636	1.349794
637	-0.431082
639	1.388224
640	1.564116
644	-2.391460
645	-2.278089
677	1.073040
678	-2.657122
679	-2.442303
682	-2.503411
698	-1.062324
700	0.812261
710	0.550756
722	1.438270
723	0.764458
724	0.853208
725	1.158885
726	1.429861
747	2.397570
753	0.819863
755	-0.535681
757	-1.359956
765	0.869566
782	1.909088
783	0.908948
793	-1.333587
808	0.948597
814	-0.499595
840	1.401241
848	-3.906156
859	1.651018
864	-1.674591
867	0.857007
878	2.013709
888	1.991539
890	1.025208
892	-1.930421
899	-1.318761
918	0.501298
926	0.941315
933	-0.707452
934	-1.808622
981	1.004904
1028	-0.873643
1034	1.678856
1051	-2.050342
1054	-2.058267
1058	-0.349787
1062	-4.065336
1063	-2.209867
1064	-2.177151
1066	2.074387
1068	0.848627
1073	-1.700245
1082	-0.459325
1083	-0.954947
1086	0.037786
1089	-2.356577
1090	-1.615082
1091	-0.045149
1092	-0.534381
1164	0.118397
1165	0.514173
1174	-0.749438
1176	-0.673022
1184	2.761129
1191	2.911964
1192	2.416960
1201	3.561042
1230	0.860389
1339	-0.742577
1341	1.310872
1370	2.107196
1385	1.404794
1405	0.264865
1437	-2.267214
1441	0.815374
1443	0.634679
1521	0.812085
1522	-2.387174
1523	-3.838811
1524	-1.721387
1525	-1.815537
1541	-2.106706
1542	-1.283706
1550	-3.630826
1551	-3.990051
1596	-4.236477
1597	-2.731465
1628	-1.727860
1629	-2.447426
1633	-0.635367
1636	0.435556
1637	-2.221846
1765	3.423438
1766	3.579173
1780	-1.115457
1862	-2.271620
1865	0.489560
1870	-2.256399
1885	0.948283
1910	2.937227
1911	2.401069
2007	1.247139
2060	0.390136
2062	-2.535270
2090	-2.698829
2093	-2.527291
2094	-2.610637
2095	-2.012358
2096	-0.580065
2100	2.663772
2101	1.068062
2102	1.098413
2103	1.049601
2104	1.085423
2105	-0.731154
2128	2.747945
2129	2.775792
2135	3.421357
2190	-1.547951
2195	-0.230753
2197	-2.096611
2198	-0.696411
2199	-1.303843
2200	-0.219199
2201	-1.354318
2202	-0.688501
2205	-0.151313
2217	2.067751
2218	-1.364446
2221	-2.052707
2272	-2.384925
2273	-1.366823
2275	0.343188
2288	-1.807013
2293	0.181042
2298	-1.449952
2299	2.596514
2300	-1.635229
2301	-0.186414
2338	0.827109
2342	-2.173010
2343	-0.823153
2358	-2.796519
2384	0.527848
2385	1.535764
2399	1.424873
2435	1.771936
2436	-0.706218
2465	0.575652
2467	-1.569520
2468	-2.084796
2469	-2.181965
2470	-2.104380
2471	-0.402370
2474	-1.670146
2620	-0.441429
2650	-2.314002
2651	-3.155510
2685	-3.440364
2688	1.705975
2730	-0.669286
2843	0.682467
2951	-3.146970
2959	-2.472056
3236	1.488919
3305	0.585174
3318	1.615193
3340	-1.054781
3352	-2.370613
3355	-2.486704
3356	-2.466759
3365	2.306375
3366	2.270671
3367	1.873740
3368	1.877910
3401	-0.317685
3405	0.920731
3434	0.763089
3448	-2.028138
3454	-2.917410
3481	0.930133
3495	1.235941
3504	-1.026676
3532	-1.761640
3540	-2.315287
3549	1.460923
3550	1.668918
3569	-2.374673
3595	2.842021
3596	-2.293851
3603	-0.149669
3621	-4.464784
3622	-4.178933
3647	-0.986258
3649	3.411144
3651	1.565179
3652	-0.275399
3723	0.200149
3757	1.864092
3772	-1.334999
3787	2.765601
3798	2.352407
3799	2.877978
3889	1.924892
3897	-1.171539
3898	-1.119231
3904	-4.398344
3945	-4.250459
3990	-2.199381
4024	-1.922932
4039	-0.889709
4048	2.367521
4050	2.459495
4076	0.118913
4094	1.822114
4170	-0.744644
4251	-3.848292
4252	-4.198821
4299	-1.825392
4302	-1.770191
4318	1.224587
4319	-0.681874
4320	0.122969
4360	1.803719
4388	1.979088
4414	1.786808
4426	0.041961
4446	2.030951
4527	0.696350
4545	1.844169
4546	1.891607
4554	0.649362
4564	-0.822932
4567	-1.556363
4634	0.804542
4693	-2.009994
4736	1.785551
4761	0.416608
4879	-2.068638
5071	1.094040
5138	-0.465182
5164	0.398055
5182	-2.728036
5183	-2.718932
5184	-4.364092
5187	-1.642287
5188	-0.626440
5189	-1.152668
5193	3.441969
5194	4.062070
5195	-0.282133
5197	-0.739476
5203	-2.713788
5205	-2.532054
5212	-0.497160
5213	-0.106387
5222	-0.474761
5223	-4.674916
5228	-5.053372
5232	-0.903069
5244	-0.756963
5245	-2.193133
5246	-2.415780
5248	-0.612216
5292	-0.811768
5293	-0.852594
5299	1.733851
5300	2.472123
5315	2.353442
5316	2.431809
5319	2.682220
5320	2.696364
5321	2.739337
5322	4.228389
5323	-0.693985
5324	-1.092628
5325	1.061025
5329	1.102855
5342	0.780856
5343	-2.359321
5374	-0.772879
5376	1.657163
5378	4.060362
5379	-2.203194
5382	0.727421
5390	2.674144
5398	-1.121577
5402	2.414740
5404	1.348449
5407	2.789632
5408	2.229231
5409	2.689999
5411	2.288162
5412	2.839038
5413	2.419225
5416	1.349985
5418	-1.197682
5422	-1.384068
5425	1.964969
5427	2.666170
5428	2.295099
5432	-1.398139
5436	-0.741572
5443	-0.811484
5444	3.086034
5458	-2.375330
5462	-0.612048
5465	2.094560
5468	2.596590
5471	2.135622
5480	3.037632
5481	2.101092
5485	-2.735364
5486	-2.329776
5488	-2.070188
5489	-2.174203
5495	-1.696166
5513	-0.547209
5515	0.692746
5516	1.090935
5521	-0.755537
5527	-1.557263
5528	-3.446441
5536	1.931046
5537	2.118821
5547	-0.766752
5565	0.878284
5573	1.470517
5579	-0.317202
5583	-0.596880
5586	-0.807185
5589	-0.612974
5590	1.887726
5593	-0.057053
5599	2.284255
5604	-1.409206
5605	1.793820
5606	1.990069
5625	1.185699
5649	1.472716
5656	-0.567709
5657	1.046577
5658	-0.113689
5686	2.082412
5695	1.751417
5705	-0.258891
5706	2.039303
5716	3.153885
5717	1.961987
5718	2.423546
5719	3.113647
5720	3.563003
5724	-2.115526
5738	-5.143288
5742	2.583948
5750	-0.785408
5751	0.422231
5756	3.116453
5761	-0.591844
5768	-0.783776
5773	-2.269235
5792	2.142228
5793	0.231389
5794	2.098095
5806	1.433629
5811	1.974296
5812	1.986122
5813	1.935589
5814	1.980960
5821	1.332188
5823	3.070882
5825	2.241595
5831	-1.261376
5832	-0.965583
5833	0.507747
5847	-1.000097
5849	-1.207552
5851	3.505581
5854	-0.324984
5858	-2.284896
5862	1.548772
5875	2.528676
5876	0.627444
5903	-1.867353
5910	-1.791756
5912	-0.591573
5913	-0.720254
5925	2.179769
5926	1.691773
5927	1.476518
5928	-2.107908
5930	-2.305947
5931	-1.618820
5933	-0.766550
5934	2.640160
5937	-1.631768
5939	3.649068
5940	2.282751
5941	3.202119
5943	2.955191
5963	-0.720427
5964	1.760736
5965	2.752682
5966	-0.528672
5968	1.233992
5969	-2.444363
5970	-2.068618
5971	-2.364584
5975	1.541215
6006	2.706614
6011	-2.192485
6017	-0.910421
6019	-0.021495
6022	-0.996023
6032	-0.606040
6095	-2.616524
6115	1.824777
6116	-0.700562
6119	2.498628
6127	1.799842
6128	1.989676
6130	0.522774
6140	0.561824
6141	-2.947488
6147	0.732166
6148	0.652454
6163	-2.702493
6164	-2.532558
6170	-2.379396
6171	-2.522454
6177	-2.416235
6184	-2.171730
6200	-3.318181
6204	2.427974
6206	-2.670713
6223	-1.801145
6240	-2.808719
6245	0.744323
6253	-1.875916
6267	2.790002
6269	-2.785272
6290	2.632495
6303	1.376020
6317	2.725669
6343	3.140314
6350	3.097475
6360	2.686874
6367	2.538206
6383	2.051430
6389	-0.254336
6397	2.630147
6398	3.578069
6406	2.938412
6407	2.573745
6412	1.167241
6413	1.251301
6434	-0.157130
6435	0.086722
6460	2.995000
6463	1.981773
6464	2.524515
6489	1.612437
6507	-2.748558
6510	-1.548058
6516	1.591405
6518	-4.473119
6522	-0.122376
6523	1.343124
6524	-1.230518
6525	-0.374200
6531	-0.719648
6536	-1.250055
6575	-1.189139
6584	2.359646
6585	0.169878
6586	0.825175
6594	2.657880
6595	2.237070
6610	1.274484
6612	-2.437154
6615	2.215118
6624	-1.763445
6628	2.679392
6649	3.006968
6698	2.453961
6706	-1.093939
6718	2.657795
6719	3.112531
6722	2.589660
6770	-0.289278
6780	1.955805
6781	1.854107
6794	-0.214987
6795	0.382180
6796	-0.328033
6799	3.302581
6809	-1.421704
6837	-1.883782
6838	0.776527
6839	-2.877286
6846	-1.423114
6865	-0.202206
6869	-2.259299
6870	-1.585473
6871	-2.288641
6873	-0.588843
6876	0.886649
6885	-0.315416
6895	-0.390984
6896	-1.190761
6897	0.089597
6900	0.041099
6903	2.608524
6906	2.803533
6916	-1.515162
6917	-1.563476
6918	-2.066387
6919	-0.486757
6938	0.092932
6941	-0.142667
6942	-0.703760
6943	-0.590521
6944	-0.812484
6948	3.290911
6953	2.846864
6957	2.393877
6958	2.013238
6970	2.811703
6971	2.702421
6976	-0.818989
6977	-1.349721
6990	2.367938
7014	-0.507231
7015	-0.993659
7016	0.114438
7018	1.165782
7019	1.054761
7042	1.159033
7053	-0.877633
7066	-0.942358
7067	1.567216
7083	-2.332994
7092	-1.737734
7100	0.133666
7103	0.204744
7110	-0.773856
7111	-0.991850
7112	-1.400477
7113	-0.694322
7116	-0.540593
7119	-0.519611
7120	-0.374167
7121	-0.371150
7122	0.103387
7140	-0.254631
7143	-1.756079
7157	0.507196
7165	-2.362058
7175	1.231939
7178	-1.648949
7206	-1.478824
7207	0.128508
7217	-1.168779
7218	-0.598205
7221	-1.345839
7227	2.582874
7230	1.005290
7236	-2.275068
7239	-2.805150
7242	-0.790604
7260	-2.345498
7268	-2.218729
7269	-0.972781
7304	-2.157067
7326	-0.662294
7327	-0.848291
7336	-1.857276
7342	-2.626150
7346	2.483461
7348	2.898975
7355	-2.136885
7361	-1.104302
7372	2.469716
7387	-0.444456
7422	-4.108935
7423	-1.936439
7425	-1.147033
7436	-0.980900
7442	-1.465719
7446	-1.563743
7448	-0.775150
7453	-0.383622
7463	-0.723963
7492	2.006079
7493	1.305770
7494	1.694217
7495	0.316424
7518	2.052668
7520	2.248606
7540	-1.517363
7546	-1.423716
7556	-1.133275
7559	1.897974
7560	1.397963
7561	-1.155015
7564	-0.500293
7575	2.329031
7583	2.224057
7585	-0.025304
7586	-1.882941
7599	1.672186
7600	2.397342
7606	1.371313
7614	-1.530779
7617	0.588015
7622	2.327436
7629	-1.834411
7637	-0.070033
7640	-0.192067
7657	-1.430890
7665	-1.456874
7666	-0.978922
7667	2.141592
7668	-0.099552
7669	2.042753
7670	0.408058
7671	2.210582
7681	-2.125766
7683	-1.688167
7684	-2.418665
7696	-4.073996
7722	-1.884814
7723	0.372824
7799	-2.342872
7852	1.865525
7859	-0.834748
7860	-2.226345
7861	-1.342120
7865	-3.792238
7875	0.898264
7876	4.170416
7895	-0.495478
7913	-1.454890
7917	1.734277
7952	-0.452123
7969	-0.619314
7971	0.456417
8000	1.460999
8002	-1.025894
8006	0.270493
8036	2.630586
8056	-2.317166
8069	2.647241
8103	-1.110524
8107	1.974863
8120	-0.393970
8122	1.255681
8125	-0.752214
8127	-1.046621
8136	-0.264293
8149	-0.231071
8154	-0.249891
8197	-1.020424
8208	-1.059058
8223	2.126556
8232	-3.818511
8241	1.176112
8256	2.692382
8262	2.606052
8266	-1.118231
8267	0.750158
8268	0.831663
8269	1.026597
8271	2.247436
8273	-0.736894
8280	-1.384551
8284	-1.004919
8303	0.753402
8304	1.710335
8305	1.739046
8308	-2.602775
8332	-1.913208
8333	-5.644010
8334	-1.618626
8338	-0.518608
8363	-0.751764
8370	-0.976864
8398	-1.953244
8465	0.061445
8468	0.838638
8469	0.507123
8470	-0.062928
8507	2.538271
8552	2.116280
8572	2.802464
8574	2.748861
8577	-1.955752
8586	-2.957567
8592	-2.646235
8593	-2.705128
8594	0.533090
8597	-1.001062
8599	0.750081
8606	-2.092045
8607	1.700485
8615	1.197475
8617	1.080572
8626	2.849702
8636	-0.067629
8669	1.211448
8671	4.065953
8673	2.123334
8675	-4.294628
8790	2.783093
8791	1.951765
8811	-0.033214
8822	0.665754
8841	-0.278704
8849	-0.664112
8856	-1.048062
8875	-0.714774
8884	-0.662721
8906	-4.832959
8907	2.741250
8910	1.977669
8911	3.358113
8912	1.970284
8913	3.980333
8934	1.201104
8935	1.173701
8954	-0.795955
8968	0.602285
8972	0.663088
9001	-1.271442
9029	-0.400463
9032	-0.051581
9058	4.169670
9059	3.184337
9068	-1.908781
9070	0.755624
9108	-4.013044
9139	-1.283599
9140	-1.523246
9158	3.612248
9187	-3.472233
9188	0.848901
9189	-2.588511
9190	0.854951
9253	3.602061
9259	3.434056
9268	-0.321258
9269	3.316933
9271	3.112328
9312	-4.075783
9323	3.549791
9329	2.902832
9330	2.893752
9331	3.019391
9356	3.044326
9376	0.577057
9394	-1.596137
9424	0.324138
9428	-1.375962
9429	-1.193599
9496	1.525144
9536	-1.341540
9543	-1.539839
9589	2.560789
9614	-0.474946
9615	1.849682
9617	1.903941
9631	1.725823
9661	-1.228958
9668	-0.795442
9718	0.400283
9728	1.619177
9734	-0.617077
9788	-4.348496
9791	-5.111822
9793	-4.265227
9804	-1.056401
9809	-0.495711
9810	-0.695273
9823	1.366165
9828	0.144803
9907	1.743711
9951	1.525171
9968	2.091813
9969	1.275673
10010	1.107335
10011	1.434442
10012	1.197258
10018	-1.426190
10021	2.454971
10022	2.233347
10031	2.113594
10032	1.580964
10033	1.407560
10034	1.470829
10035	1.327953
10039	-1.233504
10044	-1.316310
10045	-1.621653
10060	2.624474
10065	2.562932
10077	-0.759914
10080	2.197708
10130	-1.237620
10131	3.434733
10149	-1.632377
10194	2.476114
10197	0.243662
10221	2.111581
10226	-5.546126
10232	2.048529
10233	1.927502
10263	1.824728
10264	1.882576
10274	2.298594
10286	0.405917
10292	-1.638340
10299	-2.346724
10302	1.281373
10324	-4.135188
10355	-0.087549
10358	-2.873269
10362	-0.553571
10366	-0.811870
10368	-0.323722
10370	1.207300
10392	2.701034
10405	0.745825
10406	-1.719846
10409	0.080546
10419	1.862561
10420	2.055413
10424	1.823568
10434	2.536806
10455	-0.185342
10478	1.588191
10480	2.708231
10484	0.941319
10510	0.453993
10519	-0.722750
10520	-1.495175
10524	0.457179
10578	-2.690673
10630	-1.207053
10643	-1.541519
10645	-2.256973
10677	0.428412
10678	0.569398
10690	0.410086
10717	0.905200
10718	0.700697
10719	1.216335
10721	-0.613777
10723	1.789509
10735	-1.372496
10736	0.968765
10829	0.800962
10837	2.666907
10846	2.771078
10921	-3.564435
10922	1.970836
10923	-1.522135
10924	-1.352764
10964	-2.187092
10978	-0.154491
11017	0.576133
11018	1.096650
11019	2.483316
11032	-2.076089
11034	-1.888656
11035	-2.010804
11036	-1.970246
11052	-1.170145
11056	-0.350095
11060	-0.587172
11063	-2.844808
11064	-3.519341
11068	-2.498898
11069	-2.586539
11090	0.114397
11098	-2.326696
11099	1.263403
11100	1.723824
11105	0.918472
11109	-2.843675
11122	2.027878
11123	1.926131
11125	0.562975
11126	-0.407219
11149	-2.243895
11153	1.337800
11188	1.371982
11193	1.477585
11230	0.379733
11233	0.765897
11236	-3.477537
11243	-3.341823
11251	0.288424
11259	-0.525362
11263	-2.605593
11272	-3.013894
11321	1.256733
11322	-1.295713
11326	-0.760125
11327	-1.229574
11335	-2.594404
11337	1.336588
11343	2.152835
11390	1.295594
11444	2.937013
11464	3.233565
11471	2.829401
11472	2.786117
11473	0.299371
11492	1.401196
11499	-2.324047
11500	-0.773954
11505	-0.148289
11527	2.536268
11528	2.438194
11532	-3.812933
11564	0.257021
11589	0.803896
11591	2.690361
11592	1.505657
11599	1.335597
11605	1.202699
11617	-0.813590
11630	2.253884
11631	0.170706
11632	1.640374
11656	-2.702597
11657	1.395058
11777	-0.758309
11786	-3.361692
11812	-0.387500
12020	0.929236
12061	-2.070636
12115	-2.602872
12154	2.833931
12155	-2.119125
12156	-1.985035
12159	-2.995130
12174	0.658193
12176	1.447751
12230	1.104600
12234	1.433358
12236	1.421014
12237	1.604227
12250	2.481373
12252	1.975907
12253	2.023990
12315	1.918301
12381	-1.593257
12382	-1.371666
12438	-2.675638
12455	2.968526
12462	-2.203964
12478	-1.106152
12603	4.018806
12711	0.942080
12714	0.901659
12716	0.895956
12754	0.846844
12785	0.393068
12788	3.589217
12792	4.284355
12898	-2.886951
12944	-1.482424
12949	-0.089192
13062	-2.495114
13099	-2.799870
13160	3.462453
13198	1.512649
13239	2.268251
13249	-1.417525
13262	-2.001787
13263	-0.881773
13272	-1.268121
13273	-0.000100
13277	-1.743953
13305	1.020107
13342	-1.721917
13343	-1.307452
13345	-2.969989
13351	-1.430237
13357	-1.300507
13427	-1.752740
13436	-3.183961
13455	1.186895
13528	-2.920246
13532	-3.329651
13553	-3.748583
13566	-0.524445
13651	-2.679263
13653	-2.495159
13675	1.256526
13676	-2.093177
13677	-1.588060
13678	1.256661
13681	-1.413467
13688	-1.411307
13697	-2.807275
13705	-2.819077
13708	-2.230789
13737	-2.776686
13760	-1.926302
13923	2.654760
13927	2.758782
13995	-2.305666
14002	-0.627117
14003	-1.065593
14021	-3.015288
14034	2.779617
14064	3.199538
14110	-1.532247
14155	1.370917
14203	0.793548
14208	-2.475568
14340	-1.390337
14356	2.160732
14389	3.151201
14499	1.424611
14625	-3.245254
14632	-1.228903
14637	-3.307894
14641	-1.911799
14685	2.786995
14694	1.474550
14695	1.563398
14699	-3.802557
14700	2.235844
14749	-2.805551
14760	-0.871725
14790	-0.786511
14791	-0.745101
14796	-2.701224
14797	-1.264809
14891	-1.633023
14927	0.060467
15099	-1.618478
15182	1.219550
15243	-3.314008
15245	3.051992
15254	-0.489058
15322	2.778409
15327	2.108806
15463	-0.654716
15496	-0.780521
15499	3.112598
15502	1.418511
15514	-4.083075
15566	-1.633602
15580	-1.027467
15583	1.327728
15586	-3.818136
15601	1.437167
15621	1.449137
15780	-4.206170
15869	0.672533
16082	0.568434
16281	1.854635
16293	-1.486230
16300	-1.289457
16304	2.780911
16360	-1.866358
16361	-2.375317
16367	-3.262856
16432	-2.271468
16433	-0.516083
16438	-1.777479
16446	-0.732946
16453	-0.465441
16463	1.812335
16466	-0.935469
16477	3.311883
16482	-2.278644
16605	-1.304348
16606	-1.643407
16635	-1.687783
16638	-1.882020
16655	-3.142786
16673	-1.911127
16676	0.759142
16677	0.977134
16678	-1.893021
16808	-3.903516
16829	-1.451711
17150	0.617547
17182	0.092907
17199	2.961881
17273	0.110143
17431	1.697565
17466	-1.713476
17472	-4.376120
17485	-3.165135
17585	0.314892
17620	0.548133
17647	0.808954
17690	4.023473
17772	-0.764622
18410	-3.284500
19647	-0.402917
21458	1.204496
21885	2.594126
21973	2.229033
21976	2.700769
21977	2.515945
22084	-2.170201
23475	1.910063
23754	-3.014830
23764	-1.315250
24372	-2.310534
24918	0.588865
24944	1.817170
25022	-4.679023
25140	-2.291857
26484	-0.906176
27764	1.352368
28424	-2.950229
28845	-1.611747
29861	-1.543683
30684	1.315223
31288	-4.741849
31704	2.661316
32421	0.636691
32520	2.726547
32893	0.861740
34340	0.070804
35227	-1.901542
35334	3.069305
36499	-2.372803
36843	2.042871
36844	2.055820
36955	-5.720720
36970	-5.486278
39336	2.716026
39353	2.763281
40538	-0.088354
40541	-1.856159
40542	-1.803766
40599	-2.093206
40601	-2.266509
40602	-1.394753
40656	-0.669021
40657	-0.473633
42157	-1.143496
42203	-0.743277
42204	2.008497
42851	-1.859075
43061	2.228219
44144	-2.324012
45195	2.141953
47030	2.503345
47285	-3.939527
47317	-4.759537
47457	-1.722139
47460	-0.439469
48147	-2.503730
48297	-0.767350
48474	3.163707
48696	3.256202
49516	1.592609
49630	-3.622195
49927	2.552860
50199	-1.963853
50249	-0.691991
50259	-0.751389
50904	2.535989
53231	-3.195143
53471	-1.033122
53531	-3.576718
53986	3.177863
55057	0.938530
56431	2.132661
56432	2.264052
56466	2.595023
56478	2.739260
56621	2.247487
57644	2.121161
57756	0.118511
58783	1.619512
59657	-2.763013
59715	0.042497
64825	-0.706489
64947	-1.995826
65950	1.042701
70102	-0.807550
75003	1.911448
75099	2.242037
75742	-2.110762
75823	-4.191758
75824	-4.749885
78157	-3.161907
78181	0.359045
78191	-1.852903
80479	1.316667
80480	2.655116
80715	-3.362066
80719	-2.226108
80750	-3.893843
81231	-3.938395
84436	-2.920208
84780	1.126413
84844	2.844957
85002	-2.306200
85003	-2.664639
85659	2.615727
85663	2.746727
85710	2.860006
92185	0.725018
96142	0.082966
96144	0.089448
96482	-2.458519
98871	-2.993030
