# 1342 minima projected onto PC47
Min	PC
3	-0.014199
4	0.096773
5	-0.041812
6	-0.065119
7	0.550214
9	-0.186000
16	-0.047540
17	-0.307020
21	0.142555
23	-1.223335
31	-0.272712
44	0.161989
47	0.060971
48	0.058292
51	0.072681
52	0.002928
55	-0.195606
56	0.090129
57	0.114027
58	0.072808
60	-0.225109
67	-0.113328
68	0.147069
71	-0.059006
72	0.160360
74	0.164291
79	0.036421
82	-1.198084
85	0.079411
86	0.200975
87	0.045122
88	0.011278
91	0.218132
92	0.091220
94	0.183495
95	0.060774
97	-0.086145
104	-0.264863
106	-0.388482
109	-0.268535
111	-0.236542
115	0.151143
120	0.169686
126	0.198035
129	0.107214
136	0.588170
137	0.074094
188	0.086487
189	-0.016120
196	0.538344
199	0.137617
200	-0.049177
202	-1.199284
211	0.087520
213	-1.118871
214	0.039973
219	-0.087608
221	-0.006490
276	-0.029025
279	-0.064456
283	-0.006307
295	-0.181247
308	-0.211761
312	0.083625
315	0.081873
318	-0.178632
319	0.124191
321	0.049448
324	-0.092608
328	0.013004
334	0.089959
336	0.533215
338	1.812740
347	0.345214
351	0.284887
352	0.082963
354	0.021130
357	0.128039
359	0.016075
362	0.111153
364	0.062147
365	-0.041272
368	-0.103703
376	-0.009523
377	-0.263739
380	0.003739
386	0.116539
388	-0.049426
390	1.230186
396	0.078849
404	0.031468
410	0.133357
413	0.088985
420	0.018470
423	0.156902
424	0.115383
437	0.104488
438	0.066261
444	-0.093178
452	-0.126707
473	0.228898
474	-0.011160
475	-0.217583
476	0.130895
478	-0.095503
479	-0.001460
480	-0.170189
483	0.161465
503	-0.186031
508	-0.216124
509	0.132910
530	0.411104
536	-0.253397
556	-0.174372
581	0.125610
583	-0.076365
603	0.000028
606	-0.054432
607	-0.051348
620	0.531667
628	-1.126267
636	-0.014377
637	0.088289
639	-0.103154
640	0.106194
644	0.207886
645	0.271828
677	-0.139575
678	-0.447367
679	0.156801
682	-0.153649
698	0.101713
700	0.138309
710	1.281398
722	-0.075711
723	0.065542
724	0.126482
725	-0.136315
726	0.046621
747	0.404618
753	-0.053456
755	-0.266551
757	-0.083009
765	-0.107205
782	0.089830
783	-0.083073
793	-0.254785
808	0.058374
814	-0.239051
840	0.060188
848	0.122095
859	0.090905
864	-0.173269
867	-0.337243
878	-0.173370
888	1.510938
890	0.104077
892	0.153199
899	-0.020877
918	-0.167236
926	-0.238629
933	-0.118138
934	0.097280
981	-0.055340
1028	-0.080097
1034	-0.000228
1051	0.102712
1054	-0.189984
1058	0.367055
1062	-0.213211
1063	-0.070708
1064	-0.291102
1066	0.067808
1068	0.003187
1073	0.094068
1082	-0.022331
1083	0.082348
1086	0.179884
1089	-0.086951
1090	-0.179891
1091	-0.092702
1092	0.087373
1164	-0.080364
1165	0.037761
1174	0.166196
1176	0.140733
1184	-0.367671
1191	-0.080417
1192	-0.222860
1201	0.175411
1230	0.053815
1339	-0.015445
1341	-0.252563
1370	0.131343
1385	0.520846
1405	-0.133702
1437	0.122942
1441	-0.184339
1443	-0.102632
1521	0.132271
1522	-0.013199
1523	0.010385
1524	-0.009221
1525	-0.250790
1541	0.006873
1542	0.097199
1550	-0.186444
1551	0.099821
1596	0.055703
1597	-0.222116
1628	0.002985
1629	0.058700
1633	-0.067239
1636	-1.207809
1637	-0.077025
1765	-0.398212
1766	-0.235473
1780	-0.162859
1862	0.003280
1865	-0.164531
1870	0.103661
1885	-0.063697
1910	0.004459
1911	-0.002578
2007	0.660310
2060	-0.044281
2062	-0.356530
2090	-0.138484
2093	-0.031906
2094	-0.158678
2095	-0.310496
2096	-0.229952
2100	-0.078323
2101	0.457101
2102	0.522995
2103	0.429080
2104	0.483716
2105	0.171218
2128	-0.124411
2129	0.182132
2135	0.069986
2190	-0.098624
2195	-0.231571
2197	-0.023306
2198	0.063039
2199	0.037725
2200	0.443585
2201	0.634106
2202	0.124218
2205	0.285682
2217	-0.272870
2218	-0.237202
2221	-0.165056
2272	0.085545
2273	-0.047637
2275	0.047287
2288	0.780375
2293	-0.116054
2298	-0.432691
2299	-0.238281
2300	-0.506565
2301	-0.393325
2338	-0.198545
2342	-0.472107
2343	-0.286070
2358	0.211389
2384	-0.064325
2385	-0.107169
2399	-0.042551
2435	-0.236717
2436	-0.221013
2465	-0.135131
2467	0.310287
2468	-0.033625
2469	-0.086482
2470	-0.223871
2471	0.020463
2474	0.267903
2620	-0.067806
2650	0.257441
2651	0.151673
2685	-0.145560
2688	-0.146463
2730	0.164410
2843	-0.050502
2951	-0.045379
2959	0.058321
3236	0.114260
3305	0.497155
3318	0.210954
3340	-0.266377
3352	-0.025146
3355	-0.282948
3356	-0.063440
3365	-0.245119
3366	0.023627
3367	-0.179279
3368	-0.470993
3401	-0.022469
3405	-0.102359
3434	-0.230625
3448	-0.009417
3454	0.077040
3481	-0.106312
3495	-0.139157
3504	-0.164406
3532	0.146506
3540	-0.043629
3549	0.193266
3550	0.323725
3569	-0.006724
3595	0.078976
3596	-0.036973
3603	-0.095116
3621	0.227031
3622	0.173838
3647	0.041612
3649	0.165684
3651	0.421371
3652	-0.160635
3723	0.256900
3757	-0.228687
3772	0.082187
3787	-0.140768
3798	-0.090041
3799	-0.078303
3889	0.014677
3897	0.173717
3898	-0.175939
3904	0.303760
3945	0.152836
3990	0.089732
4024	0.245805
4039	0.026191
4048	0.316205
4050	-0.120279
4076	0.404505
4094	-0.135111
4170	0.018321
4251	0.218806
4252	0.260370
4299	0.084022
4302	0.232203
4318	0.021953
4319	-0.063028
4320	-0.135942
4360	0.120708
4388	-0.252723
4414	-0.003792
4426	-0.300035
4446	1.461012
4527	0.133919
4545	0.083618
4546	0.028303
4554	0.055503
4564	-0.070566
4567	0.229945
4634	0.054323
4693	0.107454
4736	-0.348959
4761	-0.039101
4879	-0.014662
5071	0.132499
5138	0.189199
5164	0.007358
5182	0.056396
5183	-0.156212
5184	-0.206337
5187	-0.253248
5188	0.015630
5189	-0.167312
5193	-0.248184
5194	-0.379129
5195	-0.321501
5197	0.127901
5203	0.128992
5205	0.053872
5212	-0.099631
5213	-0.029160
5222	-0.041875
5223	-0.319365
5228	-0.136984
5232	-0.425971
5244	-0.079250
5245	0.170831
5246	0.097866
5248	-0.017906
5292	-0.049926
5293	0.194223
5299	-0.144331
5300	-0.515628
5315	-0.100479
5316	-0.319142
5319	0.020128
5320	-0.057674
5321	-0.283158
5322	-0.372141
5323	0.040409
5324	0.113294
5325	0.037579
5329	-0.475214
5342	-0.381312
5343	-0.034384
5374	0.554500
5376	0.194626
5378	0.064278
5379	-0.287156
5382	0.525213
5390	-0.072387
5398	-0.101919
5402	-0.079371
5404	0.030257
5407	0.062054
5408	-0.146180
5409	-0.187394
5411	0.063742
5412	-0.093954
5413	-0.061926
5416	0.054262
5418	-0.220822
5422	-0.035028
5425	-0.322094
5427	-0.267707
5428	0.002191
5432	0.097172
5436	-0.607499
5443	-0.272659
5444	-0.413386
5458	0.005593
5462	0.258856
5465	-0.043608
5468	0.027148
5471	0.021989
5480	0.149987
5481	0.162921
5485	-0.088094
5486	0.018884
5488	-0.346543
5489	0.007295
5495	-0.130159
5513	0.218177
5515	-0.277190
5516	-0.120881
5521	-0.097587
5527	0.126002
5528	0.232291
5536	0.160470
5537	0.239354
5547	-0.064703
5565	0.014478
5573	0.039903
5579	-0.081266
5583	0.186263
5586	0.333353
5589	0.078648
5590	-0.050141
5593	-0.072809
5599	-0.258047
5604	-0.307626
5605	-0.195966
5606	-0.062993
5625	-0.436442
5649	-0.055752
5656	-0.617962
5657	-0.563529
5658	0.378485
5686	-0.144551
5695	-0.059328
5705	0.382971
5706	-0.038669
5716	0.090489
5717	-0.032269
5718	-0.152907
5719	0.020668
5720	-0.193257
5724	0.084497
5738	0.328300
5742	-0.028309
5750	-0.040989
5751	0.019149
5756	0.050297
5761	-0.185910
5768	0.076407
5773	0.043165
5792	-0.045207
5793	-0.003933
5794	0.026587
5806	-0.218676
5811	-0.274425
5812	-0.252438
5813	0.012699
5814	-0.000447
5821	-0.093204
5823	-0.035946
5825	-0.257294
5831	-0.283449
5832	-0.329235
5833	-0.090305
5847	0.012099
5849	-0.176778
5851	-0.233572
5854	0.485369
5858	0.000596
5862	0.130637
5875	-0.089255
5876	-0.040129
5903	-0.009328
5910	-0.169667
5912	-0.177188
5913	-0.189976
5925	-0.095947
5926	-0.281693
5927	-0.056386
5928	-0.183157
5930	0.273598
5931	-0.129404
5933	-0.407565
5934	-0.040735
5937	1.059250
5939	0.306562
5940	0.063221
5941	0.012043
5943	-0.003211
5963	0.032647
5964	0.085637
5965	-0.105133
5966	-0.083320
5968	-0.055783
5969	0.007150
5970	0.026780
5971	-0.145600
5975	0.452673
6006	0.101536
6011	-0.099105
6017	-0.356652
6019	-0.219405
6022	-0.229952
6032	-0.268798
6095	-0.125303
6115	-0.257744
6116	0.001279
6119	-0.200809
6127	0.164237
6128	0.264550
6130	-0.141603
6140	0.226864
6141	-0.164162
6147	-0.321806
6148	-0.436771
6163	-0.389356
6164	-0.337646
6170	-0.063140
6171	-0.011426
6177	-0.188146
6184	-0.189194
6200	0.177477
6204	-0.284041
6206	-0.169345
6223	0.005181
6240	-0.359969
6245	0.182817
6253	0.154548
6267	0.012755
6269	0.052336
6290	0.072920
6303	0.014135
6317	-0.125127
6343	0.079136
6350	-0.181087
6360	-0.185918
6367	-0.261722
6383	-0.172509
6389	0.003467
6397	0.089803
6398	0.303448
6406	0.047188
6407	-0.463043
6412	0.013225
6413	0.060641
6434	0.009446
6435	0.037432
6460	-0.019020
6463	0.102698
6464	0.049152
6489	0.172511
6507	-0.304087
6510	0.461533
6516	-0.294590
6518	-0.138877
6522	-0.193293
6523	-0.393155
6524	-0.340727
6525	-0.454359
6531	-0.472204
6536	-0.356544
6575	-0.155271
6584	-0.057729
6585	-0.012558
6586	-0.394736
6594	-0.145037
6595	0.060071
6610	0.037881
6612	0.066326
6615	-0.233046
6624	-0.326800
6628	0.049787
6649	0.089142
6698	-0.109172
6706	-0.059934
6718	0.141680
6719	0.366465
6722	-0.059357
6770	0.036445
6780	0.139340
6781	-0.108759
6794	0.104466
6795	0.099144
6796	0.035315
6799	-0.448297
6809	-0.057894
6837	0.018322
6838	0.041250
6839	-0.011022
6846	0.100840
6865	0.195064
6869	-0.007891
6870	-0.388332
6871	-0.401158
6873	-0.174927
6876	-0.092166
6885	0.153862
6895	-0.008666
6896	-0.127172
6897	-0.160836
6900	-0.097701
6903	0.004476
6906	0.345347
6916	-0.082848
6917	-0.220504
6918	-0.059705
6919	-0.174237
6938	0.129941
6941	-0.033295
6942	-0.028880
6943	0.142466
6944	0.126115
6948	-0.037350
6953	-0.130289
6957	0.300268
6958	0.215445
6970	0.108331
6971	-0.136075
6976	0.289077
6977	0.280420
6990	-0.058542
7014	-0.130112
7015	0.056491
7016	-0.253683
7018	-0.140209
7019	-0.086819
7042	0.014130
7053	-0.006156
7066	0.007132
7067	-0.101112
7083	-0.076113
7092	0.085164
7100	-0.545413
7103	0.016510
7110	0.199632
7111	-0.186449
7112	-0.268097
7113	-0.054329
7116	0.087331
7119	-0.035737
7120	0.008874
7121	0.033239
7122	-0.304970
7140	-0.125787
7143	0.489231
7157	0.196833
7165	0.068528
7175	-0.298421
7178	0.313581
7206	-0.511498
7207	-0.166729
7217	-0.183383
7218	0.054481
7221	0.194595
7227	0.045582
7230	-0.294265
7236	0.064554
7239	-0.224528
7242	0.291985
7260	-0.251134
7268	-0.077923
7269	-0.104352
7304	-0.192164
7326	0.433968
7327	0.311742
7336	0.327829
7342	0.000851
7346	-0.067475
7348	-0.039163
7355	-0.032704
7361	-0.054695
7372	-0.294260
7387	-0.378570
7422	0.095443
7423	0.142209
7425	-0.351721
7436	-0.211651
7442	0.179433
7446	0.014798
7448	0.024205
7453	0.088416
7463	0.019981
7492	-0.565003
7493	-0.534020
7494	-0.277496
7495	-0.406510
7518	-0.328383
7520	-0.166861
7540	0.009422
7546	0.344848
7556	-0.226041
7559	0.423366
7560	0.116235
7561	-0.216696
7564	0.331741
7575	-0.025307
7583	-0.110919
7585	0.203161
7586	-0.052717
7599	2.633023
7600	2.974273
7606	2.457573
7614	0.106405
7617	0.619199
7622	0.076916
7629	0.086539
7637	-0.108576
7640	-0.023270
7657	0.165951
7665	0.269910
7666	-0.073174
7667	-0.356938
7668	0.160705
7669	-0.085204
7670	0.053881
7671	-0.090730
7681	0.249597
7683	0.104456
7684	0.051257
7696	-0.101332
7722	-0.256745
7723	0.344042
7799	-0.038966
7852	-0.055543
7859	-0.121269
7860	0.029871
7861	-0.190912
7865	-0.043498
7875	0.121760
7876	-0.119662
7895	-0.043428
7913	0.422955
7917	0.005615
7952	-0.313598
7969	0.693480
7971	0.006664
8000	0.164707
8002	0.053064
8006	-0.132480
8036	0.322089
8056	0.121395
8069	-0.347199
8103	0.056174
8107	0.100387
8120	0.048225
8122	0.024328
8125	0.001438
8127	0.001591
8136	-0.133776
8149	-0.046272
8154	-0.222603
8197	0.465267
8208	0.111981
8223	0.442153
8232	-0.055642
8241	0.083143
8256	0.368985
8262	0.091774
8266	-0.056438
8267	-0.253374
8268	-0.098272
8269	-0.088858
8271	-0.181150
8273	-0.071966
8280	0.248758
8284	0.207576
8303	-0.177886
8304	-0.041419
8305	0.180044
8308	0.100467
8332	0.167777
8333	0.095493
8334	-0.010511
8338	0.381100
8363	0.362865
8370	-0.015925
8398	-0.201016
8465	0.312940
8468	-0.020004
8469	-0.116626
8470	0.381962
8507	-0.189765
8552	-0.133015
8572	-0.160346
8574	-0.282368
8577	-0.004399
8586	0.211194
8592	0.276592
8593	0.173775
8594	-0.171795
8597	-0.014408
8599	0.177665
8606	0.616272
8607	-0.074780
8615	-0.352393
8617	-0.307938
8626	0.046933
8636	0.017811
8669	0.186684
8671	-0.320294
8673	0.091194
8675	0.142441
8790	-0.138129
8791	0.103325
8811	0.286150
8822	0.236724
8841	0.136489
8849	0.162752
8856	0.390669
8875	0.016231
8884	0.769072
8906	0.115189
8907	-0.233059
8910	-0.285909
8911	-0.120496
8912	-0.041931
8913	-0.085695
8934	-0.189822
8935	0.072319
8954	0.363355
8968	-0.023054
8972	-0.002117
9001	-0.550279
9029	-0.097174
9032	-0.150024
9058	-0.430990
9059	-0.126070
9068	-0.087050
9070	0.166430
9108	-0.158011
9139	-0.259278
9140	-0.250436
9158	-0.287564
9187	0.178279
9188	0.234526
9189	0.241308
9190	0.229586
9253	0.028657
9259	-0.043402
9268	0.148508
9269	0.060196
9271	0.056145
9312	0.198986
9323	-0.014416
9329	-0.171873
9330	-0.220992
9331	0.038831
9356	-0.023053
9376	-0.122646
9394	-0.295133
9424	-0.037314
9428	-0.005739
9429	0.020165
9496	0.084064
9536	0.177178
9543	-0.337639
9589	0.210223
9614	0.093962
9615	-0.357605
9617	-0.363824
9631	0.102323
9661	0.028844
9668	-0.136564
9718	-0.265371
9728	0.051227
9734	-0.361044
9788	-0.121463
9791	-0.309358
9793	-0.165782
9804	-0.100964
9809	0.062869
9810	-0.090214
9823	0.131970
9828	0.199622
9907	0.002532
9951	-0.036411
9968	-0.048955
9969	0.226761
10010	0.025358
10011	-0.166381
10012	0.088455
10018	0.069586
10021	0.089198
10022	0.071157
10031	-0.191408
10032	-0.284477
10033	0.157007
10034	-0.111485
10035	0.086918
10039	0.012015
10044	0.024518
10045	-0.139224
10060	-0.443461
10065	0.258480
10077	-0.193676
10080	-0.042790
10130	-0.362358
10131	-0.031861
10149	-0.242397
10194	0.002416
10197	0.313997
10221	-0.220004
10226	0.290169
10232	-0.143174
10233	-0.268864
10263	-0.164798
10264	0.019924
10274	-0.114570
10286	-0.304407
10292	-0.200394
10299	-0.010882
10302	-0.126776
10324	0.027317
10355	0.015381
10358	-0.142874
10362	0.326265
10366	0.248093
10368	0.219225
10370	0.098580
10392	0.005180
10405	-0.024040
10406	-0.018879
10409	-0.125569
10419	0.284820
10420	-0.423065
10424	0.031396
10434	0.336275
10455	0.077516
10478	0.079223
10480	0.322317
10484	-0.120236
10510	0.242704
10519	-0.198968
10520	0.152506
10524	0.145087
10578	-0.383651
10630	-0.013400
10643	-0.232625
10645	0.100127
10677	0.130922
10678	-0.023881
10690	0.091192
10717	-0.198456
10718	0.009753
10719	0.052495
10721	0.132247
10723	0.180468
10735	0.132172
10736	-0.198466
10829	-0.163844
10837	0.136829
10846	0.011966
10921	-0.055637
10922	0.102100
10923	-0.264263
10924	-0.193236
10964	0.129653
10978	0.034851
11017	0.233293
11018	0.440602
11019	0.131987
11032	0.519941
11034	-0.076814
11035	-0.245347
11036	0.648455
11052	-0.141169
11056	-0.267216
11060	-0.042683
11063	-0.010495
11064	-0.061381
11068	0.150294
11069	0.033982
11090	-0.132313
11098	0.480243
11099	0.032190
11100	0.270904
11105	0.005052
11109	0.206804
11122	-0.136682
11123	-0.382645
11125	0.007644
11126	-0.102220
11149	-0.289549
11153	-0.298613
11188	-0.638812
11193	0.085857
11230	-0.159277
11233	0.175725
11236	-0.546394
11243	0.025026
11251	-0.164009
11259	-0.320902
11263	-0.408878
11272	-0.617812
11321	0.647296
11322	-0.167749
11326	0.247846
11327	0.105577
11335	0.264399
11337	-0.307544
11343	-0.230917
11390	-0.140059
11444	-0.158572
11464	-0.098843
11471	-0.374958
11472	-0.120537
11473	0.026680
11492	0.224925
11499	-0.007035
11500	0.083127
11505	0.120115
11527	-0.199949
11528	-0.240822
11532	0.047350
11564	-0.380717
11589	-0.006551
11591	0.403345
11592	0.004797
11599	0.082750
11605	0.156521
11617	0.091767
11630	0.038003
11631	0.022228
11632	-0.058680
11656	0.066976
11657	0.315241
11777	-0.261977
11786	-0.015896
11812	-0.105459
12020	0.000975
12061	-0.071201
12115	-0.126738
12154	0.143497
12155	0.050688
12156	0.206249
12159	0.036720
12174	0.183469
12176	0.275919
12230	0.025394
12234	-0.058469
12236	-0.239630
12237	1.235958
12250	-0.294229
12252	0.226878
12253	-0.093576
12315	-0.157755
12381	-0.147727
12382	-0.078190
12438	-0.338576
12455	-0.252718
12462	0.068976
12478	0.066709
12603	0.320528
12711	-0.274479
12714	0.004401
12716	0.004631
12754	0.002893
12785	-0.012751
12788	0.355095
12792	0.641511
12898	-0.057136
12944	-0.055951
12949	1.461968
13062	0.090434
13099	-0.164478
13160	-0.162958
13198	0.077008
13239	0.152338
13249	1.169299
13262	-0.272093
13263	-0.280504
13272	0.431942
13273	0.094505
13277	-0.086526
13305	0.223589
13342	-0.184488
13343	-0.143262
13345	0.140099
13351	0.048517
13357	-0.001061
13427	0.093069
13436	0.031440
13455	0.239168
13528	0.056340
13532	-0.264063
13553	-0.247960
13566	0.100161
13651	-0.115334
13653	-0.412198
13675	-0.060571
13676	-0.107567
13677	-0.452079
13678	-0.089359
13681	-0.262927
13688	0.158294
13697	0.469156
13705	0.439407
13708	-0.253562
13737	-0.496201
13760	0.017833
13923	0.059471
13927	-0.132901
13995	0.460105
14002	0.046414
14003	0.161407
14021	-0.073924
14034	0.110262
14064	0.312921
14110	-0.200486
14155	0.096300
14203	0.004944
14208	-0.069691
14340	-0.135930
14356	0.237927
14389	0.199233
14499	-0.098258
14625	-0.204394
14632	0.148348
14637	-0.199787
14641	-0.044580
14685	0.198086
14694	-0.301612
14695	-0.006244
14699	-0.259461
14700	-0.026649
14749	-0.069985
14760	0.235405
14790	-0.281675
14791	0.402280
14796	0.075845
14797	-0.058976
14891	0.073691
14927	0.277333
15099	0.167500
15182	1.359940
15243	-0.183849
15245	-0.177180
15254	-0.022220
15322	-0.077853
15327	-0.173929
15463	-0.179121
15496	-0.078112
15499	-0.205610
15502	-0.304060
15514	0.028689
15566	-0.237382
15580	-0.205230
15583	-0.217295
15586	0.127796
15601	0.076853
15621	-0.042199
15780	-0.150728
15869	0.163329
16082	0.555427
16281	-0.532687
16293	0.001951
16300	-0.172145
16304	-0.269766
16360	-0.192819
16361	-0.704577
16367	-0.105351
16432	-0.044601
16433	-0.293568
16438	0.110405
16446	-0.103226
16453	-0.135152
16463	-0.249596
16466	-0.012740
16477	0.049891
16482	-0.310435
16605	0.099315
16606	-0.241977
16635	-0.190689
16638	0.146840
16655	0.100739
16673	0.017783
16676	0.060152
16677	-0.074904
16678	-0.151005
16808	-0.039867
16829	-0.293065
17150	0.068553
17182	0.016096
17199	0.031480
17273	-0.062611
17431	-0.122649
17466	-0.253650
17472	0.216054
17485	0.338054
17585	0.188297
17620	0.002944
17647	0.874572
17690	-0.446454
17772	0.506978
18410	-0.036354
19647	0.166224
21458	0.384984
21885	0.046878
21973	0.283038
21976	0.158242
21977	0.060350
22084	0.292604
23475	0.179023
23754	-0.027376
23764	0.009985
24372	-0.121763
24918	0.176011
24944	-0.099816
25022	0.008664
25140	0.051219
26484	0.160569
27764	-0.023248
28424	0.289731
28845	0.144134
29861	-0.142691
30684	-0.218472
31288	-0.089524
31704	-0.066225
32421	0.102433
32520	0.144077
32893	0.013135
34340	0.096649
35227	-0.005523
35334	0.073717
36499	-0.192756
36843	-0.062083
36844	0.092240
36955	0.024440
36970	0.148447
39336	-0.232404
39353	-0.085910
40538	-0.157492
40541	0.409630
40542	0.519223
40599	0.824723
40601	0.403222
40602	-0.020586
40656	-0.110604
40657	-0.288584
42157	0.029316
42203	-0.183267
42204	-0.033528
42851	0.006115
43061	0.095100
44144	0.211891
45195	0.083781
47030	-0.128617
47285	-0.602372
47317	0.057406
47457	-0.408400
47460	0.060250
48147	0.049471
48297	-0.234388
48474	0.168236
48696	-0.129241
49516	-0.206616
49630	0.293777
49927	0.126851
50199	-0.009329
50249	-0.132552
50259	0.300751
50904	-0.152685
53231	0.210978
53471	-0.358618
53531	0.349641
53986	0.039336
55057	0.364397
56431	0.185105
56432	0.230063
56466	-0.089749
56478	0.614551
56621	-0.263845
57644	1.257221
57756	-0.324126
58783	0.387665
59657	0.277306
59715	0.172244
64825	-0.029060
64947	0.075706
65950	-0.181641
70102	0.101622
75003	0.172770
75099	0.379452
75742	-0.522989
75823	0.297019
75824	0.225869
78157	0.014247
78181	0.187829
78191	0.346231
80479	0.177832
80480	0.047953
80715	0.118369
80719	-0.111991
80750	0.131372
81231	-0.032856
84436	-0.266382
84780	-0.243028
84844	0.001740
85002	0.188362
85003	-0.387085
85659	-0.434540
85663	-0.212628
85710	-0.042922
92185	-0.294587
96142	-0.076798
96144	-0.148569
96482	-0.151705
98871	1.211377
