# 1342 minima projected onto PC39
# Min	PC
3	-0.065774
4	-0.266390
5	-0.092305
6	0.244579
7	-1.040647
9	-0.652913
16	0.076547
17	0.285165
21	-0.015304
23	0.348659
31	-0.332670
44	-0.286164
47	-0.183908
48	0.221049
51	-0.065408
52	0.045644
55	0.233126
56	-0.052740
57	-0.126724
58	-0.417968
60	-0.252497
67	0.269643
68	-0.271316
71	0.248542
72	-0.000789
74	-0.253973
79	-0.040923
82	0.160182
85	-0.125324
86	0.138758
87	-0.405852
88	-0.243968
91	0.286626
92	-0.443080
94	0.046931
95	0.014988
97	0.026055
104	-0.017946
106	0.055710
109	-0.450600
111	1.075065
115	1.307800
120	-0.233270
126	-0.286432
129	0.162271
136	-0.139799
137	0.088828
188	-0.258111
189	-0.338408
196	-0.319596
199	-0.241761
200	0.129985
202	0.577247
211	0.001496
213	0.221620
214	-0.071518
219	-0.911045
221	-0.543670
276	-0.145749
279	-0.417249
283	0.047767
295	0.062997
308	0.292949
312	0.157970
315	-0.326202
318	1.003228
319	0.231757
321	0.428209
324	0.605834
328	-0.198800
334	-0.193805
336	0.171921
338	-0.298362
347	-0.161844
351	0.603297
352	-0.160571
354	-0.265696
357	-0.009533
359	0.522674
362	0.122319
364	-0.223174
365	-0.016190
368	0.373116
376	0.104933
377	0.047437
380	0.149637
386	-0.311094
388	-0.076573
390	0.607334
396	-0.255282
404	-0.267139
410	0.019520
413	-0.210583
420	0.193660
423	-0.060982
424	0.207418
437	-0.318408
438	-0.128152
444	-0.229152
452	0.104495
473	-0.057231
474	0.402446
475	0.054803
476	-0.211333
478	-0.252738
479	0.139334
480	0.267403
483	0.826169
503	0.874251
508	-0.403234
509	-0.037413
530	0.478802
536	0.049806
556	0.836036
581	-0.043932
583	-0.062866
603	0.292563
606	0.250466
607	-0.101762
620	-1.037984
628	0.049223
636	0.124810
637	-0.117643
639	-0.304223
640	0.029358
644	-0.081939
645	-0.049312
677	0.392962
678	0.011198
679	-0.012182
682	0.340599
698	-0.337213
700	-0.200783
710	0.449296
722	0.598134
723	-0.147682
724	-0.031078
725	-0.056663
726	0.250271
747	-0.300570
753	0.087966
755	-0.238007
757	0.004889
765	-0.120175
782	0.103730
783	-0.757199
793	0.159644
808	-0.190925
814	1.553855
840	0.004588
848	-0.461161
859	-0.160984
864	-0.072349
867	-0.138768
878	-0.811724
888	-0.053565
890	0.029849
892	0.283411
899	-0.275582
918	0.027222
926	0.059788
933	0.144812
934	-0.236216
981	-0.139808
1028	0.288677
1034	0.043380
1051	0.055658
1054	0.069049
1058	0.807272
1062	0.162269
1063	0.146215
1064	0.252532
1066	-0.276259
1068	-0.034562
1073	-0.073261
1082	-0.104625
1083	-0.094892
1086	-0.020034
1089	0.481952
1090	0.442659
1091	0.547651
1092	0.327313
1164	0.515763
1165	-0.290752
1174	0.243514
1176	0.229796
1184	0.266411
1191	-0.171185
1192	-0.383848
1201	0.503585
1230	-0.639965
1339	-0.082571
1341	-0.677474
1370	-1.056165
1385	-0.228966
1405	0.100637
1437	-0.451478
1441	0.080481
1443	0.099460
1521	0.121581
1522	0.004801
1523	0.830373
1524	0.620438
1525	0.013314
1541	0.274790
1542	0.000522
1550	0.152202
1551	0.445416
1596	-0.003355
1597	-0.082920
1628	0.466974
1629	-0.046340
1633	0.055343
1636	0.414375
1637	0.641078
1765	0.010763
1766	-0.218622
1780	-0.048845
1862	-0.328284
1865	-0.104630
1870	-0.335944
1885	-0.208244
1910	-0.219486
1911	-0.447852
2007	-0.817040
2060	-0.730617
2062	0.432563
2090	-0.019541
2093	0.017911
2094	0.576697
2095	-0.454617
2096	0.040605
2100	-0.499516
2101	-1.229321
2102	-0.977143
2103	-1.209317
2104	-0.954375
2105	0.375679
2128	0.293294
2129	-0.327459
2135	0.156335
2190	-0.439757
2195	-0.527431
2197	-0.708067
2198	-0.503553
2199	-0.433745
2200	-0.282258
2201	-0.178923
2202	-0.418267
2205	0.223083
2217	0.653690
2218	0.003171
2221	0.315374
2272	-0.598527
2273	-0.307317
2275	0.022625
2288	0.936268
2293	0.167081
2298	-0.908899
2299	-0.212763
2300	-0.428088
2301	-0.041160
2338	0.262914
2342	-0.018487
2343	0.110372
2358	-0.271377
2384	-0.287682
2385	-0.274310
2399	-0.353262
2435	0.393102
2436	0.585750
2465	0.239606
2467	-0.588946
2468	-0.595033
2469	-0.046351
2470	-0.277340
2471	0.527435
2474	-0.059364
2620	-0.118556
2650	-0.610904
2651	-0.329413
2685	0.585369
2688	0.673336
2730	-0.211646
2843	-0.083459
2951	-0.231777
2959	-0.037988
3236	-0.048252
3305	-0.244738
3318	-0.544234
3340	0.035656
3352	0.409829
3355	0.510076
3356	0.442025
3365	0.773148
3366	0.340888
3367	0.183815
3368	0.587889
3401	0.298686
3405	-0.020435
3434	0.215822
3448	0.246459
3454	1.083445
3481	-0.591041
3495	0.225752
3504	-0.006810
3532	-0.019028
3540	-0.067800
3549	-0.215651
3550	-0.776888
3569	-0.272762
3595	0.238416
3596	-0.230949
3603	0.275031
3621	-0.200390
3622	0.027717
3647	-0.240504
3649	-0.117367
3651	-0.118190
3652	0.425371
3723	-0.200163
3757	0.051372
3772	0.077717
3787	0.227591
3798	-0.427953
3799	0.924002
3889	0.183257
3897	0.015373
3898	0.277140
3904	-0.158297
3945	0.139693
3990	-0.163324
4024	-0.021247
4039	-0.534391
4048	0.217712
4050	0.507851
4076	-0.177700
4094	0.631302
4170	0.305324
4251	-0.429233
4252	0.192827
4299	0.189363
4302	-0.398312
4318	-0.326886
4319	0.057319
4320	-0.154490
4360	0.417079
4388	0.574526
4414	0.586258
4426	-0.368102
4446	0.128701
4527	0.064846
4545	0.374927
4546	0.398863
4554	0.348088
4564	-0.216986
4567	-0.432311
4634	-0.481088
4693	0.084395
4736	0.275470
4761	0.547201
4879	0.699666
5071	-0.180084
5138	0.023891
5164	-0.647971
5182	0.154806
5183	-0.667488
5184	0.505714
5187	0.098621
5188	0.140739
5189	0.154822
5193	0.141978
5194	0.011397
5195	0.277308
5197	0.606461
5203	0.171841
5205	0.336947
5212	-0.035973
5213	-0.145815
5222	0.410692
5223	0.523111
5228	0.982894
5232	0.109062
5244	0.045980
5245	0.139407
5246	0.168826
5248	-0.206963
5292	0.049391
5293	0.521601
5299	0.422430
5300	-0.012892
5315	0.047453
5316	0.083767
5319	0.066380
5320	0.090269
5321	0.241184
5322	-0.475175
5323	-0.262580
5324	-0.627759
5325	-0.483746
5329	-0.899824
5342	0.255512
5343	0.069172
5374	0.632988
5376	0.052040
5378	0.633804
5379	0.289916
5382	-0.636844
5390	0.491945
5398	0.245183
5402	0.054652
5404	0.209489
5407	-0.083172
5408	0.183111
5409	0.189763
5411	-0.175046
5412	0.033658
5413	-0.380151
5416	-0.573651
5418	0.099451
5422	-0.098619
5425	0.116458
5427	-0.203464
5428	0.029554
5432	-0.319646
5436	0.079011
5443	0.744052
5444	-0.463410
5458	-0.542820
5462	-0.118995
5465	0.032755
5468	-0.005929
5471	-0.133446
5480	0.503584
5481	0.062583
5485	-0.086399
5486	-0.025024
5488	-0.546584
5489	-0.556324
5495	-0.532639
5513	-0.005199
5515	0.226919
5516	0.400684
5521	0.013463
5527	0.441327
5528	0.679367
5536	-0.345057
5537	-0.526268
5547	-0.221630
5565	-0.193578
5573	0.111527
5579	1.152729
5583	-0.259026
5586	-0.295070
5589	0.307622
5590	0.019418
5593	0.321882
5599	1.560109
5604	-0.143101
5605	-0.218258
5606	-0.627832
5625	-1.038351
5649	-0.284812
5656	-0.509032
5657	-0.875080
5658	0.245359
5686	-0.102497
5695	-0.870481
5705	-0.390118
5706	-0.256417
5716	-0.405916
5717	-0.452832
5718	-0.428659
5719	-0.151188
5720	0.615953
5724	0.152121
5738	0.049422
5742	-0.350584
5750	0.054793
5751	-0.122072
5756	-0.505091
5761	0.008775
5768	-0.299880
5773	0.850811
5792	-0.318274
5793	0.210694
5794	-0.634970
5806	-0.216291
5811	0.691789
5812	0.575624
5813	0.180188
5814	0.337084
5821	-0.014263
5823	-0.591175
5825	-0.356416
5831	0.515317
5832	0.511650
5833	0.059723
5847	-0.049061
5849	0.258984
5851	0.525500
5854	-0.558667
5858	-0.146371
5862	-0.030967
5875	0.352705
5876	0.270662
5903	0.173685
5910	-0.106362
5912	-0.493787
5913	-0.824543
5925	0.138721
5926	-0.146121
5927	0.238376
5928	0.254573
5930	-0.025858
5931	0.340610
5933	-0.052610
5934	-0.397051
5937	0.506152
5939	-0.261798
5940	-0.493390
5941	0.178769
5943	0.469840
5963	-0.083667
5964	0.018224
5965	-0.013438
5966	0.120907
5968	-0.112399
5969	0.190351
5970	-0.206740
5971	0.064076
5975	0.242240
6006	0.091428
6011	-0.157920
6017	-0.500250
6019	0.609582
6022	-0.614257
6032	-0.216624
6095	-0.148911
6115	0.591354
6116	0.069551
6119	0.185937
6127	-0.092060
6128	0.590670
6130	0.049611
6140	-0.058970
6141	0.696242
6147	-0.517071
6148	-0.345888
6163	-0.399492
6164	0.093001
6170	0.398323
6171	0.393697
6177	0.306339
6184	0.921676
6200	0.154255
6204	0.245305
6206	-0.352078
6223	-0.140675
6240	-0.154377
6245	-0.186677
6253	0.179222
6267	-0.777111
6269	0.041412
6290	-0.527149
6303	-0.204002
6317	-0.550874
6343	0.027710
6350	0.517368
6360	0.863363
6367	-0.281275
6383	0.007118
6389	0.296760
6397	0.322553
6398	-0.102391
6406	0.309219
6407	-0.283140
6412	-0.115558
6413	0.181414
6434	-0.171416
6435	-0.329630
6460	0.014923
6463	-0.447825
6464	-0.855233
6489	-0.373677
6507	0.397206
6510	1.339655
6516	0.307977
6518	0.255877
6522	-0.366169
6523	-0.434736
6524	0.707863
6525	0.813180
6531	-0.141683
6536	0.063591
6575	-0.453383
6584	-0.188261
6585	0.099790
6586	-0.708390
6594	0.132553
6595	-0.351767
6610	-0.019834
6612	-0.559827
6615	0.293850
6624	0.150022
6628	0.368736
6649	0.038556
6698	0.858396
6706	-0.402821
6718	-0.459794
6719	-0.230634
6722	0.310787
6770	-0.425393
6780	0.273605
6781	-0.053754
6794	0.116908
6795	-0.069553
6796	0.273338
6799	0.388277
6809	0.009948
6837	-0.036120
6838	0.192585
6839	-0.354844
6846	-0.256820
6865	-0.022302
6869	-0.062117
6870	0.016544
6871	-0.114708
6873	-0.070491
6876	0.088892
6885	0.037657
6895	-0.364121
6896	-0.433794
6897	-0.061833
6900	-0.146182
6903	0.447263
6906	0.095898
6916	0.127516
6917	0.255780
6918	0.140052
6919	-0.064259
6938	-0.255367
6941	-0.473419
6942	-0.226860
6943	-0.236101
6944	-0.276166
6948	0.021041
6953	0.064159
6957	0.451574
6958	-0.342982
6970	0.130953
6971	-0.092976
6976	-0.621239
6977	-0.570309
6990	-0.421053
7014	-0.343278
7015	-0.157438
7016	-0.203507
7018	-0.296195
7019	-0.129245
7042	0.545466
7053	-0.481900
7066	-0.366263
7067	0.124439
7083	0.162782
7092	0.329293
7100	0.059370
7103	0.335009
7110	-0.156221
7111	-0.032616
7112	-0.177220
7113	0.069448
7116	-0.251644
7119	0.019175
7120	0.244128
7121	-0.114495
7122	0.242381
7140	-0.215652
7143	0.138406
7157	-0.085743
7165	0.052580
7175	0.290404
7178	-0.405812
7206	-0.917398
7207	-0.914991
7217	-0.725809
7218	-0.450452
7221	0.112279
7227	0.193725
7230	0.541380
7236	0.929795
7239	-0.282268
7242	0.100401
7260	-0.070274
7268	0.206930
7269	0.033124
7304	0.411387
7326	0.139837
7327	-0.060362
7336	-0.299517
7342	-0.579198
7346	-0.114844
7348	-0.065488
7355	1.279328
7361	-0.633665
7372	0.097711
7387	-0.686452
7422	-0.047402
7423	-0.072542
7425	-0.030067
7436	-0.145404
7442	-0.129584
7446	0.439276
7448	0.537246
7453	-0.153771
7463	0.159874
7492	-0.493105
7493	-0.068470
7494	0.038064
7495	-0.163835
7518	0.264849
7520	-0.109042
7540	0.669954
7546	0.259029
7556	-0.528773
7559	-0.013623
7560	-0.155248
7561	0.038833
7564	-0.289869
7575	-0.215502
7583	-0.066587
7585	-0.001894
7586	-0.140447
7599	0.785524
7600	0.948190
7606	0.926562
7614	0.109095
7617	-0.153497
7622	-0.106404
7629	-0.452153
7637	0.397910
7640	0.153243
7657	0.166726
7665	-0.379558
7666	-0.657033
7667	0.267932
7668	0.407886
7669	0.343083
7670	0.223090
7671	0.139572
7681	-0.196586
7683	0.628221
7684	-0.107431
7696	0.595880
7722	0.072958
7723	0.033163
7799	-0.166862
7852	-0.087171
7859	-0.095685
7860	-0.239029
7861	-0.285378
7865	-0.258525
7875	0.231200
7876	0.280119
7895	0.318193
7913	-0.287739
7917	-0.039764
7952	-0.536725
7969	0.092068
7971	-0.081150
8000	-0.047499
8002	0.135138
8006	-0.983956
8036	0.081291
8056	-0.237639
8069	-0.485721
8103	-0.517882
8107	-0.043841
8120	0.502651
8122	-0.062339
8125	0.424656
8127	0.810467
8136	-0.288639
8149	-0.202536
8154	0.367723
8197	-0.532115
8208	-0.413519
8223	-1.078867
8232	-0.058459
8241	0.144326
8256	-0.190925
8262	0.093815
8266	0.152850
8267	0.292124
8268	0.481461
8269	0.068115
8271	0.171839
8273	0.339837
8280	0.330162
8284	0.290309
8303	0.291289
8304	-0.168022
8305	-0.405885
8308	-0.086038
8332	0.361683
8333	0.102538
8334	-0.063705
8338	0.435330
8363	0.666361
8370	0.198727
8398	-0.076064
8465	-0.635381
8468	0.046754
8469	0.689953
8470	0.242869
8507	0.280633
8552	-0.349607
8572	0.018743
8574	0.064714
8577	0.524412
8586	0.446086
8592	-0.108027
8593	0.579507
8594	0.705467
8597	-0.530896
8599	0.114131
8606	1.166641
8607	0.275575
8615	-0.221841
8617	0.033772
8626	-0.054013
8636	-0.391208
8669	0.319311
8671	0.159334
8673	-0.184414
8675	0.245765
8790	-0.137219
8791	-0.292993
8811	-0.305251
8822	0.324627
8841	-0.223676
8849	-0.294852
8856	-0.277013
8875	-0.323220
8884	-0.140312
8906	0.516986
8907	-0.102361
8910	0.243386
8911	-1.053732
8912	-0.039761
8913	0.495814
8934	0.611737
8935	0.200278
8954	0.930349
8968	0.236050
8972	0.216629
9001	-0.979362
9029	-0.227490
9032	-0.120596
9058	-0.319638
9059	0.053316
9068	0.026803
9070	0.128785
9108	0.012371
9139	-0.156982
9140	-0.136306
9158	0.669525
9187	-0.511816
9188	0.329974
9189	-0.205226
9190	0.291908
9253	0.054069
9259	0.834706
9268	-0.415570
9269	-0.415107
9271	-0.031352
9312	0.007916
9323	-0.027428
9329	-0.089597
9330	0.047502
9331	-0.289857
9356	-0.087100
9376	-0.177340
9394	0.299758
9424	-0.041360
9428	-0.407873
9429	-0.856634
9496	-0.041659
9536	-0.290140
9543	0.151799
9589	-0.067775
9614	0.314042
9615	0.465336
9617	-0.757594
9631	0.141935
9661	0.044462
9668	0.457385
9718	0.014247
9728	-0.114142
9734	-0.053426
9788	0.633592
9791	0.470715
9793	0.489783
9804	0.843145
9809	0.792816
9810	0.541779
9823	0.216977
9828	0.172286
9907	-1.093378
9951	-0.046840
9968	-0.332066
9969	-0.264552
10010	0.198598
10011	0.364700
10012	0.056481
10018	0.116184
10021	0.088858
10022	0.768429
10031	0.337101
10032	0.183851
10033	-0.543654
10034	0.464393
10035	-0.405239
10039	-0.049321
10044	-0.350831
10045	-0.197570
10060	-1.141283
10065	-0.199561
10077	0.286327
10080	0.069503
10130	0.024619
10131	0.274495
10149	0.271519
10194	-0.395873
10197	-0.702331
10221	0.197223
10226	0.184148
10232	-0.178373
10233	-0.816433
10263	0.332978
10264	0.112513
10274	0.184119
10286	0.300592
10292	-0.606566
10299	0.078200
10302	-0.318594
10324	0.240625
10355	0.004962
10358	-0.331001
10362	0.120630
10366	-0.024460
10368	-0.071703
10370	-0.105241
10392	0.203906
10405	-0.134907
10406	-0.513791
10409	0.380764
10419	-0.914200
10420	-0.103434
10424	-0.671593
10434	-0.078815
10455	0.129996
10478	0.132941
10480	-0.285598
10484	0.076312
10510	-0.216688
10519	-0.328335
10520	0.008179
10524	-0.196638
10578	-0.745610
10630	-0.082403
10643	-0.295406
10645	-0.307673
10677	0.120908
10678	-0.134094
10690	0.297540
10717	-0.237397
10718	-0.064012
10719	-0.268721
10721	0.243946
10723	0.028093
10735	-0.461195
10736	-0.232355
10829	-0.178947
10837	-0.229679
10846	0.186543
10921	-0.130926
10922	0.265226
10923	-0.531684
10924	-1.040739
10964	0.045347
10978	0.501498
11017	0.047569
11018	-0.098735
11019	0.428533
11032	-0.155759
11034	-1.013061
11035	-0.501377
11036	-0.700676
11052	-0.355201
11056	0.237929
11060	0.853529
11063	0.773149
11064	-0.058294
11068	-0.366606
11069	0.217221
11090	-0.213042
11098	0.411120
11099	0.582751
11100	0.021783
11105	0.406562
11109	0.362976
11122	0.703143
11123	0.334093
11125	0.363725
11126	0.042290
11149	0.061964
11153	-0.123491
11188	-0.486663
11193	0.019276
11230	-0.590052
11233	0.068074
11236	-0.433790
11243	0.244375
11251	0.361385
11259	-0.119372
11263	-0.526865
11272	0.757434
11321	-0.811000
11322	0.454015
11326	0.032972
11327	0.047019
11335	-0.093894
11337	-0.097019
11343	0.097385
11390	-0.295034
11444	0.659930
11464	0.775265
11471	0.693982
11472	0.449743
11473	0.435629
11492	0.565903
11499	0.816160
11500	0.088471
11505	-0.338324
11527	0.355346
11528	0.656471
11532	0.334940
11564	0.215339
11589	0.220257
11591	-0.385192
11592	0.203079
11599	0.168138
11605	-0.489209
11617	-0.466531
11630	0.494294
11631	-0.345885
11632	-0.274407
11656	0.319598
11657	0.302537
11777	-0.628360
11786	-0.028597
11812	-0.337654
12020	0.146773
12061	-0.134682
12115	0.422039
12154	0.341270
12155	0.394078
12156	-0.192322
12159	-0.084209
12174	-0.436445
12176	0.590509
12230	0.211944
12234	0.609620
12236	1.145164
12237	0.246552
12250	0.733760
12252	-0.280715
12253	0.227956
12315	0.080082
12381	0.881697
12382	0.970140
12438	0.060501
12455	0.482303
12462	-0.163165
12478	-0.168811
12603	-0.913944
12711	0.543232
12714	0.190971
12716	0.444718
12754	0.180793
12785	0.342452
12788	0.275578
12792	-0.265706
12898	0.698784
12944	-0.311773
12949	0.738103
13062	0.310194
13099	-0.037949
13160	0.799592
13198	-0.297452
13239	0.347858
13249	0.417567
13262	-0.016646
13263	-0.429360
13272	-0.013500
13273	-0.430423
13277	-0.077393
13305	-0.542611
13342	-0.142997
13343	0.113304
13345	-0.012966
13351	-0.460648
13357	0.073661
13427	0.581193
13436	-0.509660
13455	-0.225647
13528	-0.254936
13532	-0.356438
13553	0.572130
13566	-0.392158
13651	0.722355
13653	0.045375
13675	-0.211915
13676	0.205208
13677	-0.453130
13678	-0.177108
13681	-0.656010
13688	-0.500066
13697	-0.319846
13705	-0.338376
13708	-0.163911
13737	-0.672629
13760	-0.593417
13923	0.146046
13927	0.266902
13995	0.295998
14002	0.386338
14003	-0.601289
14021	0.026312
14034	0.036890
14064	-0.096699
14110	0.282902
14155	-0.149041
14203	0.007912
14208	-0.616595
14340	0.070906
14356	0.104149
14389	0.287121
14499	-0.059417
14625	-0.005617
14632	-0.459452
14637	-0.125278
14641	-0.652995
14685	-0.358270
14694	0.178574
14695	-0.383769
14699	0.452078
14700	0.070760
14749	0.733023
14760	0.054255
14790	-0.768991
14791	-0.505817
14796	0.164968
14797	-0.133381
14891	-0.652839
14927	0.292639
15099	-0.099823
15182	0.061686
15243	0.177377
15245	0.679787
15254	0.212659
15322	0.070457
15327	-0.162513
15463	0.124057
15496	0.201795
15499	0.551707
15502	1.036923
15514	0.128658
15566	0.340027
15580	-0.372685
15583	-0.521987
15586	-0.379313
15601	-0.463305
15621	-0.613272
15780	0.190167
15869	-1.243556
16082	-0.338915
16281	0.020670
16293	-0.503166
16300	0.480203
16304	0.244993
16360	0.055398
16361	0.277228
16367	-0.101717
16432	-0.058097
16433	0.240197
16438	-0.466568
16446	-0.486612
16453	-0.129743
16463	0.134096
16466	-0.144125
16477	-0.217118
16482	0.110394
16605	-0.175624
16606	-0.361634
16635	-0.327536
16638	-0.213110
16655	-0.276239
16673	-0.344380
16676	-0.256607
16677	-0.423545
16678	0.061659
16808	0.151614
16829	0.775665
17150	-0.625360
17182	0.131918
17199	-0.098703
17273	0.066935
17431	0.674425
17466	0.882172
17472	0.412646
17485	-0.292251
17585	-0.278511
17620	-0.468738
17647	0.416813
17690	0.165883
17772	0.107230
18410	0.534704
19647	-0.309672
21458	0.526367
21885	-0.602385
21973	-0.138193
21976	0.230105
21977	-0.122026
22084	-0.267272
23475	-0.257284
23754	-0.881883
23764	0.223114
24372	0.171347
24918	0.034639
24944	-0.186187
25022	0.727378
25140	0.729823
26484	0.284392
27764	-0.098480
28424	-0.315178
28845	-0.353230
29861	-0.320512
30684	-0.086679
31288	0.704367
31704	0.469881
32421	-1.059595
32520	0.398501
32893	-0.198532
34340	-0.009570
35227	0.424065
35334	-0.274788
36499	-0.531172
36843	0.275121
36844	0.041979
36955	0.591901
36970	0.051264
39336	1.118977
39353	-0.162673
40538	-0.350055
40541	-0.191496
40542	-0.762628
40599	0.440166
40601	0.230855
40602	-0.505516
40656	0.099195
40657	-0.133845
42157	0.422021
42203	0.295893
42204	-0.063884
42851	0.214238
43061	0.092678
44144	-0.399629
45195	-0.009139
47030	0.119290
47285	-0.473330
47317	0.516431
47457	-0.347915
47460	-0.222513
48147	0.197427
48297	-0.251749
48474	0.310759
48696	0.808834
49516	-0.568913
49630	-0.022167
49927	-0.210835
50199	-0.293515
50249	0.279911
50259	0.169564
50904	-0.343466
53231	-0.010034
53471	0.030139
53531	0.203125
53986	0.041908
55057	-0.330867
56431	-0.338020
56432	-0.387549
56466	-0.457724
56478	-0.001245
56621	-0.445815
57644	0.030638
57756	-0.452456
58783	0.034014
59657	-0.511185
59715	1.072987
64825	0.020073
64947	-0.298941
65950	-0.314637
70102	-0.336288
75003	0.334225
75099	0.227237
75742	-0.379059
75823	0.148240
75824	-0.142495
78157	-0.661567
78181	-0.211431
78191	-0.189169
80479	-0.009402
80480	0.111388
80715	-0.126994
80719	-0.010352
80750	-0.132074
81231	-0.311162
84436	-0.229090
84780	0.618763
84844	0.295774
85002	-0.269704
85003	-0.232540
85659	1.163711
85663	0.726197
85710	0.397363
92185	-0.626930
96142	0.019113
96144	-0.240792
96482	-1.005698
98871	0.497698
