# 1342 minima projected onto PC57
Min	PC
3	-0.009975
4	-0.169891
5	-0.061463
6	-0.096533
7	-0.051164
9	-0.309600
16	-0.170102
17	-0.155360
21	-0.006987
23	0.304371
31	-0.367278
44	0.034737
47	-0.025722
48	-0.081837
51	-0.013719
52	0.032460
55	-0.053798
56	-0.099062
57	-0.067676
58	0.102304
60	0.056678
67	-0.130813
68	-0.031257
71	0.089176
72	-0.153155
74	-0.185356
79	-0.012689
82	0.171298
85	-0.206756
86	-0.121240
87	-0.260171
88	0.010935
91	-0.107778
92	-0.188324
94	-0.208924
95	-0.089315
97	-0.002400
104	0.174626
106	0.215940
109	-0.101222
111	0.176009
115	-0.066828
120	-0.022729
126	-0.295666
129	-0.525320
136	1.037159
137	-0.052211
188	0.065419
189	0.061608
196	-0.157911
199	-0.191423
200	0.142473
202	0.480332
211	-0.016275
213	0.382908
214	0.023714
219	-0.165856
221	-0.414178
276	-0.080461
279	-0.003410
283	-0.068027
295	-0.114819
308	-0.194508
312	-0.119565
315	-0.280399
318	0.042174
319	-0.087055
321	0.158385
324	-0.061067
328	-0.104038
334	0.039468
336	-0.521682
338	-0.053937
347	-0.089364
351	-0.317174
352	0.081046
354	-0.070839
357	-0.217931
359	0.111943
362	-0.160219
364	-0.215370
365	-0.064705
368	0.090007
376	0.091039
377	-0.023412
380	-0.180616
386	-0.273105
388	-0.060904
390	0.283870
396	-0.120415
404	0.033844
410	0.050567
413	-0.003304
420	-0.166279
423	-0.085798
424	0.144310
437	0.137741
438	-0.030473
444	0.234947
452	-0.187455
473	-0.002846
474	0.039900
475	-0.132309
476	0.003608
478	0.016146
479	-0.142046
480	0.007704
483	-0.071708
503	0.065464
508	-0.101395
509	-0.640538
530	-0.069238
536	-0.080503
556	-0.245372
581	0.164488
583	0.131145
603	-0.090114
606	-0.003625
607	-0.002783
620	0.011722
628	0.237617
636	0.031150
637	0.013340
639	0.056225
640	-0.238029
644	0.046473
645	-0.021325
677	-0.021347
678	-0.122025
679	0.000700
682	-0.001091
698	0.061643
700	-0.086574
710	0.135604
722	-0.211624
723	-0.181985
724	-0.200081
725	0.159028
726	-0.055776
747	0.074761
753	-0.188391
755	0.086217
757	-0.117414
765	-0.255689
782	0.172223
783	0.040645
793	-0.014335
808	-0.072131
814	-0.264771
840	0.249646
848	0.036833
859	0.219494
864	0.135726
867	-0.151269
878	0.554663
888	0.023245
890	-0.389962
892	-0.055557
899	0.039095
918	0.144792
926	0.004152
933	-0.000227
934	-0.130715
981	0.103212
1028	-0.167811
1034	-0.071232
1051	0.000616
1054	-0.009015
1058	-0.014386
1062	0.270872
1063	-0.246614
1064	0.002855
1066	-0.150959
1068	-0.048271
1073	-0.135147
1082	0.225141
1083	0.259969
1086	0.148962
1089	0.203171
1090	0.178948
1091	0.274279
1092	0.117537
1164	-0.049692
1165	0.204102
1174	-0.159630
1176	-0.149938
1184	0.097558
1191	0.124666
1192	-0.053501
1201	-0.117726
1230	-0.056027
1339	0.060973
1341	-0.082375
1370	0.376770
1385	-0.014759
1405	0.288279
1437	0.207135
1441	-0.047319
1443	-0.105110
1521	-0.051812
1522	-0.262233
1523	-0.197020
1524	0.145435
1525	0.233435
1541	-0.219625
1542	-0.002837
1550	0.189245
1551	0.050054
1596	-0.003636
1597	-0.104208
1628	0.134691
1629	-0.103584
1633	0.100076
1636	0.385593
1637	-0.239948
1765	-0.150532
1766	-0.203558
1780	-0.068231
1862	-0.002497
1865	-0.090123
1870	-0.031348
1885	-0.224079
1910	-0.055393
1911	-0.089523
2007	0.086430
2060	0.027328
2062	0.072681
2090	-0.065829
2093	0.149414
2094	0.104996
2095	0.073724
2096	-0.006817
2100	-0.176762
2101	0.057724
2102	0.236298
2103	-0.091290
2104	0.089449
2105	-0.137106
2128	0.094115
2129	0.189783
2135	0.013981
2190	-0.148251
2195	-0.072209
2197	0.067626
2198	0.085101
2199	-0.127019
2200	-0.036568
2201	-0.101776
2202	0.176347
2205	-0.050424
2217	-0.169308
2218	-0.227976
2221	0.051182
2272	0.092287
2273	0.069273
2275	0.061169
2288	0.136672
2293	-0.215978
2298	0.087946
2299	-0.024809
2300	-0.073303
2301	-0.098573
2338	-0.143304
2342	-0.013571
2343	0.048535
2358	0.104147
2384	-0.201669
2385	0.044533
2399	0.207868
2435	0.057028
2436	0.106366
2465	-0.177372
2467	0.080036
2468	0.161092
2469	0.070935
2470	0.028728
2471	0.015164
2474	-0.070938
2620	0.027088
2650	0.066185
2651	0.244903
2685	0.097927
2688	0.429696
2730	0.059389
2843	-0.259500
2951	-0.251866
2959	-0.112142
3236	-0.033691
3305	-0.105315
3318	-0.068222
3340	-0.503172
3352	0.054917
3355	0.195836
3356	-0.035161
3365	-0.258389
3366	-0.219437
3367	-0.171950
3368	-0.214025
3401	0.074235
3405	-0.045008
3434	0.175336
3448	-0.265769
3454	0.003497
3481	-0.227643
3495	0.202511
3504	-0.036589
3532	-0.205394
3540	0.093323
3549	0.079375
3550	-0.238701
3569	-0.366221
3595	-0.032517
3596	0.134334
3603	0.195683
3621	0.252152
3622	-0.097561
3647	0.010082
3649	-0.024463
3651	0.008079
3652	0.043614
3723	-0.181803
3757	-0.122529
3772	-0.329923
3787	0.068142
3798	-0.009424
3799	-0.049701
3889	-0.140498
3897	-0.019552
3898	0.109338
3904	0.154085
3945	0.135274
3990	-0.073702
4024	-0.127015
4039	0.150129
4048	0.066772
4050	0.046843
4076	-0.062803
4094	0.319876
4170	0.076577
4251	-0.076739
4252	0.044599
4299	0.031035
4302	0.026554
4318	-0.027787
4319	-0.242875
4320	-0.027456
4360	-0.078383
4388	-0.188198
4414	-0.140886
4426	-0.121450
4446	0.177743
4527	-0.012613
4545	-0.324242
4546	-0.232303
4554	-0.166373
4564	0.095083
4567	-0.128287
4634	0.137594
4693	0.011147
4736	0.101399
4761	-0.016703
4879	0.044698
5071	-0.074769
5138	-0.043273
5164	-0.233368
5182	-0.295773
5183	-0.471386
5184	0.049400
5187	-0.176372
5188	0.204516
5189	0.012878
5193	-0.052778
5194	0.123729
5195	-0.002570
5197	0.072635
5203	0.442169
5205	-0.345280
5212	0.119060
5213	0.036586
5222	0.125136
5223	0.021228
5228	0.007714
5232	-0.566027
5244	-0.109708
5245	0.367354
5246	-0.257366
5248	0.099516
5292	0.036725
5293	0.095821
5299	0.134317
5300	0.275964
5315	0.028548
5316	-0.008560
5319	-0.014955
5320	0.158289
5321	-0.065667
5322	-0.022831
5323	0.095297
5324	0.041687
5325	-0.138756
5329	0.120499
5342	0.032670
5343	0.127861
5374	0.114748
5376	-0.047478
5378	-0.098091
5379	-0.058099
5382	-0.027209
5390	0.141431
5398	0.107769
5402	0.094125
5404	0.230330
5407	-0.075445
5408	0.123519
5409	0.006704
5411	-0.128238
5412	-0.093403
5413	-0.034621
5416	0.197045
5418	0.054355
5422	0.138219
5425	-0.064439
5427	0.208350
5428	-0.105440
5432	-0.347842
5436	-0.165291
5443	0.185474
5444	-0.112756
5458	-0.476127
5462	0.050232
5465	0.002982
5468	0.045170
5471	-0.022541
5480	0.124019
5481	-0.013899
5485	0.189441
5486	0.110247
5488	-0.095539
5489	-0.037760
5495	-0.273117
5513	0.198770
5515	0.052092
5516	0.067986
5521	0.077469
5527	0.089886
5528	-0.228572
5536	0.109679
5537	0.052732
5547	0.118242
5565	0.066915
5573	-0.037881
5579	0.361436
5583	0.162403
5586	-0.332239
5589	0.176369
5590	0.024726
5593	0.097982
5599	0.189238
5604	0.000683
5605	-0.077433
5606	-0.173719
5625	0.668771
5649	0.280992
5656	0.059636
5657	0.828936
5658	0.133154
5686	0.119768
5695	-0.183041
5705	-0.494316
5706	-0.019614
5716	0.032901
5717	0.099926
5718	-0.291980
5719	0.052901
5720	0.082856
5724	-0.193386
5738	-0.062565
5742	-0.039838
5750	0.113006
5751	0.350678
5756	-0.010058
5761	-0.668646
5768	0.142163
5773	-0.073040
5792	0.127462
5793	0.190112
5794	0.096552
5806	-0.062062
5811	0.028790
5812	-0.091860
5813	-0.039600
5814	0.118791
5821	0.169563
5823	0.118919
5825	-0.163752
5831	-0.555116
5832	-0.674442
5833	0.187812
5847	0.128862
5849	-0.023606
5851	0.040888
5854	-0.341633
5858	-0.034788
5862	0.339617
5875	-0.154072
5876	0.091612
5903	0.246224
5910	0.111477
5912	0.334737
5913	0.322208
5925	-0.004940
5926	0.034595
5927	-0.107036
5928	-0.062657
5930	-0.026495
5931	0.029831
5933	0.218043
5934	0.036799
5937	0.155829
5939	-0.136590
5940	-0.149475
5941	-0.038791
5943	-0.044779
5963	-0.033094
5964	-0.068739
5965	-0.004270
5966	0.113141
5968	0.307588
5969	0.344780
5970	0.223803
5971	0.215968
5975	0.921413
6006	0.016978
6011	-0.039695
6017	-0.168232
6019	0.069614
6022	-0.108249
6032	0.295184
6095	0.089866
6115	0.144251
6116	0.062663
6119	-0.028882
6127	-0.127691
6128	0.003188
6130	0.145976
6140	0.042125
6141	-0.145534
6147	0.196386
6148	0.347042
6163	-0.065351
6164	-0.088429
6170	-0.136758
6171	-0.134546
6177	-0.252853
6184	0.105921
6200	-0.172643
6204	-0.095369
6206	0.020045
6223	-0.148427
6240	-0.313084
6245	0.103983
6253	0.021170
6267	0.255522
6269	0.060752
6290	0.082398
6303	0.006502
6317	0.105057
6343	0.043778
6350	0.015787
6360	0.289946
6367	0.082566
6383	0.116507
6389	0.058240
6397	0.043249
6398	0.018087
6406	-0.088021
6407	0.168569
6412	-0.010397
6413	-0.002988
6434	-0.079524
6435	-0.060670
6460	0.004257
6463	-0.196097
6464	-0.133266
6489	-0.011560
6507	-0.160933
6510	-0.151454
6516	-0.064454
6518	0.171470
6522	0.177264
6523	0.060345
6524	0.003944
6525	0.002768
6531	0.281635
6536	0.091111
6575	0.150899
6584	0.085130
6585	-0.340368
6586	-0.089764
6594	-0.004033
6595	0.065331
6610	0.111963
6612	0.080393
6615	-0.045865
6624	-0.008684
6628	-0.023511
6649	-0.026565
6698	0.662618
6706	0.061743
6718	0.026292
6719	-0.120822
6722	0.060298
6770	0.029086
6780	-0.329840
6781	-0.107009
6794	-0.087119
6795	-0.067565
6796	-0.104818
6799	0.011457
6809	0.102795
6837	-0.234588
6838	-0.343300
6839	-0.232833
6846	-0.426518
6865	0.179144
6869	0.123770
6870	0.103704
6871	0.097499
6873	0.116178
6876	-0.023691
6885	0.024400
6895	-0.024417
6896	-0.020726
6897	-0.182641
6900	-0.104568
6903	0.087082
6906	-0.140254
6916	-0.054418
6917	-0.095850
6918	-0.016286
6919	0.050989
6938	-0.086782
6941	0.008440
6942	-0.097106
6943	0.165713
6944	0.322115
6948	-0.126713
6953	-0.050329
6957	-0.207052
6958	0.181390
6970	-0.076693
6971	-0.042931
6976	-0.260944
6977	-0.345145
6990	0.071145
7014	-0.140905
7015	-0.075918
7016	0.003871
7018	-0.114318
7019	-0.237697
7042	0.030259
7053	-0.025538
7066	-0.069058
7067	0.012281
7083	-0.117725
7092	-0.084999
7100	-0.224567
7103	-0.167459
7110	-0.228174
7111	-0.271049
7112	-0.219437
7113	0.102813
7116	-0.120428
7119	0.103089
7120	-0.016372
7121	-0.085841
7122	-0.174248
7140	-0.100912
7143	-0.256780
7157	0.195882
7165	-0.003297
7175	-0.079236
7178	0.101600
7206	0.195016
7207	0.272739
7217	-0.001527
7218	-0.156956
7221	-0.146067
7227	0.073131
7230	0.324272
7236	-0.289704
7239	-0.222050
7242	0.080635
7260	-0.386054
7268	-0.035504
7269	0.079699
7304	0.266651
7326	-0.084490
7327	0.133266
7336	0.075939
7342	-0.172895
7346	-0.066952
7348	-0.037139
7355	-0.354516
7361	-0.005106
7372	0.057351
7387	0.174716
7422	0.042218
7423	-0.105555
7425	-0.099952
7436	-0.040938
7442	-0.088704
7446	-0.009465
7448	-0.337239
7453	-0.215248
7463	0.128526
7492	-0.454863
7493	0.055772
7494	-0.093807
7495	-0.218835
7518	-0.151204
7520	-0.256277
7540	0.116827
7546	0.213968
7556	-0.041557
7559	0.037050
7560	-0.021322
7561	0.154306
7564	-0.190636
7575	-0.109432
7583	-0.298778
7585	-0.107939
7586	-0.143911
7599	0.304088
7600	0.200294
7606	0.238642
7614	0.119516
7617	-0.147141
7622	-0.028491
7629	-0.238172
7637	0.025154
7640	-0.120768
7657	0.054794
7665	0.072911
7666	0.033781
7667	0.022546
7668	-0.131034
7669	-0.022570
7670	0.251887
7671	0.145013
7681	-0.407117
7683	-0.264190
7684	-0.193472
7696	0.277496
7722	0.131221
7723	-0.136749
7799	-0.185200
7852	0.078780
7859	0.198708
7860	0.129857
7861	0.030207
7865	-0.151594
7875	0.014543
7876	-0.102496
7895	-0.149032
7913	0.217230
7917	-0.015247
7952	-0.244262
7969	-0.316525
7971	0.190701
8000	0.126400
8002	0.242243
8006	0.182193
8036	0.173031
8056	-0.008651
8069	0.258577
8103	0.129845
8107	0.063746
8120	0.259218
8122	-0.013255
8125	0.328336
8127	0.208139
8136	-0.028160
8149	0.065951
8154	0.105028
8197	-0.270219
8208	-0.142352
8223	-0.194646
8232	0.231766
8241	-0.180915
8256	-0.152630
8262	-0.035259
8266	0.012987
8267	0.252265
8268	0.217044
8269	0.126698
8271	0.068855
8273	0.380022
8280	0.192384
8284	0.154891
8303	-0.000774
8304	0.061122
8305	0.036068
8308	0.049876
8332	-0.105362
8333	-0.196132
8334	-0.155006
8338	-0.129281
8363	0.071116
8370	0.044834
8398	0.130768
8465	-0.055976
8468	0.029240
8469	-0.160219
8470	0.005531
8507	0.006199
8552	-0.049560
8572	-0.087144
8574	-0.024584
8577	-0.077323
8586	-0.036486
8592	-0.133862
8593	0.003061
8594	-0.046234
8597	-0.010990
8599	-0.141974
8606	0.086184
8607	0.007409
8615	-0.079474
8617	0.144219
8626	0.002605
8636	-0.203433
8669	-0.191246
8671	-0.160559
8673	-0.044899
8675	-0.159977
8790	-0.131805
8791	0.039481
8811	-0.111228
8822	0.008371
8841	-0.221576
8849	0.279449
8856	-0.500891
8875	-0.084974
8884	-0.249899
8906	0.131194
8907	-0.059692
8910	-0.125144
8911	-0.199679
8912	-0.102273
8913	-0.129576
8934	-0.183581
8935	-0.144315
8954	0.304843
8968	0.167299
8972	0.375278
9001	0.214411
9029	-0.190841
9032	0.374813
9058	0.023327
9059	-0.075009
9068	0.270228
9070	-0.315939
9108	0.073803
9139	0.000558
9140	0.163745
9158	0.050319
9187	0.145607
9188	0.080993
9189	0.028540
9190	0.035848
9253	0.181293
9259	0.178577
9268	0.237487
9269	0.125825
9271	0.279488
9312	-0.075126
9323	0.162729
9329	0.201690
9330	0.175487
9331	0.133154
9356	0.237404
9376	0.000488
9394	0.264136
9424	0.185305
9428	0.102872
9429	0.069506
9496	-0.198033
9536	0.110236
9543	-0.210756
9589	-0.082511
9614	0.064701
9615	0.056300
9617	0.097521
9631	-0.233448
9661	0.079833
9668	-0.187344
9718	0.032276
9728	0.045081
9734	-0.062370
9788	0.182483
9791	0.021614
9793	0.050390
9804	0.228912
9809	0.181999
9810	0.315357
9823	-0.070062
9828	-0.317228
9907	0.458432
9951	0.030902
9968	-0.036295
9969	0.118853
10010	0.048595
10011	0.160852
10012	0.026836
10018	-0.037120
10021	-0.082932
10022	-0.056697
10031	-0.006504
10032	0.034261
10033	0.049092
10034	-0.128998
10035	0.058167
10039	0.100729
10044	0.112567
10045	0.123271
10060	-0.224162
10065	-0.198369
10077	0.029956
10080	-0.110953
10130	-0.011233
10131	-0.001002
10149	-0.058821
10194	0.097826
10197	0.044128
10221	-0.076008
10226	0.034299
10232	-0.048997
10233	-0.429886
10263	0.037054
10264	0.031036
10274	0.189614
10286	0.258996
10292	-0.326412
10299	-0.065875
10302	-0.185087
10324	0.185943
10355	-0.064297
10358	0.072830
10362	0.134668
10366	0.298457
10368	-0.056762
10370	-0.178856
10392	-0.186216
10405	-0.054466
10406	0.101034
10409	-0.017718
10419	0.047318
10420	0.002191
10424	0.052973
10434	0.049955
10455	-0.083486
10478	0.015842
10480	-0.005813
10484	0.138702
10510	0.037609
10519	0.262311
10520	0.034845
10524	-0.122021
10578	0.158815
10630	0.052655
10643	-0.320023
10645	-0.091732
10677	-0.265028
10678	0.040126
10690	-0.183756
10717	0.090191
10718	-0.157790
10719	-0.094341
10721	-0.122433
10723	0.021570
10735	0.167106
10736	0.085473
10829	-0.117692
10837	0.151934
10846	-0.063261
10921	0.322473
10922	-0.270218
10923	-0.008723
10924	0.164656
10964	-0.234714
10978	0.001827
11017	0.422669
11018	0.331432
11019	0.296945
11032	-0.037469
11034	-0.023371
11035	-0.073991
11036	0.006043
11052	0.213841
11056	-0.030374
11060	0.173713
11063	-0.049050
11064	0.075885
11068	0.026777
11069	0.018338
11090	-0.351657
11098	-0.096629
11099	-0.111279
11100	-0.059185
11105	-0.028608
11109	-0.038991
11122	-0.370145
11123	-0.149816
11125	-0.169499
11126	0.161613
11149	-0.132258
11153	-0.210669
11188	-0.294610
11193	-0.042339
11230	-0.329086
11233	0.208923
11236	-0.229321
11243	0.094171
11251	0.240686
11259	0.099088
11263	-0.180024
11272	-0.039974
11321	0.148233
11322	0.092656
11326	-0.064365
11327	0.217318
11335	0.163281
11337	-0.212065
11343	-0.047553
11390	-0.181693
11444	0.414113
11464	-0.258104
11471	-0.143961
11472	-0.092990
11473	0.072535
11492	-0.025920
11499	0.149495
11500	0.170706
11505	0.253020
11527	-0.059000
11528	-0.069143
11532	0.006974
11564	-0.128812
11589	-0.090577
11591	-0.225063
11592	-0.205972
11599	-0.052360
11605	0.189240
11617	0.018897
11630	0.327373
11631	-0.232636
11632	-0.265397
11656	-0.279824
11657	-0.056790
11777	0.291825
11786	0.115661
11812	-0.086700
12020	-0.044697
12061	0.230717
12115	0.245960
12154	-0.049704
12155	0.174261
12156	-0.233929
12159	-0.196720
12174	-0.009373
12176	-0.032188
12230	0.020867
12234	-0.081581
12236	-0.072576
12237	0.063945
12250	0.336500
12252	0.079993
12253	0.038524
12315	-0.097517
12381	0.029269
12382	0.089322
12438	0.167967
12455	-0.020109
12462	-0.132025
12478	-0.073049
12603	0.238157
12711	-0.254040
12714	-0.187061
12716	0.002303
12754	0.009308
12785	0.168455
12788	-0.098536
12792	0.353348
12898	-0.017435
12944	-0.135837
12949	0.323030
13062	0.038486
13099	0.282582
13160	-0.004767
13198	-0.004867
13239	-0.199768
13249	0.196717
13262	0.108817
13263	0.162331
13272	0.047157
13273	0.209136
13277	0.070502
13305	0.790670
13342	0.018914
13343	-0.041975
13345	-0.110800
13351	0.018890
13357	0.010209
13427	0.263233
13436	0.038563
13455	0.284228
13528	0.100102
13532	0.297214
13553	-0.059624
13566	-0.059950
13651	0.093846
13653	-0.077077
13675	0.341690
13676	0.171962
13677	0.098691
13678	0.110294
13681	0.203903
13688	0.014605
13697	-0.312218
13705	-0.162916
13708	0.015231
13737	0.275873
13760	0.099169
13923	0.168820
13927	0.178543
13995	-0.083838
14002	0.229799
14003	0.106309
14021	0.132425
14034	-0.631086
14064	-0.714755
14110	-0.169499
14155	0.157928
14203	0.139525
14208	-0.096329
14340	0.107613
14356	-0.255956
14389	-0.182665
14499	-0.023180
14625	0.004446
14632	-0.321253
14637	0.061077
14641	0.113386
14685	-0.327420
14694	-0.198044
14695	-0.100162
14699	-0.073655
14700	-0.006529
14749	0.233226
14760	-0.045900
14790	-0.155997
14791	-0.101258
14796	-0.043462
14797	0.031059
14891	0.081444
14927	-0.242037
15099	0.161266
15182	-0.379143
15243	-0.100319
15245	-0.020682
15254	-0.145921
15322	0.013110
15327	0.240297
15463	0.176455
15496	0.153200
15499	0.155843
15502	-0.058845
15514	-0.223124
15566	-0.096392
15580	0.881766
15583	0.692226
15586	-0.249354
15601	0.715174
15621	0.798806
15780	-0.135366
15869	-0.040372
16082	0.838110
16281	-0.017037
16293	-0.117087
16300	-0.115515
16304	-0.057435
16360	0.088972
16361	0.183761
16367	0.447819
16432	-0.425967
16433	-0.527978
16438	0.153894
16446	0.024361
16453	-0.148975
16463	-0.175448
16466	0.074484
16477	-0.055166
16482	0.153520
16605	0.104380
16606	-0.128153
16635	-0.216908
16638	-0.460673
16655	-0.428985
16673	-0.533647
16676	-0.235451
16677	-0.030945
16678	0.180936
16808	-0.134676
16829	0.134261
17150	-0.140048
17182	0.415016
17199	-0.131823
17273	0.225040
17431	0.175316
17466	0.705577
17472	-0.312246
17485	0.243847
17585	-0.215853
17620	-0.347581
17647	0.075105
17690	0.143360
17772	-0.026167
18410	0.048705
19647	0.991116
21458	-0.047631
21885	0.086237
21973	0.048027
21976	-0.099749
21977	-0.193342
22084	-0.013682
23475	0.120923
23754	-0.109709
23764	-0.146566
24372	-0.213631
24918	1.033879
24944	-0.084402
25022	-0.509743
25140	-0.280383
26484	0.273347
27764	0.362528
28424	-0.161091
28845	-0.413083
29861	0.210410
30684	-0.193484
31288	-0.070102
31704	-0.044392
32421	0.092445
32520	0.036588
32893	0.027862
34340	-0.311357
35227	-0.015227
35334	0.005536
36499	-0.149075
36843	-0.271638
36844	-0.317053
36955	0.199005
36970	0.368297
39336	0.199363
39353	-0.186894
40538	-0.200370
40541	-0.016986
40542	-0.103775
40599	0.265968
40601	0.110292
40602	-0.171966
40656	-0.062759
40657	-0.214240
42157	0.080344
42203	0.119474
42204	0.201538
42851	-0.045476
43061	0.043984
44144	0.042804
45195	-0.383335
47030	-0.122241
47285	-0.101363
47317	0.066063
47457	1.278380
47460	-0.118631
48147	0.060292
48297	-0.124434
48474	-0.097515
48696	-0.182117
49516	-0.171211
49630	0.161297
49927	1.122227
50199	-0.400116
50249	-0.319802
50259	0.041352
50904	0.139761
53231	-0.322834
53471	-0.061487
53531	0.046358
53986	-0.083408
55057	-0.044053
56431	0.175123
56432	0.175735
56466	0.165353
56478	0.060729
56621	-0.179238
57644	0.311044
57756	-0.214948
58783	0.150517
59657	-0.012008
59715	-0.165744
64825	-0.251695
64947	0.185101
65950	0.773565
70102	0.126669
75003	-0.341187
75099	-0.368367
75742	-0.566656
75823	0.057622
75824	0.086864
78157	-0.030783
78181	-0.369611
78191	0.148963
80479	0.082824
80480	0.051751
80715	-0.028307
80719	-0.129858
80750	-0.041954
81231	-0.151353
84436	0.428119
84780	-0.033420
84844	-0.080631
85002	0.081480
85003	0.099310
85659	0.018220
85663	0.107288
85710	-0.024994
92185	0.606516
96142	-0.298272
96144	-0.289632
96482	0.250561
98871	0.340833
