# 1342 minima projected onto PC83
Min	PC
3	-0.080353
4	-0.081027
5	-0.024450
6	0.030950
7	0.005460
9	0.006540
16	-0.059396
17	0.008474
21	-0.056863
23	0.001405
31	-0.010686
44	-0.132976
47	-0.070645
48	-0.087407
51	-0.092943
52	-0.091782
55	-0.059016
56	-0.055337
57	-0.100536
58	-0.051734
60	-0.138205
67	-0.087310
68	-0.023798
71	0.039523
72	0.048949
74	-0.054063
79	-0.031783
82	0.000225
85	-0.080305
86	-0.018327
87	-0.039386
88	-0.001559
91	0.023114
92	0.009375
94	-0.020768
95	-0.019341
97	0.035561
104	0.005108
106	-0.152117
109	-0.005633
111	-0.064023
115	0.149614
120	-0.146394
126	-0.021423
129	0.017034
136	-0.077101
137	-0.083282
188	-0.072559
189	0.006413
196	0.033878
199	-0.010015
200	-0.087577
202	-0.000789
211	0.062829
213	0.078233
214	0.045827
219	0.001920
221	-0.019141
276	-0.096569
279	-0.058100
283	-0.030485
295	-0.091745
308	-0.093068
312	0.056357
315	-0.112024
318	-0.169174
319	-0.026583
321	-0.155557
324	-0.026437
328	-0.049166
334	0.033946
336	-0.020264
338	0.041555
347	0.054038
351	-0.150094
352	0.045359
354	-0.135768
357	-0.108602
359	0.012484
362	0.017026
364	-0.059671
365	-0.064597
368	0.004290
376	0.035670
377	0.001482
380	-0.069573
386	-0.168242
388	-0.090038
390	-0.010892
396	0.019687
404	-0.048508
410	-0.021297
413	-0.024109
420	0.033787
423	0.000892
424	0.035206
437	0.020730
438	0.035311
444	-0.004595
452	0.055712
473	0.012799
474	-0.060420
475	-0.027381
476	-0.071342
478	-0.001779
479	-0.018632
480	-0.049840
483	-0.157962
503	-0.063184
508	-0.041711
509	0.018121
530	-0.037344
536	-0.024181
556	-0.033151
581	0.064980
583	0.088123
603	0.103766
606	0.061286
607	-0.003476
620	0.020946
628	0.067798
636	0.013580
637	0.125183
639	-0.043843
640	-0.048133
644	0.077808
645	0.070923
677	0.038411
678	0.029732
679	0.153375
682	0.006690
698	0.020425
700	0.092424
710	0.000500
722	0.054902
723	0.056065
724	0.024433
725	-0.041831
726	-0.121211
747	-0.050958
753	-0.044659
755	-0.174456
757	0.072554
765	-0.017160
782	0.037682
783	-0.000093
793	-0.078926
808	-0.076044
814	0.118152
840	0.016778
848	-0.003660
859	0.048657
864	0.003657
867	-0.022337
878	-0.084304
888	0.073559
890	0.050008
892	-0.142903
899	-0.036512
918	-0.007538
926	-0.083091
933	0.007355
934	-0.157797
981	-0.089268
1028	0.007272
1034	-0.158452
1051	-0.039271
1054	0.020084
1058	0.232188
1062	0.045219
1063	-0.014568
1064	0.068565
1066	-0.055082
1068	0.042776
1073	-0.110173
1082	0.024209
1083	-0.052830
1086	0.020457
1089	-0.052858
1090	0.025185
1091	-0.002638
1092	0.037995
1164	0.026445
1165	-0.036984
1174	-0.125535
1176	-0.043175
1184	-0.000992
1191	0.009763
1192	0.004546
1201	-0.231955
1230	0.020671
1339	0.041716
1341	0.081162
1370	-0.087364
1385	0.057744
1405	0.018856
1437	0.018045
1441	-0.021715
1443	-0.001987
1521	0.027670
1522	0.050369
1523	0.116345
1524	0.049004
1525	0.030851
1541	-0.067541
1542	0.002208
1550	0.048253
1551	0.100807
1596	0.067977
1597	-0.084087
1628	-0.029516
1629	-0.094012
1633	0.034649
1636	-0.001872
1637	0.027422
1765	-0.034105
1766	0.035362
1780	0.008000
1862	-0.050131
1865	-0.030412
1870	-0.053618
1885	0.204120
1910	-0.000834
1911	-0.015390
2007	-0.001664
2060	0.121128
2062	0.039873
2090	0.004157
2093	0.036423
2094	0.061642
2095	-0.080945
2096	0.044324
2100	-0.014830
2101	0.011869
2102	0.003376
2103	-0.014924
2104	-0.024921
2105	0.048033
2128	-0.003313
2129	0.020646
2135	-0.064580
2190	-0.050787
2195	-0.027983
2197	-0.046930
2198	0.004101
2199	-0.006857
2200	0.000386
2201	0.059900
2202	-0.020385
2205	0.042754
2217	0.048184
2218	-0.283413
2221	-0.092717
2272	-0.102974
2273	-0.024963
2275	0.031731
2288	0.119761
2293	-0.076385
2298	-0.114042
2299	0.030080
2300	-0.056240
2301	0.048195
2338	-0.076121
2342	-0.008255
2343	0.046978
2358	-0.059867
2384	-0.041193
2385	0.051155
2399	-0.016747
2435	-0.150484
2436	-0.018743
2465	-0.122350
2467	-0.012183
2468	-0.075535
2469	-0.077153
2470	-0.088150
2471	0.037580
2474	0.010182
2620	-0.000283
2650	-0.106749
2651	-0.027331
2685	0.108907
2688	-0.103247
2730	-0.013431
2843	-0.004867
2951	0.094281
2959	-0.050610
3236	-0.024278
3305	0.053370
3318	-0.090954
3340	-0.058633
3352	-0.032289
3355	0.011725
3356	0.018721
3365	0.087638
3366	0.129901
3367	0.076226
3368	0.015077
3401	-0.072097
3405	0.209076
3434	0.039692
3448	-0.071980
3454	0.069669
3481	-0.055329
3495	-0.077697
3504	-0.013062
3532	-0.029311
3540	0.024572
3549	0.028576
3550	-0.080047
3569	0.026765
3595	0.002032
3596	-0.036512
3603	0.059876
3621	-0.081746
3622	0.020456
3647	0.014389
3649	-0.030216
3651	0.007941
3652	-0.086201
3723	0.119546
3757	0.010338
3772	0.006015
3787	0.167788
3798	-0.125024
3799	-0.072128
3889	0.042800
3897	-0.018158
3898	-0.047103
3904	-0.124057
3945	0.026767
3990	-0.025273
4024	-0.026692
4039	0.112657
4048	0.062538
4050	-0.033158
4076	0.053987
4094	-0.089933
4170	0.037346
4251	-0.044678
4252	-0.018046
4299	0.058003
4302	0.031853
4318	-0.006700
4319	-0.074268
4320	-0.054501
4360	0.025886
4388	-0.030405
4414	-0.027334
4426	0.030558
4446	0.101631
4527	-0.064768
4545	-0.021912
4546	-0.022945
4554	0.098843
4564	0.020716
4567	0.013231
4634	0.021053
4693	0.038095
4736	-0.002649
4761	0.118348
4879	0.054694
5071	0.082880
5138	-0.006128
5164	-0.023717
5182	0.011474
5183	-0.042521
5184	0.046270
5187	0.009262
5188	0.002292
5189	0.031675
5193	-0.016978
5194	-0.051820
5195	0.095130
5197	0.119877
5203	0.051313
5205	-0.041862
5212	0.051754
5213	0.085865
5222	0.034468
5223	-0.050272
5228	0.106475
5232	-0.083902
5244	0.019697
5245	-0.000225
5246	-0.110854
5248	0.016325
5292	0.008544
5293	0.122731
5299	0.340549
5300	0.284657
5315	-0.016575
5316	0.011987
5319	0.031538
5320	0.040375
5321	-0.007288
5322	0.024542
5323	0.015668
5324	0.035053
5325	0.081676
5329	-0.030997
5342	-0.089739
5343	0.054817
5374	-0.079595
5376	0.162190
5378	-0.056338
5379	-0.081700
5382	0.027430
5390	-0.012773
5398	-0.001139
5402	-0.021481
5404	-0.102337
5407	-0.060130
5408	0.007483
5409	-0.058510
5411	0.052825
5412	0.014352
5413	-0.074805
5416	-0.060444
5418	-0.017990
5422	0.046011
5425	0.072630
5427	0.053673
5428	-0.099474
5432	0.085017
5436	0.016654
5443	-0.018344
5444	0.158724
5458	-0.183403
5462	0.039098
5465	0.038012
5468	0.028796
5471	0.027171
5480	-0.071076
5481	0.122902
5485	-0.003101
5486	-0.039145
5488	-0.000225
5489	0.005343
5495	-0.016704
5513	-0.081227
5515	-0.030972
5516	0.068673
5521	-0.049120
5527	0.011278
5528	0.047271
5536	0.078962
5537	-0.024848
5547	0.004805
5565	-0.067249
5573	-0.097255
5579	-0.011915
5583	-0.073097
5586	-0.038091
5589	0.026355
5590	-0.097892
5593	0.053528
5599	0.120537
5604	-0.000968
5605	-0.078414
5606	-0.005368
5625	0.092800
5649	0.077656
5656	-0.109023
5657	0.121845
5658	-0.012235
5686	0.093020
5695	0.076808
5705	0.043896
5706	-0.057929
5716	-0.029264
5717	0.094717
5718	-0.001748
5719	0.071262
5720	-0.121687
5724	-0.053721
5738	0.196788
5742	-0.036577
5750	0.147742
5751	-0.023246
5756	-0.030917
5761	-0.127672
5768	0.001286
5773	0.100423
5792	0.084740
5793	0.049577
5794	0.077945
5806	0.018685
5811	0.063057
5812	-0.001759
5813	0.070567
5814	0.117793
5821	-0.010361
5823	-0.209428
5825	0.018974
5831	-0.010205
5832	-0.063251
5833	0.065302
5847	-0.034394
5849	-0.016441
5851	-0.114665
5854	0.059290
5858	-0.000559
5862	0.082250
5875	0.059568
5876	-0.016945
5903	0.089192
5910	0.092582
5912	0.194163
5913	0.477181
5925	0.042150
5926	0.051266
5927	0.017127
5928	0.050719
5930	-0.091888
5931	0.072237
5933	-0.123636
5934	-0.043976
5937	-0.110016
5939	0.012092
5940	0.097862
5941	0.010592
5943	0.024100
5963	0.043151
5964	0.042539
5965	0.041461
5966	0.064678
5968	-0.017130
5969	0.028174
5970	0.036114
5971	0.048303
5975	0.069949
6006	0.080228
6011	-0.042457
6017	-0.119484
6019	0.126746
6022	-0.093281
6032	0.096913
6095	-0.051363
6115	0.023038
6116	0.100468
6119	0.038395
6127	0.024688
6128	0.096422
6130	-0.051228
6140	-0.039401
6141	-0.008907
6147	-0.059467
6148	-0.050527
6163	0.030561
6164	-0.003900
6170	-0.067524
6171	-0.049530
6177	-0.075915
6184	-0.034332
6200	-0.012928
6204	0.069920
6206	-0.025482
6223	-0.011549
6240	-0.077660
6245	0.123196
6253	0.000832
6267	-0.025047
6269	-0.029298
6290	-0.062980
6303	-0.114181
6317	0.001946
6343	-0.028414
6350	0.006706
6360	-0.157672
6367	0.114824
6383	0.037509
6389	0.090132
6397	0.127812
6398	-0.061760
6406	0.020267
6407	0.196719
6412	-0.115031
6413	-0.109603
6434	-0.068770
6435	-0.021591
6460	0.004907
6463	0.055417
6464	-0.009053
6489	0.060329
6507	0.039033
6510	0.107829
6516	-0.097184
6518	-0.068594
6522	0.172952
6523	0.101319
6524	-0.014796
6525	0.033437
6531	0.111883
6536	-0.064067
6575	-0.021705
6584	-0.094527
6585	-0.000873
6586	0.065279
6594	0.033906
6595	-0.014702
6610	-0.065710
6612	0.033378
6615	-0.090338
6624	-0.020993
6628	-0.084823
6649	-0.056621
6698	-0.146766
6706	0.097168
6718	0.072628
6719	-0.058261
6722	0.022263
6770	0.005007
6780	0.033106
6781	-0.004946
6794	-0.082738
6795	-0.021801
6796	0.003813
6799	-0.076311
6809	0.041706
6837	0.176917
6838	0.082663
6839	0.021394
6846	0.068030
6865	-0.015942
6869	0.012152
6870	-0.110029
6871	-0.031623
6873	-0.022777
6876	-0.080014
6885	-0.018089
6895	0.049957
6896	0.105135
6897	-0.011555
6900	0.043048
6903	0.041127
6906	-0.078792
6916	0.041512
6917	0.066050
6918	0.033848
6919	0.222194
6938	0.039083
6941	0.139955
6942	0.020734
6943	0.102003
6944	0.086759
6948	-0.020075
6953	0.001918
6957	0.106963
6958	0.079117
6970	-0.025953
6971	0.050387
6976	0.075996
6977	0.107525
6990	0.023717
7014	0.004245
7015	-0.018798
7016	0.071061
7018	-0.073012
7019	-0.095093
7042	-0.005225
7053	0.049388
7066	-0.015402
7067	-0.027581
7083	-0.020151
7092	-0.018036
7100	0.140880
7103	0.102948
7110	-0.036447
7111	0.005385
7112	0.030889
7113	-0.036428
7116	-0.051797
7119	0.033228
7120	-0.050885
7121	-0.031732
7122	0.059245
7140	0.003768
7143	-0.022189
7157	-0.028714
7165	-0.022855
7175	0.044042
7178	0.086159
7206	0.011986
7207	-0.070956
7217	0.017866
7218	-0.044951
7221	0.005412
7227	0.057074
7230	-0.134289
7236	0.040056
7239	0.025902
7242	-0.068749
7260	0.039351
7268	0.067431
7269	-0.037258
7304	-0.045447
7326	-0.132849
7327	-0.374084
7336	0.044078
7342	-0.014296
7346	0.035359
7348	0.128412
7355	0.059923
7361	0.203244
7372	0.005655
7387	-0.125801
7422	0.066634
7423	0.088180
7425	0.139726
7436	0.121141
7442	-0.081390
7446	-0.022520
7448	-0.081535
7453	-0.018644
7463	0.022662
7492	-0.125830
7493	0.049342
7494	-0.138605
7495	0.035484
7518	-0.014266
7520	0.022442
7540	-0.039447
7546	-0.025313
7556	0.013448
7559	0.098176
7560	0.019383
7561	0.050921
7564	0.080108
7575	-0.069335
7583	-0.010301
7585	0.015001
7586	-0.030992
7599	-0.036671
7600	-0.370961
7606	-0.018482
7614	-0.115084
7617	0.018680
7622	-0.102692
7629	0.013817
7637	-0.011241
7640	0.016819
7657	0.031290
7665	-0.043659
7666	0.002689
7667	-0.042382
7668	-0.088601
7669	-0.034342
7670	0.126767
7671	-0.069013
7681	-0.130823
7683	0.026183
7684	0.043274
7696	-0.066673
7722	-0.070762
7723	0.016159
7799	0.077332
7852	0.027899
7859	-0.064020
7860	-0.048165
7861	-0.010358
7865	0.158600
7875	0.047317
7876	-0.043821
7895	-0.062266
7913	-0.090918
7917	0.049607
7952	0.184943
7969	0.017406
7971	-0.038359
8000	-0.008852
8002	-0.055265
8006	-0.079746
8036	0.092627
8056	0.037500
8069	0.171246
8103	0.160812
8107	0.043224
8120	-0.071736
8122	-0.091400
8125	0.083371
8127	0.111283
8136	0.118386
8149	0.080245
8154	0.051765
8197	-0.043192
8208	-0.068800
8223	-0.158879
8232	0.015275
8241	-0.103698
8256	-0.084678
8262	-0.094289
8266	-0.033902
8267	0.018930
8268	0.042931
8269	0.076835
8271	-0.109075
8273	-0.060303
8280	-0.024534
8284	0.064408
8303	-0.043444
8304	-0.047387
8305	-0.059807
8308	0.034932
8332	-0.169623
8333	0.027045
8334	-0.062791
8338	-0.229819
8363	-0.022241
8370	-0.029910
8398	0.036133
8465	0.203639
8468	0.019866
8469	-0.056852
8470	-0.027254
8507	0.028853
8552	-0.065486
8572	0.079143
8574	0.048238
8577	0.018323
8586	0.073369
8592	0.053529
8593	0.077723
8594	-0.055707
8597	0.026652
8599	-0.030783
8606	0.135517
8607	-0.073800
8615	0.013000
8617	-0.014380
8626	0.078801
8636	-0.082842
8669	-0.000780
8671	0.020946
8673	0.037523
8675	-0.177003
8790	0.111046
8791	0.066158
8811	0.696240
8822	0.007878
8841	0.002181
8849	0.096270
8856	-0.035661
8875	0.044573
8884	0.138533
8906	0.062103
8907	0.078781
8910	0.036351
8911	0.021235
8912	0.022262
8913	-0.003732
8934	-0.063996
8935	-0.020506
8954	-0.045173
8968	-0.049640
8972	-0.067625
9001	0.030608
9029	-0.001867
9032	0.113927
9058	0.014931
9059	0.020573
9068	-0.000004
9070	0.014172
9108	-0.021670
9139	-0.052261
9140	-0.093202
9158	-0.023025
9187	0.094415
9188	0.071383
9189	-0.023244
9190	0.044818
9253	-0.057329
9259	0.070114
9268	0.069208
9269	0.014857
9271	0.042064
9312	0.031887
9323	-0.053461
9329	-0.051235
9330	-0.060456
9331	-0.073530
9356	0.046026
9376	0.082052
9394	0.020081
9424	0.098734
9428	-0.013787
9429	0.016170
9496	0.013950
9536	0.017563
9543	-0.079049
9589	0.087130
9614	0.006255
9615	0.033147
9617	0.053873
9631	0.008809
9661	-0.030159
9668	-0.002149
9718	-0.001162
9728	0.073135
9734	-0.007696
9788	0.008446
9791	-0.036498
9793	0.050644
9804	0.052660
9809	0.069200
9810	0.030658
9823	-0.014731
9828	-0.168525
9907	-0.076823
9951	0.059264
9968	0.019290
9969	-0.017050
10010	0.062331
10011	-0.014526
10012	0.084761
10018	0.082449
10021	0.061112
10022	0.086833
10031	0.037463
10032	0.049888
10033	0.105744
10034	0.017633
10035	0.085631
10039	-0.002922
10044	-0.007517
10045	-0.057470
10060	0.027921
10065	0.066931
10077	-0.064484
10080	0.041356
10130	-0.134476
10131	-0.011991
10149	0.036750
10194	-0.079945
10197	0.067962
10221	0.035247
10226	-0.019661
10232	-0.125142
10233	-0.224612
10263	-0.011912
10264	-0.041383
10274	0.003882
10286	-0.091716
10292	-0.153495
10299	0.001669
10302	0.039856
10324	-0.049487
10355	-0.035328
10358	-0.098037
10362	0.094684
10366	0.074208
10368	0.119094
10370	0.040039
10392	-0.046085
10405	-0.129538
10406	-0.006494
10409	-0.067679
10419	0.014271
10420	-0.046290
10424	0.040799
10434	0.132674
10455	-0.012423
10478	-0.066761
10480	-0.166082
10484	-0.070217
10510	-0.026992
10519	-0.257333
10520	0.082817
10524	-0.057361
10578	-0.068301
10630	-0.005940
10643	-0.071027
10645	-0.063483
10677	0.021717
10678	-0.065477
10690	0.022612
10717	-0.057720
10718	0.039820
10719	0.114909
10721	-0.066316
10723	0.066877
10735	-0.002429
10736	0.077914
10829	0.000550
10837	-0.175089
10846	0.102346
10921	0.001893
10922	0.046967
10923	-0.070999
10924	-0.119712
10964	-0.001406
10978	0.096927
11017	-0.002931
11018	0.035951
11019	-0.088653
11032	0.039999
11034	-0.006500
11035	0.002340
11036	0.052905
11052	-0.045969
11056	0.055427
11060	0.023439
11063	-0.044005
11064	0.058386
11068	-0.043032
11069	-0.061545
11090	0.014114
11098	0.061468
11099	0.024566
11100	0.030403
11105	0.017131
11109	-0.006112
11122	-0.043808
11123	-0.082516
11125	0.095149
11126	0.036616
11149	0.013586
11153	0.021098
11188	0.087449
11193	0.007092
11230	0.018066
11233	-0.085995
11236	-0.053648
11243	0.018007
11251	0.050275
11259	-0.234580
11263	0.005016
11272	-0.132949
11321	0.015364
11322	-0.058119
11326	0.013872
11327	-0.037065
11335	-0.055426
11337	0.028023
11343	-0.048346
11390	0.041214
11444	-0.180070
11464	-0.033681
11471	-0.069021
11472	-0.013255
11473	-0.021698
11492	0.044733
11499	-0.056774
11500	0.016074
11505	0.110900
11527	0.051505
11528	-0.035022
11532	0.084509
11564	-0.106225
11589	-0.044731
11591	0.104305
11592	0.010340
11599	-0.148997
11605	-0.041729
11617	-0.098016
11630	0.046516
11631	0.244630
11632	0.031778
11656	-0.010151
11657	0.071446
11777	0.058769
11786	0.023687
11812	-0.058307
12020	-0.036642
12061	-0.011943
12115	0.051150
12154	-0.085031
12155	0.014764
12156	0.024838
12159	0.042503
12174	-0.099765
12176	-0.041987
12230	-0.012479
12234	0.091149
12236	-0.022483
12237	0.184788
12250	-0.113773
12252	-0.017832
12253	-0.070818
12315	-0.029243
12381	-0.083730
12382	-0.114427
12438	-0.056214
12455	0.040825
12462	-0.018657
12478	-0.020511
12603	-0.010666
12711	-0.076725
12714	-0.007891
12716	0.047207
12754	0.000534
12785	-0.081878
12788	-0.216363
12792	-0.238195
12898	0.054006
12944	0.039638
12949	0.234086
13062	0.178585
13099	-0.009003
13160	-0.027662
13198	0.042739
13239	-0.042576
13249	-0.155169
13262	-0.034314
13263	-0.258992
13272	-0.139311
13273	-0.236835
13277	-0.034140
13305	0.011974
13342	0.051031
13343	0.029180
13345	0.067283
13351	-0.041726
13357	-0.054238
13427	-0.045397
13436	0.179010
13455	-0.001614
13528	0.129518
13532	-0.047792
13553	-0.014031
13566	0.139186
13651	-0.026977
13653	0.080995
13675	-0.003956
13676	-0.133829
13677	-0.062479
13678	0.007024
13681	-0.073277
13688	-0.118172
13697	-0.069234
13705	-0.001250
13708	0.070661
13737	-0.163589
13760	-0.112295
13923	0.167995
13927	0.162919
13995	-0.069919
14002	0.048725
14003	-0.029147
14021	0.074483
14034	-0.003322
14064	-0.020325
14110	-0.048894
14155	0.008303
14203	0.149584
14208	-0.041005
14340	-0.012969
14356	-0.051118
14389	0.028952
14499	0.012397
14625	-0.130373
14632	0.022967
14637	-0.060450
14641	-0.035144
14685	-0.039925
14694	-0.028247
14695	-0.022977
14699	0.067079
14700	-0.019165
14749	-0.122918
14760	0.004545
14790	-0.010477
14791	-0.000323
14796	-0.033452
14797	-0.070526
14891	-0.036740
14927	-0.041573
15099	0.092557
15182	-0.074464
15243	-0.061094
15245	0.005814
15254	-0.033863
15322	-0.015583
15327	-0.097637
15463	0.006863
15496	0.019600
15499	-0.030918
15502	-0.029724
15514	0.044780
15566	-0.022630
15580	-0.055411
15583	0.000078
15586	0.009314
15601	0.027539
15621	-0.010751
15780	-0.006360
15869	0.102482
16082	-0.068188
16281	0.067508
16293	-0.014119
16300	-0.041649
16304	0.062147
16360	0.026486
16361	-0.057357
16367	0.065311
16432	0.095273
16433	0.072437
16438	-0.050972
16446	-0.078548
16453	-0.080719
16463	0.173372
16466	-0.043390
16477	-0.091740
16482	0.013086
16605	-0.000772
16606	0.027916
16635	-0.021756
16638	0.155746
16655	0.057553
16673	0.117875
16676	0.033852
16677	-0.075069
16678	0.049348
16808	-0.077436
16829	-0.006670
17150	-0.033502
17182	0.018128
17199	0.019385
17273	0.024031
17431	0.015731
17466	0.017365
17472	-0.025889
17485	0.007054
17585	0.062873
17620	-0.007664
17647	-0.093180
17690	-0.056353
17772	-0.108289
18410	0.054515
19647	-0.094241
21458	0.157501
21885	-0.009857
21973	0.015910
21976	-0.037022
21977	0.000563
22084	0.019393
23475	-0.011197
23754	0.078138
23764	-0.028408
24372	-0.025014
24918	0.094293
24944	0.037487
25022	-0.052055
25140	0.078794
26484	0.043516
27764	0.117154
28424	0.069649
28845	0.256331
29861	-0.012348
30684	-0.012098
31288	0.053714
31704	-0.033059
32421	0.091084
32520	0.050341
32893	0.142856
34340	0.178818
35227	0.113582
35334	0.073779
36499	-0.037978
36843	0.000735
36844	-0.015478
36955	-0.037959
36970	-0.069061
39336	0.050613
39353	0.148966
40538	-0.034440
40541	-0.012820
40542	-0.045726
40599	0.028760
40601	-0.020102
40602	0.103492
40656	-0.056098
40657	0.051460
42157	0.034424
42203	0.013296
42204	0.028576
42851	-0.014004
43061	0.036397
44144	0.037904
45195	0.030663
47030	0.004811
47285	0.001801
47317	0.012260
47457	-0.091411
47460	-0.035628
48147	0.037412
48297	-0.152835
48474	0.023560
48696	-0.037632
49516	-0.159133
49630	-0.066737
49927	0.105867
50199	0.059717
50249	0.143449
50259	0.039344
50904	-0.005145
53231	0.037086
53471	0.044158
53531	0.078388
53986	0.007175
55057	-0.088883
56431	-0.008581
56432	-0.012671
56466	0.036645
56478	-0.110296
56621	-0.001342
57644	-0.000887
57756	0.128273
58783	0.048219
59657	-0.102821
59715	0.000116
64825	-0.062797
64947	-0.069227
65950	0.042905
70102	0.053966
75003	0.165894
75099	0.174714
75742	0.038184
75823	-0.077641
75824	0.057726
78157	0.200216
78181	-0.080555
78191	0.024492
80479	0.052565
80480	0.171513
80715	0.096970
80719	-0.062357
80750	-0.113862
81231	-0.042886
84436	0.049971
84780	-0.055434
84844	0.065891
85002	0.021541
85003	0.172515
85659	-0.077441
85663	-0.024694
85710	-0.010397
92185	-0.071282
96142	-0.008526
96144	-0.090527
96482	-0.096967
98871	-0.071936
