# 1342 minima projected onto PC99
Min	PC
3	-0.027680
4	-0.018901
5	-0.007875
6	0.007723
7	-0.001022
9	0.042250
16	-0.006230
17	0.011425
21	0.018795
23	0.038649
31	-0.023245
44	0.013875
47	0.000850
48	0.017891
51	-0.006410
52	0.028925
55	0.022102
56	0.042013
57	-0.011400
58	0.008523
60	0.034813
67	0.019244
68	0.023468
71	-0.003711
72	-0.010615
74	0.017865
79	0.044399
82	0.036584
85	0.022293
86	-0.026168
87	-0.033426
88	-0.000219
91	0.010437
92	0.010101
94	0.000851
95	-0.017620
97	-0.010082
104	-0.108687
106	0.019133
109	0.030827
111	-0.072052
115	-0.259008
120	0.011740
126	0.029936
129	-0.018142
136	0.012083
137	0.028369
188	0.021637
189	0.049358
196	-0.026437
199	0.050911
200	-0.015375
202	0.081254
211	0.003464
213	0.078434
214	0.032127
219	-0.006809
221	-0.011743
276	0.003343
279	0.000475
283	0.072190
295	-0.021492
308	-0.032519
312	-0.031957
315	0.020880
318	-0.032109
319	0.005730
321	0.007515
324	-0.050156
328	-0.030829
334	0.015437
336	0.031992
338	0.020823
347	-0.022313
351	0.078544
352	-0.027097
354	0.006628
357	-0.007690
359	0.021273
362	0.031670
364	0.001118
365	-0.004236
368	0.040815
376	-0.005640
377	-0.018970
380	0.031174
386	-0.082536
388	-0.002925
390	0.041188
396	0.024645
404	-0.021499
410	-0.016760
413	-0.003020
420	-0.027607
423	-0.037619
424	-0.003697
437	0.000895
438	0.061215
444	0.062571
452	-0.004107
473	0.064123
474	0.022335
475	-0.014166
476	0.021091
478	0.045724
479	0.066179
480	-0.014588
483	0.097267
503	-0.057043
508	-0.018862
509	-0.019534
530	-0.050311
536	-0.011548
556	-0.025919
581	0.016245
583	0.048941
603	0.014463
606	-0.004421
607	-0.018176
620	-0.005082
628	0.069698
636	0.007532
637	-0.001276
639	0.009090
640	-0.027836
644	-0.037232
645	-0.033494
677	0.024890
678	0.017957
679	-0.007412
682	0.005409
698	0.047608
700	-0.041060
710	0.040892
722	0.008260
723	-0.004677
724	0.035151
725	0.054094
726	0.106018
747	0.101346
753	0.009753
755	-0.084998
757	0.008987
765	-0.048516
782	-0.022504
783	-0.005364
793	-0.043726
808	-0.028441
814	0.312839
840	0.021222
848	0.022366
859	0.028274
864	-0.028123
867	-0.032708
878	-0.003427
888	-0.005367
890	-0.056552
892	0.005967
899	-0.000524
918	-0.022454
926	-0.005400
933	-0.020488
934	0.002826
981	0.014482
1028	-0.027225
1034	-0.076806
1051	-0.011713
1054	-0.043703
1058	-0.064722
1062	0.031435
1063	-0.000456
1064	-0.018112
1066	-0.040542
1068	-0.026304
1073	-0.012554
1082	-0.026471
1083	0.003826
1086	-0.005498
1089	-0.023029
1090	-0.049549
1091	-0.028175
1092	-0.017481
1164	-0.010793
1165	0.003286
1174	0.040388
1176	-0.022809
1184	0.012646
1191	-0.006234
1192	-0.035959
1201	0.071655
1230	-0.016895
1339	-0.031549
1341	0.002906
1370	0.004189
1385	0.134744
1405	-0.047371
1437	-0.001523
1441	-0.054373
1443	-0.013481
1521	0.045943
1522	-0.054993
1523	-0.063655
1524	-0.022738
1525	-0.013423
1541	-0.006204
1542	-0.012590
1550	0.006682
1551	-0.002191
1596	-0.008724
1597	0.006449
1628	-0.013758
1629	-0.015172
1633	0.009800
1636	0.075540
1637	-0.045507
1765	0.002707
1766	-0.044489
1780	-0.000844
1862	-0.018530
1865	-0.002335
1870	-0.016056
1885	-0.006177
1910	-0.002938
1911	0.020189
2007	0.002745
2060	0.024947
2062	0.011788
2090	-0.011305
2093	0.039404
2094	0.024155
2095	-0.000328
2096	0.028752
2100	-0.025297
2101	0.046907
2102	0.030909
2103	0.055090
2104	0.036071
2105	-0.007918
2128	-0.010201
2129	0.043664
2135	0.001497
2190	-0.048283
2195	-0.009256
2197	-0.001609
2198	0.040903
2199	-0.042179
2200	0.006274
2201	-0.013701
2202	0.031827
2205	-0.008945
2217	0.035479
2218	0.025532
2221	0.021748
2272	-0.003234
2273	0.003579
2275	0.045900
2288	-0.068745
2293	0.015347
2298	0.007560
2299	0.015266
2300	0.017779
2301	-0.018874
2338	-0.027615
2342	-0.006002
2343	0.038632
2358	-0.030093
2384	-0.000695
2385	0.041962
2399	0.003682
2435	-0.010313
2436	-0.000147
2465	-0.056602
2467	0.015812
2468	-0.022781
2469	-0.032894
2470	-0.037618
2471	0.043587
2474	0.023580
2620	0.003436
2650	-0.004707
2651	-0.046860
2685	0.030181
2688	-0.026517
2730	0.014090
2843	-0.018050
2951	0.054995
2959	-0.007005
3236	0.014945
3305	0.030235
3318	0.060668
3340	0.014343
3352	-0.004164
3355	0.014255
3356	0.026281
3365	-0.000884
3366	-0.011460
3367	0.054947
3368	0.076366
3401	0.026825
3405	-0.009718
3434	-0.018871
3448	-0.013831
3454	-0.005378
3481	-0.014722
3495	0.019958
3504	-0.004192
3532	-0.030704
3540	0.025925
3549	0.031566
3550	0.068393
3569	-0.053149
3595	-0.058034
3596	-0.006998
3603	-0.095756
3621	-0.052469
3622	-0.009634
3647	0.043858
3649	0.021746
3651	-0.033065
3652	0.018699
3723	-0.005409
3757	-0.016078
3772	0.023724
3787	0.010492
3798	-0.053429
3799	-0.113890
3889	-0.012884
3897	-0.013495
3898	0.034854
3904	-0.060923
3945	-0.004538
3990	-0.001940
4024	-0.037505
4039	0.006007
4048	-0.030418
4050	-0.034096
4076	-0.020378
4094	-0.045335
4170	-0.015143
4251	0.020867
4252	-0.009459
4299	-0.038981
4302	-0.014544
4318	-0.029035
4319	0.037293
4320	0.004698
4360	-0.001061
4388	0.010898
4414	-0.023786
4426	-0.037223
4446	0.000131
4527	0.005668
4545	-0.019292
4546	-0.039932
4554	0.037689
4564	-0.013620
4567	-0.019300
4634	-0.013581
4693	0.040654
4736	-0.030047
4761	0.026314
4879	0.020615
5071	0.000005
5138	0.088788
5164	-0.036001
5182	0.022944
5183	0.014884
5184	0.061114
5187	-0.052083
5188	-0.001124
5189	0.009280
5193	-0.046839
5194	-0.042045
5195	0.003126
5197	-0.002829
5203	0.021649
5205	0.035497
5212	0.021609
5213	0.020363
5222	-0.023776
5223	0.009269
5228	-0.022521
5232	0.002133
5244	-0.032914
5245	-0.049681
5246	0.019305
5248	-0.054989
5292	-0.016293
5293	-0.000682
5299	0.023221
5300	0.165447
5315	0.021837
5316	0.020223
5319	-0.011892
5320	-0.012484
5321	0.012115
5322	-0.007344
5323	-0.049708
5324	-0.001872
5325	-0.010152
5329	-0.041280
5342	0.024914
5343	-0.022254
5374	-0.013003
5376	-0.032078
5378	0.020578
5379	-0.034611
5382	0.016832
5390	0.044515
5398	-0.006065
5402	0.020099
5404	0.031972
5407	-0.026635
5408	0.030779
5409	-0.029332
5411	0.002564
5412	-0.009832
5413	0.013656
5416	0.025186
5418	-0.003406
5422	-0.007174
5425	-0.015739
5427	0.021365
5428	-0.036199
5432	0.061056
5436	-0.025912
5443	-0.129200
5444	-0.030973
5458	0.031070
5462	0.283643
5465	-0.015194
5468	-0.034920
5471	-0.008975
5480	0.001509
5481	-0.051933
5485	0.024623
5486	0.041926
5488	-0.033012
5489	-0.025506
5495	-0.056921
5513	0.047133
5515	-0.014865
5516	0.010570
5521	0.021841
5527	-0.041227
5528	-0.101238
5536	0.085177
5537	-0.042269
5547	-0.036210
5565	-0.011749
5573	0.034050
5579	0.044811
5583	0.021663
5586	0.008430
5589	0.014742
5590	0.029405
5593	-0.029621
5599	0.293365
5604	-0.046507
5605	0.025385
5606	0.037620
5625	0.036617
5649	0.059321
5656	-0.004317
5657	0.010261
5658	0.006548
5686	-0.030421
5695	0.010007
5705	-0.081901
5706	-0.039453
5716	-0.006723
5717	-0.028580
5718	-0.008572
5719	0.016383
5720	-0.001657
5724	0.035529
5738	-0.005766
5742	-0.045641
5750	-0.019015
5751	0.028334
5756	0.008297
5761	0.129446
5768	-0.022457
5773	0.038775
5792	-0.023676
5793	0.051072
5794	-0.021139
5806	0.005525
5811	0.045234
5812	-0.000491
5813	-0.024431
5814	0.024356
5821	-0.010404
5823	0.038122
5825	-0.017885
5831	-0.024671
5832	-0.033326
5833	-0.016405
5847	-0.017254
5849	-0.013041
5851	0.006621
5854	-0.010154
5858	0.033730
5862	0.029393
5875	-0.049230
5876	-0.077698
5903	0.006520
5910	0.001850
5912	-0.028061
5913	0.089290
5925	0.020180
5926	-0.029861
5927	0.040856
5928	-0.018004
5930	-0.020427
5931	0.011407
5933	-0.038937
5934	-0.023698
5937	-0.018091
5939	-0.038750
5940	0.018007
5941	0.045385
5943	0.041417
5963	0.041185
5964	0.005094
5965	-0.005906
5966	0.019377
5968	0.043792
5969	-0.003196
5970	-0.006844
5971	-0.013760
5975	0.004634
6006	0.014243
6011	-0.008519
6017	-0.045040
6019	-0.040814
6022	-0.044997
6032	0.101165
6095	-0.007231
6115	0.007023
6116	-0.006355
6119	-0.013747
6127	0.016504
6128	0.007984
6130	0.024827
6140	-0.003597
6141	-0.016810
6147	0.001721
6148	-0.000992
6163	-0.007927
6164	0.009542
6170	-0.026129
6171	-0.029814
6177	-0.000479
6184	-0.026554
6200	0.047653
6204	-0.013555
6206	0.017328
6223	0.004193
6240	-0.025693
6245	-0.023017
6253	-0.016193
6267	-0.074885
6269	-0.013226
6290	-0.048195
6303	0.022555
6317	-0.071116
6343	0.007208
6350	-0.012230
6360	-0.058171
6367	-0.056003
6383	-0.034298
6389	-0.017219
6397	0.000864
6398	0.027979
6406	0.049502
6407	-0.086113
6412	0.074431
6413	0.085925
6434	0.016372
6435	0.014910
6460	0.005059
6463	0.023949
6464	0.011966
6489	-0.014443
6507	-0.036873
6510	-0.082752
6516	-0.026922
6518	-0.034487
6522	0.049034
6523	0.006058
6524	-0.004694
6525	-0.001305
6531	0.073853
6536	0.012221
6575	0.042444
6584	0.018897
6585	0.007807
6586	0.011064
6594	-0.004567
6595	-0.022157
6610	0.035846
6612	-0.042569
6615	-0.015844
6624	-0.035382
6628	-0.030404
6649	-0.040230
6698	-0.025303
6706	0.002379
6718	0.052695
6719	-0.024012
6722	0.044995
6770	-0.045107
6780	-0.044256
6781	0.003094
6794	0.027970
6795	0.079046
6796	0.057287
6799	0.004543
6809	-0.015099
6837	-0.030427
6838	0.030305
6839	0.075708
6846	0.039204
6865	-0.007096
6869	-0.007225
6870	0.008013
6871	-0.009807
6873	-0.018962
6876	0.008876
6885	-0.002857
6895	-0.020106
6896	0.016255
6897	-0.023860
6900	-0.090737
6903	0.004191
6906	-0.000746
6916	-0.057051
6917	-0.017751
6918	0.010090
6919	0.021697
6938	0.005542
6941	0.015007
6942	0.000394
6943	-0.060230
6944	-0.070628
6948	0.014111
6953	-0.008517
6957	0.032288
6958	0.084184
6970	0.024406
6971	0.004940
6976	-0.036630
6977	-0.028575
6990	0.025372
7014	-0.012677
7015	-0.004674
7016	-0.033220
7018	0.056214
7019	0.037957
7042	0.034882
7053	-0.073805
7066	0.012291
7067	-0.095316
7083	-0.025283
7092	0.042157
7100	-0.017706
7103	-0.018768
7110	0.042166
7111	0.090289
7112	0.060168
7113	-0.043542
7116	0.058847
7119	0.006699
7120	-0.017991
7121	0.005243
7122	-0.036055
7140	-0.023583
7143	-0.094177
7157	0.013185
7165	-0.018546
7175	0.003226
7178	-0.042963
7206	-0.030982
7207	0.025095
7217	0.014571
7218	0.038335
7221	0.016646
7227	0.006306
7230	-0.068773
7236	0.081397
7239	-0.032713
7242	0.031027
7260	-0.002351
7268	-0.050762
7269	-0.027628
7304	0.013170
7326	0.009210
7327	-0.051985
7336	0.004712
7342	0.003137
7346	-0.023341
7348	0.050792
7355	0.032743
7361	-0.057248
7372	0.025671
7387	-0.032101
7422	-0.008031
7423	-0.022798
7425	0.004588
7436	-0.027270
7442	0.005356
7446	0.012125
7448	-0.032176
7453	0.076651
7463	-0.028368
7492	0.066448
7493	-0.009336
7494	-0.019754
7495	-0.079674
7518	0.020388
7520	0.081036
7540	-0.015936
7546	-0.019542
7556	0.014306
7559	0.099450
7560	-0.013197
7561	-0.010211
7564	-0.033943
7575	0.015326
7583	0.066685
7585	0.033805
7586	0.019580
7599	-0.020466
7600	-0.086168
7606	-0.000788
7614	0.005287
7617	0.052905
7622	-0.001520
7629	-0.003460
7637	0.044109
7640	0.047461
7657	-0.004853
7665	0.024442
7666	-0.018229
7667	0.029379
7668	0.049842
7669	0.024188
7670	0.003440
7671	0.017130
7681	0.045081
7683	-0.050551
7684	-0.010783
7696	-0.010666
7722	0.026183
7723	0.044249
7799	-0.042526
7852	-0.003480
7859	-0.040148
7860	-0.002890
7861	-0.002609
7865	0.000662
7875	-0.013581
7876	0.007472
7895	0.062030
7913	0.010615
7917	-0.034398
7952	-0.061027
7969	0.052359
7971	0.005068
8000	0.028246
8002	-0.007736
8006	-0.000442
8036	0.058771
8056	-0.038310
8069	-0.081490
8103	-0.060769
8107	-0.030582
8120	-0.018284
8122	0.061290
8125	0.013591
8127	0.064698
8136	0.029097
8149	0.017488
8154	-0.009540
8197	0.032272
8208	-0.019879
8223	0.013962
8232	0.006162
8241	0.036404
8256	-0.011770
8262	-0.025075
8266	-0.019722
8267	-0.009550
8268	-0.003075
8269	0.010269
8271	-0.000951
8273	-0.038846
8280	0.004168
8284	-0.016555
8303	0.001546
8304	-0.000921
8305	-0.029105
8308	-0.011974
8332	0.089399
8333	0.021732
8334	0.000895
8338	0.099056
8363	0.024924
8370	0.077619
8398	-0.037117
8465	-0.033945
8468	-0.015176
8469	-0.033712
8470	-0.013141
8507	-0.024165
8552	-0.045912
8572	0.000408
8574	0.025240
8577	0.028631
8586	0.034000
8592	-0.008076
8593	-0.056159
8594	-0.023107
8597	-0.003324
8599	-0.021517
8606	-0.079239
8607	0.032419
8615	-0.016757
8617	-0.028150
8626	-0.018463
8636	0.007872
8669	0.020861
8671	0.012067
8673	-0.024861
8675	0.123642
8790	0.009183
8791	-0.003544
8811	0.076948
8822	0.053596
8841	0.008271
8849	-0.041522
8856	-0.016520
8875	0.019343
8884	0.046949
8906	-0.014773
8907	0.029457
8910	0.052109
8911	0.115067
8912	0.079310
8913	0.029219
8934	-0.023907
8935	-0.031757
8954	0.030791
8968	-0.005676
8972	0.019913
9001	-0.053751
9029	0.001277
9032	0.020924
9058	-0.009943
9059	-0.004389
9068	-0.017429
9070	0.072460
9108	0.084206
9139	0.006688
9140	0.003067
9158	0.016119
9187	0.011751
9188	0.013190
9189	0.014361
9190	0.023583
9253	-0.002471
9259	0.013880
9268	-0.007651
9269	-0.044213
9271	0.008088
9312	-0.009297
9323	0.006841
9329	0.009852
9330	0.003685
9331	-0.011680
9356	0.017564
9376	-0.007720
9394	0.019423
9424	-0.017468
9428	0.011093
9429	0.028408
9496	0.005249
9536	0.034260
9543	-0.071934
9589	-0.008649
9614	-0.030288
9615	0.007530
9617	-0.057956
9631	-0.018272
9661	-0.016827
9668	-0.066079
9718	-0.115912
9728	0.026152
9734	-0.047874
9788	0.061412
9791	0.047545
9793	0.056915
9804	0.059875
9809	-0.009426
9810	0.014677
9823	0.030114
9828	-0.047811
9907	-0.002531
9951	0.028192
9968	-0.048359
9969	0.004532
10010	-0.004248
10011	-0.038169
10012	0.003185
10018	0.027497
10021	-0.024979
10022	0.010508
10031	0.009318
10032	-0.040153
10033	0.014227
10034	0.044170
10035	0.008592
10039	-0.000513
10044	0.038457
10045	-0.027689
10060	0.136043
10065	-0.033557
10077	0.050986
10080	-0.017792
10130	-0.009589
10131	-0.017927
10149	0.026322
10194	0.023911
10197	-0.098060
10221	0.045321
10226	0.011681
10232	-0.047928
10233	-0.000506
10263	0.003649
10264	0.002038
10274	0.027654
10286	-0.106328
10292	-0.009507
10299	-0.022020
10302	-0.016361
10324	0.019390
10355	0.005919
10358	-0.040037
10362	-0.078453
10366	-0.085120
10368	0.012334
10370	0.004263
10392	0.008368
10405	-0.063792
10406	0.005559
10409	0.014403
10419	-0.029135
10420	-0.044411
10424	-0.010706
10434	0.059603
10455	0.018093
10478	-0.044409
10480	-0.103605
10484	0.019966
10510	-0.020850
10519	0.003562
10520	0.028984
10524	-0.040108
10578	0.038862
10630	-0.031693
10643	0.008128
10645	-0.001523
10677	0.020016
10678	0.027249
10690	0.025387
10717	0.002507
10718	0.013223
10719	0.013819
10721	0.033045
10723	0.009647
10735	0.041696
10736	-0.003565
10829	0.015583
10837	-0.112350
10846	-0.020542
10921	-0.017731
10922	-0.053390
10923	-0.015683
10924	-0.027833
10964	-0.069189
10978	-0.063168
11017	0.033028
11018	0.074049
11019	-0.017425
11032	0.042511
11034	0.038201
11035	0.043285
11036	0.040500
11052	0.023487
11056	0.019175
11060	0.001183
11063	-0.040772
11064	-0.023341
11068	-0.003307
11069	-0.012212
11090	0.009998
11098	0.020100
11099	0.018382
11100	0.015801
11105	0.018568
11109	-0.013408
11122	-0.021213
11123	0.027237
11125	0.022676
11126	-0.001900
11149	0.019797
11153	-0.021512
11188	-0.011154
11193	0.052594
11230	0.009733
11233	0.029133
11236	-0.055254
11243	0.009078
11251	-0.071659
11259	-0.041850
11263	0.047932
11272	-0.076781
11321	-0.001645
11322	-0.016445
11326	-0.025721
11327	-0.009963
11335	-0.006120
11337	-0.027031
11343	-0.009332
11390	-0.024456
11444	0.023776
11464	0.018535
11471	0.048347
11472	0.029341
11473	0.020843
11492	0.056422
11499	-0.019549
11500	-0.017002
11505	0.054813
11527	-0.124343
11528	-0.103840
11532	0.043182
11564	0.006788
11589	0.022043
11591	-0.001757
11592	0.005157
11599	0.011203
11605	-0.019694
11617	-0.025443
11630	-0.031523
11631	-0.098551
11632	-0.016378
11656	0.099537
11657	0.047629
11777	0.083577
11786	-0.014467
11812	-0.050677
12020	0.001094
12061	0.023823
12115	-0.025656
12154	-0.006749
12155	-0.039809
12156	-0.002448
12159	-0.015577
12174	-0.063179
12176	-0.027929
12230	-0.017621
12234	-0.003568
12236	-0.004502
12237	0.001582
12250	0.027888
12252	0.036073
12253	0.008124
12315	0.015933
12381	-0.003718
12382	-0.004000
12438	0.021917
12455	-0.008077
12462	-0.023731
12478	0.031687
12603	0.051946
12711	-0.014128
12714	-0.030854
12716	0.010871
12754	-0.009291
12785	-0.073787
12788	0.089459
12792	0.135810
12898	0.021014
12944	-0.070052
12949	-0.056969
13062	-0.045116
13099	-0.003393
13160	0.040661
13198	-0.013415
13239	-0.039557
13249	-0.058938
13262	-0.028147
13263	-0.059105
13272	0.018867
13273	0.062237
13277	-0.021066
13305	0.066054
13342	0.007499
13343	0.033413
13345	0.059337
13351	0.021331
13357	0.014511
13427	0.028144
13436	-0.047863
13455	0.017571
13528	-0.035589
13532	-0.007983
13553	-0.056488
13566	-0.004355
13651	-0.023483
13653	-0.009797
13675	0.021219
13676	-0.013000
13677	-0.003815
13678	-0.003981
13681	-0.037104
13688	-0.000199
13697	-0.016763
13705	0.016208
13708	-0.039111
13737	0.034415
13760	-0.030065
13923	-0.010017
13927	0.008084
13995	-0.009968
14002	0.013235
14003	-0.003352
14021	-0.009742
14034	-0.050034
14064	-0.033442
14110	-0.002119
14155	0.007404
14203	-0.005858
14208	0.000636
14340	0.050716
14356	0.059327
14389	-0.001119
14499	-0.002188
14625	-0.061787
14632	-0.022710
14637	-0.030377
14641	0.000053
14685	-0.041461
14694	0.007859
14695	0.010496
14699	-0.023989
14700	0.033208
14749	0.025573
14760	-0.067958
14790	-0.011195
14791	-0.000427
14796	-0.028413
14797	0.012912
14891	-0.027359
14927	0.039059
15099	0.000082
15182	0.026633
15243	-0.049284
15245	0.038192
15254	0.034146
15322	0.016193
15327	0.015326
15463	-0.034921
15496	0.064655
15499	-0.010974
15502	-0.035161
15514	0.027056
15566	-0.039874
15580	0.012214
15583	-0.034219
15586	0.056537
15601	-0.039383
15621	-0.036605
15780	0.023569
15869	-0.009487
16082	0.009218
16281	0.019232
16293	-0.062175
16300	-0.007675
16304	-0.091517
16360	-0.040209
16361	0.044464
16367	0.009154
16432	0.102727
16433	0.064225
16438	0.003057
16446	0.006632
16453	0.046126
16463	-0.065410
16466	0.027190
16477	0.037167
16482	-0.000129
16605	-0.028944
16606	-0.078752
16635	0.007938
16638	0.040609
16655	-0.012123
16673	0.056324
16676	0.006050
16677	0.007004
16678	0.024913
16808	0.069363
16829	-0.040401
17150	-0.037164
17182	-0.021140
17199	-0.104126
17273	-0.035129
17431	0.003533
17466	0.047447
17472	0.064221
17485	-0.030289
17585	-0.030145
17620	-0.069212
17647	-0.010811
17690	-0.042449
17772	0.015006
18410	0.022762
19647	0.027140
21458	0.072552
21885	-0.048948
21973	-0.040336
21976	-0.042244
21977	-0.051492
22084	-0.035292
23475	0.033019
23754	0.008410
23764	-0.025601
24372	0.063152
24918	-0.047837
24944	0.021839
25022	0.053143
25140	-0.007003
26484	0.017296
27764	0.065542
28424	0.029897
28845	0.109651
29861	-0.007799
30684	-0.021378
31288	-0.049742
31704	-0.023507
32421	-0.009456
32520	-0.073950
32893	-0.004194
34340	-0.052757
35227	-0.064845
35334	0.023511
36499	0.013514
36843	0.003186
36844	-0.032880
36955	0.038413
36970	0.031792
39336	-0.052117
39353	0.062480
40538	-0.018990
40541	0.005077
40542	0.038080
40599	0.028895
40601	0.012274
40602	-0.026708
40656	0.028747
40657	0.005161
42157	-0.019668
42203	0.059177
42204	0.007167
42851	0.008901
43061	-0.006012
44144	0.011552
45195	-0.083802
47030	-0.027850
47285	-0.041066
47317	-0.099261
47457	0.013450
47460	-0.096688
48147	-0.001749
48297	0.001361
48474	-0.005016
48696	0.015005
49516	0.075747
49630	-0.045682
49927	-0.044953
50199	0.013155
50249	-0.120336
50259	-0.024749
50904	-0.060292
53231	0.031000
53471	0.037147
53531	-0.046067
53986	0.056129
55057	-0.035798
56431	-0.035116
56432	-0.033888
56466	-0.039607
56478	0.079480
56621	-0.063279
57644	-0.020644
57756	-0.011310
58783	-0.019942
59657	-0.003933
59715	0.045668
64825	-0.023174
64947	0.020214
65950	-0.001587
70102	0.028354
75003	-0.147012
75099	-0.168502
75742	0.042612
75823	-0.019188
75824	0.017217
78157	0.006373
78181	0.050298
78191	-0.009715
80479	0.003139
80480	-0.004812
80715	0.025984
80719	-0.003377
80750	0.073885
81231	0.053456
84436	0.042139
84780	-0.009920
84844	0.069889
85002	-0.009435
85003	0.017681
85659	-0.008564
85663	0.026980
85710	0.009099
92185	0.003256
96142	0.003984
96144	0.021057
96482	-0.003730
98871	0.013641
