# 1342 minima projected onto PC18
# Min	PC
3	0.330283
4	0.526148
5	0.180160
6	0.002979
7	1.085364
9	2.711253
16	0.171710
17	0.356507
21	0.497450
23	1.668261
31	2.291946
44	0.451892
47	0.088641
48	0.869160
51	0.501001
52	0.066683
55	0.302038
56	0.275128
57	0.570562
58	-0.409791
60	-0.840764
67	0.937486
68	0.719532
71	-0.259621
72	-0.150603
74	0.616358
79	0.464345
82	1.728399
85	0.458831
86	0.057841
87	-0.167276
88	2.186507
91	0.063555
92	2.308002
94	0.416483
95	0.801847
97	0.286323
104	3.477972
106	3.571279
109	2.563334
111	0.260545
115	3.102887
120	0.496307
126	0.506799
129	0.042062
136	0.093836
137	0.360489
188	0.851034
189	0.670493
196	-0.323559
199	0.597379
200	0.260215
202	1.884926
211	0.617196
213	1.359242
214	-0.201956
219	2.307990
221	2.297408
276	-0.300714
279	0.763435
283	2.043296
295	1.431062
308	0.847907
312	0.921470
315	-0.530366
318	-0.263030
319	0.367563
321	-1.222239
324	-0.536450
328	-0.207663
334	0.357910
336	0.360519
338	0.871482
347	0.443798
351	1.021252
352	0.456106
354	0.133800
357	2.170549
359	-0.013870
362	-0.823263
364	-0.457459
365	-0.580386
368	-0.898387
376	-0.020628
377	0.644613
380	0.316751
386	-1.240798
388	0.075224
390	-0.363053
396	-0.046487
404	0.440798
410	-0.191006
413	0.366477
420	-0.374657
423	0.240285
424	0.954225
437	0.309927
438	0.104917
444	-1.328108
452	1.633007
473	0.382500
474	0.008823
475	-0.357596
476	0.848635
478	0.601789
479	2.013001
480	-0.106275
483	0.982832
503	0.516817
508	-0.705451
509	0.085834
530	-0.019666
536	0.583454
556	-0.639348
581	0.291697
583	0.621750
603	-0.269190
606	0.051015
607	0.270172
620	1.137062
628	1.454278
636	-0.103015
637	0.303546
639	0.501003
640	0.503469
644	0.404388
645	0.414651
677	-0.121956
678	-0.042980
679	0.223124
682	0.557884
698	0.526914
700	0.808445
710	-0.245288
722	-0.933277
723	0.693786
724	0.577343
725	0.520355
726	0.622346
747	-0.955132
753	-0.824824
755	3.242472
757	0.010826
765	2.058049
782	0.347185
783	2.217387
793	0.167208
808	1.097123
814	0.685367
840	-2.122257
848	0.531222
859	0.306676
864	0.632854
867	2.125675
878	-0.139701
888	0.348758
890	0.146457
892	0.898535
899	-0.235893
918	0.534418
926	1.360365
933	0.787364
934	0.214201
981	-0.340782
1028	-0.414430
1034	-1.773831
1051	-0.162848
1054	-0.038533
1058	0.690545
1062	-0.230156
1063	0.133926
1064	0.079560
1066	0.756864
1068	-1.045012
1073	0.640139
1082	-0.064833
1083	0.309224
1086	0.559842
1089	-0.956967
1090	-1.165780
1091	-1.107314
1092	-1.068514
1164	0.771834
1165	0.356042
1174	0.096828
1176	0.082683
1184	0.107746
1191	-0.213621
1192	-0.168313
1201	0.886171
1230	2.191087
1339	0.417275
1341	0.136441
1370	0.011220
1385	-1.010722
1405	-1.082438
1437	0.233729
1441	1.906635
1443	-0.424266
1521	0.490389
1522	0.081910
1523	0.424228
1524	1.115180
1525	0.631389
1541	-0.168385
1542	0.170568
1550	0.580941
1551	0.240409
1596	0.593838
1597	-0.194119
1628	0.503439
1629	-0.731476
1633	1.020714
1636	1.915187
1637	0.867502
1765	-0.636763
1766	0.695717
1780	-0.383668
1862	0.216546
1865	-0.858247
1870	0.163646
1885	0.487254
1910	-0.159717
1911	0.926819
2007	0.968751
2060	-1.340616
2062	-0.084397
2090	0.003083
2093	0.495148
2094	0.954865
2095	-0.501705
2096	-0.364983
2100	-0.023977
2101	0.692546
2102	0.841081
2103	0.622734
2104	0.798715
2105	-0.553434
2128	-0.388044
2129	1.232953
2135	0.669496
2190	0.206995
2195	-0.530717
2197	1.542865
2198	0.644272
2199	-1.446475
2200	-0.212772
2201	-1.193412
2202	0.902543
2205	0.149821
2217	0.034557
2218	0.318250
2221	0.286751
2272	0.004253
2273	-0.169099
2275	-0.200895
2288	0.208458
2293	-0.112363
2298	0.558453
2299	0.111801
2300	0.737240
2301	-0.239882
2338	1.326802
2342	-0.099864
2343	-0.219981
2358	-1.585483
2384	-0.734291
2385	0.764941
2399	0.550393
2435	1.680694
2436	1.028099
2465	1.896024
2467	0.842253
2468	1.730796
2469	2.065630
2470	1.552374
2471	0.370748
2474	1.104297
2620	-0.762379
2650	-0.051470
2651	0.253936
2685	0.714580
2688	1.274592
2730	-0.269209
2843	-0.313548
2951	-0.364459
2959	0.529165
3236	0.583160
3305	-0.684942
3318	-2.338806
3340	0.343606
3352	0.528499
3355	-0.149054
3356	-0.018318
3365	0.897079
3366	0.398096
3367	-0.117668
3368	0.464125
3401	-1.048449
3405	0.359430
3434	-1.127771
3448	0.196643
3454	-1.031574
3481	-0.544884
3495	-0.262940
3504	-0.471750
3532	-2.199638
3540	-0.405042
3549	-1.973340
3550	-2.219702
3569	-0.396360
3595	0.619284
3596	-0.315547
3603	-0.470695
3621	-0.085041
3622	0.786432
3647	0.475608
3649	0.514340
3651	-0.434512
3652	-1.084987
3723	-0.056782
3757	1.777863
3772	0.094303
3787	0.158615
3798	-1.373278
3799	0.114756
3889	-0.837858
3897	0.127506
3898	-1.564635
3904	0.087589
3945	0.579553
3990	0.349156
4024	0.403794
4039	1.427945
4048	-1.105065
4050	-0.349149
4076	-1.860905
4094	1.298818
4170	0.976939
4251	0.721804
4252	0.783587
4299	1.213135
4302	0.950436
4318	1.429978
4319	0.706429
4320	0.626269
4360	-1.547416
4388	-0.306328
4414	-0.559727
4426	-2.147394
4446	0.277089
4527	-1.348931
4545	-0.427960
4546	-0.335529
4554	-0.791102
4564	0.284431
4567	0.623646
4634	2.096601
4693	1.167079
4736	1.580918
4761	-1.370983
4879	1.431268
5071	-0.692302
5138	0.303179
5164	-1.703179
5182	-0.832732
5183	-1.560681
5184	0.734152
5187	0.411637
5188	1.316886
5189	0.322089
5193	0.477184
5194	0.174311
5195	1.186645
5197	0.687424
5203	0.602856
5205	0.906254
5212	-0.087878
5213	-0.174137
5222	-1.132290
5223	-1.406900
5228	-0.748148
5232	0.334811
5244	0.534102
5245	0.585413
5246	0.392674
5248	0.573287
5292	0.799254
5293	0.705915
5299	0.463251
5300	1.217506
5315	-0.422409
5316	-0.122867
5319	-0.142632
5320	-0.173443
5321	0.172548
5322	0.460609
5323	0.633908
5324	-0.528390
5325	-0.939511
5329	1.105685
5342	0.030000
5343	0.682471
5374	0.828736
5376	1.112734
5378	0.093838
5379	1.848764
5382	0.901307
5390	-0.166969
5398	0.596699
5402	-0.330290
5404	-0.846108
5407	0.468252
5408	-0.597326
5409	0.017120
5411	0.170128
5412	0.695865
5413	-0.179614
5416	-0.403837
5418	0.466980
5422	0.337368
5425	-0.060110
5427	0.114726
5428	-0.300313
5432	0.345968
5436	-0.909790
5443	-0.911684
5444	0.560841
5458	0.522076
5462	-1.981261
5465	0.213849
5468	0.431982
5471	0.253034
5480	0.445801
5481	0.054242
5485	0.515383
5486	1.189145
5488	-0.602756
5489	-0.138689
5495	0.029855
5513	0.998515
5515	-0.482425
5516	-0.052451
5521	0.646573
5527	0.996168
5528	0.342389
5536	0.446170
5537	1.149504
5547	0.270482
5565	1.030532
5573	0.529675
5579	0.259859
5583	-0.396807
5586	0.689744
5589	0.015592
5590	0.338812
5593	-0.578051
5599	0.338463
5604	-0.009945
5605	0.201732
5606	0.225720
5625	-0.959278
5649	0.715774
5656	-0.615038
5657	-1.427652
5658	-1.660597
5686	0.145679
5695	0.277936
5705	0.323526
5706	0.678843
5716	0.114433
5717	-0.449390
5718	-0.664046
5719	2.457992
5720	-0.610334
5724	0.669394
5738	-1.062446
5742	0.302804
5750	-1.060510
5751	0.340549
5756	0.147747
5761	0.771399
5768	0.323767
5773	0.533329
5792	0.211092
5793	-0.324916
5794	-0.332106
5806	0.420299
5811	-0.025384
5812	-0.255997
5813	-0.786919
5814	-0.323433
5821	0.378086
5823	-0.381487
5825	-0.738192
5831	0.925937
5832	0.992924
5833	1.322886
5847	0.267463
5849	0.445106
5851	-0.596000
5854	0.481852
5858	0.078471
5862	0.244681
5875	0.459661
5876	-0.884292
5903	0.275875
5910	-0.225147
5912	0.265707
5913	-0.884138
5925	-0.266127
5926	-1.064456
5927	-0.896084
5928	-0.237961
5930	0.491261
5931	0.285002
5933	3.095856
5934	-0.957578
5937	-0.998442
5939	0.380110
5940	0.433308
5941	2.685200
5943	2.645396
5963	0.442046
5964	-1.061578
5965	-0.202093
5966	0.186957
5968	0.601297
5969	-0.648452
5970	-0.378972
5971	-0.188170
5975	1.339108
6006	2.351111
6011	1.846291
6017	-0.704595
6019	-0.232765
6022	-0.743948
6032	0.345818
6095	-0.596687
6115	-1.819307
6116	-0.144107
6119	-0.471002
6127	-1.112334
6128	-2.300899
6130	-0.902667
6140	0.506461
6141	-1.062202
6147	-1.470943
6148	-1.730408
6163	-0.247111
6164	-0.063473
6170	-0.047851
6171	-1.276953
6177	-0.776823
6184	0.192161
6200	-0.967045
6204	0.812924
6206	-0.086995
6223	-0.841585
6240	-1.707533
6245	0.751675
6253	-0.453089
6267	0.386327
6269	-0.189350
6290	0.298644
6303	0.471481
6317	0.373945
6343	0.038490
6350	0.351890
6360	1.489371
6367	0.458877
6383	0.058521
6389	0.315993
6397	-0.055907
6398	0.607114
6406	2.672877
6407	0.481644
6412	-0.115717
6413	0.054886
6434	-0.735149
6435	-0.521417
6460	-0.039907
6463	-1.327806
6464	-1.143147
6489	1.124106
6507	-1.900927
6510	0.789511
6516	0.784813
6518	-1.294877
6522	0.913135
6523	0.330076
6524	0.326567
6525	1.252500
6531	0.038003
6536	0.561348
6575	0.584118
6584	0.011515
6585	-0.194084
6586	-0.515948
6594	-0.407274
6595	0.921659
6610	-0.836019
6612	0.168543
6615	-0.568500
6624	-0.197270
6628	-1.039667
6649	0.443904
6698	1.155697
6706	1.234015
6718	1.199625
6719	0.924517
6722	-0.184560
6770	-0.102389
6780	-0.537004
6781	-0.490163
6794	0.429337
6795	0.108078
6796	-0.293289
6799	-0.809343
6809	0.274948
6837	-1.856488
6838	-0.639377
6839	0.152932
6846	0.311204
6865	-0.408465
6869	-0.352041
6870	-0.890489
6871	-0.609281
6873	-0.257917
6876	-0.212759
6885	0.030580
6895	-0.092955
6896	-0.585593
6897	-0.334061
6900	-0.390785
6903	-0.125355
6906	-0.518677
6916	-1.170880
6917	-0.411662
6918	-1.014404
6919	0.796263
6938	0.573948
6941	0.492190
6942	0.483577
6943	2.105386
6944	1.674071
6948	0.672446
6953	0.772798
6957	-0.326553
6958	0.524425
6970	0.091673
6971	-0.208416
6976	-0.157708
6977	0.237877
6990	0.841904
7014	-0.285303
7015	0.263406
7016	0.736172
7018	-0.918578
7019	-1.043017
7042	0.012451
7053	-0.417010
7066	0.217220
7067	1.272090
7083	-1.020851
7092	-0.535921
7100	0.012594
7103	0.492709
7110	0.391944
7111	0.405823
7112	-0.512361
7113	0.883027
7116	0.955343
7119	0.331882
7120	1.680710
7121	0.327437
7122	-0.013741
7140	0.020742
7143	1.106374
7157	0.443934
7165	0.447105
7175	0.374468
7178	2.333868
7206	-0.070881
7207	-1.049509
7217	-0.608617
7218	-0.489963
7221	-1.645650
7227	-0.035012
7230	1.783445
7236	0.444587
7239	-0.635689
7242	0.439208
7260	-0.237681
7268	0.292350
7269	0.230755
7304	0.318566
7326	-0.576731
7327	-0.024928
7336	-0.424960
7342	-0.034629
7346	0.419292
7348	2.788172
7355	1.325110
7361	0.633707
7372	-0.069540
7387	-0.415539
7422	0.660085
7423	-0.661259
7425	-0.074391
7436	0.142528
7442	0.421016
7446	3.157324
7448	0.025636
7453	0.421565
7463	0.794517
7492	0.708287
7493	-0.016522
7494	-0.590207
7495	-0.288220
7518	0.446787
7520	0.928943
7540	1.025847
7546	1.376203
7556	-0.332121
7559	-1.570510
7560	0.589721
7561	0.879751
7564	-0.094388
7575	0.119833
7583	0.873525
7585	0.371825
7586	-1.040048
7599	0.028804
7600	0.302046
7606	-0.161029
7614	0.692760
7617	0.803407
7622	-0.618854
7629	-0.974132
7637	-0.672578
7640	0.128704
7657	1.060625
7665	0.738356
7666	-0.140628
7667	0.321867
7668	0.549816
7669	0.559742
7670	-0.595714
7671	0.241799
7681	0.918626
7683	1.050367
7684	0.136187
7696	-0.320617
7722	-0.531901
7723	0.507521
7799	-1.562345
7852	-0.481515
7859	0.280770
7860	-0.361040
7861	-0.605259
7865	-1.102795
7875	-0.817381
7876	-0.463447
7895	-0.275051
7913	1.021751
7917	0.466914
7952	-0.625034
7969	0.361642
7971	0.416365
8000	0.575621
8002	0.348234
8006	-0.925739
8036	1.225330
8056	0.203182
8069	0.530690
8103	1.051159
8107	-0.800455
8120	1.718845
8122	-0.811939
8125	0.039498
8127	-0.375576
8136	0.657457
8149	0.964186
8154	1.518869
8197	0.840106
8208	0.610829
8223	-0.272197
8232	-0.246228
8241	-0.972182
8256	0.003878
8262	-0.401790
8266	-0.233115
8267	-1.108828
8268	-0.874534
8269	-0.747194
8271	-0.976388
8273	0.934726
8280	-1.558167
8284	-1.984148
8303	-1.029914
8304	0.115526
8305	0.339020
8308	-0.119118
8332	-2.415041
8333	0.501108
8334	0.272591
8338	-0.128439
8363	1.087669
8370	0.466835
8398	-0.294222
8465	1.392081
8468	-1.004726
8469	-1.667850
8470	-1.594582
8507	-0.459316
8552	-0.654350
8572	-1.255878
8574	-0.831708
8577	0.244459
8586	-1.473755
8592	-1.944763
8593	-1.261760
8594	-1.728895
8597	-0.561190
8599	-1.941389
8606	0.091930
8607	0.921668
8615	0.172782
8617	0.135758
8626	-2.443620
8636	-0.612771
8669	0.107562
8671	-0.482563
8673	0.738654
8675	-0.376508
8790	-1.256565
8791	-1.050350
8811	0.001031
8822	0.426939
8841	-0.019918
8849	2.065418
8856	0.168938
8875	0.591773
8884	0.068579
8906	-0.963431
8907	-0.828346
8910	-0.224166
8911	-0.600540
8912	-0.769236
8913	0.098989
8934	0.320309
8935	-0.100081
8954	1.139081
8968	-1.658993
8972	-1.905458
9001	0.023964
9029	0.344771
9032	-0.499840
9058	1.237471
9059	-1.510552
9068	0.040986
9070	0.862322
9108	0.646249
9139	-0.579259
9140	-0.761837
9158	-0.676765
9187	0.700001
9188	-1.927157
9189	0.097469
9190	-1.992281
9253	-1.463030
9259	-0.672858
9268	-0.888674
9269	-2.052563
9271	-2.538086
9312	0.849346
9323	-1.441174
9329	-1.835216
9330	-1.886345
9331	-2.857324
9356	-2.504952
9376	1.314903
9394	-1.089563
9424	-0.532558
9428	-0.612900
9429	-0.619318
9496	-0.712124
9536	-0.955063
9543	-0.006758
9589	0.176157
9614	-0.551141
9615	-0.715688
9617	-1.848230
9631	0.514056
9661	-0.220464
9668	0.854899
9718	3.531858
9728	0.917162
9734	-0.699384
9788	0.714805
9791	-0.336392
9793	0.776534
9804	-0.458701
9809	0.162241
9810	0.015368
9823	-1.683984
9828	-0.117044
9907	-0.542682
9951	0.940575
9968	-0.867899
9969	-1.110251
10010	-0.310304
10011	-1.234735
10012	-0.380833
10018	-1.231180
10021	0.298140
10022	-0.918993
10031	-0.064615
10032	-1.109778
10033	-0.225476
10034	-0.658574
10035	-0.137493
10039	-0.526545
10044	-0.882503
10045	-1.143027
10060	0.118453
10065	0.793227
10077	0.563270
10080	0.342522
10130	0.199610
10131	0.366605
10149	0.407764
10194	-0.134813
10197	0.411129
10221	-0.100348
10226	0.766576
10232	-0.356748
10233	0.011655
10263	-1.535391
10264	-1.728420
10274	-0.510163
10286	0.677480
10292	0.662565
10299	-0.738213
10302	-0.992736
10324	0.087911
10355	0.599592
10358	-1.638528
10362	2.104224
10366	1.562357
10368	0.248521
10370	0.033296
10392	-0.756595
10405	-0.141640
10406	-0.487329
10409	-0.384224
10419	0.076850
10420	-1.018464
10424	-0.207759
10434	1.218488
10455	-0.457073
10478	0.304940
10480	-0.324479
10484	-0.246102
10510	1.001934
10519	-0.957801
10520	-1.190836
10524	1.012517
10578	-0.327277
10630	-0.737511
10643	-0.523658
10645	0.224751
10677	-0.702507
10678	-0.754919
10690	-0.749429
10717	-0.744617
10718	-0.644431
10719	-0.396105
10721	-0.976850
10723	-0.834494
10735	-0.837589
10736	-1.027494
10829	-0.286522
10837	-0.393357
10846	-2.413884
10921	0.215785
10922	-0.434405
10923	0.901716
10924	0.686434
10964	0.108181
10978	-0.536914
11017	1.015132
11018	1.407140
11019	0.570524
11032	-0.542658
11034	-1.210023
11035	-0.803130
11036	-0.979013
11052	0.805157
11056	0.723306
11060	-0.366982
11063	-0.205894
11064	0.689686
11068	-0.346203
11069	0.124829
11090	-1.508450
11098	-0.871882
11099	-1.006619
11100	-1.180540
11105	-1.563294
11109	-0.242805
11122	0.051245
11123	0.074281
11125	-1.211666
11126	-1.160003
11149	-1.138872
11153	-0.641407
11188	-0.773801
11193	-0.766355
11230	-1.475856
11233	-1.571874
11236	-0.012984
11243	0.446417
11251	-1.323730
11259	3.738972
11263	0.317264
11272	-2.386884
11321	1.018232
11322	-0.481289
11326	-1.176872
11327	-0.248887
11335	0.315620
11337	-0.536410
11343	-1.223271
11390	-0.867304
11444	1.259132
11464	-0.117120
11471	-0.617105
11472	-1.006547
11473	0.652672
11492	-0.685481
11499	-0.963334
11500	0.808351
11505	-0.389147
11527	-2.589017
11528	-2.761749
11532	-1.246277
11564	1.054369
11589	0.211377
11591	0.663966
11592	-0.473517
11599	-1.052520
11605	-0.205031
11617	-0.100712
11630	-1.205279
11631	1.063683
11632	-0.844330
11656	-0.542906
11657	-0.643397
11777	-0.256130
11786	0.613561
11812	-0.612821
12020	0.322030
12061	-0.647767
12115	0.115915
12154	-0.793255
12155	0.631769
12156	0.560923
12159	-0.360919
12174	-0.493009
12176	-2.444019
12230	-0.162673
12234	-0.928275
12236	-0.806324
12237	-0.117887
12250	1.544171
12252	0.137490
12253	-1.786113
12315	-1.787600
12381	3.139877
12382	3.696219
12438	0.095827
12455	0.274565
12462	1.248332
12478	-0.213314
12603	-1.322781
12711	0.015725
12714	-0.407862
12716	-1.520656
12754	-0.494589
12785	-0.473764
12788	0.164763
12792	-1.403755
12898	0.313649
12944	-0.858100
12949	-0.401735
13062	-2.051790
13099	-0.055773
13160	-0.752628
13198	1.146583
13239	-0.110781
13249	-0.778303
13262	-0.084239
13263	0.363101
13272	-0.668816
13273	-1.500377
13277	0.272610
13305	0.928383
13342	0.107391
13343	0.819974
13345	2.192018
13351	0.680619
13357	0.906931
13427	1.197857
13436	1.560985
13455	-1.170644
13528	1.938018
13532	-0.888419
13553	-1.502470
13566	0.963973
13651	-0.222048
13653	-1.335210
13675	0.431848
13676	0.083250
13677	-0.908299
13678	0.503120
13681	-0.698477
13688	0.760121
13697	-0.537872
13705	-0.678339
13708	-1.079997
13737	-0.840625
13760	-0.098361
13923	-0.157486
13927	0.202416
13995	-0.109684
14002	-0.073749
14003	-1.189436
14021	-0.166138
14034	0.503371
14064	1.117944
14110	-0.560261
14155	0.508980
14203	-0.868638
14208	0.035608
14340	-0.400870
14356	0.778787
14389	-0.603850
14499	0.871192
14625	-1.334394
14632	-0.092726
14637	-1.544518
14641	-0.255993
14685	0.522518
14694	1.022498
14695	0.620404
14699	-1.719432
14700	-1.143968
14749	0.165659
14760	1.104967
14790	-1.773090
14791	-1.515599
14796	-0.565575
14797	-0.802178
14891	-1.986561
14927	0.227195
15099	-1.048223
15182	0.604333
15243	-3.229939
15245	-1.170438
15254	-0.423198
15322	-0.349691
15327	-0.229535
15463	-0.891235
15496	-0.788478
15499	-1.759359
15502	-0.888760
15514	0.990376
15566	-0.046209
15580	-0.445325
15583	-0.305296
15586	0.870946
15601	0.962909
15621	-0.099570
15780	0.788759
15869	-1.354336
16082	0.140495
16281	1.257003
16293	-0.192927
16300	-2.258942
16304	-2.194558
16360	-0.172909
16361	-1.224607
16367	-0.102844
16432	-0.727334
16433	-0.382486
16438	-0.102249
16446	-0.026679
16453	-0.400374
16463	-0.482778
16466	0.259089
16477	0.109261
16482	0.125348
16605	-0.704255
16606	0.422497
16635	-0.559349
16638	0.221266
16655	-0.144550
16673	0.312997
16676	-0.594698
16677	-0.562603
16678	0.370571
16808	-0.042906
16829	-0.716446
17150	-0.171978
17182	-2.612422
17199	-1.555055
17273	-1.008716
17431	-1.652084
17466	0.484470
17472	-0.475156
17485	-1.042172
17585	1.075866
17620	-0.009079
17647	0.166392
17690	0.962025
17772	-0.611998
18410	0.705338
19647	-0.394245
21458	-1.018283
21885	-0.020267
21973	1.321042
21976	0.371499
21977	0.132926
22084	0.236742
23475	0.710402
23754	-0.339185
23764	0.267589
24372	0.558792
24918	0.367686
24944	-1.577521
25022	-0.516783
25140	1.379218
26484	-0.940638
27764	0.581729
28424	-0.299190
28845	-0.041681
29861	0.165380
30684	0.626394
31288	-0.270173
31704	0.131329
32421	-1.397300
32520	-0.038657
32893	-0.760703
34340	1.174492
35227	0.982983
35334	2.476568
36499	0.448290
36843	-0.555138
36844	-0.405297
36955	1.672229
36970	1.485307
39336	-0.057353
39353	2.745337
40538	-0.217237
40541	-0.237403
40542	-0.486177
40599	-1.289145
40601	-0.537628
40602	-1.005483
40656	-0.733444
40657	-0.590248
42157	-0.183993
42203	-0.882370
42204	-2.603759
42851	1.986646
43061	1.140942
44144	-0.719012
45195	0.984327
47030	-0.064699
47285	-1.334146
47317	-0.473059
47457	-0.427973
47460	-0.458983
48147	-0.117472
48297	0.704580
48474	-0.527509
48696	-0.018389
49516	0.078587
49630	-0.005303
49927	-0.031198
50199	-0.207756
50249	1.222329
50259	1.334979
50904	-0.376209
53231	-2.505037
53471	2.378888
53531	0.221742
53986	2.721747
55057	-0.852833
56431	1.150545
56432	1.198494
56466	-0.680821
56478	0.631561
56621	-1.151044
57644	-0.641335
57756	-0.434228
58783	-0.566833
59657	-0.387085
59715	1.278214
64825	-1.143691
64947	0.142337
65950	-0.544881
70102	1.155114
75003	-0.108061
75099	0.005155
75742	-0.340692
75823	1.034812
75824	-0.061703
78157	-2.014883
78181	0.806150
78191	-0.230348
80479	0.564314
80480	-0.207197
80715	-3.311500
80719	-2.588207
80750	-0.604165
81231	0.674746
84436	0.155605
84780	0.253100
84844	2.796784
85002	-0.571825
85003	-1.376019
85659	-0.933400
85663	-1.590735
85710	-1.163401
92185	-0.555874
96142	0.741958
96144	0.568207
96482	-0.157502
98871	-1.100589
