# 1342 minima projected onto PC105
# Min	PC
3	0.011257
4	0.023912
5	0.024286
6	-0.000501
7	0.028060
9	-0.012342
16	0.018929
17	-0.006009
21	-0.017814
23	-0.004711
31	0.008825
44	-0.012742
47	-0.012672
48	0.014797
51	0.015729
52	0.011749
55	-0.067064
56	0.018404
57	-0.013994
58	-0.016628
60	0.001161
67	-0.012014
68	-0.019464
71	-0.007956
72	-0.028302
74	-0.013958
79	0.024038
82	0.001796
85	-0.012869
86	-0.031335
87	0.015375
88	-0.015375
91	-0.052025
92	-0.012229
94	0.020691
95	0.007601
97	-0.017266
104	-0.060520
106	0.015081
109	-0.013959
111	-0.018988
115	0.061648
120	-0.012126
126	-0.005171
129	-0.020499
136	0.021291
137	-0.017252
188	0.011653
189	-0.010988
196	0.046961
199	-0.019743
200	-0.000873
202	-0.002233
211	-0.032573
213	-0.016495
214	-0.014801
219	-0.036126
221	-0.014909
276	0.002030
279	0.005504
283	-0.033886
295	0.011543
308	0.031132
312	-0.011541
315	0.034284
318	-0.047210
319	0.013648
321	-0.043868
324	0.023127
328	0.012998
334	-0.014287
336	-0.012059
338	0.025298
347	0.008457
351	-0.056003
352	-0.010437
354	-0.029810
357	0.070726
359	-0.030824
362	-0.034868
364	0.041104
365	0.032385
368	-0.011628
376	0.029914
377	0.023490
380	0.013720
386	-0.017581
388	-0.000424
390	-0.019786
396	-0.002461
404	0.004881
410	-0.035463
413	-0.016299
420	-0.009518
423	-0.027851
424	-0.030433
437	-0.021345
438	0.013445
444	0.041770
452	-0.014309
473	-0.030988
474	0.002120
475	0.031698
476	0.012408
478	0.001198
479	-0.040071
480	-0.004025
483	-0.030992
503	0.002113
508	0.011445
509	-0.015393
530	0.058227
536	0.021139
556	0.022435
581	-0.028032
583	0.000835
603	-0.000006
606	0.002861
607	0.028898
620	0.026037
628	-0.008933
636	0.024942
637	-0.101519
639	0.031938
640	0.023373
644	-0.034953
645	-0.034012
677	0.006650
678	0.014243
679	0.008200
682	0.014780
698	-0.022286
700	0.010123
710	-0.014208
722	0.005932
723	-0.023330
724	0.006794
725	0.014705
726	0.027083
747	-0.027488
753	0.048086
755	0.066103
757	0.009407
765	0.009486
782	0.033505
783	-0.041363
793	0.052832
808	0.008916
814	0.097695
840	0.036509
848	-0.027009
859	-0.004503
864	0.011464
867	0.002099
878	-0.007119
888	-0.002018
890	-0.018390
892	0.030711
899	0.010525
918	-0.012117
926	0.014458
933	0.012488
934	-0.026534
981	0.011222
1028	0.004378
1034	-0.027209
1051	-0.035738
1054	-0.010731
1058	0.099859
1062	-0.009029
1063	0.006247
1064	-0.013638
1066	0.030011
1068	-0.018736
1073	-0.016509
1082	0.007662
1083	-0.014355
1086	-0.007582
1089	0.033817
1090	0.042698
1091	-0.006361
1092	0.004148
1164	-0.017277
1165	0.008143
1174	-0.148356
1176	-0.021050
1184	0.000744
1191	0.013704
1192	0.011390
1201	0.018850
1230	-0.038260
1339	0.009103
1341	-0.025053
1370	-0.022619
1385	0.036828
1405	-0.044688
1437	-0.001234
1441	-0.001151
1443	0.016403
1521	-0.001711
1522	-0.016204
1523	-0.018034
1524	-0.014362
1525	0.001498
1541	0.007337
1542	-0.020879
1550	0.020541
1551	0.005851
1596	-0.008517
1597	0.032231
1628	-0.021003
1629	0.001834
1633	-0.006444
1636	0.002528
1637	-0.056768
1765	-0.016693
1766	-0.030213
1780	-0.024120
1862	-0.007273
1865	-0.013913
1870	-0.005485
1885	-0.074693
1910	0.003913
1911	0.010537
2007	0.026711
2060	0.033636
2062	-0.066108
2090	-0.057807
2093	0.018212
2094	0.038499
2095	-0.013297
2096	-0.013043
2100	-0.000261
2101	-0.003199
2102	0.012486
2103	0.003564
2104	0.019308
2105	0.055825
2128	0.002434
2129	-0.037894
2135	-0.037959
2190	0.006010
2195	0.023782
2197	0.010394
2198	-0.029412
2199	0.028817
2200	0.049814
2201	0.062642
2202	-0.037630
2205	0.045165
2217	-0.001640
2218	-0.066291
2221	-0.070253
2272	0.003959
2273	-0.006114
2275	-0.006601
2288	-0.017074
2293	-0.007176
2298	0.002531
2299	0.021106
2300	-0.006923
2301	0.021238
2338	0.015796
2342	-0.009230
2343	-0.038351
2358	-0.019200
2384	0.001070
2385	0.005046
2399	0.030672
2435	0.025791
2436	-0.019558
2465	0.010697
2467	0.079327
2468	0.003437
2469	0.025065
2470	-0.014860
2471	0.023595
2474	0.074284
2620	0.004638
2650	0.008723
2651	0.006328
2685	0.023535
2688	-0.028011
2730	0.087984
2843	0.027485
2951	-0.028156
2959	0.016890
3236	-0.013278
3305	-0.008090
3318	0.014303
3340	-0.011496
3352	0.029869
3355	-0.061935
3356	-0.004990
3365	-0.009365
3366	-0.010694
3367	0.007805
3368	0.004093
3401	-0.001593
3405	-0.103034
3434	0.000138
3448	0.013778
3454	0.029571
3481	0.025223
3495	-0.016011
3504	-0.006279
3532	0.004894
3540	0.000048
3549	0.044618
3550	0.020849
3569	0.019962
3595	-0.026888
3596	-0.032120
3603	0.015865
3621	-0.019813
3622	0.007731
3647	-0.011533
3649	0.018370
3651	0.032687
3652	0.012684
3723	0.002405
3757	-0.000565
3772	0.012599
3787	0.008936
3798	-0.037690
3799	0.038224
3889	0.029122
3897	-0.004961
3898	0.017502
3904	-0.003350
3945	-0.010163
3990	-0.021710
4024	-0.028490
4039	0.016507
4048	0.024359
4050	0.032216
4076	0.054108
4094	-0.030208
4170	-0.014488
4251	-0.012347
4252	0.006161
4299	0.019972
4302	-0.013323
4318	-0.008086
4319	-0.022258
4320	0.021562
4360	-0.026462
4388	0.019390
4414	-0.016472
4426	0.026248
4446	-0.015595
4527	0.028053
4545	-0.007934
4546	0.035693
4554	-0.080077
4564	-0.003117
4567	-0.036400
4634	-0.045532
4693	-0.003871
4736	-0.006302
4761	-0.012904
4879	0.032687
5071	-0.034265
5138	-0.033991
5164	0.002240
5182	-0.023010
5183	-0.048399
5184	0.028659
5187	0.022975
5188	-0.010087
5189	-0.008485
5193	0.017035
5194	0.009511
5195	-0.006364
5197	-0.065523
5203	-0.018092
5205	0.013501
5212	-0.021271
5213	0.000194
5222	0.027712
5223	-0.054366
5228	-0.002451
5232	-0.014852
5244	-0.023692
5245	-0.021554
5246	0.015290
5248	0.008418
5292	-0.006166
5293	-0.082420
5299	0.080528
5300	-0.000363
5315	0.004011
5316	-0.043598
5319	0.002940
5320	0.013034
5321	-0.002897
5322	-0.058592
5323	-0.009846
5324	0.000557
5325	-0.007659
5329	0.081301
5342	0.004439
5343	0.016288
5374	-0.016569
5376	-0.024778
5378	-0.012085
5379	0.001105
5382	-0.008290
5390	0.021666
5398	-0.012088
5402	0.012749
5404	-0.041814
5407	-0.003495
5408	0.025706
5409	-0.009730
5411	0.001168
5412	-0.020673
5413	0.031319
5416	0.041644
5418	0.025349
5422	-0.003699
5425	0.021576
5427	0.030228
5428	-0.037230
5432	0.003029
5436	-0.003509
5443	-0.032369
5444	-0.030541
5458	0.031625
5462	0.037488
5465	0.042129
5468	-0.024692
5471	0.028889
5480	0.019232
5481	-0.038098
5485	0.017686
5486	0.008388
5488	-0.027363
5489	-0.022028
5495	-0.000892
5513	-0.021979
5515	0.021753
5516	0.010889
5521	-0.042633
5527	-0.014459
5528	-0.042930
5536	-0.015029
5537	-0.033116
5547	-0.004516
5565	0.012892
5573	0.031997
5579	-0.047343
5583	-0.018291
5586	-0.008914
5589	0.008015
5590	0.022056
5593	0.017779
5599	0.067582
5604	-0.048923
5605	-0.007421
5606	0.026335
5625	0.004469
5649	0.013747
5656	0.016615
5657	-0.042431
5658	0.003395
5686	0.047993
5695	-0.014197
5705	0.000741
5706	0.033406
5716	0.006689
5717	0.042147
5718	0.011104
5719	-0.007265
5720	-0.036286
5724	-0.028526
5738	0.022998
5742	0.054620
5750	0.026367
5751	0.008887
5756	-0.012194
5761	-0.025657
5768	-0.022777
5773	-0.006699
5792	0.035600
5793	-0.019023
5794	0.027322
5806	-0.009306
5811	0.008849
5812	0.023941
5813	0.033346
5814	0.011357
5821	-0.010667
5823	0.012966
5825	0.023834
5831	-0.033263
5832	-0.036091
5833	-0.026744
5847	-0.008557
5849	0.037610
5851	-0.052198
5854	-0.023082
5858	0.016275
5862	-0.017609
5875	0.003756
5876	0.017191
5903	0.009817
5910	0.003489
5912	0.057065
5913	0.089567
5925	0.006602
5926	0.009747
5927	-0.037201
5928	0.028013
5930	0.028781
5931	0.037444
5933	0.050708
5934	0.016467
5937	0.017639
5939	-0.020542
5940	0.041508
5941	0.001302
5943	0.014185
5963	0.026315
5964	0.011039
5965	-0.001104
5966	-0.008218
5968	0.015188
5969	0.018419
5970	0.013201
5971	-0.001560
5975	0.008647
6006	-0.001239
6011	0.027072
6017	-0.002879
6019	0.056318
6022	-0.009963
6032	-0.012837
6095	0.017472
6115	-0.012645
6116	-0.016125
6119	-0.001444
6127	-0.003401
6128	-0.032426
6130	-0.006128
6140	0.006693
6141	0.021521
6147	0.029569
6148	0.008174
6163	-0.010818
6164	0.028268
6170	0.007010
6171	-0.010604
6177	-0.006635
6184	-0.012075
6200	0.026906
6204	0.020628
6206	0.037676
6223	-0.011511
6240	-0.007238
6245	0.019877
6253	-0.038917
6267	0.025685
6269	-0.044175
6290	0.044690
6303	0.008184
6317	0.034318
6343	0.016128
6350	0.036632
6360	-0.075035
6367	-0.015688
6383	-0.009441
6389	-0.016986
6397	0.007303
6398	0.029367
6406	0.002215
6407	-0.033044
6412	0.007976
6413	0.029754
6434	-0.022218
6435	-0.021870
6460	0.004885
6463	-0.025937
6464	-0.018107
6489	-0.015294
6507	0.008161
6510	-0.035460
6516	0.033122
6518	-0.057290
6522	0.011379
6523	0.009202
6524	-0.025856
6525	-0.017790
6531	0.046132
6536	-0.012322
6575	0.007492
6584	-0.005646
6585	0.006594
6586	-0.028184
6594	-0.009093
6595	-0.037461
6610	-0.049291
6612	0.004387
6615	-0.034995
6624	0.031242
6628	0.006246
6649	-0.009252
6698	-0.019351
6706	0.001623
6718	-0.046528
6719	-0.007366
6722	0.012170
6770	-0.000833
6780	0.033312
6781	0.042091
6794	0.033159
6795	0.047102
6796	0.052519
6799	0.028530
6809	0.011885
6837	-0.082563
6838	-0.073324
6839	0.005003
6846	0.019917
6865	0.037999
6869	-0.012324
6870	0.006555
6871	-0.006148
6873	0.013517
6876	0.004746
6885	-0.010289
6895	0.011614
6896	-0.042543
6897	0.020966
6900	0.020982
6903	0.013792
6906	0.006939
6916	0.050693
6917	0.015350
6918	-0.034801
6919	0.018475
6938	-0.002763
6941	-0.033467
6942	-0.005444
6943	-0.014035
6944	0.024113
6948	-0.053092
6953	-0.013941
6957	0.035141
6958	-0.004428
6970	0.026485
6971	-0.015295
6976	-0.009431
6977	-0.007363
6990	0.016079
7014	0.019081
7015	0.007367
7016	-0.001275
7018	-0.001913
7019	-0.000848
7042	-0.049139
7053	0.025585
7066	-0.010116
7067	-0.034601
7083	0.043502
7092	0.004689
7100	-0.006369
7103	0.006754
7110	0.003873
7111	-0.025150
7112	-0.021772
7113	0.012626
7116	-0.015741
7119	0.002619
7120	0.015501
7121	0.005957
7122	0.050315
7140	-0.013222
7143	0.031874
7157	0.011909
7165	0.011278
7175	-0.004922
7178	0.008886
7206	0.042275
7207	0.068547
7217	0.007545
7218	-0.011503
7221	-0.010210
7227	0.007352
7230	0.015183
7236	-0.012729
7239	0.033498
7242	-0.000752
7260	0.005490
7268	0.016469
7269	0.011936
7304	-0.009999
7326	-0.003301
7327	-0.097142
7336	-0.025593
7342	-0.007436
7346	-0.049427
7348	-0.058204
7355	-0.055702
7361	0.007394
7372	-0.037292
7387	0.000748
7422	-0.019085
7423	-0.040027
7425	-0.016300
7436	-0.020811
7442	0.022843
7446	0.072300
7448	-0.014669
7453	-0.026235
7463	-0.015115
7492	-0.002110
7493	-0.036732
7494	-0.063423
7495	-0.040727
7518	-0.015300
7520	-0.004022
7540	-0.002231
7546	0.010925
7556	-0.006317
7559	0.032042
7560	0.005291
7561	0.003369
7564	0.071340
7575	-0.001880
7583	-0.005294
7585	-0.018370
7586	-0.000370
7599	-0.051695
7600	-0.074091
7606	-0.053060
7614	-0.005640
7617	-0.022396
7622	0.026611
7629	0.024653
7637	0.008134
7640	0.005029
7657	0.014571
7665	0.009296
7666	-0.016283
7667	-0.025425
7668	0.032067
7669	-0.009394
7670	0.055476
7671	0.008094
7681	-0.030805
7683	-0.002445
7684	0.026309
7696	0.018435
7722	0.027812
7723	0.008568
7799	-0.029786
7852	0.039736
7859	0.001588
7860	-0.029871
7861	-0.006396
7865	0.037457
7875	-0.043034
7876	-0.015960
7895	0.022619
7913	0.004720
7917	0.086258
7952	0.044027
7969	-0.035438
7971	0.003287
8000	-0.002545
8002	0.003666
8006	0.079412
8036	-0.017841
8056	-0.026640
8069	-0.042018
8103	0.017303
8107	-0.015898
8120	0.011058
8122	0.027116
8125	0.015852
8127	0.064466
8136	-0.032992
8149	-0.035768
8154	-0.004672
8197	-0.004696
8208	0.020272
8223	0.045881
8232	-0.009047
8241	0.022368
8256	0.042084
8262	0.044067
8266	0.006279
8267	0.016602
8268	-0.024589
8269	-0.014343
8271	0.024761
8273	0.009672
8280	-0.017860
8284	-0.013571
8303	0.030614
8304	-0.006678
8305	-0.011760
8308	-0.014355
8332	-0.044462
8333	0.004910
8334	0.025117
8338	-0.018225
8363	-0.025975
8370	-0.030555
8398	0.002414
8465	-0.009771
8468	0.000275
8469	0.012254
8470	-0.001127
8507	0.011055
8552	0.011896
8572	-0.001916
8574	0.009194
8577	0.047540
8586	-0.008520
8592	-0.046897
8593	0.016746
8594	0.013221
8597	0.018203
8599	0.000942
8606	-0.026889
8607	-0.001673
8615	0.025347
8617	0.020444
8626	-0.041705
8636	-0.014898
8669	-0.068349
8671	-0.021681
8673	0.020813
8675	0.042284
8790	-0.011412
8791	-0.030351
8811	0.038254
8822	0.011601
8841	-0.006256
8849	-0.015709
8856	0.010882
8875	-0.007820
8884	-0.049677
8906	-0.036893
8907	0.000846
8910	-0.019365
8911	-0.026563
8912	0.005121
8913	-0.021980
8934	0.019478
8935	0.017716
8954	-0.026392
8968	0.002010
8972	-0.019836
9001	0.048099
9029	0.013556
9032	-0.052686
9058	-0.031340
9059	0.005489
9068	0.053291
9070	-0.001300
9108	0.008692
9139	-0.018990
9140	0.005080
9158	0.011254
9187	-0.002585
9188	0.017525
9189	0.028358
9190	0.010648
9253	-0.026701
9259	0.026951
9268	-0.002763
9269	0.013713
9271	0.003685
9312	0.001554
9323	-0.044119
9329	-0.046218
9330	-0.032960
9331	-0.022871
9356	-0.016183
9376	-0.024376
9394	0.022892
9424	0.004091
9428	-0.021492
9429	-0.007715
9496	-0.050844
9536	-0.002547
9543	0.010538
9589	0.000724
9614	0.005733
9615	-0.009276
9617	-0.017684
9631	0.080318
9661	-0.010143
9668	0.029648
9718	-0.051056
9728	-0.005521
9734	-0.012464
9788	0.025213
9791	0.020738
9793	0.015695
9804	0.056300
9809	0.001169
9810	0.012083
9823	0.003232
9828	-0.014300
9907	-0.035930
9951	0.006565
9968	-0.031894
9969	-0.032080
10010	-0.011415
10011	0.041228
10012	-0.031936
10018	-0.017220
10021	0.012941
10022	0.046322
10031	0.014347
10032	0.028662
10033	-0.009443
10034	-0.026619
10035	0.009302
10039	-0.016961
10044	0.009941
10045	0.022559
10060	-0.122278
10065	0.007194
10077	-0.021881
10080	0.010845
10130	0.057993
10131	0.001827
10149	0.043137
10194	0.037888
10197	0.022895
10221	-0.011857
10226	-0.001131
10232	-0.061914
10233	-0.031051
10263	-0.019102
10264	0.015618
10274	0.034382
10286	0.072593
10292	-0.051529
10299	-0.007965
10302	0.017249
10324	0.020429
10355	0.010219
10358	-0.030517
10362	-0.026671
10366	0.016040
10368	-0.037993
10370	-0.029274
10392	-0.039597
10405	0.012395
10406	0.000688
10409	-0.020109
10419	-0.021574
10420	0.005013
10424	-0.023930
10434	-0.024648
10455	-0.037252
10478	0.030694
10480	0.022972
10484	0.014161
10510	0.021283
10519	-0.068660
10520	-0.026080
10524	0.009389
10578	-0.049966
10630	-0.001903
10643	-0.008241
10645	-0.004152
10677	-0.008525
10678	0.012427
10690	-0.016216
10717	0.012722
10718	0.007787
10719	-0.039675
10721	-0.044354
10723	-0.016641
10735	-0.000313
10736	0.011917
10829	-0.032707
10837	0.039029
10846	-0.036125
10921	0.019339
10922	0.044195
10923	-0.013271
10924	-0.011937
10964	-0.020182
10978	0.022033
11017	0.067479
11018	0.028372
11019	0.009477
11032	0.075033
11034	0.008499
11035	0.011968
11036	0.068846
11052	0.000986
11056	-0.045772
11060	0.006454
11063	-0.009105
11064	-0.034122
11068	-0.022140
11069	0.003870
11090	0.007917
11098	0.060518
11099	0.003125
11100	0.004398
11105	0.006115
11109	0.016982
11122	0.024998
11123	0.029442
11125	-0.002897
11126	-0.012071
11149	-0.009432
11153	0.015810
11188	0.028363
11193	0.015330
11230	0.031396
11233	0.009792
11236	-0.082619
11243	0.037752
11251	0.006042
11259	0.029533
11263	-0.042640
11272	0.013663
11321	0.025371
11322	-0.030857
11326	0.017748
11327	-0.021420
11335	0.023854
11337	0.023982
11343	-0.005770
11390	0.025552
11444	0.000365
11464	-0.018400
11471	-0.046143
11472	-0.031376
11473	-0.014882
11492	0.007955
11499	0.039292
11500	-0.030739
11505	-0.080811
11527	-0.016039
11528	-0.021019
11532	0.018244
11564	0.020294
11589	0.004296
11591	-0.011801
11592	-0.038844
11599	-0.038935
11605	0.048576
11617	0.023436
11630	0.049293
11631	-0.016333
11632	-0.054530
11656	0.016454
11657	0.001676
11777	0.036151
11786	0.023289
11812	0.043004
12020	0.005041
12061	0.004769
12115	0.028866
12154	-0.024091
12155	0.034645
12156	0.026854
12159	0.028048
12174	0.008353
12176	-0.039927
12230	0.022166
12234	0.007789
12236	-0.034959
12237	-0.008282
12250	-0.021649
12252	-0.018005
12253	0.004582
12315	-0.007421
12381	0.050866
12382	0.046346
12438	0.032418
12455	0.022790
12462	0.032045
12478	0.024012
12603	0.016614
12711	-0.000491
12714	0.006179
12716	0.011625
12754	0.008929
12785	0.047213
12788	0.033539
12792	0.004169
12898	0.035369
12944	-0.012487
12949	-0.032711
13062	-0.098292
13099	-0.005073
13160	-0.014573
13198	-0.001754
13239	-0.007286
13249	0.030762
13262	-0.001293
13263	-0.018608
13272	-0.024200
13273	0.085031
13277	0.003407
13305	0.003244
13342	-0.019304
13343	-0.034741
13345	-0.035591
13351	-0.045919
13357	-0.007056
13427	-0.066217
13436	-0.028862
13455	-0.022719
13528	-0.033626
13532	-0.036878
13553	0.028146
13566	-0.030258
13651	-0.007441
13653	-0.044351
13675	0.008570
13676	0.004488
13677	-0.023720
13678	0.011351
13681	-0.029298
13688	-0.017807
13697	0.017319
13705	-0.002993
13708	-0.048778
13737	-0.027220
13760	-0.005101
13923	0.064228
13927	0.027926
13995	0.034450
14002	-0.012155
14003	-0.021878
14021	-0.005703
14034	0.053411
14064	0.061907
14110	-0.023707
14155	0.003909
14203	0.000886
14208	-0.001978
14340	-0.025548
14356	0.064699
14389	-0.002406
14499	0.020058
14625	0.017137
14632	-0.027293
14637	0.000901
14641	-0.027589
14685	0.038552
14694	-0.001895
14695	-0.005746
14699	0.011716
14700	-0.003077
14749	0.043739
14760	0.018111
14790	-0.004886
14791	0.010797
14796	-0.037196
14797	-0.064820
14891	-0.011095
14927	0.037923
15099	0.038687
15182	-0.034560
15243	0.020212
15245	-0.019514
15254	-0.005551
15322	0.011021
15327	-0.020838
15463	0.026394
15496	0.003849
15499	-0.035167
15502	-0.001127
15514	0.024997
15566	0.041686
15580	0.011118
15583	-0.040988
15586	0.009013
15601	0.033478
15621	0.026795
15780	0.037250
15869	0.011015
16082	0.017300
16281	-0.006694
16293	0.029202
16300	0.013914
16304	0.007174
16360	0.015650
16361	-0.042945
16367	-0.030764
16432	-0.009259
16433	-0.041229
16438	0.012168
16446	-0.015644
16453	-0.011185
16463	-0.042123
16466	0.004139
16477	-0.019449
16482	0.003952
16605	-0.019098
16606	0.083055
16635	-0.010749
16638	0.005925
16655	-0.006984
16673	0.012807
16676	0.017596
16677	0.029676
16678	0.017506
16808	0.062094
16829	0.046457
17150	0.109476
17182	0.010384
17199	0.010380
17273	-0.040315
17431	-0.005462
17466	-0.119950
17472	0.035244
17485	-0.011503
17585	-0.033088
17620	-0.044728
17647	0.045897
17690	0.032763
17772	-0.018115
18410	0.043453
19647	0.035649
21458	0.021701
21885	-0.016237
21973	-0.004072
21976	0.028757
21977	0.045268
22084	-0.021564
23475	-0.009427
23754	-0.040996
23764	0.025902
24372	-0.032088
24918	-0.047058
24944	0.005601
25022	0.110949
25140	-0.000861
26484	-0.005483
27764	0.010976
28424	-0.026541
28845	0.042597
29861	0.041879
30684	-0.010597
31288	0.057231
31704	0.036296
32421	0.005443
32520	-0.025682
32893	-0.011394
34340	-0.011707
35227	-0.084623
35334	-0.021061
36499	-0.037585
36843	0.028889
36844	0.010713
36955	0.018037
36970	0.005188
39336	-0.043889
39353	-0.080598
40538	0.004680
40541	0.014057
40542	0.002527
40599	-0.050376
40601	0.012503
40602	-0.011101
40656	0.031589
40657	0.018125
42157	0.050510
42203	0.016822
42204	-0.005316
42851	0.006513
43061	0.004663
44144	0.011809
45195	0.009439
47030	0.061140
47285	-0.111989
47317	0.002655
47457	0.010098
47460	0.035854
48147	0.012734
48297	0.068160
48474	0.007397
48696	-0.008694
49516	0.060580
49630	0.007088
49927	-0.005487
50199	0.003032
50249	0.028859
50259	0.021035
50904	-0.002629
53231	-0.040718
53471	-0.000768
53531	-0.003972
53986	-0.013831
55057	0.001319
56431	-0.041043
56432	-0.043049
56466	-0.028198
56478	0.015843
56621	0.018994
57644	0.035314
57756	-0.014448
58783	0.026312
59657	-0.006891
59715	-0.047045
64825	0.021226
64947	0.019958
65950	0.002669
70102	0.022212
75003	-0.007706
75099	-0.038223
75742	0.003194
75823	-0.025211
75824	-0.023555
78157	0.019472
78181	-0.014432
78191	-0.033374
80479	0.025820
80480	0.045174
80715	0.008842
80719	-0.000903
80750	0.054305
81231	0.021888
84436	-0.020085
84780	0.023316
84844	-0.055867
85002	0.003623
85003	-0.052711
85659	-0.065641
85663	-0.031734
85710	-0.032794
92185	-0.040431
96142	-0.014918
96144	-0.020503
96482	-0.069673
98871	0.014564
