# 1342 minima projected onto PC19
Min	PC
3	-0.417496
4	-0.339188
5	-0.916651
6	0.608203
7	-0.806618
9	-0.617713
16	0.901898
17	0.636467
21	-0.344622
23	-1.002046
31	0.529523
44	-1.065921
47	-1.227890
48	-1.679138
51	-0.231395
52	1.063463
55	-1.558900
56	-1.703149
57	-1.196498
58	-1.269866
60	-0.429899
67	-0.838990
68	-0.970289
71	-0.530228
72	-0.367748
74	-0.359436
79	-0.343872
82	-1.034483
85	-0.166366
86	-1.063508
87	0.314300
88	-0.629776
91	-0.320778
92	-0.569937
94	-0.198610
95	0.178172
97	-1.179421
104	-0.288500
106	0.448264
109	-0.689498
111	2.008474
115	-2.028976
120	-0.904761
126	-0.260102
129	-0.260763
136	0.324112
137	-0.114010
188	0.467821
189	0.178356
196	0.157813
199	-0.163339
200	-0.314441
202	-0.587729
211	-0.207060
213	-0.432930
214	0.140618
219	-0.529271
221	-0.139679
276	-1.068174
279	-1.246881
283	0.115091
295	0.083243
308	0.206061
312	0.054763
315	1.007579
318	0.098761
319	-0.199765
321	0.481992
324	0.060241
328	0.275537
334	-0.776203
336	1.284996
338	-0.379863
347	0.416612
351	-0.683596
352	-1.324217
354	-0.549188
357	0.007110
359	-0.442641
362	-0.072454
364	-0.011178
365	-0.080898
368	-0.226481
376	-0.259856
377	-0.664568
380	0.849468
386	3.065876
388	-1.168542
390	0.311697
396	0.057891
404	-1.089019
410	-1.116221
413	0.323283
420	-1.167825
423	-0.642841
424	-1.115472
437	-1.258146
438	-0.180293
444	1.169756
452	0.220894
473	0.015116
474	0.769523
475	1.481632
476	0.614307
478	0.220919
479	0.233184
480	0.783357
483	-0.719660
503	2.013651
508	-0.699652
509	-0.292624
530	-0.387103
536	-0.912842
556	1.369740
581	-0.449726
583	-0.548190
603	-0.168487
606	0.889153
607	-0.655507
620	-0.543449
628	-0.504351
636	-0.533805
637	0.498146
639	-0.735739
640	-0.397258
644	0.715712
645	0.867299
677	0.970607
678	0.228727
679	0.049081
682	-0.085213
698	0.367261
700	0.349098
710	0.308512
722	1.168554
723	-0.282543
724	0.018812
725	-0.306662
726	0.165962
747	0.386990
753	1.216496
755	1.022327
757	0.559167
765	0.595471
782	0.249426
783	-0.502228
793	0.652355
808	0.074422
814	-0.782178
840	0.633098
848	-1.462730
859	-0.541717
864	1.293168
867	0.435305
878	0.776028
888	-0.502718
890	-0.015180
892	-1.396351
899	-0.265081
918	-0.723743
926	0.290949
933	-1.198661
934	-0.346244
981	-0.944580
1028	-1.078032
1034	2.930050
1051	-0.993144
1054	2.239418
1058	-1.286476
1062	2.130360
1063	-1.518166
1064	2.379962
1066	0.316462
1068	-0.434787
1073	-1.075232
1082	-0.736601
1083	-0.982473
1086	0.387861
1089	-0.357403
1090	-0.422287
1091	-0.140351
1092	-0.675989
1164	-0.914655
1165	-0.816485
1174	-1.558515
1176	-0.946141
1184	-0.629315
1191	-0.760411
1192	-0.826625
1201	1.431525
1230	-0.482955
1339	-1.274824
1341	0.383858
1370	0.995632
1385	2.065237
1405	-2.888141
1437	-1.138641
1441	0.511022
1443	0.090844
1521	0.072118
1522	-1.289641
1523	0.263766
1524	1.560968
1525	1.244146
1541	0.119252
1542	-0.288362
1550	1.173664
1551	1.720163
1596	-1.556997
1597	0.771969
1628	-0.003095
1629	0.258931
1633	-1.308054
1636	-0.663433
1637	-0.648075
1765	0.548171
1766	1.638462
1780	-0.704211
1862	-0.653458
1865	-0.547139
1870	-0.422066
1885	-0.270133
1910	-0.728761
1911	0.303480
2007	-0.800316
2060	1.911017
2062	0.098659
2090	-1.659305
2093	0.652638
2094	0.579420
2095	-1.105133
2096	-0.544790
2100	-0.493078
2101	-0.324474
2102	-0.327792
2103	-0.609054
2104	-0.613969
2105	-0.721597
2128	-1.479704
2129	0.645894
2135	0.099439
2190	-0.133385
2195	-0.884303
2197	0.005526
2198	-1.279780
2199	-0.154008
2200	-1.013980
2201	-0.306443
2202	-1.054279
2205	-0.977860
2217	-0.327309
2218	-1.053887
2221	-1.361689
2272	-0.257442
2273	-0.435077
2275	0.224180
2288	-1.198716
2293	1.194004
2298	0.400074
2299	-0.744443
2300	0.328298
2301	-0.914412
2338	-0.062518
2342	-1.220999
2343	-0.800584
2358	-0.890917
2384	-0.524758
2385	-0.838728
2399	-0.423001
2435	-0.731077
2436	0.928399
2465	0.235362
2467	0.027760
2468	0.092541
2469	0.028809
2470	1.838152
2471	-1.192274
2474	-0.007102
2620	0.149308
2650	-0.012791
2651	1.455389
2685	-0.052208
2688	-1.102629
2730	-0.779485
2843	0.106078
2951	0.214634
2959	-1.575384
3236	-0.639531
3305	0.421862
3318	0.835739
3340	-1.133028
3352	0.120003
3355	0.246013
3356	1.952356
3365	0.801997
3366	0.928736
3367	-0.238853
3368	-0.444569
3401	-0.578353
3405	-0.313037
3434	-0.572916
3448	-1.276626
3454	-0.020820
3481	-0.659896
3495	0.945255
3504	-0.621712
3532	0.874367
3540	-1.298893
3549	0.744133
3550	0.934804
3569	0.077775
3595	-0.353009
3596	-0.599222
3603	-0.761788
3621	-1.093442
3622	-1.197828
3647	0.418839
3649	-0.106974
3651	0.060574
3652	-0.562575
3723	0.320418
3757	-0.086287
3772	0.546875
3787	-0.239559
3798	0.209978
3799	-0.472535
3889	-0.325592
3897	-0.132390
3898	0.274089
3904	-0.787341
3945	-1.432177
3990	0.449690
4024	-0.511535
4039	-0.232099
4048	1.337915
4050	0.907308
4076	-0.159598
4094	-1.279782
4170	-1.209181
4251	-1.118724
4252	-1.105980
4299	-0.231920
4302	-0.114087
4318	-0.037432
4319	-0.474101
4320	-1.016596
4360	0.491769
4388	-0.475288
4414	0.085165
4426	-0.113422
4446	-0.392110
4527	-0.025611
4545	0.157326
4546	0.158508
4554	0.406763
4564	-1.414374
4567	0.035928
4634	-0.447584
4693	1.787996
4736	-0.203674
4761	0.698427
4879	1.706210
5071	-0.345548
5138	0.222182
5164	-0.106360
5182	1.142742
5183	1.347344
5184	0.816317
5187	-0.224752
5188	-1.045499
5189	-1.010578
5193	1.166403
5194	0.070416
5195	-0.121700
5197	-1.271840
5203	0.274695
5205	-0.163611
5212	-0.316864
5213	-0.046405
5222	-0.667235
5223	0.660596
5228	1.452694
5232	-1.067970
5244	-1.199354
5245	-0.215772
5246	-0.633842
5248	-0.949559
5292	-1.263586
5293	-1.356513
5299	-0.108184
5300	0.754163
5315	-1.356514
5316	-1.263051
5319	-0.527565
5320	-0.545645
5321	-0.632424
5322	0.554074
5323	-0.989903
5324	-1.432504
5325	-0.442824
5329	-0.561475
5342	-0.936119
5343	-1.256842
5374	-0.637139
5376	0.797392
5378	-0.580314
5379	1.805854
5382	0.761887
5390	-1.186790
5398	-0.795530
5402	-1.083567
5404	0.966982
5407	-0.456181
5408	-0.962365
5409	-0.612567
5411	-0.411657
5412	0.227221
5413	-0.912851
5416	-0.015578
5418	-0.423773
5422	0.066117
5425	-0.614623
5427	-0.731176
5428	0.135349
5432	0.448162
5436	-0.482363
5443	2.256158
5444	0.606213
5458	0.220301
5462	0.704237
5465	-0.556362
5468	-0.806703
5471	-0.130206
5480	-0.707393
5481	-0.396351
5485	0.880731
5486	1.971118
5488	-0.984417
5489	-1.003877
5495	-0.009692
5513	0.075061
5515	1.424873
5516	1.250280
5521	0.911742
5527	1.438688
5528	0.403532
5536	-0.533744
5537	0.282257
5547	-1.116395
5565	0.293417
5573	-0.183223
5579	3.319897
5583	-1.010609
5586	0.290359
5589	-0.685171
5590	-0.734376
5593	-0.704236
5599	-0.988360
5604	3.496090
5605	-0.264380
5606	2.990361
5625	2.195505
5649	-0.519159
5656	-0.433734
5657	1.984237
5658	-1.304567
5686	-0.293756
5695	0.741123
5705	0.519003
5706	0.367286
5716	-0.535342
5717	-0.208070
5718	-0.193319
5719	0.822025
5720	-0.088925
5724	0.244818
5738	1.266819
5742	-0.702578
5750	-0.794415
5751	-0.564764
5756	-0.285125
5761	-1.204482
5768	-0.973384
5773	-0.525525
5792	0.128202
5793	0.266482
5794	0.108352
5806	-0.585881
5811	-0.108400
5812	-0.213054
5813	-0.064902
5814	0.050763
5821	-0.591391
5823	-0.200729
5825	-0.488282
5831	-1.002777
5832	-0.821663
5833	0.537866
5847	-0.999912
5849	-0.083877
5851	0.117038
5854	3.160561
5858	-1.373070
5862	-0.192254
5875	-0.999402
5876	-2.961324
5903	-0.425394
5910	-0.341051
5912	-0.371257
5913	0.586965
5925	-0.570696
5926	-0.449835
5927	0.225762
5928	-0.074049
5930	-1.328241
5931	-0.508027
5933	0.827020
5934	-0.740512
5937	0.438643
5939	0.990105
5940	2.629034
5941	1.477059
5943	1.469503
5963	-0.985684
5964	-0.525062
5965	0.673152
5966	0.961295
5968	0.011827
5969	-0.504970
5970	-0.522586
5971	-0.022330
5975	-0.364114
6006	1.366144
6011	-0.094042
6017	-1.268998
6019	-0.709647
6022	-1.345956
6032	-0.068786
6095	0.541677
6115	0.293604
6116	1.213832
6119	1.036960
6127	-0.166547
6128	0.067228
6130	-0.473188
6140	0.609590
6141	2.219408
6147	1.864405
6148	1.775512
6163	2.408278
6164	0.408001
6170	0.619203
6171	1.454955
6177	1.475631
6184	1.125993
6200	1.124858
6204	-0.896356
6206	1.057007
6223	-0.181401
6240	2.212792
6245	0.681970
6253	1.639272
6267	0.039686
6269	-1.446897
6290	-0.203912
6303	0.379879
6317	-0.463240
6343	-0.606085
6350	-0.651647
6360	-1.506028
6367	-0.199499
6383	-0.826794
6389	-0.353517
6397	-0.355953
6398	0.144994
6406	1.949086
6407	-0.421089
6412	0.330536
6413	-0.265915
6434	-0.420511
6435	-0.601930
6460	-0.796542
6463	-0.341100
6464	-0.541878
6489	0.190694
6507	-1.671719
6510	-1.323646
6516	0.292055
6518	1.013090
6522	0.347796
6523	0.449686
6524	1.160648
6525	2.203630
6531	-0.915944
6536	1.069919
6575	-0.934205
6584	-0.391465
6585	-0.475354
6586	-0.624269
6594	-1.119926
6595	0.445819
6610	1.287397
6612	-1.131682
6615	0.084427
6624	0.040285
6628	0.059154
6649	0.342329
6698	2.204562
6706	-0.199757
6718	1.014163
6719	0.574444
6722	-0.772333
6770	0.316389
6780	0.274768
6781	-0.212170
6794	-0.426194
6795	1.010585
6796	-0.472963
6799	0.165838
6809	0.378974
6837	0.868478
6838	0.315759
6839	0.977775
6846	0.679798
6865	-0.403271
6869	-1.030545
6870	-0.195828
6871	-0.917586
6873	-0.579433
6876	-0.896281
6885	0.657198
6895	-0.634063
6896	-1.165131
6897	-0.390834
6900	-0.380977
6903	-1.009571
6906	0.294617
6916	-0.270164
6917	-0.356453
6918	0.102107
6919	0.466559
6938	0.464247
6941	0.213458
6942	0.008386
6943	0.884032
6944	0.203159
6948	0.383098
6953	0.441105
6957	0.340136
6958	-0.210921
6970	0.797031
6971	0.919196
6976	1.879835
6977	1.211365
6990	0.284665
7014	-0.451927
7015	-0.489356
7016	-0.667231
7018	0.035056
7019	0.571516
7042	-0.223257
7053	1.040510
7066	-0.935150
7067	-0.138233
7083	-0.305584
7092	0.027966
7100	0.277636
7103	0.356609
7110	0.511333
7111	0.308277
7112	-0.780052
7113	-0.788463
7116	0.088804
7119	-0.277390
7120	0.459867
7121	-0.392120
7122	-0.338331
7140	-0.719331
7143	2.120920
7157	0.861681
7165	-0.211617
7175	0.898162
7178	0.585867
7206	1.688595
7207	1.549494
7217	-1.450065
7218	-1.052087
7221	-1.489519
7227	-0.556322
7230	-0.377764
7236	-1.031089
7239	0.286781
7242	0.466478
7260	0.074810
7268	-0.144807
7269	-1.068436
7304	0.192494
7326	-1.029971
7327	-1.695503
7336	-0.348500
7342	-0.468356
7346	-0.581419
7348	0.557483
7355	-0.890335
7361	-1.107991
7372	-1.009689
7387	-0.109654
7422	-1.166988
7423	-0.753396
7425	-0.631409
7436	-0.259486
7442	-1.043706
7446	0.053813
7448	-0.387703
7453	0.058291
7463	-0.858275
7492	0.506827
7493	0.741025
7494	-0.986686
7495	-1.301979
7518	-0.294375
7520	-0.580244
7540	1.225363
7546	-0.692267
7556	-0.629973
7559	1.946680
7560	-0.526536
7561	0.580676
7564	-1.156331
7575	-0.377703
7583	-0.755448
7585	-0.842006
7586	0.113524
7599	-0.619930
7600	-0.294420
7606	-1.026499
7614	1.177410
7617	0.127635
7622	-0.057455
7629	0.070916
7637	-0.648746
7640	-1.141687
7657	-1.008514
7665	-0.991187
7666	-0.253688
7667	-0.256875
7668	-0.892807
7669	-0.927479
7670	-2.748682
7671	-0.275430
7681	-0.244516
7683	0.263464
7684	-0.326822
7696	1.937606
7722	-0.525090
7723	-0.306710
7799	0.579909
7852	0.084525
7859	-0.788245
7860	-0.421381
7861	-1.465384
7865	1.041824
7875	-0.317903
7876	-0.633559
7895	-0.915742
7913	-0.720582
7917	1.087144
7952	-0.893778
7969	1.664818
7971	-0.849660
8000	-0.412761
8002	-0.604820
8006	1.463704
8036	0.813048
8056	-0.259146
8069	0.029332
8103	-1.036404
8107	-0.544360
8120	0.326402
8122	-0.414616
8125	-0.611187
8127	-1.404239
8136	-0.074402
8149	0.228646
8154	0.196912
8197	3.236549
8208	2.218661
8223	0.162685
8232	1.940797
8241	0.140613
8256	0.895596
8262	0.636007
8266	-1.309259
8267	-0.502520
8268	-0.430461
8269	-0.458607
8271	-0.238916
8273	-0.938803
8280	-1.484438
8284	-1.028713
8303	1.086492
8304	0.482482
8305	0.533360
8308	0.727305
8332	-1.159176
8333	-1.195847
8334	-1.492273
8338	-0.079001
8363	0.932730
8370	0.343121
8398	0.474284
8465	1.341619
8468	-0.370284
8469	-1.430119
8470	-1.551453
8507	0.739718
8552	-0.366033
8572	-1.116380
8574	-0.948868
8577	0.551275
8586	0.169991
8592	-1.424185
8593	-1.906755
8594	-1.314247
8597	-1.341080
8599	-1.205807
8606	-0.915045
8607	-0.636213
8615	-0.351645
8617	-0.365203
8626	-1.359296
8636	-0.486912
8669	-0.125845
8671	-0.513490
8673	0.468965
8675	0.733748
8790	-0.757633
8791	1.219047
8811	-1.165801
8822	0.385835
8841	0.771812
8849	0.681936
8856	0.629948
8875	-0.044795
8884	1.955252
8906	0.055633
8907	-0.536395
8910	-1.395710
8911	-0.556938
8912	-1.408175
8913	-0.358644
8934	0.612848
8935	0.757544
8954	0.754011
8968	-0.142263
8972	0.054866
9001	1.573988
9029	1.330262
9032	-1.730630
9058	0.780503
9059	0.056323
9068	0.853613
9070	0.546378
9108	0.853291
9139	0.067603
9140	0.339068
9158	-0.164728
9187	-0.005837
9188	-0.033787
9189	-0.763795
9190	-0.284880
9253	0.234605
9259	-0.066180
9268	-0.153050
9269	0.530067
9271	0.547556
9312	-0.839876
9323	0.445496
9329	0.501906
9330	0.188570
9331	-0.114031
9356	0.668183
9376	0.660088
9394	1.815773
9424	-1.688502
9428	-1.315361
9429	-1.294995
9496	0.173909
9536	-0.294338
9543	0.346796
9589	0.341529
9614	-0.622394
9615	-0.094315
9617	0.102731
9631	0.802513
9661	-1.402555
9668	-1.337264
9718	-0.109746
9728	0.217701
9734	-0.184002
9788	0.852473
9791	0.745165
9793	1.141728
9804	-1.070622
9809	-0.008486
9810	-0.235010
9823	-1.303726
9828	0.299865
9907	0.549501
9951	0.385398
9968	-1.163301
9969	-1.075938
10010	0.280035
10011	-0.494720
10012	0.174220
10018	-0.703698
10021	0.518042
10022	0.094514
10031	-0.380262
10032	-0.301165
10033	0.050298
10034	0.267843
10035	0.175083
10039	-1.793846
10044	-0.501052
10045	0.107985
10060	0.699785
10065	0.702862
10077	-0.478932
10080	-0.271280
10130	0.808635
10131	1.129140
10149	-0.303953
10194	-0.616913
10197	0.692519
10221	-1.038470
10226	-0.842779
10232	-0.539629
10233	-0.009587
10263	-1.109062
10264	-1.047376
10274	-0.680079
10286	-0.953700
10292	0.947289
10299	1.642398
10302	-1.200603
10324	1.767498
10355	0.443335
10358	-0.565377
10362	1.039651
10366	0.324318
10368	0.387227
10370	0.477433
10392	0.190693
10405	-1.029759
10406	-0.040672
10409	1.154250
10419	0.073550
10420	-0.485303
10424	-0.001452
10434	1.272610
10455	-0.583131
10478	0.547678
10480	1.166328
10484	-0.771305
10510	1.014291
10519	0.393887
10520	-0.763688
10524	0.681850
10578	0.891364
10630	-1.342608
10643	-0.677963
10645	1.167417
10677	-0.314447
10678	-0.440496
10690	-0.275019
10717	-0.615532
10718	-0.371617
10719	0.746410
10721	-0.345845
10723	1.096585
10735	-0.534218
10736	-0.588912
10829	-0.620747
10837	0.984704
10846	-0.921016
10921	1.507554
10922	0.527101
10923	0.653054
10924	0.741414
10964	-1.086864
10978	-0.461440
11017	0.441223
11018	1.084183
11019	1.216616
11032	-0.562772
11034	-0.129370
11035	-0.310102
11036	-0.410116
11052	-0.792696
11056	2.234061
11060	1.335538
11063	1.115961
11064	1.732036
11068	1.347664
11069	1.175221
11090	-0.015865
11098	-0.612743
11099	-0.343272
11100	-0.295507
11105	-0.312084
11109	-0.792731
11122	0.121543
11123	-0.377698
11125	0.633736
11126	1.852778
11149	-0.326503
11153	-1.257697
11188	-1.507861
11193	-0.261350
11230	-0.105424
11233	0.171276
11236	-1.468100
11243	0.502575
11251	-2.977388
11259	0.719157
11263	0.619531
11272	1.818455
11321	-0.544453
11322	0.447349
11326	-1.299461
11327	-1.539050
11335	-0.628693
11337	-1.032520
11343	-0.967462
11390	-0.963904
11444	1.789749
11464	0.405139
11471	-0.985233
11472	-0.855170
11473	-0.532557
11492	0.611068
11499	-0.069900
11500	-0.768548
11505	-1.228885
11527	2.356578
11528	2.934488
11532	0.975068
11564	-1.286267
11589	-0.740141
11591	0.593072
11592	0.191039
11599	0.521745
11605	0.775789
11617	0.135898
11630	1.138809
11631	-0.396025
11632	0.865814
11656	1.700603
11657	1.001931
11777	-0.946332
11786	1.057695
11812	0.089381
12020	-0.392003
12061	-0.023548
12115	-0.086619
12154	-0.041761
12155	0.516332
12156	0.193863
12159	-0.156992
12174	-1.024781
12176	0.108984
12230	0.967123
12234	1.444970
12236	1.191982
12237	0.692636
12250	1.906399
12252	0.904241
12253	-1.031937
12315	-0.764210
12381	2.012042
12382	3.380912
12438	0.356034
12455	-0.783406
12462	-0.195280
12478	-0.252295
12603	1.497154
12711	-0.581780
12714	-0.468001
12716	-0.075897
12754	-0.212401
12785	-2.475246
12788	0.697698
12792	0.812032
12898	-0.207992
12944	2.665104
12949	-0.689241
13062	1.753052
13099	-0.174631
13160	-0.157738
13198	0.341128
13239	0.225187
13249	0.435332
13262	0.500211
13263	0.493691
13272	-0.310622
13273	1.872325
13277	-0.650143
13305	0.320860
13342	0.053959
13343	1.045059
13345	0.055157
13351	1.049504
13357	0.434755
13427	0.533426
13436	0.696709
13455	-0.850067
13528	0.234245
13532	1.448505
13553	-0.301986
13566	0.961463
13651	1.543197
13653	0.187346
13675	-0.423363
13676	1.390981
13677	-0.096623
13678	-0.730545
13681	0.242133
13688	0.390646
13697	1.297546
13705	2.100975
13708	0.451834
13737	0.713026
13760	-0.823599
13923	-0.110557
13927	0.000572
13995	1.885108
14002	0.921580
14003	1.362682
14021	0.938137
14034	-0.155169
14064	0.379490
14110	-0.568520
14155	-0.278635
14203	0.053700
14208	-0.286117
14340	-0.762196
14356	2.634478
14389	0.742932
14499	-0.624977
14625	-0.411378
14632	-0.932465
14637	0.428942
14641	-0.081877
14685	0.287954
14694	-0.644350
14695	-0.776759
14699	0.502026
14700	-0.526851
14749	0.456015
14760	-1.185925
14790	-1.082110
14791	-1.223352
14796	1.299332
14797	0.566126
14891	0.156494
14927	-0.086863
15099	2.826683
15182	0.799395
15243	0.271156
15245	-1.064548
15254	-0.470351
15322	-0.557125
15327	-0.398973
15463	-0.236525
15496	0.795092
15499	1.504849
15502	1.230761
15514	-0.413931
15566	0.290749
15580	-1.044284
15583	-0.804699
15586	-0.312953
15601	0.163333
15621	-0.899431
15780	-0.711457
15869	0.822118
16082	0.211910
16281	-0.696767
16293	1.108040
16300	3.545453
16304	2.844867
16360	0.693862
16361	2.341479
16367	0.992816
16432	0.303862
16433	0.610888
16438	0.681449
16446	0.644976
16453	0.022167
16463	0.368728
16466	0.789641
16477	1.717508
16482	0.125962
16605	-1.425937
16606	-0.381381
16635	-0.810850
16638	0.279387
16655	0.464169
16673	0.445472
16676	-0.407185
16677	-0.567158
16678	-0.210881
16808	0.391927
16829	-0.392233
17150	0.250325
17182	0.668527
17199	3.026166
17273	-2.367235
17431	0.297488
17466	0.131227
17472	0.808294
17485	-0.544511
17585	-0.020099
17620	2.336385
17647	0.697892
17690	0.270112
17772	-1.155152
18410	0.103251
19647	-1.243658
21458	-0.273377
21885	2.038176
21973	0.300696
21976	-0.287404
21977	0.032201
22084	-0.041489
23475	-0.778473
23754	0.944020
23764	-0.560840
24372	0.015781
24918	0.130952
24944	-1.158424
25022	-0.903419
25140	-0.677556
26484	-0.372004
27764	-0.203691
28424	0.475015
28845	-1.422958
29861	0.932142
30684	-0.248739
31288	-0.550969
31704	-0.374850
32421	0.774186
32520	1.143381
32893	0.185289
34340	-0.424527
35227	-0.172502
35334	1.274143
36499	0.816998
36843	0.464343
36844	0.388987
36955	-0.976914
36970	-0.895967
39336	1.886882
39353	0.886961
40538	-1.077923
40541	-1.108621
40542	-0.976148
40599	0.454140
40601	-1.121860
40602	-0.294066
40656	-1.052508
40657	-0.758262
42157	0.892939
42203	0.807871
42204	0.552291
42851	1.804233
43061	0.325478
44144	-0.173264
45195	0.116728
47030	-0.020807
47285	-0.616864
47317	-0.548673
47457	0.064065
47460	0.439494
48147	-0.580745
48297	-0.665198
48474	0.985994
48696	0.649569
49516	0.180002
49630	1.631703
49927	0.013799
50199	0.738119
50249	-0.384801
50259	-0.994023
50904	1.785079
53231	0.594227
53471	0.725140
53531	1.494756
53986	1.925975
55057	0.559689
56431	0.436601
56432	0.623792
56466	1.785599
56478	0.563034
56621	0.287994
57644	0.485953
57756	0.326877
58783	0.250699
59657	0.439957
59715	-1.546506
64825	0.411075
64947	-0.619962
65950	0.246026
70102	-0.009472
75003	0.205582
75099	1.096034
75742	0.003376
75823	-1.303941
75824	-0.283044
78157	1.909791
78181	-0.053536
78191	-0.196820
80479	-0.224163
80480	-0.381600
80715	1.754694
80719	1.055490
80750	0.608490
81231	-0.598613
84436	1.608726
84780	0.818967
84844	1.311798
85002	-0.091015
85003	2.607199
85659	-0.184917
85663	0.170264
85710	0.362973
92185	-0.292976
96142	0.423154
96144	0.721257
96482	1.301096
98871	1.044661
