# 1342 minima projected onto PC129
# Min	PC
3	-0.005384
4	-0.007251
5	0.000817
6	0.000719
7	-0.003410
9	0.001467
16	-0.005813
17	0.002548
21	-0.002523
23	-0.002563
31	0.000478
44	0.003810
47	-0.009677
48	0.004633
51	-0.007737
52	-0.005869
55	0.013867
56	-0.002885
57	0.001041
58	-0.001134
60	-0.003291
67	-0.004081
68	0.000166
71	-0.000344
72	-0.008727
74	-0.001490
79	0.002206
82	-0.000947
85	-0.000380
86	-0.007722
87	0.001082
88	-0.001441
91	-0.011825
92	0.000909
94	-0.005079
95	0.002354
97	0.000517
104	-0.012632
106	0.008867
109	-0.000389
111	0.000761
115	0.004609
120	0.003499
126	0.001904
129	0.000742
136	0.004925
137	-0.002053
188	0.001887
189	-0.006804
196	-0.006533
199	0.008918
200	-0.006045
202	-0.002832
211	0.002409
213	0.008876
214	0.002777
219	0.004642
221	-0.003628
276	0.005273
279	-0.000713
283	-0.001621
295	0.004182
308	0.000624
312	-0.004941
315	0.018873
318	-0.006068
319	-0.005086
321	-0.002732
324	-0.003759
328	-0.002083
334	-0.000954
336	-0.026783
338	0.010105
347	-0.014105
351	-0.007407
352	-0.003035
354	0.003193
357	0.006270
359	-0.004489
362	-0.007447
364	-0.006825
365	-0.004402
368	0.000126
376	0.002348
377	0.004216
380	0.004056
386	0.002630
388	-0.009284
390	0.002300
396	0.004873
404	0.001565
410	0.005159
413	0.002496
420	-0.006386
423	0.001048
424	0.000501
437	-0.001590
438	0.000022
444	0.001408
452	-0.001664
473	0.003371
474	-0.000725
475	0.001311
476	0.000853
478	-0.007227
479	-0.000862
480	-0.006902
483	-0.006958
503	0.001563
508	-0.001525
509	0.000397
530	-0.022823
536	0.002062
556	-0.002815
581	-0.001724
583	-0.002838
603	-0.001403
606	0.004355
607	0.003032
620	-0.002929
628	0.013584
636	0.000085
637	0.012221
639	0.005776
640	-0.005349
644	0.006874
645	0.005160
677	-0.000636
678	0.007944
679	0.003464
682	0.003357
698	-0.004582
700	-0.001994
710	0.003655
722	0.001620
723	0.009828
724	0.006162
725	0.005141
726	-0.001430
747	-0.002394
753	-0.003197
755	0.010393
757	-0.002990
765	0.002618
782	-0.001381
783	-0.002927
793	-0.005277
808	0.003671
814	-0.002441
840	0.000021
848	-0.000611
859	-0.000366
864	0.001044
867	-0.003979
878	0.007384
888	0.011954
890	0.007044
892	-0.001896
899	-0.005134
918	0.004657
926	-0.000260
933	-0.003621
934	0.002083
981	0.002338
1028	-0.006880
1034	0.003954
1051	0.004974
1054	0.000676
1058	0.005474
1062	0.008536
1063	-0.000555
1064	0.007665
1066	0.002226
1068	-0.008976
1073	0.000563
1082	-0.005621
1083	-0.004950
1086	-0.000590
1089	-0.003771
1090	-0.001243
1091	-0.007498
1092	-0.002798
1164	0.004497
1165	-0.002237
1174	-0.004129
1176	-0.007492
1184	-0.000916
1191	-0.000494
1192	-0.002864
1201	0.010119
1230	0.007742
1339	-0.003366
1341	0.000994
1370	-0.007602
1385	0.010570
1405	-0.006122
1437	0.006985
1441	-0.002572
1443	-0.000433
1521	0.000923
1522	-0.003245
1523	-0.010335
1524	0.010333
1525	0.003686
1541	-0.002339
1542	0.000729
1550	0.001953
1551	0.002677
1596	-0.000341
1597	-0.010822
1628	0.000208
1629	-0.006889
1633	0.002869
1636	-0.001944
1637	0.013248
1765	-0.014516
1766	-0.016572
1780	0.000489
1862	0.001346
1865	-0.003686
1870	-0.002593
1885	-0.000852
1910	0.000993
1911	0.000864
2007	-0.001668
2060	-0.002010
2062	0.012749
2090	0.010338
2093	-0.001362
2094	-0.001269
2095	0.003423
2096	-0.004190
2100	-0.002302
2101	0.003943
2102	0.005018
2103	0.002161
2104	0.002975
2105	-0.005745
2128	0.000159
2129	-0.014331
2135	-0.008275
2190	-0.000869
2195	0.009423
2197	0.003375
2198	0.008868
2199	0.011302
2200	-0.004383
2201	-0.003051
2202	0.005694
2205	-0.009527
2217	0.000069
2218	-0.007996
2221	0.004075
2272	0.002080
2273	-0.002463
2275	0.004127
2288	-0.000414
2293	0.003597
2298	-0.005910
2299	0.001163
2300	-0.004476
2301	0.005735
2338	-0.000181
2342	0.003840
2343	-0.006456
2358	-0.002777
2384	-0.006755
2385	-0.003465
2399	0.008627
2435	0.007601
2436	0.003082
2465	-0.010360
2467	-0.009511
2468	-0.004156
2469	-0.005791
2470	-0.008378
2471	0.005246
2474	-0.011546
2620	-0.000585
2650	-0.001371
2651	-0.002133
2685	-0.003249
2688	0.001777
2730	-0.002823
2843	0.002689
2951	0.003555
2959	-0.003320
3236	-0.003900
3305	0.008752
3318	0.002977
3340	0.005528
3352	-0.004859
3355	0.002410
3356	0.002742
3365	-0.000127
3366	-0.001332
3367	-0.005175
3368	-0.003997
3401	-0.004667
3405	-0.009161
3434	0.001714
3448	-0.006619
3454	0.003765
3481	-0.005662
3495	-0.006335
3504	-0.002689
3532	0.000341
3540	0.002677
3549	-0.003859
3550	0.000688
3569	0.000948
3595	0.000936
3596	0.006557
3603	0.002762
3621	-0.002622
3622	-0.007909
3647	-0.004585
3649	-0.004075
3651	-0.003584
3652	-0.004946
3723	-0.000082
3757	0.004152
3772	0.014469
3787	0.003300
3798	-0.005492
3799	-0.001798
3889	0.001479
3897	-0.002165
3898	-0.005772
3904	-0.010439
3945	-0.001027
3990	0.000868
4024	0.000990
4039	-0.009934
4048	-0.010729
4050	0.007701
4076	-0.005164
4094	-0.000856
4170	0.001608
4251	-0.008166
4252	-0.008854
4299	-0.000800
4302	0.003537
4318	0.003571
4319	0.012708
4320	-0.000833
4360	-0.005134
4388	0.002055
4414	-0.006434
4426	0.011211
4446	0.011461
4527	-0.008767
4545	-0.004565
4546	-0.004849
4554	0.002220
4564	0.000726
4567	-0.001277
4634	-0.000237
4693	0.003100
4736	0.001623
4761	0.004510
4879	-0.000234
5071	-0.005104
5138	0.005401
5164	0.000205
5182	-0.003448
5183	0.000998
5184	0.000408
5187	-0.004344
5188	-0.001110
5189	0.005449
5193	0.009301
5194	0.019718
5195	0.008178
5197	-0.001731
5203	-0.002014
5205	0.009549
5212	0.000910
5213	0.000546
5222	-0.002954
5223	0.002241
5228	0.004937
5232	0.008998
5244	0.003717
5245	0.004719
5246	0.004887
5248	-0.010371
5292	-0.003072
5293	-0.001005
5299	0.000212
5300	-0.009250
5315	-0.005870
5316	-0.004102
5319	-0.000222
5320	-0.001300
5321	0.000584
5322	-0.011153
5323	-0.008516
5324	0.003425
5325	-0.005019
5329	-0.007814
5342	0.002602
5343	0.005282
5374	0.006923
5376	-0.004680
5378	0.002402
5379	-0.008042
5382	0.000268
5390	0.002945
5398	-0.000135
5402	-0.004021
5404	-0.001981
5407	0.001522
5408	-0.005922
5409	0.005000
5411	0.002868
5412	-0.003459
5413	-0.005272
5416	0.014645
5418	0.001719
5422	0.003345
5425	-0.000780
5427	0.002524
5428	0.001235
5432	-0.007542
5436	0.006062
5443	0.001835
5444	-0.018774
5458	0.008795
5462	0.006034
5465	-0.004478
5468	0.001048
5471	-0.002056
5480	-0.002714
5481	-0.002778
5485	-0.001257
5486	0.002473
5488	-0.001687
5489	-0.003368
5495	-0.007083
5513	-0.000648
5515	-0.003518
5516	0.002866
5521	0.007576
5527	0.004415
5528	-0.021530
5536	0.000185
5537	0.005597
5547	-0.004385
5565	-0.001166
5573	-0.003485
5579	0.004508
5583	0.009335
5586	-0.000831
5589	-0.004142
5590	-0.010005
5593	0.006905
5599	-0.006838
5604	-0.000129
5605	-0.005960
5606	-0.008965
5625	0.006429
5649	-0.001417
5656	0.002252
5657	0.004799
5658	0.001160
5686	-0.002173
5695	-0.000810
5705	0.001770
5706	-0.002829
5716	0.003828
5717	0.003090
5718	0.000925
5719	-0.003509
5720	0.001083
5724	0.009009
5738	-0.029377
5742	0.012223
5750	0.005839
5751	-0.001747
5756	0.000492
5761	0.010234
5768	-0.005229
5773	-0.001747
5792	0.001948
5793	0.002147
5794	0.004804
5806	-0.001368
5811	-0.000360
5812	0.003609
5813	0.002629
5814	-0.002139
5821	-0.003250
5823	-0.004945
5825	0.001441
5831	0.008575
5832	0.010947
5833	0.001528
5847	0.001785
5849	-0.000836
5851	-0.002284
5854	0.005783
5858	-0.000909
5862	-0.000627
5875	-0.003034
5876	0.001257
5903	0.003064
5910	0.012368
5912	-0.010089
5913	0.012485
5925	0.005028
5926	0.005855
5927	-0.001581
5928	-0.016990
5930	-0.013147
5931	-0.005538
5933	0.012625
5934	0.005952
5937	0.000396
5939	0.011628
5940	-0.011438
5941	-0.003206
5943	-0.003863
5963	0.000642
5964	0.001347
5965	-0.001045
5966	0.009884
5968	0.008218
5969	0.000990
5970	0.005760
5971	0.004489
5975	-0.006323
6006	0.002322
6011	0.001903
6017	-0.007855
6019	0.005310
6022	-0.010063
6032	-0.007491
6095	-0.007408
6115	0.003556
6116	0.010555
6119	-0.000552
6127	0.002396
6128	0.000840
6130	-0.003398
6140	0.003567
6141	-0.010250
6147	-0.004992
6148	-0.006270
6163	0.001184
6164	-0.000010
6170	-0.000093
6171	-0.004259
6177	-0.005322
6184	-0.001637
6200	-0.008234
6204	0.006087
6206	-0.009385
6223	0.000958
6240	-0.004206
6245	0.001350
6253	-0.000860
6267	0.009071
6269	-0.001782
6290	0.015373
6303	0.003379
6317	0.005313
6343	0.004312
6350	0.000842
6360	0.003747
6367	-0.001106
6383	-0.001642
6389	-0.003664
6397	-0.011013
6398	0.010112
6406	-0.000989
6407	-0.014024
6412	0.001143
6413	-0.005738
6434	0.003910
6435	0.004386
6460	-0.005421
6463	0.004276
6464	0.005789
6489	0.004949
6507	-0.001064
6510	0.003186
6516	-0.003752
6518	0.021957
6522	0.006088
6523	0.001465
6524	0.003149
6525	0.010511
6531	-0.012998
6536	-0.000993
6575	0.006343
6584	-0.000070
6585	0.003047
6586	0.001664
6594	0.001085
6595	0.001650
6610	-0.005592
6612	-0.001239
6615	0.000469
6624	-0.007591
6628	0.009811
6649	0.008769
6698	-0.011663
6706	-0.004135
6718	-0.012322
6719	-0.005384
6722	0.004778
6770	-0.035521
6780	-0.004967
6781	0.003534
6794	0.010654
6795	0.026298
6796	0.013638
6799	0.005621
6809	0.006372
6837	-0.006988
6838	0.009575
6839	0.009920
6846	-0.001296
6865	0.000961
6869	0.000624
6870	-0.002374
6871	0.002742
6873	-0.006259
6876	0.003227
6885	-0.002522
6895	0.002999
6896	0.014500
6897	0.001393
6900	0.001845
6903	0.013980
6906	-0.006182
6916	0.009776
6917	0.001348
6918	0.000655
6919	-0.012428
6938	0.002305
6941	0.000127
6942	-0.003608
6943	-0.006653
6944	0.004633
6948	-0.013438
6953	-0.003532
6957	-0.009777
6958	0.003497
6970	-0.005571
6971	-0.001920
6976	-0.000661
6977	0.009256
6990	0.003678
7014	0.003208
7015	0.004777
7016	-0.002146
7018	-0.015499
7019	-0.014274
7042	-0.009054
7053	-0.011158
7066	0.003518
7067	-0.001291
7083	0.006307
7092	-0.000630
7100	0.011640
7103	-0.002944
7110	0.004094
7111	0.006107
7112	0.009847
7113	-0.004787
7116	0.002676
7119	-0.001290
7120	-0.006778
7121	0.000493
7122	-0.002720
7140	0.004329
7143	0.077769
7157	-0.001603
7165	-0.002088
7175	0.006437
7178	-0.010699
7206	-0.000669
7207	-0.003697
7217	0.005396
7218	0.011151
7221	0.002933
7227	0.014731
7230	-0.004029
7236	0.008556
7239	-0.002011
7242	-0.000354
7260	-0.001488
7268	-0.000278
7269	0.002337
7304	-0.006146
7326	-0.004438
7327	0.004646
7336	0.003701
7342	0.004373
7346	-0.003411
7348	-0.004140
7355	0.004639
7361	0.006251
7372	-0.002279
7387	0.018458
7422	-0.000978
7423	0.003426
7425	0.006601
7436	0.008400
7442	-0.007656
7446	0.010370
7448	0.006070
7453	0.012229
7463	-0.001258
7492	0.017753
7493	-0.017044
7494	-0.012422
7495	-0.008162
7518	-0.002065
7520	0.003656
7540	-0.000496
7546	-0.006798
7556	0.010175
7559	-0.009093
7560	-0.007136
7561	0.005510
7564	-0.007104
7575	-0.002506
7583	-0.003209
7585	0.001178
7586	-0.001958
7599	0.003494
7600	-0.007368
7606	-0.004372
7614	0.000686
7617	0.004100
7622	0.005175
7629	0.016366
7637	0.007585
7640	0.002558
7657	-0.000611
7665	0.003189
7666	0.014276
7667	0.001218
7668	0.002947
7669	0.002807
7670	0.010476
7671	-0.000521
7681	0.020519
7683	-0.009671
7684	0.009813
7696	0.001666
7722	-0.000654
7723	0.008302
7799	0.005441
7852	0.005348
7859	-0.002466
7860	0.003188
7861	0.001538
7865	0.006097
7875	-0.009348
7876	0.009601
7895	0.002382
7913	-0.002696
7917	-0.002411
7952	0.007245
7969	-0.019780
7971	0.001897
8000	0.000209
8002	-0.005124
8006	-0.000834
8036	-0.001948
8056	0.004969
8069	-0.010107
8103	0.001480
8107	0.004261
8120	-0.009559
8122	-0.015449
8125	-0.002627
8127	-0.006222
8136	0.011632
8149	0.006436
8154	0.002677
8197	0.008942
8208	-0.001199
8223	0.003189
8232	0.002848
8241	-0.014362
8256	-0.000477
8262	0.016346
8266	0.001189
8267	0.001984
8268	0.000898
8269	0.005761
8271	0.011693
8273	-0.012104
8280	-0.002257
8284	0.001526
8303	-0.002919
8304	0.005290
8305	0.006041
8308	0.004666
8332	0.013688
8333	-0.001831
8334	-0.007553
8338	0.011383
8363	0.004756
8370	0.003689
8398	0.004638
8465	-0.007633
8468	-0.009067
8469	0.004898
8470	0.004655
8507	-0.000871
8552	-0.001419
8572	0.003429
8574	0.004662
8577	0.012070
8586	0.006760
8592	0.003315
8593	0.004570
8594	0.002085
8597	0.005746
8599	0.006388
8606	0.001064
8607	0.000178
8615	-0.004754
8617	-0.009358
8626	0.003415
8636	0.002194
8669	-0.012489
8671	-0.004037
8673	0.001729
8675	-0.002915
8790	0.007641
8791	0.010771
8811	-0.019239
8822	0.013889
8841	0.002143
8849	-0.010073
8856	0.002554
8875	-0.007337
8884	-0.027313
8906	0.016904
8907	0.009801
8910	-0.002677
8911	-0.002325
8912	-0.003890
8913	-0.008998
8934	0.005870
8935	0.004408
8954	-0.001296
8968	-0.008960
8972	-0.009284
9001	-0.005778
9029	0.009629
9032	0.003678
9058	-0.016564
9059	0.002153
9068	-0.003990
9070	0.005687
9108	-0.000113
9139	-0.001531
9140	-0.002252
9158	0.002990
9187	0.015029
9188	0.001396
9189	0.003647
9190	-0.001766
9253	0.002937
9259	-0.004721
9268	0.003169
9269	-0.004595
9271	0.005257
9312	-0.011687
9323	-0.000774
9329	0.000176
9330	-0.002739
9331	0.005970
9356	-0.002373
9376	0.003548
9394	-0.000139
9424	0.013314
9428	-0.003083
9429	0.000253
9496	-0.000918
9536	-0.007093
9543	0.004133
9589	0.008171
9614	0.008240
9615	-0.004312
9617	0.005723
9631	-0.004264
9661	-0.000435
9668	0.001176
9718	-0.012332
9728	-0.000051
9734	0.015580
9788	-0.001124
9791	-0.001300
9793	-0.002605
9804	-0.011952
9809	-0.001508
9810	-0.007412
9823	-0.015215
9828	0.002890
9907	-0.004378
9951	-0.000025
9968	0.000385
9969	-0.004936
10010	0.002254
10011	-0.005109
10012	0.002934
10018	-0.007236
10021	0.005812
10022	0.005191
10031	0.000053
10032	0.003087
10033	0.003948
10034	-0.004394
10035	0.002821
10039	0.001569
10044	-0.009662
10045	-0.003937
10060	-0.023413
10065	-0.003691
10077	0.003526
10080	0.000892
10130	-0.006695
10131	0.009794
10149	-0.006675
10194	-0.002807
10197	-0.014803
10221	0.003910
10226	-0.004498
10232	-0.003280
10233	0.017730
10263	-0.002451
10264	-0.000929
10274	-0.004185
10286	0.010764
10292	-0.014575
10299	-0.007675
10302	0.001544
10324	0.002005
10355	-0.007420
10358	0.001505
10362	-0.001497
10366	0.009142
10368	0.001618
10370	-0.000345
10392	-0.004787
10405	0.011468
10406	0.001685
10409	-0.001983
10419	-0.000214
10420	0.008539
10424	0.006265
10434	0.000382
10455	0.002582
10478	-0.004608
10480	0.002407
10484	0.000617
10510	0.001617
10519	0.002059
10520	-0.008553
10524	-0.005623
10578	-0.012501
10630	0.002279
10643	-0.006145
10645	0.001104
10677	-0.003080
10678	-0.006722
10690	-0.000908
10717	-0.001950
10718	0.000817
10719	0.004406
10721	0.003828
10723	0.014623
10735	-0.010920
10736	0.006450
10829	0.000285
10837	-0.009296
10846	0.003859
10921	-0.000132
10922	-0.004575
10923	0.009176
10924	0.009821
10964	-0.011720
10978	0.003489
11017	0.029250
11018	0.023249
11019	0.006914
11032	-0.010657
11034	0.003280
11035	-0.000032
11036	-0.005579
11052	-0.000618
11056	0.012969
11060	0.013800
11063	-0.003111
11064	0.000370
11068	-0.000904
11069	-0.005066
11090	-0.007252
11098	-0.007812
11099	0.004280
11100	0.004619
11105	-0.002202
11109	0.007002
11122	-0.004503
11123	0.004753
11125	0.007066
11126	0.007516
11149	0.001703
11153	0.001113
11188	-0.041426
11193	0.001010
11230	-0.004860
11233	-0.009675
11236	0.001464
11243	0.001017
11251	-0.000090
11259	0.008483
11263	0.017255
11272	-0.012025
11321	-0.000889
11322	0.000971
11326	-0.010061
11327	-0.002708
11335	-0.003002
11337	0.001219
11343	-0.001767
11390	0.001068
11444	0.003720
11464	-0.003800
11471	-0.005789
11472	-0.005786
11473	0.001880
11492	0.013901
11499	0.002599
11500	-0.000743
11505	0.002340
11527	-0.013260
11528	-0.007869
11532	0.002216
11564	-0.000718
11589	0.005407
11591	-0.006015
11592	-0.000296
11599	0.000188
11605	-0.008247
11617	0.000429
11630	0.002410
11631	-0.005734
11632	-0.005779
11656	-0.005520
11657	0.015496
11777	-0.007971
11786	-0.002588
11812	0.008445
12020	0.012470
12061	-0.000549
12115	0.004881
12154	0.004698
12155	0.004240
12156	0.009957
12159	0.005518
12174	0.010238
12176	0.020019
12230	-0.001490
12234	0.004434
12236	-0.007076
12237	0.006541
12250	-0.011295
12252	-0.014787
12253	0.001037
12315	-0.002269
12381	0.002389
12382	0.001532
12438	-0.009511
12455	-0.005560
12462	-0.014310
12478	-0.006457
12603	0.000051
12711	0.002616
12714	0.002082
12716	0.001141
12754	-0.002723
12785	0.009959
12788	0.014107
12792	0.010186
12898	-0.005383
12944	0.001446
12949	0.016171
13062	0.007004
13099	-0.001886
13160	0.010005
13198	0.005509
13239	0.001006
13249	-0.002311
13262	0.018587
13263	0.014793
13272	0.001200
13273	-0.008422
13277	-0.001226
13305	0.003906
13342	0.002846
13343	-0.004392
13345	0.000879
13351	-0.011316
13357	-0.004692
13427	0.005803
13436	-0.024602
13455	-0.003423
13528	-0.008610
13532	0.014618
13553	-0.004295
13566	-0.018070
13651	-0.001931
13653	0.003114
13675	-0.007934
13676	-0.010660
13677	-0.002414
13678	-0.013134
13681	0.012235
13688	-0.009581
13697	-0.009710
13705	-0.007689
13708	0.015855
13737	-0.005454
13760	-0.011112
13923	0.004895
13927	0.001876
13995	-0.007135
14002	0.009227
14003	0.003382
14021	-0.018036
14034	-0.007715
14064	-0.005535
14110	0.009640
14155	-0.003351
14203	0.007719
14208	0.002398
14340	0.002897
14356	0.000323
14389	-0.001647
14499	-0.015051
14625	-0.012814
14632	0.009952
14637	-0.009060
14641	-0.008339
14685	-0.000623
14694	-0.013839
14695	-0.011365
14699	-0.000741
14700	-0.006737
14749	-0.020749
14760	0.010145
14790	0.012496
14791	-0.002783
14796	0.000248
14797	0.006983
14891	0.002423
14927	0.007408
15099	0.002268
15182	-0.013320
15243	-0.000391
15245	-0.000982
15254	0.000127
15322	-0.004644
15327	-0.001854
15463	0.008617
15496	-0.003463
15499	-0.002723
15502	-0.005515
15514	0.002713
15566	-0.012220
15580	-0.005374
15583	0.008425
15586	0.006746
15601	-0.005520
15621	0.033723
15780	-0.002881
15869	-0.002306
16082	0.010161
16281	-0.001363
16293	-0.006087
16300	0.003229
16304	0.006449
16360	0.005824
16361	-0.018784
16367	0.007530
16432	-0.021421
16433	-0.035021
16438	-0.015557
16446	-0.020114
16453	-0.011987
16463	-0.002930
16466	-0.003079
16477	0.003074
16482	0.005955
16605	0.000636
16606	0.014224
16635	-0.006984
16638	0.000208
16655	0.017292
16673	0.002320
16676	-0.002391
16677	-0.006210
16678	0.004060
16808	0.011655
16829	-0.002742
17150	-0.010699
17182	-0.005172
17199	0.001970
17273	0.008008
17431	0.003802
17466	0.013897
17472	0.007552
17485	0.006232
17585	-0.012149
17620	0.002271
17647	-0.025801
17690	0.013190
17772	-0.003335
18410	-0.010282
19647	-0.056618
21458	-0.001332
21885	-0.002097
21973	0.004875
21976	0.000869
21977	0.003548
22084	0.001748
23475	0.004008
23754	-0.009703
23764	0.000136
24372	0.019800
24918	-0.009416
24944	-0.003716
25022	0.008510
25140	0.007840
26484	0.001889
27764	0.000142
28424	-0.007247
28845	-0.002589
29861	-0.002099
30684	-0.004798
31288	-0.007713
31704	0.002424
32421	-0.003394
32520	0.000926
32893	0.007740
34340	-0.000670
35227	0.003389
35334	0.000003
36499	0.007948
36843	-0.000348
36844	0.006201
36955	-0.003576
36970	-0.001064
39336	0.003274
39353	-0.002655
40538	0.005364
40541	0.001830
40542	0.008622
40599	-0.007097
40601	-0.002213
40602	0.004703
40656	-0.002014
40657	0.000601
42157	0.000690
42203	-0.004397
42204	0.004667
42851	-0.010107
43061	0.001242
44144	0.002262
45195	-0.003443
47030	0.001392
47285	-0.001614
47317	-0.019060
47457	-0.017840
47460	0.003536
48147	0.004670
48297	-0.001560
48474	-0.002679
48696	-0.004461
49516	0.006684
49630	-0.002037
49927	-0.003134
50199	-0.002340
50249	-0.003757
50259	0.005519
50904	0.002792
53231	-0.001551
53471	0.018530
53531	-0.003588
53986	-0.002183
55057	0.003626
56431	0.005517
56432	0.001328
56466	-0.006087
56478	-0.006657
56621	0.004693
57644	0.009678
57756	0.013525
58783	-0.004050
59657	-0.001657
59715	-0.003739
64825	-0.011958
64947	-0.001361
65950	0.048915
70102	0.005130
75003	0.006979
75099	0.000311
75742	0.002962
75823	0.001615
75824	-0.002141
78157	0.006211
78181	-0.000433
78191	-0.001679
80479	-0.008985
80480	0.006046
80715	0.004316
80719	-0.002261
80750	0.003622
81231	0.000346
84436	0.006879
84780	0.000434
84844	-0.005502
85002	-0.005986
85003	0.010605
85659	-0.002318
85663	0.002859
85710	0.003685
92185	-0.026332
96142	-0.000781
96144	0.011042
96482	0.012124
98871	-0.000850
