# 1342 minima projected onto PC3
# Min	PC
3	1.832291
4	1.584531
5	6.018201
6	6.469567
7	5.891301
9	3.383399
16	0.928208
17	5.322715
21	1.996553
23	4.782867
31	3.788126
44	-2.715131
47	-1.645048
48	3.932025
51	0.943479
52	-0.053596
55	2.342271
56	-1.149332
57	-1.903499
58	5.063016
60	7.561857
67	-2.966235
68	-2.485605
71	1.738019
72	1.657610
74	1.800646
79	7.166962
82	4.726512
85	2.144096
86	0.114189
87	4.671522
88	3.462211
91	2.864267
92	3.159283
94	4.016618
95	1.629756
97	2.883282
104	1.667851
106	3.565806
109	3.661487
111	0.679249
115	-2.202571
120	-2.954155
126	7.212828
129	4.865735
136	5.467228
137	2.395514
188	-2.524121
189	-1.171259
196	2.277937
199	3.933178
200	1.232448
202	5.689041
211	6.761722
213	5.626622
214	4.023460
219	5.986013
221	3.625976
276	5.667684
279	2.265666
283	-3.390972
295	2.688410
308	2.792262
312	1.853134
315	7.531672
318	1.141776
319	4.295265
321	1.742607
324	2.012876
328	4.836050
334	-0.027738
336	9.255843
338	0.424431
347	0.747425
351	6.920206
352	-0.938471
354	-1.233559
357	-2.184190
359	2.900916
362	2.591983
364	2.136582
365	2.334690
368	2.639812
376	6.231041
377	4.814322
380	-0.230446
386	0.958620
388	-1.792464
390	3.766972
396	3.810519
404	4.548053
410	-1.884588
413	-1.770610
420	-0.832696
423	0.949503
424	0.363812
437	-1.488738
438	-0.932080
444	-2.943976
452	-0.674899
473	4.057514
474	0.240733
475	4.289052
476	-2.669396
478	-1.240269
479	-3.353283
480	1.311879
483	6.843945
503	0.336321
508	1.948234
509	4.817220
530	6.722742
536	5.019589
556	1.372376
581	0.465042
583	2.235313
603	0.068469
606	6.236411
607	5.723931
620	5.530479
628	5.568722
636	6.581729
637	9.986190
639	7.773189
640	6.836772
644	0.110133
645	-0.220591
677	6.853208
678	3.336491
679	1.015930
682	3.875030
698	-1.012420
700	1.647221
710	3.746835
722	6.345452
723	6.645098
724	5.986220
725	8.989637
726	11.016208
747	-0.170164
753	1.115838
755	3.325774
757	0.404662
765	3.426853
782	0.808778
783	6.133518
793	-3.873368
808	3.444984
814	-1.877252
840	1.534238
848	1.603688
859	0.004035
864	2.390975
867	4.059843
878	0.300213
888	1.246013
890	5.522897
892	3.540798
899	0.711422
918	0.789890
926	2.714534
933	-0.816697
934	-1.633808
981	5.683996
1028	-1.007877
1034	1.814513
1051	-2.186644
1054	3.102649
1058	0.660154
1062	2.979701
1063	2.940702
1064	3.909564
1066	3.038047
1068	1.381406
1073	-2.170846
1082	0.298837
1083	-0.559779
1086	-0.055729
1089	1.271540
1090	1.933065
1091	-0.166098
1092	-1.564117
1164	4.618747
1165	4.567664
1174	4.540671
1176	-0.146528
1184	-1.113739
1191	0.017215
1192	-2.380288
1201	5.285739
1230	5.711122
1339	-1.193370
1341	1.078862
1370	0.124541
1385	4.099231
1405	0.375661
1437	3.087066
1441	3.707000
1443	4.047039
1521	6.061121
1522	4.380521
1523	6.622170
1524	4.705179
1525	2.943574
1541	-3.101613
1542	2.530601
1550	2.896187
1551	5.215693
1596	0.436648
1597	1.599156
1628	-0.969617
1629	-0.805238
1633	-3.724756
1636	5.745411
1637	10.148659
1765	-4.151674
1766	-5.109877
1780	0.869060
1862	0.275496
1865	2.359030
1870	0.078607
1885	4.742346
1910	-0.196210
1911	0.624072
2007	5.460668
2060	3.545435
2062	2.696844
2090	4.437851
2093	2.701218
2094	1.584321
2095	5.308341
2096	5.624998
2100	-2.809098
2101	6.557847
2102	6.289413
2103	6.747197
2104	6.464804
2105	-1.255942
2128	2.181822
2129	1.786992
2135	-0.095538
2190	4.222403
2195	-0.238893
2197	-0.741445
2198	-2.808363
2199	1.637320
2200	-1.004623
2201	1.138105
2202	-3.161575
2205	-2.242067
2217	-0.117907
2218	0.690207
2221	2.145531
2272	0.065228
2273	0.815990
2275	3.277776
2288	8.918654
2293	0.337499
2298	1.908938
2299	1.994814
2300	0.796983
2301	-1.458394
2338	1.037688
2342	3.944036
2343	4.206219
2358	6.718322
2384	2.199922
2385	1.710469
2399	7.565225
2435	-0.004390
2436	-3.634245
2465	-1.173523
2467	1.334143
2468	-1.029712
2469	-1.951610
2470	-0.575181
2471	7.329942
2474	0.236565
2620	2.521308
2650	-0.209794
2651	1.414849
2685	3.922847
2688	-1.235437
2730	0.744371
2843	3.919210
2951	3.002909
2959	5.628531
3236	-1.871912
3305	4.427379
3318	2.309324
3340	-1.024987
3352	3.671702
3355	2.604535
3356	0.810711
3365	-0.117620
3366	0.096597
3367	1.441747
3368	1.474232
3401	-2.376096
3405	5.001427
3434	1.454550
3448	2.520026
3454	0.512421
3481	1.743908
3495	0.352950
3504	0.799968
3532	-2.654186
3540	0.764430
3549	1.285585
3550	2.072991
3569	-1.706400
3595	-3.794463
3596	-0.098328
3603	3.000630
3621	2.482309
3622	-0.092711
3647	-1.043233
3649	-3.889433
3651	2.395293
3652	-2.451498
3723	-2.552316
3757	2.656288
3772	-3.574267
3787	-5.942131
3798	-2.825339
3799	-4.599971
3889	5.964073
3897	2.297657
3898	0.117307
3904	1.999825
3945	1.027864
3990	-1.957357
4024	0.215053
4039	-0.777260
4048	0.224364
4050	1.416720
4076	-1.567117
4094	-1.287131
4170	0.131246
4251	1.097422
4252	0.525225
4299	1.224770
4302	2.209377
4318	1.256694
4319	1.883937
4320	2.608431
4360	1.006811
4388	6.066866
4414	3.494508
4426	-0.620972
4446	0.631695
4527	0.455040
4545	3.232154
4546	1.721656
4554	6.380317
4564	-1.627993
4567	3.011654
4634	5.828314
4693	1.928723
4736	3.005133
4761	4.155115
4879	1.008921
5071	2.122913
5138	4.648360
5164	4.006973
5182	0.256474
5183	0.132789
5184	0.419870
5187	3.066417
5188	-4.082897
5189	-3.167190
5193	-4.481175
5194	-5.237820
5195	-4.664909
5197	-0.140141
5203	0.505092
5205	2.313432
5212	3.748921
5213	4.877714
5222	-1.770277
5223	6.153418
5228	3.494365
5232	-1.630465
5244	0.915331
5245	-1.142183
5246	-0.180905
5248	-0.390352
5292	-0.550053
5293	0.150612
5299	0.071213
5300	-1.410054
5315	-0.365134
5316	-1.670228
5319	0.167454
5320	0.371614
5321	-1.276710
5322	-5.972121
5323	-0.162512
5324	-1.580275
5325	1.234481
5329	-2.173749
5342	3.855216
5343	1.886319
5374	-3.574401
5376	1.030455
5378	3.404434
5379	-1.502325
5382	5.616766
5390	3.554655
5398	-3.554278
5402	-0.650344
5404	2.725634
5407	-5.275639
5408	-0.028193
5409	-4.628552
5411	-5.958945
5412	-2.992277
5413	-0.032908
5416	1.909347
5418	-5.393254
5422	-5.018661
5425	2.888984
5427	2.198387
5428	-3.722529
5432	-4.414326
5436	-0.490605
5443	-2.060227
5444	3.609274
5458	-2.699115
5462	-0.663386
5465	-0.714197
5468	-3.651151
5471	-1.004418
5480	-1.652659
5481	-1.088766
5485	2.836959
5486	2.171263
5488	5.871282
5489	4.544769
5495	4.845531
5513	-1.031966
5515	4.464648
5516	6.603714
5521	-2.678007
5527	3.866098
5528	5.887832
5536	1.231582
5537	-3.340159
5547	-0.887508
5565	3.466337
5573	10.393110
5579	-1.610691
5583	-2.057253
5586	-0.261430
5589	1.588847
5590	7.347669
5593	1.775127
5599	-1.575359
5604	5.027963
5605	7.279640
5606	3.463822
5625	-0.042225
5649	1.768524
5656	1.421113
5657	0.548985
5658	3.578778
5686	-0.322828
5695	0.467171
5705	0.851787
5706	3.069155
5716	-3.439717
5717	-0.859586
5718	-1.859330
5719	-1.115018
5720	-4.143049
5724	0.448627
5738	3.839697
5742	2.811856
5750	-1.952588
5751	4.996817
5756	-3.586554
5761	-3.647330
5768	-0.758765
5773	2.493032
5792	-0.529983
5793	3.435059
5794	-1.127542
5806	-4.820383
5811	-0.063197
5812	5.835508
5813	5.731134
5814	0.118320
5821	-4.527598
5823	-0.759829
5825	-1.368857
5831	1.794891
5832	0.547098
5833	1.016024
5847	0.500888
5849	-4.269170
5851	-4.217547
5854	-0.208111
5858	1.098263
5862	0.473425
5875	1.641824
5876	1.899588
5903	-4.886994
5910	-1.090996
5912	-2.397901
5913	-0.827351
5925	-5.312268
5926	-5.344941
5927	-3.483882
5928	-3.552261
5930	5.371603
5931	-5.299347
5933	4.098632
5934	-3.727118
5937	1.642710
5939	4.142290
5940	4.097925
5941	-0.947619
5943	-0.481604
5963	-8.905508
5964	-1.662524
5965	-3.869216
5966	2.478427
5968	8.694200
5969	-4.899443
5970	-5.296213
5971	-3.064050
5975	7.593920
6006	-0.640090
6011	-1.642377
6017	-2.167633
6019	2.733632
6022	-1.847736
6032	-2.940695
6095	0.369423
6115	-1.795048
6116	3.069937
6119	-3.628312
6127	-2.063873
6128	-4.187410
6130	1.600618
6140	4.259207
6141	0.336792
6147	1.107755
6148	1.429918
6163	1.266233
6164	3.159437
6170	-1.424437
6171	-1.993955
6177	-3.519803
6184	-0.869450
6200	2.769479
6204	3.900679
6206	2.669642
6223	-1.277986
6240	-0.391859
6245	1.674959
6253	-0.791459
6267	2.987871
6269	4.299740
6290	2.462093
6303	10.538342
6317	3.339243
6343	-3.439700
6350	-2.950118
6360	-4.927169
6367	0.962986
6383	-1.684050
6389	10.471632
6397	-6.837715
6398	-4.119743
6406	-0.689310
6407	1.623494
6412	10.314286
6413	10.401732
6434	1.779721
6435	1.641335
6460	-3.236116
6463	-2.872421
6464	-3.692014
6489	-3.177310
6507	2.970593
6510	7.693922
6516	2.837704
6518	5.848946
6522	-0.336923
6523	0.263884
6524	-3.095426
6525	-4.633888
6531	-2.501038
6536	-1.157693
6575	-1.266789
6584	-5.703207
6585	-5.321469
6586	1.883010
6594	2.027895
6595	-3.385819
6610	2.592007
6612	3.653401
6615	-3.381651
6624	-4.016681
6628	-6.167157
6649	-5.667789
6698	-4.434187
6706	-0.446346
6718	1.731413
6719	-6.282495
6722	3.389068
6770	-4.172670
6780	6.264281
6781	7.196884
6794	6.778808
6795	3.879880
6796	5.798518
6799	-3.630100
6809	-3.882213
6837	7.480224
6838	6.304798
6839	-1.422252
6846	-3.292288
6865	1.188286
6869	3.804973
6870	6.819005
6871	4.533811
6873	0.623031
6876	5.309016
6885	0.456428
6895	0.022439
6896	1.164702
6897	1.025885
6900	2.139747
6903	4.813318
6906	-6.822428
6916	1.630907
6917	-0.816426
6918	4.129817
6919	-1.828125
6938	-0.325974
6941	0.566066
6942	2.757479
6943	4.528951
6944	4.820329
6948	-0.142917
6953	-3.150782
6957	-7.799402
6958	0.943026
6970	2.845015
6971	-3.947638
6976	0.236898
6977	-0.896825
6990	0.866883
7014	0.281018
7015	0.994791
7016	1.344678
7018	6.662112
7019	7.289933
7042	3.947923
7053	0.298931
7066	-0.646470
7067	3.817991
7083	1.092733
7092	-0.901983
7100	-2.568651
7103	-3.548759
7110	-0.581744
7111	-2.000138
7112	-1.825028
7113	1.794848
7116	-1.133123
7119	1.091997
7120	1.239441
7121	0.766742
7122	2.010073
7140	0.517011
7143	2.116110
7157	4.240614
7165	1.316873
7175	5.183729
7178	3.716299
7206	2.923312
7207	2.120383
7217	-2.229996
7218	-2.130798
7221	-1.194234
7227	4.611578
7230	2.573612
7236	1.725120
7239	-0.235716
7242	-0.401322
7260	-2.797358
7268	-0.391781
7269	0.233279
7304	0.872736
7326	-0.928577
7327	-1.200225
7336	-0.985139
7342	-3.621751
7346	-3.648917
7348	-2.212997
7355	3.805371
7361	-2.012181
7372	-1.830091
7387	1.001604
7422	1.201716
7423	-0.204299
7425	-6.972976
7436	-7.476086
7442	-8.362485
7446	-7.756302
7448	-8.990468
7453	4.645809
7463	0.822579
7492	-5.987716
7493	-2.086354
7494	-2.117335
7495	-3.216273
7518	-7.078097
7520	-8.305800
7540	-9.060678
7546	-9.610913
7556	-5.660720
7559	-5.283222
7560	-5.821226
7561	-2.189820
7564	-0.334811
7575	-6.007525
7583	-8.058893
7585	-8.375868
7586	-0.868560
7599	-3.058201
7600	-4.919985
7606	-2.552170
7614	-7.954763
7617	-9.886364
7622	-5.353647
7629	-3.751269
7637	-4.297361
7640	-7.912515
7657	-9.213731
7665	-8.181145
7666	-6.187832
7667	-6.806072
7668	-6.206205
7669	-3.718030
7670	-5.928956
7671	-5.614154
7681	-6.919153
7683	-9.082887
7684	-5.190417
7696	-6.635008
7722	-5.236623
7723	-9.370256
7799	-3.734451
7852	7.061399
7859	0.855635
7860	-0.296003
7861	-1.873216
7865	0.681945
7875	2.050497
7876	1.491976
7895	-7.192472
7913	-8.577369
7917	-1.044724
7952	0.630375
7969	9.121808
7971	5.017987
8000	-1.934841
8002	1.211437
8006	1.825207
8036	3.854862
8056	2.492819
8069	1.337642
8103	-2.586347
8107	-4.556495
8120	1.433735
8122	6.748500
8125	1.885279
8127	3.540721
8136	-4.020869
8149	-4.431587
8154	-5.055249
8197	-1.459111
8208	-1.296546
8223	3.771666
8232	1.977668
8241	7.338293
8256	-6.207865
8262	-5.648005
8266	-1.534249
8267	0.815340
8268	2.126142
8269	2.185016
8271	-4.791288
8273	1.974493
8280	-1.015785
8284	-0.022100
8303	1.454805
8304	-2.777445
8305	-3.006558
8308	-1.034878
8332	-10.587045
8333	-9.334449
8334	-7.548668
8338	-10.682138
8363	2.560003
8370	-1.965321
8398	-3.485129
8465	-6.046231
8468	0.692223
8469	2.446651
8470	3.606386
8507	-3.514899
8552	-5.195485
8572	1.508721
8574	2.357291
8577	-0.165463
8586	1.499671
8592	2.855273
8593	0.695641
8594	2.518643
8597	-1.912754
8599	3.778099
8606	8.405746
8607	-3.015048
8615	-3.764552
8617	-3.538384
8626	-0.471838
8636	1.533156
8669	3.977241
8671	1.261390
8673	1.298875
8675	2.275348
8790	1.287456
8791	2.888476
8811	-2.345910
8822	-5.781471
8841	0.041319
8849	4.830187
8856	0.462903
8875	2.715358
8884	8.687517
8906	4.446392
8907	2.162200
8910	-2.227649
8911	6.834961
8912	-1.016700
8913	3.135066
8934	3.237882
8935	3.530315
8954	2.774528
8968	0.919181
8972	0.033657
9001	2.442385
9029	1.847383
9032	0.844884
9058	-6.014007
9059	-0.642352
9068	-2.994090
9070	-6.452572
9108	1.599264
9139	6.524501
9140	7.344523
9158	-2.188482
9187	-0.708841
9188	4.747691
9189	-2.410064
9190	5.001496
9253	-3.660192
9259	-6.946447
9268	-3.668896
9269	-6.849903
9271	-5.009626
9312	0.691115
9323	-3.746944
9329	-1.988887
9330	-1.903835
9331	-3.790676
9356	-5.058538
9376	0.720852
9394	1.556027
9424	2.098905
9428	-1.686836
9429	-2.042405
9496	-3.633581
9536	-1.666804
9543	-3.163367
9589	-6.373226
9614	-5.589536
9615	-5.416569
9617	-7.921096
9631	-1.470846
9661	-1.205762
9668	1.179539
9718	1.342980
9728	-2.996544
9734	-0.981652
9788	1.055246
9791	-0.036574
9793	1.166603
9804	3.863312
9809	1.512998
9810	2.005117
9823	7.002215
9828	5.709971
9907	0.413773
9951	-3.223210
9968	-3.711815
9969	-0.479710
10010	-4.286773
10011	-5.490403
10012	-3.975062
10018	-1.614449
10021	-6.212471
10022	-6.947011
10031	-4.861975
10032	-5.165392
10033	-4.188290
10034	-2.965008
10035	-4.474103
10039	-4.048158
10044	-1.943046
10045	-4.428343
10060	0.673262
10065	-6.876556
10077	1.886143
10080	-5.470265
10130	-4.603596
10131	-4.036209
10149	-5.137093
10194	-0.195687
10197	-5.037394
10221	-2.570430
10226	-9.655156
10232	-2.717420
10233	-5.404701
10263	-2.550440
10264	-1.712926
10274	-0.362002
10286	3.848101
10292	1.748335
10299	0.497271
10302	5.255185
10324	3.494356
10355	1.646520
10358	6.460748
10362	5.961300
10366	5.954639
10368	1.486251
10370	2.815718
10392	-0.849499
10405	1.522673
10406	-5.350386
10409	0.767707
10419	-4.166299
10420	-4.680902
10424	-3.821554
10434	3.718138
10455	1.978824
10478	3.890323
10480	5.084031
10484	5.312004
10510	-0.610364
10519	-5.488236
10520	-1.498985
10524	-0.544284
10578	1.969300
10630	-1.689495
10643	-0.514597
10645	-1.946333
10677	4.128117
10678	1.417312
10690	4.252682
10717	1.303156
10718	3.738904
10719	3.345518
10721	2.366093
10723	4.068851
10735	-1.847704
10736	1.319631
10829	4.254140
10837	5.131163
10846	-0.576615
10921	2.346698
10922	5.946483
10923	0.381393
10924	1.494462
10964	4.154356
10978	3.644550
11017	-11.486766
11018	-12.212677
11019	-5.038102
11032	-0.560143
11034	1.027868
11035	0.056035
11036	0.374564
11052	-1.614542
11056	-3.967160
11060	-5.278355
11063	-2.044160
11064	-0.616280
11068	-1.452724
11069	-2.218515
11090	2.713542
11098	-0.369814
11099	-0.296207
11100	-0.120666
11105	4.076309
11109	-2.261035
11122	6.353777
11123	7.268412
11125	3.983152
11126	-3.215289
11149	0.234838
11153	4.464722
11188	2.466634
11193	-0.483041
11230	2.316788
11233	-0.446992
11236	-1.165266
11243	2.440478
11251	1.227723
11259	2.663948
11263	1.576778
11272	0.301626
11321	5.133478
11322	-3.938630
11326	-2.740805
11327	-4.397499
11335	-2.703895
11337	4.146470
11343	-1.791875
11390	4.866175
11444	0.685951
11464	-1.399390
11471	-0.267989
11472	-0.383408
11473	4.043140
11492	5.506380
11499	2.789767
11500	1.019513
11505	0.736048
11527	-0.117454
11528	0.092666
11532	-0.859859
11564	1.801145
11589	5.138774
11591	-7.128979
11592	-3.127573
11599	1.448764
11605	1.410176
11617	2.243579
11630	0.315424
11631	2.038637
11632	2.477738
11656	3.245927
11657	5.405712
11777	-1.336036
11786	1.983190
11812	2.673932
12020	4.743256
12061	-4.890135
12115	-5.123446
12154	-0.805793
12155	-5.845456
12156	-5.780454
12159	-4.208977
12174	2.288356
12176	1.962105
12230	3.560169
12234	6.162607
12236	3.316478
12237	0.698716
12250	-0.983752
12252	1.753651
12253	0.458326
12315	0.350125
12381	-7.556884
12382	-7.689790
12438	-2.778624
12455	-2.777747
12462	-6.047879
12478	-6.968779
12603	2.304110
12711	4.120421
12714	4.272295
12716	3.886056
12754	4.333172
12785	3.662000
12788	4.769657
12792	3.223882
12898	1.867409
12944	4.353266
12949	-0.260706
13062	-4.658915
13099	-3.515168
13160	-4.135367
13198	-3.403713
13239	-1.475245
13249	0.668519
13262	-2.429694
13263	-4.514424
13272	1.396102
13273	4.013317
13277	-3.493033
13305	8.981907
13342	-3.506785
13343	-3.964955
13345	-5.569005
13351	-2.903682
13357	-3.890543
13427	-4.334698
13436	-6.003707
13455	-0.452962
13528	-5.704120
13532	-4.290690
13553	-1.858717
13566	-5.487389
13651	-7.844823
13653	-5.342364
13675	-4.205751
13676	-6.469087
13677	-4.060417
13678	-4.254332
13681	-4.528895
13688	-2.843700
13697	-0.642111
13705	-0.584276
13708	-5.834483
13737	-2.858010
13760	-2.213386
13923	-5.498328
13927	-6.058133
13995	-5.989283
14002	-5.162917
14003	-4.064351
14021	-2.219608
14034	-4.157827
14064	-4.691778
14110	-0.745020
14155	-5.791887
14203	-1.220441
14208	-2.878972
14340	-1.818317
14356	4.996617
14389	-1.692348
14499	-7.751895
14625	-0.768668
14632	0.472714
14637	-0.753276
14641	-2.231453
14685	-3.973382
14694	-8.622142
14695	-8.076078
14699	-1.883490
14700	-3.012034
14749	-4.646094
14760	-8.571750
14790	-0.691226
14791	-1.581917
14796	-1.253126
14797	-3.134316
14891	-3.553068
14927	-8.478400
15099	0.985204
15182	-4.133209
15243	-1.294803
15245	2.510885
15254	-6.402223
15322	-2.619211
15327	-3.594778
15463	3.300646
15496	-1.772802
15499	-3.515786
15502	1.831975
15514	-3.436087
15566	-2.717137
15580	-0.342450
15583	3.256176
15586	-2.391128
15601	6.765747
15621	2.831631
15780	-3.208474
15869	3.450245
16082	5.446326
16281	-3.480843
16293	-0.668086
16300	-4.452075
16304	-4.662922
16360	-2.133541
16361	-1.676728
16367	-1.672005
16432	-7.180266
16433	-6.076530
16438	-5.703215
16446	-2.770183
16453	-3.895285
16463	-4.806418
16466	-4.855144
16477	4.107946
16482	-2.558422
16605	-1.372398
16606	0.607864
16635	0.213275
16638	-4.455224
16655	-1.338747
16673	-4.309304
16676	3.471235
16677	1.079386
16678	-4.741046
16808	1.871466
16829	2.799375
17150	-4.213933
17182	3.396854
17199	-5.637839
17273	2.462297
17431	1.125173
17466	-0.394228
17472	4.161665
17485	4.429525
17585	-1.972872
17620	-3.645664
17647	-2.939205
17690	-5.275215
17772	-0.637995
18410	3.333922
19647	-1.164576
21458	2.762325
21885	-4.350661
21973	-1.554924
21976	-3.351528
21977	-1.947686
22084	2.054803
23475	-2.516891
23754	3.152549
23764	-6.812807
24372	0.921046
24918	3.949062
24944	-0.980743
25022	5.883395
25140	8.359470
26484	-0.965205
27764	2.297478
28424	2.625262
28845	-8.953479
29861	-0.858109
30684	-4.024050
31288	6.429222
31704	-2.909460
32421	3.659622
32520	-3.799514
32893	-1.336030
34340	1.775455
35227	10.767959
35334	-1.232280
36499	1.058044
36843	-0.357543
36844	-0.418628
36955	-5.068830
36970	-4.791854
39336	-4.256246
39353	-2.173511
40538	-8.937028
40541	-9.669210
40542	-8.939194
40599	-5.638025
40601	-9.413714
40602	-8.097336
40656	-8.042903
40657	-7.952276
42157	-4.138635
42203	-1.812344
42204	-1.317910
42851	0.729050
43061	-1.355830
44144	0.351060
45195	-4.286073
47030	-1.686738
47285	-1.249152
47317	5.586434
47457	-2.326135
47460	4.734131
48147	-8.042634
48297	-10.491945
48474	-1.916334
48696	-1.650183
49516	7.131040
49630	2.490873
49927	-0.602855
50199	-2.836425
50249	-6.484657
50259	-3.866323
50904	-3.611590
53231	-0.533745
53471	-5.832285
53531	4.033100
53986	-1.145655
55057	5.403942
56431	-4.024417
56432	-4.322168
56466	-4.527321
56478	-7.666905
56621	-2.887594
57644	-1.536457
57756	-1.523091
58783	1.786484
59657	0.935302
59715	-4.154228
64825	0.378983
64947	-6.708401
65950	2.351233
70102	-5.061126
75003	4.710356
75099	4.018790
75742	1.452730
75823	-10.751637
75824	-8.035713
78157	0.362496
78181	2.117661
78191	-1.329848
80479	-5.168582
80480	-5.330165
80715	-0.534851
80719	-1.467395
80750	1.518585
81231	-2.152828
84436	-2.000854
84780	3.280540
84844	-1.890535
85002	0.019050
85003	-3.255305
85659	-5.668597
85663	-4.896790
85710	-5.600035
92185	6.346422
96142	7.573483
96144	4.979147
96482	1.639159
98871	0.326682
