# 1342 minima projected onto PC70
Min	PC
3	0.006998
4	-0.005602
5	-0.085377
6	-0.099654
7	0.049856
9	0.118435
16	0.043988
17	-0.114569
21	-0.031015
23	-0.094492
31	0.091450
44	0.011823
47	-0.053241
48	0.024644
51	-0.023546
52	0.013212
55	0.045481
56	0.194348
57	0.035424
58	0.034700
60	0.042477
67	0.116487
68	0.086888
71	0.047165
72	0.036090
74	-0.048016
79	0.182185
82	-0.127564
85	-0.097238
86	-0.006442
87	0.027522
88	0.098413
91	0.046477
92	0.079826
94	0.000805
95	0.114269
97	0.070378
104	0.036958
106	0.042918
109	0.133949
111	0.375431
115	-1.144897
120	0.035430
126	0.161962
129	0.215800
136	-0.480822
137	-0.081729
188	-0.051928
189	-0.047635
196	-0.043279
199	-0.035386
200	-0.011459
202	-0.151481
211	0.073269
213	-0.016394
214	0.042945
219	0.045142
221	-0.011192
276	-0.007205
279	0.016583
283	0.034767
295	0.029153
308	0.041684
312	0.084481
315	-0.195761
318	-0.084428
319	0.028684
321	0.152114
324	-0.081007
328	0.055404
334	0.033690
336	0.383553
338	0.211560
347	-0.018342
351	0.153382
352	0.031344
354	-0.045567
357	0.039495
359	0.059495
362	0.036137
364	-0.094387
365	-0.077110
368	0.046356
376	-0.151744
377	-0.053586
380	-0.076445
386	-0.127588
388	-0.016241
390	-0.091971
396	0.006033
404	-0.071366
410	-0.041928
413	-0.029928
420	-0.048646
423	0.012276
424	-0.004380
437	-0.047114
438	0.159761
444	0.219378
452	-0.041676
473	-0.001659
474	-0.070111
475	0.105494
476	-0.022185
478	0.002750
479	0.075604
480	0.057169
483	0.169416
503	0.370057
508	0.017552
509	0.182368
530	0.032567
536	-0.083383
556	-0.037332
581	-0.029451
583	-0.030068
603	0.031369
606	-0.071890
607	-0.060854
620	0.084941
628	-0.066719
636	-0.173254
637	-0.024794
639	-0.123121
640	-0.144921
644	0.037562
645	0.068709
677	-0.194540
678	0.013859
679	0.203086
682	-0.034546
698	-0.037023
700	-0.094684
710	-0.123501
722	-0.032882
723	0.029297
724	0.039848
725	-0.176739
726	0.059144
747	0.074204
753	-0.036900
755	0.116985
757	0.077211
765	0.058586
782	-0.022990
783	0.083170
793	-0.123426
808	0.012381
814	0.160531
840	-0.053425
848	-0.079392
859	0.028671
864	0.065427
867	0.111450
878	-0.294445
888	0.184325
890	0.294797
892	0.066049
899	0.028424
918	0.166190
926	0.051140
933	0.091586
934	-0.017482
981	0.016911
1028	-0.015674
1034	-0.119727
1051	-0.013649
1054	0.104697
1058	0.010646
1062	-0.054790
1063	0.084225
1064	0.030723
1066	0.038542
1068	-0.006896
1073	0.068919
1082	0.072600
1083	-0.046595
1086	0.083935
1089	-0.054766
1090	0.033687
1091	0.130649
1092	0.160666
1164	0.192189
1165	-0.065942
1174	-0.097283
1176	0.029609
1184	0.021265
1191	0.011991
1192	0.138101
1201	-0.059046
1230	0.017590
1339	0.069038
1341	0.148101
1370	-0.288184
1385	0.140180
1405	-0.103556
1437	-0.046558
1441	0.083995
1443	0.038365
1521	0.078251
1522	0.037594
1523	0.051626
1524	0.099726
1525	0.025098
1541	-0.021500
1542	0.068401
1550	0.018831
1551	0.005758
1596	0.015392
1597	-0.000894
1628	0.047178
1629	-0.028302
1633	0.083937
1636	-0.186613
1637	-0.018203
1765	-0.039308
1766	-0.106178
1780	-0.009291
1862	-0.030780
1865	-0.042540
1870	-0.002498
1885	0.165715
1910	-0.006529
1911	-0.085698
2007	0.032352
2060	0.460716
2062	-0.025608
2090	-0.128089
2093	-0.063274
2094	0.018623
2095	-0.036871
2096	0.109711
2100	0.083370
2101	0.033097
2102	-0.016005
2103	0.015243
2104	-0.036289
2105	0.119933
2128	-0.046824
2129	-0.066284
2135	-0.120107
2190	-0.031822
2195	-0.003695
2197	-0.084240
2198	-0.009426
2199	-0.020292
2200	0.067818
2201	0.036655
2202	-0.073748
2205	0.132064
2217	-0.012305
2218	0.266538
2221	0.109392
2272	-0.048252
2273	-0.021524
2275	-0.041410
2288	0.080448
2293	-0.090563
2298	-0.106237
2299	0.011189
2300	-0.070317
2301	0.060104
2338	0.177385
2342	0.036450
2343	0.040387
2358	0.039928
2384	-0.063701
2385	0.015597
2399	-0.121814
2435	0.363075
2436	0.096219
2465	-0.132332
2467	-0.030606
2468	-0.119934
2469	-0.071785
2470	-0.018609
2471	0.147541
2474	0.000731
2620	0.135472
2650	-0.017227
2651	0.119262
2685	0.229440
2688	0.399105
2730	0.074797
2843	0.000184
2951	-0.447384
2959	-0.110604
3236	0.039538
3305	0.055236
3318	0.242873
3340	0.046887
3352	0.006298
3355	0.032572
3356	-0.240673
3365	-0.116597
3366	-0.041015
3367	0.007820
3368	-0.042808
3401	-0.145322
3405	0.190017
3434	0.005685
3448	0.122123
3454	0.027131
3481	0.002526
3495	0.021512
3504	0.037125
3532	0.022556
3540	0.096757
3549	-0.063194
3550	0.226932
3569	0.003601
3595	-0.225000
3596	-0.070282
3603	0.238355
3621	-0.072655
3622	-0.057657
3647	0.014831
3649	0.008816
3651	-0.013055
3652	-0.107960
3723	0.082637
3757	-0.049879
3772	-0.026834
3787	-0.134327
3798	0.011125
3799	-0.272286
3889	-0.018897
3897	0.108579
3898	-0.026297
3904	-0.128684
3945	-0.130336
3990	0.001816
4024	0.059017
4039	0.034745
4048	-0.005980
4050	-0.102253
4076	0.210876
4094	0.401625
4170	0.036905
4251	-0.151147
4252	-0.198570
4299	0.082303
4302	-0.030591
4318	0.123541
4319	0.065608
4320	-0.049654
4360	0.048056
4388	-0.046730
4414	0.131841
4426	0.148227
4446	0.163116
4527	0.078475
4545	0.109254
4546	-0.093220
4554	0.233337
4564	-0.004638
4567	-0.004973
4634	0.061806
4693	-0.065127
4736	-0.032678
4761	0.018149
4879	0.049985
5071	0.057380
5138	-0.093694
5164	0.034650
5182	-0.055245
5183	-0.047477
5184	-0.067321
5187	0.068668
5188	0.014079
5189	0.056955
5193	-0.104289
5194	-0.167658
5195	0.098991
5197	0.048594
5203	0.063638
5205	-0.066186
5212	-0.020181
5213	0.079094
5222	0.203155
5223	-0.124831
5228	-0.043445
5232	0.086060
5244	0.120507
5245	0.122619
5246	-0.125858
5248	0.000069
5292	0.051216
5293	0.008822
5299	0.227201
5300	0.117675
5315	-0.056373
5316	-0.014543
5319	-0.078163
5320	-0.061947
5321	0.002054
5322	-0.181692
5323	-0.039230
5324	0.119779
5325	0.064905
5329	0.093753
5342	0.026015
5343	0.038255
5374	0.349236
5376	-0.168646
5378	0.056238
5379	0.018951
5382	-0.018560
5390	-0.087486
5398	-0.007000
5402	-0.039264
5404	0.115370
5407	0.095251
5408	-0.162640
5409	0.062716
5411	-0.027228
5412	-0.004836
5413	-0.161965
5416	-0.105750
5418	-0.001043
5422	0.048909
5425	-0.063298
5427	0.009057
5428	0.133728
5432	0.066984
5436	0.041457
5443	0.271031
5444	-0.146490
5458	-0.047478
5462	-0.075202
5465	0.032986
5468	-0.095336
5471	0.006268
5480	-0.012603
5481	-0.172757
5485	-0.170393
5486	-0.170854
5488	-0.073765
5489	-0.047312
5495	-0.083747
5513	-0.047470
5515	0.133408
5516	-0.166605
5521	0.017073
5527	0.134643
5528	0.085881
5536	-0.032427
5537	0.145653
5547	-0.049658
5565	0.031330
5573	0.044159
5579	0.351363
5583	-0.080254
5586	0.069775
5589	0.083386
5590	0.033186
5593	0.051672
5599	0.259074
5604	-0.144819
5605	0.068949
5606	-0.115580
5625	0.201004
5649	-0.017636
5656	-0.009066
5657	0.185339
5658	0.012132
5686	0.104284
5695	0.073224
5705	0.296456
5706	0.084767
5716	0.012524
5717	0.188976
5718	0.097627
5719	0.141100
5720	-0.138975
5724	-0.061884
5738	-0.116344
5742	0.182214
5750	-0.011029
5751	-0.128855
5756	0.022027
5761	0.139540
5768	-0.095500
5773	0.061074
5792	0.041244
5793	-0.001922
5794	0.125541
5806	0.062212
5811	-0.023025
5812	-0.030254
5813	-0.003365
5814	0.018521
5821	0.094508
5823	-0.051473
5825	0.153441
5831	0.078111
5832	0.129002
5833	0.187987
5847	-0.031928
5849	-0.007450
5851	-0.131957
5854	-0.012796
5858	0.167876
5862	-0.038547
5875	-0.050411
5876	-0.180423
5903	-0.003558
5910	-0.064671
5912	-0.182882
5913	-0.113066
5925	-0.053757
5926	-0.024807
5927	0.014154
5928	-0.120541
5930	-0.080886
5931	-0.058261
5933	0.063639
5934	0.022654
5937	-0.244309
5939	-0.289025
5940	-0.310869
5941	0.090169
5943	0.070340
5963	0.061499
5964	0.041243
5965	0.055047
5966	0.071263
5968	-0.184977
5969	-0.027571
5970	0.044243
5971	-0.111508
5975	-0.032300
6006	0.062446
6011	-0.028724
6017	-0.012760
6019	0.061572
6022	-0.045251
6032	-0.013454
6095	-0.009689
6115	0.103516
6116	0.122359
6119	0.024213
6127	0.025373
6128	0.019243
6130	-0.088911
6140	-0.085799
6141	0.007236
6147	-0.014908
6148	0.004381
6163	-0.210268
6164	0.058037
6170	-0.204601
6171	0.024166
6177	0.053264
6184	0.055081
6200	-0.072637
6204	0.017990
6206	-0.022536
6223	-0.008374
6240	0.051768
6245	-0.115861
6253	0.028488
6267	0.120939
6269	-0.067847
6290	0.149025
6303	0.036590
6317	0.176901
6343	-0.058680
6350	-0.125172
6360	0.326654
6367	0.177416
6383	-0.035512
6389	0.253271
6397	-0.150183
6398	-0.102273
6406	0.051569
6407	0.208582
6412	0.068947
6413	0.075792
6434	-0.065033
6435	-0.006940
6460	0.033187
6463	0.099570
6464	0.065364
6489	0.049484
6507	0.014842
6510	0.134288
6516	0.075430
6518	-0.166447
6522	-0.012314
6523	0.166937
6524	0.081132
6525	0.116630
6531	0.100635
6536	0.051062
6575	-0.012362
6584	0.006011
6585	-0.042348
6586	0.131865
6594	-0.035058
6595	0.121557
6610	0.114933
6612	-0.060806
6615	0.123677
6624	-0.028727
6628	-0.159380
6649	-0.056054
6698	-0.193483
6706	0.071316
6718	-0.028821
6719	0.011251
6722	-0.094803
6770	0.084104
6780	-0.075275
6781	-0.082366
6794	0.086269
6795	-0.179800
6796	0.080191
6799	-0.038101
6809	0.029468
6837	0.124567
6838	0.181616
6839	-0.070019
6846	0.065881
6865	0.186170
6869	-0.014788
6870	-0.046596
6871	-0.080776
6873	0.096331
6876	-0.066560
6885	0.108814
6895	0.028071
6896	-0.008199
6897	0.067259
6900	0.163315
6903	0.057665
6906	-0.066041
6916	-0.039254
6917	-0.020295
6918	-0.083136
6919	-0.120368
6938	0.066324
6941	-0.018716
6942	-0.048251
6943	0.156945
6944	0.140902
6948	-0.066327
6953	0.038093
6957	-0.108523
6958	-0.026719
6970	-0.198733
6971	0.060140
6976	0.012561
6977	0.053691
6990	-0.056428
7014	0.050009
7015	-0.077359
7016	0.099839
7018	0.000888
7019	-0.055180
7042	0.043960
7053	0.108999
7066	-0.058820
7067	-0.214151
7083	-0.082836
7092	-0.014090
7100	0.080927
7103	0.141873
7110	-0.036468
7111	-0.157620
7112	-0.184613
7113	-0.099436
7116	-0.037229
7119	0.010286
7120	-0.031091
7121	0.056013
7122	0.078517
7140	-0.013784
7143	0.157952
7157	-0.074382
7165	-0.217806
7175	-0.079015
7178	0.085615
7206	0.091483
7207	0.321675
7217	0.037533
7218	-0.063521
7221	-0.064082
7227	0.039704
7230	0.425595
7236	0.044883
7239	-0.003461
7242	-0.039219
7260	0.028292
7268	0.009705
7269	0.005682
7304	-0.003473
7326	0.017858
7327	0.222260
7336	-0.029536
7342	-0.065541
7346	-0.060026
7348	0.017390
7355	0.053906
7361	-0.010372
7372	0.007570
7387	-0.006031
7422	-0.090622
7423	0.031158
7425	0.037573
7436	0.047642
7442	0.208812
7446	0.000742
7448	0.040168
7453	-0.128378
7463	-0.000929
7492	0.246191
7493	0.081453
7494	0.176089
7495	0.323589
7518	-0.023412
7520	0.027358
7540	0.101634
7546	0.030913
7556	-0.009230
7559	0.063407
7560	-0.018419
7561	-0.039299
7564	0.059414
7575	-0.010918
7583	0.036226
7585	-0.047524
7586	-0.065090
7599	-0.086181
7600	0.018070
7606	-0.059863
7614	0.039120
7617	-0.082466
7622	-0.044035
7629	-0.124859
7637	-0.016588
7640	-0.028685
7657	0.093353
7665	0.012619
7666	-0.001362
7667	-0.009990
7668	-0.026385
7669	-0.102470
7670	-0.071145
7671	-0.060367
7681	-0.080472
7683	0.286372
7684	-0.046447
7696	0.145299
7722	-0.049125
7723	-0.076910
7799	-0.035899
7852	-0.083416
7859	-0.025961
7860	-0.046769
7861	-0.019104
7865	0.055223
7875	-0.020349
7876	-0.019316
7895	-0.091583
7913	-0.043007
7917	0.047537
7952	-0.027918
7969	0.373584
7971	-0.131336
8000	0.032871
8002	-0.051796
8006	0.300452
8036	-0.094274
8056	-0.008952
8069	0.162259
8103	-0.076236
8107	-0.213124
8120	-0.026668
8122	-0.037469
8125	0.050169
8127	0.243670
8136	0.002928
8149	-0.072284
8154	0.024792
8197	-0.282232
8208	-0.155475
8223	-0.184507
8232	0.021099
8241	-0.112030
8256	-0.126883
8262	-0.193967
8266	0.083092
8267	-0.009332
8268	-0.005076
8269	0.069997
8271	-0.079440
8273	-0.073484
8280	-0.065399
8284	0.081644
8303	-0.021041
8304	0.064057
8305	0.066301
8308	-0.007075
8332	0.094679
8333	0.233508
8334	0.211510
8338	0.055873
8363	-0.190085
8370	-0.173681
8398	-0.010458
8465	0.241219
8468	-0.020131
8469	0.007349
8470	-0.004085
8507	0.021868
8552	0.110042
8572	0.003352
8574	-0.076129
8577	0.108670
8586	-0.046560
8592	-0.007188
8593	0.037353
8594	0.035338
8597	0.150783
8599	0.005170
8606	0.020042
8607	0.114329
8615	0.093885
8617	0.138841
8626	-0.021438
8636	-0.078917
8669	0.028600
8671	0.086089
8673	-0.140891
8675	0.010007
8790	-0.000817
8791	0.186946
8811	-0.054816
8822	-0.053959
8841	0.086908
8849	0.113273
8856	0.082577
8875	-0.110424
8884	0.400282
8906	-0.078460
8907	-0.091901
8910	-0.017815
8911	-0.252172
8912	-0.076574
8913	0.148274
8934	0.003483
8935	0.073766
8954	-0.167753
8968	0.092865
8972	0.055406
9001	0.086170
9029	0.056697
9032	0.032310
9058	-0.208076
9059	0.003340
9068	-0.112502
9070	-0.002182
9108	-0.153642
9139	0.064236
9140	-0.036149
9158	-0.210163
9187	-0.048882
9188	0.003787
9189	0.079581
9190	-0.040137
9253	0.058314
9259	-0.325874
9268	0.084360
9269	-0.221770
9271	-0.109726
9312	-0.169864
9323	0.063127
9329	0.092237
9330	0.134558
9331	0.092581
9356	-0.084466
9376	0.165808
9394	0.064635
9424	0.005494
9428	-0.057715
9429	0.001645
9496	0.020683
9536	0.065624
9543	-0.057503
9589	-0.145289
9614	-0.088210
9615	0.079698
9617	-0.111394
9631	0.032167
9661	0.047041
9668	0.088056
9718	0.082643
9728	0.052580
9734	0.062717
9788	-0.210492
9791	-0.004799
9793	-0.149807
9804	0.280911
9809	-0.014602
9810	0.056086
9823	-0.088565
9828	-0.099585
9907	-0.285350
9951	0.013093
9968	-0.094158
9969	0.001757
10010	0.023350
10011	-0.087769
10012	0.047863
10018	0.014376
10021	-0.100081
10022	-0.194766
10031	-0.079510
10032	-0.042543
10033	0.078603
10034	-0.056608
10035	0.057353
10039	0.033733
10044	0.052916
10045	-0.076928
10060	-0.272700
10065	-0.049794
10077	0.077052
10080	-0.053570
10130	-0.140405
10131	-0.113470
10149	-0.043541
10194	-0.157253
10197	-0.066655
10221	-0.018991
10226	0.195785
10232	0.112596
10233	0.029215
10263	0.018490
10264	-0.022784
10274	-0.147236
10286	0.073995
10292	-0.372698
10299	0.013333
10302	-0.046335
10324	0.049444
10355	0.026684
10358	-0.034105
10362	0.186039
10366	0.159656
10368	-0.003719
10370	0.183120
10392	-0.172920
10405	0.062186
10406	0.054417
10409	-0.082087
10419	0.170181
10420	0.066836
10424	0.153413
10434	-0.084024
10455	-0.055838
10478	-0.014876
10480	-0.008168
10484	-0.037673
10510	-0.190738
10519	-0.196388
10520	-0.037785
10524	-0.170502
10578	-0.113746
10630	0.070936
10643	-0.000089
10645	-0.058417
10677	-0.054033
10678	-0.110560
10690	-0.023201
10717	-0.013805
10718	0.031633
10719	0.195967
10721	-0.141115
10723	0.037838
10735	0.003965
10736	0.075323
10829	0.158224
10837	0.053913
10846	-0.014870
10921	0.109948
10922	-0.039283
10923	-0.051373
10924	-0.092794
10964	0.058385
10978	0.100390
11017	-0.125195
11018	-0.182119
11019	-0.160416
11032	0.097507
11034	0.010806
11035	0.021981
11036	0.079826
11052	-0.059584
11056	0.026450
11060	0.173999
11063	0.096265
11064	0.046435
11068	0.090051
11069	0.125509
11090	-0.108715
11098	0.054453
11099	-0.060859
11100	-0.010674
11105	-0.057238
11109	0.045467
11122	-0.101011
11123	-0.107913
11125	-0.024170
11126	0.161777
11149	-0.022414
11153	-0.045062
11188	-0.307955
11193	-0.027938
11230	-0.069039
11233	0.044390
11236	0.229572
11243	-0.230039
11251	-0.198412
11259	0.139099
11263	-0.181138
11272	0.076028
11321	0.069343
11322	0.063886
11326	0.082163
11327	-0.033154
11335	0.036638
11337	0.002518
11343	-0.021715
11390	-0.000330
11444	-0.283004
11464	-0.090633
11471	0.010859
11472	0.024699
11473	0.187798
11492	0.026547
11499	-0.085358
11500	-0.044638
11505	0.001856
11527	-0.099281
11528	-0.085482
11532	0.032787
11564	0.019393
11589	-0.081914
11591	-0.087129
11592	-0.054869
11599	0.142186
11605	-0.038445
11617	-0.032012
11630	-0.011441
11631	-1.236975
11632	-0.320020
11656	-0.144994
11657	-0.029811
11777	0.038674
11786	0.063060
11812	0.050746
12020	-0.073390
12061	0.001876
12115	0.072000
12154	-0.234665
12155	0.088568
12156	-0.018926
12159	-0.095327
12174	0.075150
12176	-0.042940
12230	0.083627
12234	-0.011363
12236	0.184624
12237	0.230113
12250	-0.218417
12252	-0.146175
12253	-0.156654
12315	-0.123551
12381	0.043631
12382	0.062463
12438	-0.133060
12455	-0.040790
12462	0.091096
12478	0.100452
12603	0.036357
12711	-0.056763
12714	-0.023120
12716	-0.008691
12754	-0.026022
12785	0.014349
12788	-0.082399
12792	0.308803
12898	0.003667
12944	-0.168893
12949	-0.290290
13062	-0.057207
13099	0.044173
13160	-0.206803
13198	0.009433
13239	0.075037
13249	-0.103194
13262	-0.100551
13263	-0.187424
13272	0.143837
13273	-0.135915
13277	-0.105608
13305	-0.085581
13342	-0.124342
13343	-0.011391
13345	-0.016003
13351	-0.064758
13357	-0.054878
13427	0.124318
13436	0.057337
13455	-0.000330
13528	-0.193249
13532	-0.050903
13553	-0.011098
13566	0.305389
13651	0.147527
13653	0.080949
13675	-0.131969
13676	0.060760
13677	-0.021258
13678	-0.096399
13681	-0.039993
13688	-0.104789
13697	-0.211779
13705	-0.238432
13708	0.062899
13737	-0.095733
13760	-0.123162
13923	-0.189002
13927	-0.131238
13995	-0.046101
14002	-0.300540
14003	-0.094747
14021	-0.070396
14034	0.251629
14064	0.255328
14110	-0.039480
14155	-0.028840
14203	0.101599
14208	-0.117489
14340	-0.182811
14356	0.009060
14389	-0.003926
14499	0.023502
14625	-0.080635
14632	0.061619
14637	-0.126838
14641	-0.143283
14685	0.104679
14694	0.088502
14695	0.088007
14699	-0.046732
14700	-0.015700
14749	-0.014180
14760	0.087145
14790	-0.031227
14791	0.030000
14796	0.058742
14797	-0.011959
14891	-0.091136
14927	-0.118064
15099	0.126840
15182	-0.200826
15243	0.100032
15245	0.031890
15254	0.030047
15322	-0.024651
15327	-0.097146
15463	0.123534
15496	-0.127403
15499	0.118627
15502	-0.020078
15514	-0.001115
15566	-0.044259
15580	0.047664
15583	0.150875
15586	-0.094688
15601	-0.099035
15621	0.208780
15780	0.002998
15869	0.379249
16082	-0.513753
16281	0.131336
16293	-0.112959
16300	-0.178701
16304	-0.072743
16360	-0.040045
16361	-0.196705
16367	-0.107252
16432	0.040876
16433	-0.137047
16438	0.194793
16446	-0.078709
16453	-0.091154
16463	-0.047457
16466	0.156337
16477	-0.181424
16482	-0.105615
16605	0.037529
16606	-0.517640
16635	-0.053685
16638	0.088741
16655	-0.114805
16673	0.097290
16676	0.004090
16677	-0.029135
16678	0.004561
16808	-0.079765
16829	0.052011
17150	-0.066886
17182	0.173417
17199	-0.051949
17273	-0.043967
17431	0.056679
17466	-0.083289
17472	-0.074322
17485	-0.029814
17585	-0.151431
17620	0.094062
17647	-0.110749
17690	-0.186572
17772	0.003593
18410	0.268144
19647	0.198493
21458	-0.028815
21885	0.099917
21973	0.102881
21976	0.023107
21977	0.011758
22084	0.012743
23475	0.084002
23754	-0.385403
23764	0.092379
24372	-0.174796
24918	-0.317679
24944	-0.008445
25022	0.000237
25140	0.047741
26484	-0.138429
27764	-0.068710
28424	-0.369136
28845	-0.115870
29861	0.003696
30684	0.052531
31288	0.084595
31704	0.000345
32421	0.406609
32520	0.031149
32893	0.082825
34340	-1.250293
35227	0.066141
35334	0.107884
36499	-0.072631
36843	0.056646
36844	0.054250
36955	0.068144
36970	0.088166
39336	0.372442
39353	0.035811
40538	-0.038466
40541	0.132066
40542	0.062930
40599	0.060121
40601	0.093739
40602	0.103470
40656	-0.026081
40657	0.015638
42157	-0.114866
42203	-0.076940
42204	0.285734
42851	-0.067317
43061	0.104605
44144	-0.084883
45195	0.060448
47030	-0.005006
47285	0.053337
47317	0.147397
47457	0.163709
47460	0.177696
48147	0.103141
48297	0.433726
48474	0.027458
48696	-0.053730
49516	0.194465
49630	0.039093
49927	-0.149358
50199	0.042525
50249	0.073190
50259	-0.089652
50904	0.036912
53231	-0.037825
53471	-0.070255
53531	0.055940
53986	0.075324
55057	0.112065
56431	0.120495
56432	0.116832
56466	0.116711
56478	0.183859
56621	0.027259
57644	0.005500
57756	0.017826
58783	-0.054887
59657	-0.075500
59715	-1.149776
64825	-0.087845
64947	-0.010060
65950	0.265026
70102	0.336172
75003	-0.141277
75099	-0.150853
75742	-0.114408
75823	0.192995
75824	-0.001403
78157	0.086023
78181	-0.017620
78191	-0.070942
80479	-0.078654
80480	-0.186177
80715	0.163302
80719	0.037310
80750	0.060442
81231	-0.087969
84436	-0.001471
84780	0.015702
84844	-0.069137
85002	-0.108295
85003	0.012869
85659	-0.112836
85663	0.103625
85710	0.130702
92185	0.163013
96142	-0.288270
96144	-0.306851
96482	-0.174408
98871	-0.096821
