# 1342 minima projected onto PC101
# Min	PC
3	-0.018802
4	-0.006658
5	-0.016325
6	0.008279
7	-0.041003
9	0.058658
16	0.014811
17	0.008803
21	0.026154
23	0.009005
31	0.026100
44	-0.005559
47	0.029609
48	0.014278
51	0.002666
52	0.027117
55	-0.036390
56	-0.016296
57	-0.001419
58	0.021011
60	-0.007143
67	0.059421
68	0.087476
71	0.002561
72	-0.005223
74	0.033066
79	0.074242
82	0.014600
85	0.027926
86	0.007633
87	-0.008567
88	0.014837
91	0.000707
92	0.027746
94	0.009188
95	0.010128
97	0.010438
104	-0.016640
106	-0.127568
109	0.043841
111	0.001180
115	-0.045625
120	0.000038
126	0.069017
129	-0.040314
136	-0.048232
137	0.022316
188	-0.019257
189	0.022872
196	0.014483
199	0.057402
200	-0.008919
202	-0.008430
211	0.026181
213	0.009165
214	-0.001583
219	0.012715
221	0.041867
276	-0.011885
279	-0.010831
283	0.025450
295	-0.030334
308	-0.006197
312	0.028194
315	-0.025317
318	-0.000327
319	0.001441
321	-0.014904
324	-0.024724
328	-0.014892
334	-0.013161
336	-0.000569
338	-0.002824
347	-0.005490
351	-0.042813
352	0.014605
354	-0.007532
357	0.019714
359	0.008466
362	0.002229
364	0.001556
365	-0.009992
368	0.007740
376	-0.013214
377	-0.004140
380	0.013831
386	0.036229
388	0.026007
390	-0.009136
396	0.010756
404	0.002808
410	-0.032584
413	0.003614
420	0.004392
423	-0.023575
424	0.008442
437	-0.017617
438	-0.010392
444	0.060179
452	-0.017312
473	0.055764
474	0.004009
475	0.018692
476	-0.009822
478	0.021027
479	0.032175
480	-0.000082
483	-0.036835
503	-0.004021
508	-0.023446
509	-0.028300
530	0.065520
536	-0.015100
556	0.010794
581	-0.042992
583	-0.023713
603	0.009565
606	0.022475
607	-0.003980
620	-0.022452
628	0.015788
636	-0.027363
637	-0.056775
639	-0.001923
640	-0.006623
644	-0.018320
645	-0.012401
677	-0.018337
678	0.030222
679	-0.017795
682	0.024429
698	0.003037
700	-0.035570
710	0.004812
722	0.010834
723	0.035033
724	0.032334
725	-0.045257
726	0.027732
747	-0.066642
753	0.005318
755	-0.066771
757	0.008147
765	0.006169
782	-0.002901
783	0.002608
793	0.027795
808	-0.019626
814	-0.111105
840	0.003759
848	0.017301
859	-0.003812
864	0.025034
867	0.008143
878	0.008653
888	0.004271
890	-0.059071
892	0.004252
899	0.014942
918	-0.023481
926	-0.033626
933	0.009645
934	-0.000886
981	-0.015842
1028	0.000231
1034	0.009733
1051	-0.031979
1054	0.000056
1058	-0.006824
1062	-0.026141
1063	0.010641
1064	-0.029969
1066	0.016123
1068	-0.026503
1073	-0.000593
1082	0.000990
1083	0.014690
1086	0.047473
1089	-0.020382
1090	-0.030358
1091	-0.010395
1092	-0.000375
1164	-0.002209
1165	-0.000414
1174	-0.071149
1176	0.006593
1184	-0.028006
1191	-0.030708
1192	0.020782
1201	0.062822
1230	0.002106
1339	0.009650
1341	0.022526
1370	0.003346
1385	-0.070327
1405	-0.004604
1437	-0.023796
1441	-0.006980
1443	0.008953
1521	0.024140
1522	0.027772
1523	0.079855
1524	0.002402
1525	0.011709
1541	-0.058614
1542	-0.002205
1550	-0.001240
1551	0.008076
1596	0.005244
1597	0.054632
1628	-0.003753
1629	-0.007208
1633	0.007058
1636	-0.002989
1637	0.001605
1765	-0.064056
1766	-0.001045
1780	-0.012836
1862	-0.005296
1865	-0.020832
1870	0.000624
1885	-0.005897
1910	-0.023113
1911	-0.016308
2007	-0.052573
2060	0.067080
2062	-0.015515
2090	0.001444
2093	-0.007343
2094	0.000115
2095	-0.004100
2096	0.042018
2100	0.055196
2101	0.023678
2102	-0.000119
2103	0.007078
2104	-0.017962
2105	0.048479
2128	0.049514
2129	0.043538
2135	0.020366
2190	-0.006383
2195	0.017348
2197	-0.082452
2198	-0.027507
2199	0.042774
2200	0.041757
2201	0.050213
2202	-0.008255
2205	0.065652
2217	0.015598
2218	-0.169164
2221	-0.060239
2272	-0.005870
2273	0.011495
2275	0.013665
2288	0.015040
2293	0.022894
2298	-0.002516
2299	-0.039529
2300	-0.020998
2301	0.042544
2338	-0.012769
2342	-0.013866
2343	0.062724
2358	0.009622
2384	-0.013057
2385	0.009113
2399	0.013360
2435	0.006144
2436	0.038263
2465	-0.042691
2467	0.027198
2468	-0.073838
2469	-0.065375
2470	-0.058784
2471	0.025728
2474	0.009525
2620	-0.008748
2650	0.005757
2651	0.019804
2685	0.011386
2688	0.025118
2730	0.058711
2843	0.017933
2951	0.041514
2959	0.041963
3236	0.061115
3305	0.020755
3318	-0.022813
3340	-0.050368
3352	0.025544
3355	-0.022089
3356	0.030912
3365	-0.017035
3366	-0.014283
3367	0.035359
3368	0.045203
3401	0.027186
3405	-0.017569
3434	-0.018093
3448	0.004967
3454	0.012140
3481	-0.014604
3495	0.011832
3504	-0.015154
3532	-0.035020
3540	-0.041051
3549	0.021141
3550	-0.007416
3569	0.004756
3595	0.003767
3596	-0.026782
3603	-0.038741
3621	0.018979
3622	0.003463
3647	0.002793
3649	-0.020305
3651	-0.000175
3652	0.023337
3723	0.011516
3757	-0.011312
3772	-0.041317
3787	0.017284
3798	0.024159
3799	0.006968
3889	-0.014128
3897	0.002978
3898	0.012736
3904	0.012574
3945	-0.022164
3990	0.007238
4024	-0.020517
4039	-0.058671
4048	-0.028337
4050	-0.000040
4076	0.055254
4094	0.024437
4170	0.013150
4251	0.013021
4252	-0.025215
4299	-0.008154
4302	-0.013470
4318	0.005626
4319	-0.032603
4320	-0.019005
4360	-0.032797
4388	-0.019141
4414	-0.003235
4426	0.024349
4446	-0.005336
4527	0.010138
4545	0.006946
4546	-0.010723
4554	0.013104
4564	-0.013301
4567	0.022540
4634	-0.005402
4693	0.015992
4736	-0.026629
4761	-0.018676
4879	0.028004
5071	0.008036
5138	0.055819
5164	-0.023227
5182	-0.020399
5183	0.000948
5184	0.008129
5187	-0.003518
5188	0.030820
5189	-0.026336
5193	-0.006093
5194	0.026192
5195	0.012138
5197	0.029308
5203	0.026047
5205	0.008206
5212	0.082713
5213	0.079024
5222	-0.005321
5223	-0.039185
5228	-0.040733
5232	-0.085865
5244	-0.026473
5245	-0.010031
5246	0.014876
5248	0.010662
5292	0.013997
5293	0.034022
5299	-0.012694
5300	0.034506
5315	0.011240
5316	0.027511
5319	-0.057663
5320	-0.061154
5321	-0.020680
5322	0.034508
5323	0.015125
5324	0.024612
5325	0.002565
5329	0.038122
5342	-0.020987
5343	-0.026222
5374	0.088370
5376	-0.034927
5378	-0.071107
5379	-0.051538
5382	-0.032781
5390	0.033793
5398	-0.007832
5402	0.015179
5404	0.029144
5407	0.035086
5408	-0.001142
5409	0.039953
5411	0.017257
5412	-0.039545
5413	-0.007286
5416	-0.038294
5418	0.010756
5422	-0.016537
5425	-0.104992
5427	-0.039688
5428	0.038146
5432	-0.041377
5436	0.008063
5443	0.021780
5444	0.021539
5458	0.008530
5462	-0.137273
5465	-0.001001
5468	0.003678
5471	-0.007342
5480	-0.029858
5481	0.004084
5485	0.020248
5486	0.028727
5488	0.016379
5489	0.029254
5495	0.003122
5513	0.030395
5515	0.008219
5516	-0.002453
5521	-0.000806
5527	0.020034
5528	0.065519
5536	0.026035
5537	0.023112
5547	-0.018015
5565	-0.022536
5573	0.033311
5579	0.011724
5583	0.002054
5586	-0.032020
5589	0.018075
5590	0.013712
5593	-0.014482
5599	-0.098182
5604	-0.017877
5605	-0.006964
5606	-0.050770
5625	0.015320
5649	0.020163
5656	0.021505
5657	0.002085
5658	-0.015040
5686	0.019203
5695	0.031723
5705	-0.008373
5706	0.010102
5716	-0.020600
5717	0.014969
5718	0.007803
5719	0.024939
5720	-0.033784
5724	-0.013177
5738	0.018275
5742	-0.068342
5750	-0.000798
5751	0.000751
5756	-0.021393
5761	-0.014570
5768	-0.019669
5773	-0.020801
5792	0.019818
5793	0.002348
5794	0.020459
5806	-0.023449
5811	0.026082
5812	-0.004844
5813	0.000680
5814	0.019928
5821	-0.017070
5823	-0.039980
5825	-0.024060
5831	-0.078903
5832	-0.110139
5833	0.049813
5847	-0.009022
5849	-0.010711
5851	-0.032606
5854	-0.004227
5858	-0.014313
5862	-0.033749
5875	-0.124070
5876	0.032518
5903	0.002637
5910	-0.009600
5912	-0.026960
5913	-0.156230
5925	0.013275
5926	0.024715
5927	-0.012864
5928	0.030815
5930	0.042077
5931	0.019054
5933	-0.101827
5934	-0.046246
5937	-0.022392
5939	0.067654
5940	-0.081164
5941	0.012007
5943	0.006321
5963	0.007527
5964	-0.013508
5965	0.023793
5966	-0.048965
5968	-0.026743
5969	-0.010316
5970	-0.010126
5971	0.020433
5975	0.031994
6006	-0.017657
6011	-0.079783
6017	0.022881
6019	-0.012793
6022	0.021397
6032	0.022501
6095	0.022960
6115	-0.037256
6116	-0.077875
6119	0.005511
6127	-0.021433
6128	0.024912
6130	-0.019809
6140	-0.023786
6141	0.012963
6147	0.117488
6148	0.106913
6163	0.009987
6164	0.031968
6170	0.017097
6171	0.001188
6177	-0.021036
6184	-0.001958
6200	0.011801
6204	-0.135764
6206	0.102184
6223	0.033942
6240	0.051135
6245	-0.024305
6253	-0.016532
6267	-0.057127
6269	-0.002500
6290	-0.057720
6303	0.021090
6317	-0.081099
6343	-0.018101
6350	0.007984
6360	0.022878
6367	0.023569
6383	0.035842
6389	-0.034734
6397	0.094107
6398	-0.035066
6406	-0.008886
6407	0.032879
6412	0.006752
6413	0.024025
6434	0.023944
6435	0.029273
6460	-0.004812
6463	-0.009321
6464	-0.030389
6489	-0.024688
6507	-0.021753
6510	0.021328
6516	-0.011407
6518	-0.028614
6522	0.010403
6523	0.004893
6524	0.002225
6525	0.046476
6531	0.025560
6536	-0.016178
6575	-0.036212
6584	-0.027757
6585	-0.007152
6586	0.039750
6594	0.048488
6595	0.053025
6610	0.033223
6612	0.006963
6615	0.034425
6624	0.041856
6628	0.006319
6649	0.018583
6698	-0.203567
6706	-0.014360
6718	0.046348
6719	0.013916
6722	0.032939
6770	-0.083879
6780	-0.006951
6781	0.009236
6794	0.040025
6795	0.000248
6796	0.036034
6799	-0.070263
6809	-0.038125
6837	-0.047241
6838	0.021833
6839	0.011454
6846	-0.056939
6865	-0.007344
6869	-0.000730
6870	-0.046168
6871	-0.026242
6873	0.000844
6876	-0.021354
6885	0.037894
6895	0.003115
6896	-0.006704
6897	0.018861
6900	-0.021956
6903	0.074985
6906	0.002432
6916	-0.026708
6917	0.015919
6918	0.024346
6919	0.045622
6938	0.051257
6941	0.037589
6942	0.016088
6943	0.060191
6944	0.007821
6948	0.024133
6953	-0.030521
6957	-0.004152
6958	0.030244
6970	-0.004239
6971	0.023802
6976	-0.040892
6977	0.009729
6990	-0.027632
7014	0.002929
7015	0.005622
7016	-0.000936
7018	-0.008392
7019	-0.009307
7042	0.015355
7053	0.016647
7066	0.009509
7067	-0.153282
7083	-0.021322
7092	-0.018233
7100	0.010464
7103	0.034514
7110	-0.032905
7111	0.053225
7112	0.029114
7113	0.030279
7116	0.026857
7119	0.029888
7120	0.031545
7121	0.038228
7122	0.025932
7140	0.005560
7143	0.181871
7157	-0.027602
7165	0.048024
7175	0.020829
7178	0.021798
7206	-0.033131
7207	0.008079
7217	-0.020416
7218	-0.001919
7221	0.005941
7227	0.077847
7230	-0.022929
7236	-0.042121
7239	0.008326
7242	-0.029770
7260	0.022966
7268	0.038520
7269	-0.007077
7304	0.026912
7326	0.013500
7327	-0.025496
7336	-0.029642
7342	-0.006965
7346	0.003342
7348	0.089573
7355	-0.062357
7361	-0.017955
7372	0.031783
7387	0.040650
7422	0.039310
7423	0.042944
7425	0.013279
7436	0.016643
7442	0.045152
7446	0.074535
7448	0.045874
7453	0.057276
7463	0.004125
7492	-0.002922
7493	-0.021246
7494	0.102210
7495	-0.019120
7518	-0.021597
7520	0.024574
7540	0.012359
7546	0.001961
7556	0.005980
7559	-0.057935
7560	0.022100
7561	-0.006340
7564	0.078100
7575	-0.022249
7583	0.028910
7585	0.024906
7586	0.038161
7599	-0.091521
7600	0.031470
7606	-0.118647
7614	-0.015651
7617	0.002299
7622	0.020634
7629	0.042685
7637	-0.034132
7640	0.028952
7657	-0.020070
7665	-0.046701
7666	0.010378
7667	-0.026349
7668	-0.016664
7669	-0.099908
7670	0.067569
7671	-0.055226
7681	0.091459
7683	0.024861
7684	-0.042126
7696	-0.018706
7722	-0.004404
7723	0.004682
7799	-0.018109
7852	0.025595
7859	-0.007773
7860	-0.023433
7861	-0.042741
7865	0.002389
7875	-0.017830
7876	-0.008025
7895	-0.032560
7913	-0.029887
7917	0.019990
7952	0.027269
7969	0.014596
7971	0.005113
8000	0.072403
8002	0.009364
8006	0.006419
8036	0.053771
8056	-0.020859
8069	0.045941
8103	0.002920
8107	-0.014326
8120	0.029816
8122	0.011935
8125	0.005726
8127	-0.021794
8136	-0.018388
8149	0.010506
8154	0.045186
8197	0.027992
8208	0.071314
8223	-0.010159
8232	-0.016374
8241	0.009875
8256	-0.006209
8262	-0.004782
8266	-0.001809
8267	-0.030935
8268	-0.008396
8269	0.015838
8271	0.021408
8273	0.030827
8280	0.008488
8284	0.012292
8303	-0.011012
8304	0.008034
8305	0.006487
8308	-0.010982
8332	-0.019052
8333	-0.007493
8334	0.019212
8338	0.099716
8363	-0.001438
8370	0.058277
8398	0.014722
8465	-0.130102
8468	-0.041011
8469	-0.030688
8470	-0.013549
8507	0.005492
8552	0.026561
8572	-0.001995
8574	-0.004306
8577	0.020321
8586	0.009793
8592	0.013201
8593	-0.026942
8594	-0.034451
8597	0.019532
8599	-0.013104
8606	0.000279
8607	0.070599
8615	-0.037578
8617	-0.036165
8626	0.000397
8636	0.026813
8669	0.006954
8671	-0.009857
8673	-0.054098
8675	-0.000261
8790	0.000229
8791	-0.004426
8811	-0.175781
8822	-0.035130
8841	0.038786
8849	0.034407
8856	-0.085593
8875	-0.002793
8884	-0.036282
8906	-0.030458
8907	-0.005903
8910	0.025673
8911	-0.031732
8912	0.031186
8913	-0.068083
8934	-0.024173
8935	-0.011509
8954	-0.002827
8968	-0.006155
8972	0.011713
9001	-0.082033
9029	-0.014396
9032	-0.009538
9058	0.007329
9059	-0.029563
9068	-0.010039
9070	-0.007189
9108	0.015076
9139	0.002124
9140	-0.033377
9158	-0.001431
9187	-0.110591
9188	0.013185
9189	-0.031640
9190	-0.002461
9253	-0.037237
9259	0.124982
9268	0.025148
9269	0.051454
9271	-0.002797
9312	0.031235
9323	-0.034013
9329	-0.003129
9330	-0.008977
9331	-0.059701
9356	0.000086
9376	0.057464
9394	0.020623
9424	0.035398
9428	-0.050195
9429	-0.028239
9496	-0.005078
9536	0.039769
9543	-0.048203
9589	0.002434
9614	0.029958
9615	0.005265
9617	-0.004792
9631	-0.006267
9661	0.001940
9668	-0.045708
9718	-0.007058
9728	-0.021285
9734	0.030394
9788	-0.020609
9791	-0.030884
9793	0.037171
9804	-0.034463
9809	-0.001743
9810	-0.003513
9823	0.014839
9828	-0.073014
9907	0.022126
9951	-0.029547
9968	-0.015159
9969	-0.027436
10010	0.012391
10011	-0.010567
10012	0.024511
10018	0.049685
10021	-0.003020
10022	-0.007186
10031	-0.009002
10032	0.008540
10033	0.030449
10034	-0.037170
10035	0.019651
10039	0.015506
10044	0.051782
10045	0.039066
10060	-0.023377
10065	-0.001455
10077	-0.020496
10080	-0.008626
10130	0.019394
10131	-0.049259
10149	0.024265
10194	-0.003852
10197	-0.096819
10221	0.032367
10226	0.012630
10232	0.124587
10233	0.040913
10263	0.000164
10264	-0.021299
10274	0.002452
10286	0.064284
10292	0.020033
10299	-0.030245
10302	-0.034699
10324	0.023185
10355	0.037695
10358	-0.002803
10362	0.022303
10366	-0.025706
10368	0.020497
10370	0.021448
10392	0.012238
10405	-0.091939
10406	-0.036012
10409	0.015428
10419	0.051814
10420	0.034651
10424	0.060434
10434	0.058318
10455	0.022281
10478	-0.022896
10480	0.053769
10484	-0.025505
10510	0.034017
10519	-0.001155
10520	0.050264
10524	0.021469
10578	-0.048111
10630	-0.003527
10643	0.041988
10645	0.001253
10677	0.008024
10678	-0.011677
10690	0.002498
10717	-0.016774
10718	0.005407
10719	0.008641
10721	0.023191
10723	-0.014611
10735	0.054370
10736	0.009996
10829	0.016948
10837	0.045584
10846	-0.012048
10921	0.008898
10922	0.011207
10923	-0.004276
10924	0.009465
10964	0.030954
10978	-0.039677
11017	0.007485
11018	-0.004305
11019	-0.023610
11032	0.040004
11034	0.014163
11035	0.013902
11036	0.035844
11052	-0.027728
11056	0.009999
11060	0.078387
11063	-0.017146
11064	-0.092130
11068	-0.021977
11069	-0.002291
11090	0.013397
11098	0.027251
11099	-0.025466
11100	0.000395
11105	-0.006494
11109	-0.045840
11122	-0.012759
11123	0.007676
11125	-0.005571
11126	0.028484
11149	-0.000725
11153	-0.038620
11188	0.036530
11193	-0.007004
11230	0.011071
11233	0.027898
11236	-0.086079
11243	0.033962
11251	-0.021884
11259	-0.089481
11263	-0.007472
11272	-0.041697
11321	-0.034744
11322	0.046797
11326	0.055455
11327	0.041147
11335	-0.013060
11337	-0.022683
11343	-0.018814
11390	-0.018760
11444	-0.090517
11464	-0.022733
11471	0.004810
11472	0.004508
11473	-0.014067
11492	0.025730
11499	-0.035076
11500	0.001431
11505	0.011215
11527	0.042531
11528	0.044831
11532	-0.072570
11564	-0.037480
11589	0.053529
11591	0.008497
11592	-0.031579
11599	-0.006416
11605	-0.090381
11617	0.002954
11630	-0.027717
11631	0.061899
11632	-0.033823
11656	0.051390
11657	0.035585
11777	-0.003362
11786	0.002065
11812	-0.019152
12020	0.066532
12061	-0.037915
12115	0.010395
12154	0.007985
12155	-0.015887
12156	-0.064401
12159	-0.023855
12174	-0.070656
12176	0.039950
12230	-0.013511
12234	0.026834
12236	0.014146
12237	-0.002585
12250	-0.121867
12252	0.020641
12253	0.022872
12315	0.022867
12381	0.124392
12382	0.028970
12438	0.046567
12455	0.021180
12462	0.019946
12478	-0.014489
12603	0.008653
12711	-0.010636
12714	-0.001933
12716	0.007890
12754	-0.003797
12785	0.044424
12788	0.089213
12792	-0.047036
12898	0.010713
12944	-0.026099
12949	-0.113635
13062	-0.048242
13099	0.039859
13160	-0.032199
13198	-0.034451
13239	0.007417
13249	0.031812
13262	-0.083515
13263	-0.080994
13272	-0.004810
13273	-0.011688
13277	0.029494
13305	-0.039289
13342	0.006210
13343	0.017222
13345	-0.090057
13351	0.006362
13357	0.035929
13427	0.065419
13436	-0.159500
13455	-0.017711
13528	-0.107288
13532	0.002119
13553	-0.009796
13566	-0.155456
13651	0.010547
13653	0.021253
13675	0.050868
13676	-0.002796
13677	0.036961
13678	0.043897
13681	0.046649
13688	0.021355
13697	0.033282
13705	0.026383
13708	0.036618
13737	0.032002
13760	0.014279
13923	0.041103
13927	0.038408
13995	-0.008760
14002	0.089628
14003	0.074788
14021	0.040749
14034	-0.032323
14064	-0.048859
14110	0.078720
14155	0.027128
14203	-0.024955
14208	0.026178
14340	0.037726
14356	-0.052965
14389	-0.040858
14499	0.013541
14625	-0.027669
14632	-0.037733
14637	-0.039587
14641	-0.003961
14685	-0.028073
14694	0.011780
14695	0.037782
14699	-0.025261
14700	0.004982
14749	-0.027481
14760	0.094221
14790	0.023490
14791	0.042768
14796	-0.039025
14797	0.016894
14891	0.064147
14927	-0.028795
15099	0.035344
15182	-0.013949
15243	-0.004952
15245	0.051372
15254	0.016565
15322	-0.003445
15327	-0.021058
15463	-0.058631
15496	0.013821
15499	0.001752
15502	-0.005608
15514	-0.035181
15566	0.020459
15580	-0.040458
15583	-0.009585
15586	-0.022749
15601	-0.001367
15621	-0.062496
15780	-0.033269
15869	0.023994
16082	-0.043318
16281	-0.027185
16293	0.062052
16300	0.013539
16304	0.060800
16360	-0.002119
16361	-0.040032
16367	0.032781
16432	-0.041735
16433	-0.048095
16438	-0.050627
16446	-0.074868
16453	-0.081062
16463	-0.007892
16466	-0.002946
16477	0.043891
16482	0.019072
16605	0.000727
16606	-0.015786
16635	0.026242
16638	-0.017318
16655	0.013481
16673	-0.014630
16676	0.008768
16677	-0.007843
16678	0.005901
16808	-0.002717
16829	-0.033886
17150	-0.017835
17182	0.008663
17199	0.093668
17273	-0.012829
17431	-0.026274
17466	-0.004477
17472	0.009050
17485	-0.027251
17585	0.058894
17620	-0.088469
17647	-0.038508
17690	0.004446
17772	0.008265
18410	0.005933
19647	0.097642
21458	0.015357
21885	-0.099598
21973	0.026613
21976	0.004693
21977	0.023383
22084	-0.015649
23475	0.097388
23754	0.030668
23764	0.066533
24372	-0.001371
24918	0.110715
24944	-0.008285
25022	0.079142
25140	0.004020
26484	0.067931
27764	-0.012605
28424	0.034111
28845	0.027725
29861	-0.054278
30684	-0.061263
31288	0.058956
31704	0.010582
32421	0.016678
32520	-0.056290
32893	-0.016647
34340	0.013942
35227	0.017994
35334	0.006537
36499	-0.023550
36843	0.006746
36844	0.016551
36955	0.006400
36970	-0.014875
39336	0.004253
39353	0.073602
40538	-0.016801
40541	-0.021974
40542	-0.040755
40599	0.051818
40601	-0.035782
40602	-0.004023
40656	0.016291
40657	0.042391
42157	-0.007112
42203	0.010865
42204	-0.043534
42851	0.033952
43061	0.028955
44144	-0.037841
45195	-0.016342
47030	0.022935
47285	-0.052770
47317	-0.010319
47457	-0.001066
47460	-0.047492
48147	-0.018568
48297	-0.131941
48474	-0.029814
48696	-0.010212
49516	0.033020
49630	0.034221
49927	0.033264
50199	0.003513
50249	-0.010697
50259	0.064588
50904	-0.078960
53231	0.002248
53471	0.127984
53531	0.005242
53986	-0.001790
55057	-0.013461
56431	0.047997
56432	0.068334
56466	-0.073018
56478	-0.069775
56621	-0.025151
57644	-0.027105
57756	-0.021114
58783	0.015095
59657	0.016773
59715	-0.101613
64825	-0.118472
64947	-0.029643
65950	-0.065713
70102	0.026281
75003	0.004899
75099	0.043269
75742	0.003896
75823	0.103569
75824	0.004759
78157	-0.007456
78181	-0.002047
78191	-0.019063
80479	0.004206
80480	0.022391
80715	-0.044419
80719	-0.035583
80750	-0.006411
81231	-0.020415
84436	0.019459
84780	-0.026177
84844	0.074623
85002	-0.037614
85003	-0.048361
85659	0.006489
85663	-0.014852
85710	-0.008274
92185	0.051513
96142	0.013156
96144	-0.003192
96482	-0.036976
98871	0.011580
