# 1342 minima projected onto PC117
Min	PC
3	-0.008000
4	-0.016410
5	-0.005408
6	0.004603
7	-0.008536
9	0.002268
16	-0.009540
17	-0.003886
21	-0.016320
23	-0.015335
31	-0.001625
44	0.003943
47	-0.000718
48	-0.024181
51	-0.015386
52	-0.008243
55	-0.015297
56	-0.006786
57	-0.002698
58	0.042758
60	0.018576
67	0.009243
68	0.016065
71	-0.005543
72	-0.003539
74	-0.018270
79	-0.003104
82	-0.012378
85	-0.012769
86	0.004862
87	-0.017787
88	0.010416
91	0.002041
92	0.006929
94	-0.001290
95	-0.004985
97	0.024496
104	-0.019187
106	0.024870
109	0.005920
111	-0.000459
115	0.021415
120	0.014467
126	0.001954
129	0.012178
136	-0.004743
137	-0.013557
188	0.015610
189	-0.002337
196	-0.004877
199	0.004974
200	-0.005619
202	-0.014012
211	0.003250
213	0.004369
214	0.012034
219	0.004516
221	-0.009691
276	0.000253
279	0.018811
283	-0.002947
295	-0.015497
308	-0.011357
312	0.015187
315	0.002457
318	-0.008326
319	-0.003827
321	-0.015811
324	-0.004587
328	-0.020446
334	-0.010201
336	0.011414
338	-0.002406
347	-0.010192
351	-0.006639
352	-0.001957
354	-0.001562
357	0.051810
359	-0.001383
362	0.004673
364	0.001031
365	0.005988
368	0.001882
376	0.002508
377	-0.005140
380	0.012072
386	-0.021977
388	0.013275
390	0.010186
396	0.013808
404	-0.010495
410	0.001399
413	-0.009016
420	0.001699
423	0.001280
424	0.021593
437	-0.002458
438	-0.012804
444	-0.027687
452	-0.003113
473	-0.001800
474	0.014238
475	-0.001031
476	0.019599
478	0.007085
479	-0.000057
480	0.001270
483	-0.013455
503	-0.002668
508	-0.009068
509	0.015282
530	0.001594
536	-0.012811
556	-0.003543
581	-0.006125
583	-0.013157
603	-0.000811
606	0.010441
607	0.001887
620	0.001695
628	0.011252
636	-0.004214
637	-0.041411
639	-0.001681
640	-0.001457
644	0.003505
645	0.003878
677	0.004340
678	-0.014652
679	-0.003674
682	-0.024842
698	0.002103
700	-0.022431
710	0.011627
722	0.001338
723	0.012699
724	0.007617
725	-0.002929
726	0.013340
747	0.032524
753	0.005964
755	0.035886
757	0.015599
765	0.004248
782	-0.009318
783	-0.002140
793	0.034807
808	-0.013186
814	-0.007371
840	0.011822
848	-0.014769
859	-0.011050
864	0.019111
867	-0.001330
878	0.003298
888	0.000997
890	0.007136
892	-0.003906
899	0.013136
918	-0.030730
926	-0.003693
933	0.013356
934	0.009599
981	0.010295
1028	0.015593
1034	-0.008982
1051	0.005846
1054	0.022649
1058	-0.012770
1062	-0.009768
1063	-0.015007
1064	-0.001076
1066	-0.017599
1068	-0.009621
1073	-0.001579
1082	-0.003134
1083	-0.014093
1086	-0.000944
1089	-0.009809
1090	0.003740
1091	0.012977
1092	0.016469
1164	-0.028359
1165	-0.003610
1174	-0.024169
1176	0.019208
1184	0.023325
1191	0.015167
1192	0.011478
1201	0.007418
1230	0.019878
1339	-0.000096
1341	-0.022365
1370	0.006764
1385	0.007249
1405	0.021673
1437	0.017355
1441	0.006037
1443	0.009483
1521	-0.000039
1522	-0.006650
1523	-0.014216
1524	0.000269
1525	0.003237
1541	-0.026097
1542	0.005484
1550	-0.008685
1551	-0.012879
1596	-0.018593
1597	-0.000541
1628	-0.017457
1629	-0.020343
1633	0.015164
1636	-0.008847
1637	0.008848
1765	-0.020417
1766	-0.009174
1780	0.001498
1862	-0.000674
1865	-0.011544
1870	-0.006589
1885	0.017971
1910	0.009950
1911	0.005967
2007	-0.002413
2060	-0.001224
2062	-0.007847
2090	0.002038
2093	0.014248
2094	0.008813
2095	0.017510
2096	0.021718
2100	-0.006330
2101	-0.001156
2102	-0.000039
2103	-0.005782
2104	-0.003901
2105	-0.020959
2128	-0.019746
2129	-0.004394
2135	-0.014670
2190	0.017451
2195	0.017225
2197	-0.003688
2198	0.016201
2199	0.015451
2200	-0.003015
2201	0.004968
2202	0.013870
2205	-0.004930
2217	0.000742
2218	-0.001819
2221	-0.015298
2272	0.008637
2273	0.007682
2275	0.021489
2288	0.010931
2293	0.004031
2298	0.008600
2299	0.002439
2300	0.007924
2301	0.011843
2338	-0.008539
2342	0.019148
2343	0.037954
2358	0.034499
2384	-0.017191
2385	-0.013543
2399	-0.000651
2435	-0.022232
2436	0.010463
2465	0.021007
2467	-0.015279
2468	0.001090
2469	-0.003658
2470	-0.000036
2471	0.015646
2474	-0.019521
2620	0.005000
2650	0.010039
2651	0.001027
2685	-0.009051
2688	-0.005908
2730	-0.009705
2843	0.011597
2951	0.015695
2959	-0.012085
3236	0.004451
3305	0.024246
3318	0.018842
3340	-0.007606
3352	-0.010712
3355	-0.011238
3356	0.013908
3365	0.005230
3366	0.003871
3367	-0.004830
3368	0.001260
3401	-0.001027
3405	0.011594
3434	-0.010908
3448	0.004679
3454	0.005578
3481	-0.016129
3495	0.004167
3504	0.005357
3532	-0.024622
3540	-0.007626
3549	0.003892
3550	0.013769
3569	-0.008231
3595	-0.007689
3596	0.000818
3603	0.023805
3621	-0.036312
3622	-0.000007
3647	0.012454
3649	0.017149
3651	0.003619
3652	0.012356
3723	-0.034522
3757	-0.005165
3772	-0.004543
3787	-0.009710
3798	-0.020752
3799	0.010157
3889	-0.010039
3897	0.011902
3898	0.016455
3904	-0.016754
3945	-0.017957
3990	-0.012554
4024	0.012384
4039	0.045426
4048	-0.013845
4050	-0.011014
4076	-0.004211
4094	-0.004032
4170	0.023322
4251	0.004503
4252	0.001548
4299	0.016363
4302	0.018233
4318	0.005706
4319	-0.005961
4320	0.015176
4360	-0.004598
4388	-0.000560
4414	0.001628
4426	0.013239
4446	0.001851
4527	-0.010184
4545	-0.002286
4546	-0.013383
4554	0.014374
4564	-0.001217
4567	0.018727
4634	0.013237
4693	0.010488
4736	0.002313
4761	0.014516
4879	0.005203
5071	0.003671
5138	-0.000583
5164	-0.022835
5182	0.005020
5183	0.024483
5184	-0.015999
5187	0.017646
5188	0.010905
5189	-0.002900
5193	-0.006689
5194	0.014977
5195	-0.005109
5197	-0.008011
5203	-0.024635
5205	-0.001231
5212	0.040025
5213	0.032005
5222	0.017355
5223	0.007488
5228	0.016977
5232	0.003685
5244	-0.006393
5245	-0.033452
5246	-0.002847
5248	-0.003709
5292	0.011314
5293	-0.011101
5299	0.022330
5300	0.004426
5315	0.002780
5316	0.003416
5319	0.010132
5320	0.013357
5321	0.016838
5322	0.013849
5323	-0.002145
5324	-0.002258
5325	-0.003572
5329	-0.007474
5342	0.019171
5343	0.015724
5374	-0.042706
5376	0.017328
5378	-0.001345
5379	-0.004090
5382	0.001364
5390	-0.019594
5398	-0.001783
5402	0.000834
5404	0.005715
5407	0.007344
5408	-0.000387
5409	-0.003814
5411	0.007739
5412	-0.001104
5413	-0.011037
5416	0.002390
5418	0.011743
5422	0.009469
5425	-0.006137
5427	0.002253
5428	0.009442
5432	-0.025815
5436	0.005212
5443	-0.006749
5444	0.045439
5458	0.004152
5462	0.013422
5465	-0.010556
5468	-0.013368
5471	-0.012698
5480	0.034724
5481	-0.013766
5485	-0.004270
5486	0.005991
5488	-0.001876
5489	0.019871
5495	0.010479
5513	0.004942
5515	-0.003961
5516	0.010842
5521	0.012163
5527	0.024742
5528	0.009798
5536	0.013841
5537	0.004960
5547	0.000350
5565	-0.001570
5573	0.010787
5579	0.006656
5583	0.011400
5586	0.003201
5589	-0.016561
5590	-0.010110
5593	0.019318
5599	0.019536
5604	-0.062144
5605	-0.002358
5606	0.022249
5625	0.007617
5649	-0.016663
5656	0.009971
5657	0.023521
5658	0.002075
5686	0.002097
5695	-0.036543
5705	0.000988
5706	-0.001447
5716	-0.008260
5717	-0.004862
5718	-0.021356
5719	-0.010676
5720	-0.002416
5724	0.009428
5738	0.011331
5742	-0.009340
5750	-0.000338
5751	0.003825
5756	-0.009559
5761	-0.032376
5768	0.001330
5773	0.029122
5792	-0.002463
5793	0.019602
5794	-0.008476
5806	0.013100
5811	-0.001007
5812	0.005601
5813	-0.004013
5814	-0.002487
5821	0.001790
5823	-0.019865
5825	-0.008158
5831	-0.008285
5832	0.010489
5833	-0.013685
5847	0.026377
5849	0.004050
5851	-0.005399
5854	0.020802
5858	-0.005073
5862	-0.006119
5875	0.001961
5876	0.019954
5903	-0.010550
5910	0.026232
5912	0.032883
5913	0.071533
5925	-0.013516
5926	-0.019786
5927	0.000623
5928	0.000707
5930	-0.001441
5931	-0.001751
5933	0.012476
5934	0.000370
5937	-0.006827
5939	0.003020
5940	0.030359
5941	-0.006157
5943	0.005485
5963	-0.000136
5964	-0.009052
5965	0.006495
5966	0.012132
5968	0.000285
5969	-0.020262
5970	-0.011387
5971	-0.004030
5975	0.007966
6006	-0.000322
6011	-0.007133
6017	0.022410
6019	0.021160
6022	0.005699
6032	0.017368
6095	-0.019973
6115	0.004172
6116	0.002302
6119	0.005848
6127	-0.010735
6128	0.004684
6130	-0.008255
6140	-0.019786
6141	0.004595
6147	-0.001001
6148	0.006184
6163	-0.006344
6164	-0.002235
6170	-0.002479
6171	-0.005796
6177	-0.009738
6184	-0.009584
6200	0.000479
6204	-0.016087
6206	0.010966
6223	-0.001900
6240	0.019220
6245	-0.025100
6253	0.018318
6267	-0.008209
6269	-0.001953
6290	-0.019967
6303	0.007409
6317	0.003412
6343	0.018602
6350	0.032939
6360	-0.013477
6367	0.007235
6383	-0.018570
6389	-0.014424
6397	-0.009122
6398	0.020568
6406	0.004420
6407	0.029886
6412	0.003842
6413	0.007027
6434	-0.018710
6435	-0.022486
6460	0.012343
6463	-0.014906
6464	-0.011142
6489	0.018744
6507	0.023984
6510	0.005010
6516	0.003433
6518	0.008566
6522	-0.028165
6523	-0.036010
6524	-0.006242
6525	-0.014651
6531	0.009863
6536	0.005112
6575	0.005576
6584	-0.010668
6585	-0.025027
6586	-0.027337
6594	-0.023029
6595	-0.002901
6610	0.007119
6612	-0.001804
6615	-0.001380
6624	0.010772
6628	-0.005347
6649	0.002770
6698	-0.000278
6706	0.026089
6718	-0.002962
6719	0.010327
6722	-0.023225
6770	-0.034801
6780	-0.007399
6781	-0.010549
6794	0.021446
6795	0.036886
6796	0.025736
6799	-0.021130
6809	0.001704
6837	0.001078
6838	0.022494
6839	-0.005209
6846	-0.028216
6865	0.009918
6869	0.029394
6870	0.014107
6871	0.017088
6873	0.006802
6876	-0.000910
6885	0.000477
6895	-0.004382
6896	-0.035686
6897	0.020347
6900	0.016552
6903	0.013602
6906	-0.000669
6916	0.000532
6917	0.011515
6918	-0.019910
6919	0.008999
6938	0.004310
6941	-0.012426
6942	-0.037200
6943	-0.033772
6944	-0.052424
6948	-0.010340
6953	-0.004172
6957	-0.001310
6958	0.013349
6970	-0.021308
6971	0.004853
6976	0.015161
6977	-0.045178
6990	0.008701
7014	0.005312
7015	-0.012264
7016	-0.017496
7018	0.001305
7019	-0.000746
7042	-0.010149
7053	0.011093
7066	-0.011302
7067	-0.026479
7083	-0.008400
7092	0.015392
7100	-0.021926
7103	-0.022811
7110	-0.005750
7111	0.016652
7112	-0.014181
7113	-0.006124
7116	0.012736
7119	-0.004198
7120	0.010737
7121	-0.007048
7122	0.019985
7140	0.013774
7143	-0.036425
7157	-0.008780
7165	0.001633
7175	0.002893
7178	0.006751
7206	-0.036767
7207	-0.025862
7217	0.000064
7218	0.021985
7221	0.001076
7227	0.009025
7230	0.009274
7236	0.032084
7239	-0.021748
7242	-0.011634
7260	-0.009777
7268	0.015389
7269	0.027814
7304	-0.018565
7326	0.006313
7327	0.001760
7336	0.018898
7342	0.010632
7346	-0.006769
7348	-0.024984
7355	0.019183
7361	-0.023267
7372	-0.001927
7387	0.005454
7422	-0.024476
7423	0.025069
7425	0.000208
7436	0.004514
7442	0.008824
7446	-0.018506
7448	-0.014194
7453	0.008779
7463	0.021812
7492	-0.058899
7493	-0.010674
7494	-0.009433
7495	0.020880
7518	-0.013119
7520	-0.034356
7540	-0.009708
7546	-0.007668
7556	0.009902
7559	0.025644
7560	0.001498
7561	-0.007337
7564	0.017269
7575	-0.011243
7583	-0.030718
7585	-0.011447
7586	-0.002209
7599	0.048493
7600	0.050771
7606	0.041502
7614	-0.003811
7617	0.010654
7622	0.009288
7629	-0.020886
7637	-0.019281
7640	-0.016574
7657	-0.011293
7665	-0.006360
7666	0.012847
7667	-0.010945
7668	-0.020806
7669	-0.018185
7670	0.021942
7671	-0.013055
7681	-0.055955
7683	-0.000933
7684	-0.011001
7696	-0.013002
7722	0.015989
7723	0.009328
7799	-0.011198
7852	-0.010446
7859	0.030283
7860	-0.004372
7861	-0.000390
7865	-0.008695
7875	-0.001355
7876	0.001242
7895	-0.010214
7913	-0.002054
7917	-0.015698
7952	0.003580
7969	0.000902
7971	-0.004001
8000	0.002795
8002	-0.012441
8006	-0.029687
8036	0.005264
8056	0.002612
8069	0.021800
8103	-0.029703
8107	-0.010745
8120	0.008504
8122	-0.009099
8125	-0.013574
8127	-0.024966
8136	-0.013222
8149	-0.018007
8154	-0.011071
8197	0.017304
8208	0.034738
8223	-0.020259
8232	0.010924
8241	-0.008779
8256	0.015639
8262	0.007784
8266	0.016970
8267	-0.006665
8268	-0.003423
8269	0.001587
8271	-0.001554
8273	-0.005474
8280	-0.006431
8284	-0.001730
8303	0.014964
8304	-0.007170
8305	0.007526
8308	-0.000273
8332	-0.012751
8333	0.004515
8334	0.018223
8338	-0.000637
8363	-0.015247
8370	0.005237
8398	0.008584
8465	0.008532
8468	-0.005551
8469	-0.002964
8470	-0.006664
8507	0.008532
8552	0.014313
8572	-0.010140
8574	0.000512
8577	0.015505
8586	0.013843
8592	0.025737
8593	0.019017
8594	0.011556
8597	0.004362
8599	-0.008353
8606	0.003160
8607	0.007446
8615	0.004090
8617	-0.006745
8626	-0.008446
8636	-0.020718
8669	-0.005476
8671	0.009298
8673	0.001542
8675	0.027260
8790	-0.020259
8791	-0.006215
8811	-0.044949
8822	0.008924
8841	0.005045
8849	-0.026147
8856	-0.011599
8875	-0.022036
8884	0.009161
8906	0.020886
8907	-0.011416
8910	0.024451
8911	0.016543
8912	0.023828
8913	-0.000724
8934	-0.009890
8935	-0.013095
8954	-0.014852
8968	0.005050
8972	0.008194
9001	-0.003519
9029	0.021841
9032	0.012410
9058	0.005155
9059	0.012904
9068	0.009605
9070	0.007850
9108	-0.009384
9139	0.003438
9140	-0.001971
9158	0.013513
9187	-0.020161
9188	0.011540
9189	-0.005674
9190	0.001201
9253	-0.003908
9259	-0.023728
9268	0.012307
9269	-0.044731
9271	-0.007821
9312	-0.003478
9323	-0.006920
9329	-0.002957
9330	0.004282
9331	-0.002658
9356	-0.009123
9376	-0.009623
9394	0.018052
9424	0.018225
9428	-0.003465
9429	-0.003920
9496	0.018481
9536	0.023584
9543	0.026041
9589	-0.025552
9614	-0.021794
9615	0.028862
9617	-0.005988
9631	-0.025528
9661	0.011212
9668	0.008485
9718	-0.008710
9728	-0.003406
9734	-0.001931
9788	-0.012620
9791	-0.006690
9793	-0.021287
9804	-0.035080
9809	-0.000454
9810	-0.017737
9823	-0.009414
9828	-0.021689
9907	0.011884
9951	0.002162
9968	-0.009805
9969	-0.004444
10010	0.005442
10011	-0.024986
10012	0.001631
10018	0.007338
10021	-0.021075
10022	-0.021169
10031	-0.019140
10032	-0.024815
10033	-0.009158
10034	-0.002457
10035	-0.004868
10039	0.019380
10044	0.015112
10045	0.023008
10060	0.003283
10065	0.000377
10077	-0.013520
10080	0.004246
10130	0.034069
10131	-0.015161
10149	0.006974
10194	-0.017372
10197	-0.009827
10221	0.024352
10226	0.011799
10232	0.002045
10233	-0.073425
10263	0.004282
10264	0.004336
10274	-0.002488
10286	0.022933
10292	0.046801
10299	0.007301
10302	-0.001659
10324	-0.009635
10355	-0.003920
10358	-0.003038
10362	-0.049447
10366	-0.063512
10368	-0.018850
10370	-0.010939
10392	-0.008169
10405	-0.008865
10406	0.023744
10409	0.003320
10419	0.011855
10420	0.003746
10424	-0.002694
10434	0.005966
10455	-0.018882
10478	-0.006662
10480	-0.006866
10484	0.009031
10510	-0.006968
10519	-0.014496
10520	-0.004348
10524	-0.002966
10578	-0.007182
10630	0.002030
10643	0.007896
10645	0.013599
10677	-0.003256
10678	-0.015196
10690	-0.004623
10717	-0.005620
10718	-0.004173
10719	-0.002280
10721	-0.016281
10723	-0.006426
10735	0.002359
10736	-0.004594
10829	-0.015527
10837	0.019150
10846	-0.015033
10921	-0.023424
10922	0.000512
10923	0.001861
10924	0.003549
10964	-0.001471
10978	0.013362
11017	0.026159
11018	0.030709
11019	-0.003628
11032	-0.019753
11034	0.009086
11035	0.007044
11036	-0.016909
11052	0.012277
11056	-0.023434
11060	-0.008430
11063	-0.002765
11064	-0.012917
11068	-0.004957
11069	-0.003701
11090	0.000516
11098	-0.017780
11099	0.015089
11100	0.006982
11105	-0.007959
11109	-0.005296
11122	0.002397
11123	0.001632
11125	0.017718
11126	0.010640
11149	0.009707
11153	-0.007124
11188	-0.005427
11193	0.013512
11230	-0.002894
11233	-0.008760
11236	-0.026473
11243	0.003076
11251	0.021990
11259	0.049443
11263	-0.015212
11272	0.029457
11321	0.007261
11322	0.013871
11326	0.003638
11327	0.012648
11335	-0.006356
11337	0.003079
11343	0.019710
11390	0.008214
11444	-0.033890
11464	0.020203
11471	0.021522
11472	0.012944
11473	-0.025556
11492	0.003167
11499	-0.008709
11500	0.023428
11505	-0.017559
11527	0.015582
11528	-0.010715
11532	-0.021302
11564	0.024536
11589	0.000508
11591	-0.005599
11592	0.017672
11599	-0.016140
11605	-0.019772
11617	-0.018739
11630	-0.013626
11631	-0.029490
11632	0.009892
11656	-0.024243
11657	0.001592
11777	0.016396
11786	0.007526
11812	0.009169
12020	0.012599
12061	0.016138
12115	0.012168
12154	-0.012903
12155	0.022173
12156	-0.009272
12159	-0.003360
12174	-0.006482
12176	0.004899
12230	-0.002880
12234	0.005835
12236	0.015547
12237	0.004090
12250	0.015980
12252	-0.013699
12253	-0.026992
12315	-0.026154
12381	-0.012418
12382	-0.010616
12438	0.026055
12455	0.024890
12462	-0.001898
12478	-0.006680
12603	-0.024028
12711	-0.010354
12714	-0.014110
12716	0.003315
12754	-0.007958
12785	-0.002494
12788	-0.007919
12792	-0.063032
12898	0.011410
12944	-0.056716
12949	-0.128763
13062	0.026711
13099	0.037499
13160	0.023579
13198	0.025380
13239	0.017273
13249	0.010503
13262	0.007833
13263	0.026287
13272	0.003457
13273	0.016654
13277	-0.019964
13305	0.013752
13342	0.017688
13343	0.052154
13345	0.036009
13351	0.052267
13357	-0.002703
13427	0.011489
13436	0.017075
13455	-0.004829
13528	0.042364
13532	0.008624
13553	-0.024690
13566	-0.016996
13651	-0.018472
13653	0.010869
13675	-0.004892
13676	-0.000840
13677	0.023028
13678	0.001518
13681	0.023316
13688	-0.001139
13697	-0.031768
13705	-0.000727
13708	0.010397
13737	0.012828
13760	-0.011613
13923	-0.012075
13927	-0.021290
13995	-0.027390
14002	0.017793
14003	0.000639
14021	0.010001
14034	0.049552
14064	0.058927
14110	-0.008414
14155	-0.004426
14203	-0.019043
14208	0.017426
14340	-0.021755
14356	0.026465
14389	0.009651
14499	0.017679
14625	-0.016099
14632	-0.010244
14637	0.012450
14641	0.025308
14685	-0.002370
14694	0.017375
14695	0.026096
14699	0.002780
14700	0.011701
14749	-0.013896
14760	0.001109
14790	0.023711
14791	0.008263
14796	-0.004132
14797	0.021024
14891	-0.019033
14927	0.023327
15099	-0.000150
15182	-0.010061
15243	-0.014290
15245	-0.002191
15254	-0.031460
15322	0.015977
15327	-0.011689
15463	0.001802
15496	0.000117
15499	0.008381
15502	0.006589
15514	0.000162
15566	0.005787
15580	0.017988
15583	0.023207
15586	0.004245
15601	-0.004334
15621	-0.002683
15780	-0.008342
15869	-0.021385
16082	0.002184
16281	0.019190
16293	0.007378
16300	-0.018957
16304	0.003238
16360	0.003921
16361	-0.015380
16367	0.004040
16432	-0.004329
16433	-0.023282
16438	0.002729
16446	-0.027731
16453	-0.032447
16463	-0.023759
16466	-0.007658
16477	0.018502
16482	0.005760
16605	-0.003218
16606	-0.047811
16635	-0.012808
16638	-0.023970
16655	-0.003770
16673	-0.013041
16676	-0.003181
16677	-0.013726
16678	-0.001727
16808	0.009981
16829	0.011809
17150	0.000442
17182	-0.010222
17199	0.005974
17273	-0.030297
17431	-0.006745
17466	-0.041053
17472	0.011972
17485	0.000607
17585	0.002949
17620	0.004714
17647	-0.010398
17690	0.007965
17772	-0.005735
18410	0.016272
19647	-0.027094
21458	-0.021381
21885	0.030295
21973	0.015589
21976	0.006537
21977	0.019157
22084	0.003104
23475	0.015898
23754	-0.008090
23764	-0.026961
24372	0.005518
24918	-0.010139
24944	0.001738
25022	-0.005438
25140	-0.002137
26484	-0.007522
27764	-0.015127
28424	0.015623
28845	0.021158
29861	-0.036617
30684	0.013837
31288	-0.029285
31704	-0.009040
32421	-0.021868
32520	0.024677
32893	-0.016336
34340	-0.007999
35227	-0.021454
35334	-0.013919
36499	-0.006446
36843	0.007376
36844	0.027577
36955	-0.004594
36970	-0.010580
39336	0.000390
39353	-0.020659
40538	0.023324
40541	0.008161
40542	0.013306
40599	0.010798
40601	-0.002372
40602	0.027797
40656	0.006270
40657	-0.000464
42157	0.015281
42203	0.008752
42204	0.001412
42851	-0.024575
43061	-0.002972
44144	0.004085
45195	0.000559
47030	-0.001661
47285	-0.037013
47317	-0.022316
47457	-0.017298
47460	-0.006855
48147	-0.025861
48297	-0.037831
48474	0.007364
48696	0.019798
49516	-0.028423
49630	0.010154
49927	-0.000652
50199	-0.017941
50249	-0.021025
50259	0.033466
50904	0.012776
53231	0.006828
53471	0.012570
53531	0.016875
53986	-0.008200
55057	-0.011867
56431	0.014681
56432	0.020027
56466	0.045175
56478	-0.016746
56621	0.023309
57644	-0.020698
57756	-0.025525
58783	0.006611
59657	0.012636
59715	-0.022552
64825	0.001539
64947	-0.007551
65950	0.004310
70102	-0.011802
75003	0.048008
75099	0.030049
75742	0.020804
75823	-0.014103
75824	-0.018471
78157	0.029160
78181	0.036814
78191	0.022422
80479	0.008620
80480	-0.001393
80715	-0.025846
80719	-0.031432
80750	-0.001285
81231	-0.004907
84436	0.029959
84780	0.000297
84844	-0.024030
85002	0.016143
85003	0.048543
85659	0.003998
85663	-0.004169
85710	0.019082
92185	-0.009814
96142	0.015138
96144	0.006881
96482	-0.004760
98871	-0.022058
