# 1342 minima projected onto PC15
# Min	PC
3	-0.135865
4	-0.803441
5	0.218619
6	1.564568
7	1.405374
9	0.390725
16	0.176628
17	1.273097
21	0.444525
23	0.047582
31	1.748030
44	-0.316080
47	-0.600474
48	1.048449
51	-1.315168
52	-0.520001
55	0.554076
56	-0.630963
57	-0.793412
58	0.400425
60	1.114312
67	-1.780195
68	-1.432548
71	-0.083676
72	-0.664007
74	-0.116684
79	1.000648
82	-0.481276
85	-1.084545
86	-1.119759
87	-0.273906
88	0.658518
91	-1.711975
92	0.021101
94	-1.251119
95	-0.575066
97	0.099154
104	0.669024
106	1.876819
109	1.033730
111	-1.141802
115	-0.456184
120	0.238006
126	0.489366
129	0.804031
136	1.432202
137	-0.539541
188	1.001539
189	0.758705
196	-0.827168
199	-1.018034
200	-0.632772
202	-1.104284
211	0.000129
213	-0.559201
214	-0.687592
219	-0.167475
221	0.095712
276	-0.066457
279	-0.314763
283	0.581009
295	-0.251920
308	0.106603
312	0.334344
315	1.306126
318	1.143609
319	-0.647408
321	1.909577
324	0.881031
328	0.278160
334	-1.522865
336	-1.027032
338	-1.278140
347	-0.586524
351	0.049752
352	-0.181014
354	-0.971449
357	-0.218687
359	-1.153602
362	0.922575
364	0.625249
365	1.249361
368	1.491629
376	-0.321086
377	0.371905
380	0.572649
386	-1.792442
388	0.027043
390	-0.523972
396	-1.364965
404	-0.390765
410	0.736927
413	0.539502
420	1.081396
423	-0.676629
424	-1.470343
437	-0.927258
438	0.731286
444	-1.818623
452	-1.771332
473	-0.440106
474	1.292102
475	0.623059
476	1.595841
478	1.425374
479	1.263661
480	0.921953
483	0.544214
503	-1.815001
508	-0.163560
509	0.307820
530	1.557785
536	0.020887
556	1.305197
581	-2.359531
583	-3.189437
603	-0.181387
606	1.864440
607	0.522168
620	1.704730
628	-1.142505
636	-0.599515
637	-0.189414
639	-0.830454
640	-0.199867
644	0.090582
645	0.614448
677	0.709297
678	1.667818
679	0.388584
682	2.114391
698	-0.185730
700	0.304446
710	-1.114866
722	3.057871
723	-0.561899
724	-1.862317
725	-1.616460
726	-1.253815
747	-1.534197
753	1.676850
755	0.904033
757	3.513311
765	1.217415
782	-0.043592
783	0.422470
793	1.448734
808	-0.014447
814	-0.168646
840	2.455096
848	1.286791
859	-0.977218
864	0.260809
867	2.393982
878	-0.271416
888	-0.277133
890	0.066647
892	1.317185
899	-0.434918
918	-0.500732
926	0.286366
933	-0.672485
934	-0.539516
981	0.453747
1028	1.683537
1034	-0.972093
1051	1.333169
1054	2.055123
1058	0.906741
1062	1.349609
1063	0.168973
1064	2.018106
1066	0.377028
1068	-0.496687
1073	-0.187840
1082	-0.990107
1083	-1.198232
1086	-0.570900
1089	-1.675654
1090	-1.436254
1091	0.263812
1092	1.024188
1164	0.335634
1165	0.088986
1174	1.344450
1176	-0.586366
1184	-0.972188
1191	-0.617703
1192	-0.674477
1201	1.032310
1230	-0.687764
1339	0.419778
1341	0.961562
1370	-0.880031
1385	-0.005538
1405	0.807848
1437	0.825351
1441	1.857473
1443	0.342998
1521	-1.297367
1522	-0.878499
1523	0.639468
1524	-0.353517
1525	-0.031150
1541	-0.239758
1542	-1.558052
1550	-0.271958
1551	-0.118619
1596	1.321089
1597	-1.836711
1628	1.031598
1629	-0.454826
1633	-0.391210
1636	-1.569460
1637	-0.159453
1765	-2.795329
1766	-0.568536
1780	0.320431
1862	-1.554888
1865	0.202374
1870	-0.992254
1885	0.259873
1910	-1.294265
1911	0.126831
2007	1.047598
2060	0.422747
2062	1.751887
2090	-0.094779
2093	-1.025255
2094	-1.118328
2095	0.896007
2096	1.515956
2100	-1.599603
2101	0.405313
2102	0.119923
2103	0.090593
2104	-0.201685
2105	-1.834346
2128	-0.911692
2129	0.311510
2135	-0.421451
2190	1.265703
2195	-0.272062
2197	1.061453
2198	-0.234948
2199	0.165829
2200	-0.857161
2201	-0.277773
2202	-0.970722
2205	-1.120589
2217	-0.751812
2218	-0.522704
2221	1.025982
2272	-0.999030
2273	-1.040699
2275	-1.833182
2288	0.098472
2293	-0.336924
2298	1.061609
2299	-2.109812
2300	1.045262
2301	-0.435328
2338	-0.114442
2342	0.827722
2343	1.285488
2358	0.592601
2384	-0.404311
2385	-2.461698
2399	-0.558187
2435	-1.015318
2436	-2.577469
2465	-0.160867
2467	0.654074
2468	0.416597
2469	0.306578
2470	-1.028194
2471	0.429065
2474	0.494143
2620	-1.537966
2650	-0.524198
2651	0.377901
2685	0.104172
2688	-0.892151
2730	-1.730464
2843	-0.276926
2951	-0.806273
2959	0.232223
3236	-2.208924
3305	-1.343217
3318	2.650726
3340	-0.631474
3352	2.499115
3355	2.280064
3356	1.294342
3365	-0.647299
3366	-0.044630
3367	-1.141406
3368	-1.711006
3401	0.521260
3405	0.891879
3434	0.067721
3448	0.434540
3454	-0.894905
3481	-0.811139
3495	0.234368
3504	0.932622
3532	1.153439
3540	0.178010
3549	1.789078
3550	2.001264
3569	-0.405347
3595	-0.927138
3596	-0.135058
3603	-0.516262
3621	0.973706
3622	0.653575
3647	0.468199
3649	0.841141
3651	-0.195462
3652	1.185397
3723	0.500414
3757	1.157678
3772	0.371247
3787	0.266742
3798	0.096621
3799	-0.881046
3889	1.769274
3897	-1.063384
3898	0.672200
3904	0.310092
3945	0.386128
3990	1.183431
4024	-0.364409
4039	0.055853
4048	0.708653
4050	1.278019
4076	0.459819
4094	-1.515600
4170	-0.785210
4251	0.622069
4252	-0.267517
4299	1.203226
4302	1.270824
4318	0.339993
4319	-1.459638
4320	-1.345305
4360	0.741722
4388	1.276454
4414	2.020873
4426	1.138682
4446	-0.748263
4527	0.044881
4545	1.378786
4546	0.199106
4554	1.420574
4564	-0.180537
4567	0.535693
4634	-0.109957
4693	-0.612298
4736	1.835177
4761	0.365366
4879	-0.715024
5071	-1.715814
5138	-1.332301
5164	-0.462494
5182	-0.385187
5183	-0.931461
5184	-0.675846
5187	1.180792
5188	-1.161002
5189	-1.267880
5193	0.243952
5194	-1.149518
5195	0.881257
5197	-0.062077
5203	-1.685198
5205	-1.624728
5212	1.394254
5213	1.619872
5222	1.665183
5223	1.022904
5228	-1.203333
5232	-0.042074
5244	1.673900
5245	-0.618113
5246	-0.615529
5248	-0.503956
5292	-1.249332
5293	-0.604966
5299	-0.749108
5300	-0.075473
5315	0.193212
5316	0.123906
5319	-2.066685
5320	-1.422231
5321	-1.622800
5322	-1.886906
5323	-1.115125
5324	-0.085988
5325	-0.710892
5329	-0.748668
5342	0.147700
5343	0.772953
5374	-0.500128
5376	-1.966648
5378	-3.034060
5379	-1.119770
5382	2.217069
5390	-1.595726
5398	-2.032969
5402	0.496965
5404	-1.161690
5407	-1.042114
5408	-0.522976
5409	-0.080723
5411	-0.532087
5412	0.863263
5413	-0.404844
5416	-0.340774
5418	-0.413497
5422	-1.145282
5425	-2.752651
5427	-1.475436
5428	-1.864235
5432	-1.901733
5436	-1.173154
5443	-1.441320
5444	1.779522
5458	-0.859726
5462	-0.440692
5465	-0.619747
5468	-0.466908
5471	-0.155371
5480	-1.087254
5481	-0.462514
5485	-1.152264
5486	-0.879895
5488	1.026867
5489	0.275837
5495	1.210791
5513	-0.944172
5515	1.257691
5516	0.981341
5521	-2.409526
5527	-0.311584
5528	0.410852
5536	1.009638
5537	0.125886
5547	-1.093681
5565	0.505577
5573	-0.503006
5579	-2.285769
5583	-1.057574
5586	-1.738583
5589	-0.910508
5590	-0.355341
5593	-0.611838
5599	-0.240880
5604	0.229694
5605	0.210596
5606	1.175899
5625	-1.723189
5649	-1.982346
5656	-1.210260
5657	-0.812757
5658	0.174351
5686	-1.511721
5695	0.144758
5705	-1.422254
5706	0.984281
5716	0.120221
5717	-0.646240
5718	-2.323227
5719	1.482295
5720	0.540048
5724	0.192223
5738	0.168797
5742	0.520919
5750	0.753062
5751	-0.968161
5756	0.792273
5761	-0.983411
5768	-1.843732
5773	-1.516148
5792	-1.099414
5793	-1.180085
5794	-0.247178
5806	-1.267200
5811	-0.194179
5812	1.598136
5813	2.096715
5814	0.374770
5821	-1.976892
5823	1.164070
5825	-1.399598
5831	-1.195794
5832	-0.847846
5833	1.228756
5847	1.279199
5849	-1.099511
5851	1.265926
5854	-2.715486
5858	-1.255257
5862	-1.840087
5875	-1.360954
5876	0.514674
5903	-0.301683
5910	-0.041886
5912	-0.416703
5913	-0.573214
5925	0.378013
5926	0.507808
5927	-0.538337
5928	-0.765965
5930	0.521278
5931	0.191629
5933	0.736763
5934	-0.513766
5937	0.180630
5939	1.402885
5940	0.933402
5941	0.952543
5943	0.054934
5963	0.912254
5964	-0.177263
5965	1.105700
5966	0.821325
5968	-1.411674
5969	-0.056201
5970	-0.469017
5971	-1.223301
5975	1.631661
6006	1.187274
6011	0.991306
6017	-0.046600
6019	1.101830
6022	-0.586789
6032	-2.651968
6095	-1.493738
6115	-0.204927
6116	-0.080368
6119	0.987203
6127	0.330019
6128	0.856236
6130	-0.257839
6140	-0.674933
6141	0.628361
6147	-0.908172
6148	-0.149861
6163	0.857852
6164	2.080918
6170	0.581817
6171	0.837006
6177	0.162467
6184	2.136532
6200	-1.418152
6204	-1.984690
6206	-2.691786
6223	-0.072100
6240	-0.281226
6245	0.771359
6253	-2.003909
6267	0.011680
6269	0.365166
6290	0.835815
6303	-0.104312
6317	-0.221290
6343	-0.309090
6350	-0.865516
6360	-0.318902
6367	-0.179891
6383	-1.352349
6389	-1.682053
6397	0.697572
6398	-0.164420
6406	0.499959
6407	-1.400349
6412	-0.055751
6413	-0.503400
6434	-0.565517
6435	0.439249
6460	0.670288
6463	1.044675
6464	0.807166
6489	0.535547
6507	0.986093
6510	-0.247929
6516	0.674433
6518	0.856579
6522	1.499717
6523	0.941849
6524	-3.436251
6525	-1.313515
6531	-1.509106
6536	-3.412727
6575	-1.298301
6584	1.115539
6585	0.815134
6586	0.756890
6594	-0.342016
6595	1.067518
6610	-0.736744
6612	0.889796
6615	-1.014531
6624	-1.396313
6628	-0.684316
6649	0.203371
6698	1.356203
6706	0.842549
6718	0.934556
6719	-0.774346
6722	-1.098637
6770	2.251531
6780	1.411831
6781	0.712618
6794	0.422481
6795	-0.965512
6796	0.369101
6799	-1.935309
6809	-1.810251
6837	2.086800
6838	0.838800
6839	-2.037834
6846	-2.567073
6865	-0.656443
6869	-0.584784
6870	0.191922
6871	-0.024862
6873	-2.137070
6876	-1.105911
6885	-1.325687
6895	-0.288208
6896	0.666241
6897	-0.180705
6900	-0.049503
6903	-1.732738
6906	-1.689841
6916	-0.927453
6917	0.554852
6918	0.365065
6919	1.262282
6938	0.140602
6941	1.276950
6942	0.453687
6943	1.104473
6944	0.912594
6948	0.283944
6953	1.274019
6957	-1.555558
6958	1.249670
6970	-0.507807
6971	1.805910
6976	-3.131185
6977	-2.319928
6990	0.805235
7014	-1.462681
7015	-1.237151
7016	1.437401
7018	1.502040
7019	0.723950
7042	-1.810588
7053	-1.918813
7066	-0.416884
7067	0.999892
7083	-1.067332
7092	-0.535934
7100	0.932126
7103	0.055160
7110	-0.805646
7111	1.106669
7112	1.003974
7113	1.487600
7116	-0.157232
7119	1.059087
7120	1.869244
7121	-0.575924
7122	1.514705
7140	-0.011634
7143	-0.956864
7157	-0.185368
7165	-1.757055
7175	1.628268
7178	0.864467
7206	0.865217
7207	0.098889
7217	-0.233024
7218	-0.240872
7221	-0.396151
7227	-1.349245
7230	0.730967
7236	-0.628854
7239	-1.346884
7242	-1.563971
7260	-0.491186
7268	0.876434
7269	1.951407
7304	-0.169687
7326	0.150406
7327	0.062594
7336	0.125607
7342	-0.278713
7346	0.274397
7348	0.646783
7355	-1.599982
7361	-0.483249
7372	0.487623
7387	-1.333121
7422	0.450772
7423	-0.265751
7425	1.594379
7436	1.614226
7442	-0.496236
7446	2.438484
7448	0.128737
7453	-1.833995
7463	-1.587535
7492	2.500534
7493	1.624511
7494	1.078779
7495	0.723930
7518	0.129885
7520	1.375668
7540	-0.811826
7546	0.525052
7556	1.738824
7559	-0.394540
7560	-0.062483
7561	-2.455634
7564	-0.920032
7575	0.463584
7583	0.758417
7585	0.004023
7586	-0.865214
7599	0.864671
7600	-0.518390
7606	0.777076
7614	-0.658573
7617	0.130358
7622	0.276132
7629	2.198752
7637	0.281544
7640	1.019384
7657	1.428871
7665	1.564117
7666	1.720169
7667	0.735474
7668	0.550606
7669	0.517038
7670	1.969762
7671	0.311090
7681	1.543904
7683	1.566918
7684	-0.155123
7696	-1.121735
7722	-0.204046
7723	1.141783
7799	-0.867822
7852	1.032196
7859	1.021773
7860	0.436672
7861	-0.008617
7865	-1.191973
7875	-1.526241
7876	-2.363022
7895	2.707234
7913	0.699003
7917	-0.979327
7952	-0.302479
7969	-0.814892
7971	-1.426111
8000	-1.692193
8002	-1.932098
8006	-0.542901
8036	-0.394739
8056	-1.709642
8069	-1.079665
8103	-1.238835
8107	0.567687
8120	1.179496
8122	0.918057
8125	0.715950
8127	1.129457
8136	1.189993
8149	0.346594
8154	0.030173
8197	-3.202270
8208	-1.941368
8223	1.332010
8232	1.340345
8241	0.256296
8256	0.534477
8262	1.469779
8266	-0.283067
8267	-0.650163
8268	-0.980845
8269	-1.171806
8271	1.205480
8273	0.818617
8280	-1.149813
8284	-0.932477
8303	2.399716
8304	2.073664
8305	1.270852
8308	3.107461
8332	0.477923
8333	1.265627
8334	0.369933
8338	0.804927
8363	1.612316
8370	0.264977
8398	-2.074009
8465	3.344189
8468	-1.184801
8469	-0.165367
8470	-0.303692
8507	0.325196
8552	-0.952528
8572	-1.040037
8574	-1.956591
8577	-0.893794
8586	-0.759817
8592	0.393599
8593	1.011831
8594	0.362077
8597	0.443521
8599	0.074145
8606	-0.952414
8607	-1.227253
8615	-2.331741
8617	-3.003974
8626	-0.476983
8636	-1.131082
8669	-2.372778
8671	-1.594170
8673	-0.689022
8675	0.499814
8790	-0.490636
8791	-0.773561
8811	0.358641
8822	0.742668
8841	-0.660937
8849	0.587084
8856	-2.313360
8875	-0.253410
8884	-0.745957
8906	0.601333
8907	-1.460733
8910	-0.155465
8911	-0.527157
8912	0.144857
8913	-2.366942
8934	0.940910
8935	1.521681
8954	0.992192
8968	0.825624
8972	0.166388
9001	0.040281
9029	1.196612
9032	2.236201
9058	-1.651170
9059	0.163989
9068	1.230231
9070	1.434433
9108	-0.692195
9139	0.692501
9140	-0.241029
9158	-0.827459
9187	0.201628
9188	1.780994
9189	0.961793
9190	1.466126
9253	1.366743
9259	1.446514
9268	0.348489
9269	2.274421
9271	2.289474
9312	-0.229784
9323	2.077780
9329	0.845679
9330	0.245923
9331	1.356436
9356	3.058704
9376	1.936818
9394	1.310312
9424	1.757807
9428	-0.704902
9429	-0.930807
9496	-1.260444
9536	0.379920
9543	1.211667
9589	0.898992
9614	1.136132
9615	-0.282098
9617	-0.052388
9631	0.033005
9661	-0.803716
9668	1.587035
9718	1.169981
9728	1.261590
9734	-1.253689
9788	-1.611934
9791	-0.552978
9793	-1.530401
9804	0.157239
9809	0.067579
9810	-0.232591
9823	-0.605315
9828	-0.204357
9907	-0.797422
9951	0.245482
9968	-0.487590
9969	-1.481063
10010	0.424498
10011	-0.102782
10012	1.360655
10018	1.212554
10021	0.055441
10022	-0.587420
10031	-0.424085
10032	-0.206619
10033	1.359096
10034	-1.405036
10035	0.401716
10039	-0.315540
10044	1.305159
10045	1.280865
10060	0.569900
10065	-0.874396
10077	-0.949092
10080	-1.271271
10130	0.627596
10131	-0.841680
10149	-0.763716
10194	-0.092304
10197	2.335094
10221	0.119613
10226	0.441073
10232	1.181557
10233	2.314784
10263	0.829853
10264	1.004725
10274	-0.234545
10286	1.544058
10292	0.003058
10299	-2.990606
10302	-0.006483
10324	0.078790
10355	-1.313718
10358	0.880056
10362	0.125286
10366	-0.163956
10368	0.519390
10370	0.124505
10392	0.814476
10405	-0.298748
10406	-1.283786
10409	0.357766
10419	0.053501
10420	0.005264
10424	0.904881
10434	0.110521
10455	0.678336
10478	0.114063
10480	-0.138698
10484	-0.583061
10510	-0.216216
10519	-0.142750
10520	0.581679
10524	-0.645806
10578	0.410208
10630	0.672068
10643	0.749526
10645	0.691194
10677	-0.945652
10678	-0.878743
10690	-0.407741
10717	-0.666755
10718	-0.733745
10719	0.108751
10721	-0.220274
10723	-1.691496
10735	0.642335
10736	-0.141749
10829	-0.400331
10837	0.577011
10846	-0.652003
10921	0.500260
10922	1.662108
10923	0.948151
10924	0.967167
10964	-0.543298
10978	-1.170074
11017	-0.090889
11018	-0.051778
11019	1.068153
11032	0.452984
11034	1.238712
11035	1.004421
11036	0.763340
11052	-2.005848
11056	-1.005720
11060	-1.214876
11063	-1.227835
11064	-1.858481
11068	-0.917901
11069	-1.158061
11090	0.908913
11098	0.394163
11099	-0.206031
11100	-0.011997
11105	1.157348
11109	0.870234
11122	0.902569
11123	0.211503
11125	-0.293361
11126	-1.090388
11149	0.926829
11153	-0.213182
11188	1.081336
11193	-0.134357
11230	0.677887
11233	-0.615307
11236	0.807644
11243	-1.022950
11251	2.755004
11259	2.079461
11263	-0.414381
11272	0.338690
11321	1.363981
11322	-2.483292
11326	-1.063735
11327	-1.100383
11335	0.275730
11337	0.100856
11343	-1.537344
11390	0.270157
11444	0.521308
11464	1.512290
11471	1.204627
11472	1.663336
11473	-0.988276
11492	-1.682565
11499	-2.210498
11500	-2.281565
11505	1.272846
11527	-0.687455
11528	-0.949624
11532	-1.117373
11564	-0.873168
11589	-0.504576
11591	-0.061941
11592	-2.100801
11599	1.274129
11605	0.170599
11617	-1.614018
11630	1.271375
11631	0.072668
11632	-0.908530
11656	-1.495874
11657	-1.404652
11777	-1.317389
11786	-0.190956
11812	-1.121673
12020	-0.265599
12061	-0.914957
12115	0.381399
12154	0.120593
12155	0.436716
12156	-0.038773
12159	-1.100100
12174	-0.108640
12176	-0.703643
12230	2.044309
12234	3.384936
12236	3.060269
12237	0.799349
12250	1.789649
12252	1.505250
12253	0.109126
12315	0.752136
12381	0.244767
12382	0.640983
12438	-0.708956
12455	0.096011
12462	1.890339
12478	-0.179417
12603	1.155840
12711	0.631052
12714	1.122171
12716	1.511525
12754	1.619240
12785	0.441347
12788	1.251610
12792	0.913097
12898	-1.578450
12944	0.394473
12949	-0.189511
13062	-0.362171
13099	0.197207
13160	0.288507
13198	-0.464955
13239	-2.184417
13249	0.099665
13262	0.885389
13263	-0.139203
13272	-0.302315
13273	-1.901790
13277	-0.028475
13305	1.081179
13342	0.792037
13343	1.090658
13345	0.779866
13351	1.196365
13357	0.289750
13427	0.772557
13436	0.614050
13455	-0.928579
13528	1.187288
13532	1.309364
13553	-0.832184
13566	3.315159
13651	-2.010896
13653	0.743809
13675	-1.066108
13676	-2.067834
13677	0.500347
13678	-1.542836
13681	0.348029
13688	0.454381
13697	1.026867
13705	1.636457
13708	0.562046
13737	1.342237
13760	0.016878
13923	0.996610
13927	0.719125
13995	-0.237777
14002	1.266244
14003	1.828300
14021	0.195646
14034	1.109542
14064	1.384008
14110	-2.035718
14155	0.483957
14203	-0.894391
14208	-1.250370
14340	0.156931
14356	0.941720
14389	2.464958
14499	-0.656918
14625	-0.772531
14632	-1.874065
14637	-0.186887
14641	0.763945
14685	1.239460
14694	-0.268898
14695	0.165504
14699	-0.197213
14700	2.000541
14749	-1.196146
14760	-0.484914
14790	-0.061529
14791	-0.728036
14796	-1.060202
14797	-2.288236
14891	1.506507
14927	2.677679
15099	0.823473
15182	-1.140140
15243	0.497920
15245	0.605721
15254	0.084219
15322	-0.318417
15327	-0.185617
15463	-1.357862
15496	1.890690
15499	2.561221
15502	2.068949
15514	0.824772
15566	-2.033675
15580	-0.485088
15583	-0.355163
15586	0.936133
15601	1.794104
15621	-0.227042
15780	1.532798
15869	-0.595077
16082	0.978008
16281	0.225109
16293	-2.158310
16300	-1.270136
16304	-0.852122
16360	-2.668896
16361	-0.914108
16367	-0.216132
16432	1.006125
16433	0.771775
16438	0.580056
16446	1.003193
16453	0.460474
16463	-0.491130
16466	1.033263
16477	1.440781
16482	-2.208249
16605	0.139580
16606	-0.750662
16635	0.391007
16638	-1.406298
16655	-1.601827
16673	-2.349265
16676	-1.336937
16677	-1.323201
16678	-1.249698
16808	0.257479
16829	-2.396529
17150	-0.958763
17182	1.151954
17199	-1.957516
17273	1.370697
17431	1.345874
17466	0.162258
17472	0.283440
17485	0.729713
17585	-0.345610
17620	-5.297491
17647	-2.376769
17690	-0.989815
17772	-0.363201
18410	0.275361
19647	-1.074328
21458	-0.071635
21885	-0.645157
21973	-0.734041
21976	-1.444580
21977	-0.798555
22084	-1.336000
23475	-0.876173
23754	-1.361334
23764	-0.717387
24372	0.075494
24918	0.205963
24944	0.410529
25022	1.380385
25140	-0.190601
26484	0.019540
27764	-2.735374
28424	-0.777083
28845	1.349875
29861	-1.783828
30684	-1.826351
31288	1.684617
31704	-0.621283
32421	0.009898
32520	1.026656
32893	-0.412118
34340	-0.619177
35227	-0.687529
35334	2.022955
36499	-0.372908
36843	-1.157712
36844	-1.816231
36955	1.836314
36970	2.005896
39336	-1.533436
39353	1.356303
40538	0.871975
40541	1.496430
40542	1.659992
40599	1.342379
40601	1.843132
40602	1.722782
40656	1.380270
40657	1.196823
42157	2.414553
42203	2.589164
42204	0.627776
42851	0.797923
43061	0.005432
44144	-0.929776
45195	0.603942
47030	-0.051289
47285	1.965813
47317	1.461830
47457	-1.348670
47460	-1.661282
48147	0.126934
48297	0.287503
48474	2.865463
48696	1.873435
49516	1.003399
49630	-0.294139
49927	0.322404
50199	-2.783955
50249	-0.828986
50259	0.617384
50904	0.372949
53231	-0.679194
53471	2.629379
53531	-0.367236
53986	1.463066
55057	0.422910
56431	-0.456391
56432	-0.380850
56466	-1.440668
56478	-1.490220
56621	-0.274024
57644	0.067118
57756	1.278054
58783	-0.714134
59657	-1.253033
59715	0.118219
64825	0.496656
64947	0.062527
65950	0.877351
70102	1.782132
75003	1.654358
75099	1.858629
75742	0.790953
75823	0.606661
75824	0.637012
78157	-0.375982
78181	-1.132372
78191	-0.560951
80479	-0.789647
80480	0.567899
80715	0.218171
80719	0.117100
80750	1.032473
81231	1.642999
84436	-1.146164
84780	1.468600
84844	0.236418
85002	-1.579385
85003	-0.996573
85659	0.873644
85663	1.783134
85710	0.829178
92185	0.151148
96142	0.401708
96144	-0.381933
96482	0.235613
98871	-1.069801
