# 1342 minima projected onto PC82
# Min	PC
3	0.011817
4	-0.012471
5	0.028458
6	0.069148
7	-0.006055
9	-0.072030
16	0.003748
17	0.109238
21	-0.059181
23	-0.191801
31	-0.013416
44	0.026836
47	0.016912
48	0.049830
51	-0.015952
52	-0.016055
55	0.191619
56	-0.000136
57	0.059214
58	-0.018339
60	-0.051871
67	0.036284
68	-0.026121
71	-0.031721
72	-0.029161
74	-0.086783
79	0.097200
82	-0.214780
85	-0.058664
86	-0.008821
87	-0.036941
88	0.022448
91	-0.003118
92	-0.012974
94	-0.042152
95	-0.035351
97	-0.066057
104	0.073929
106	-0.001686
109	-0.039849
111	-0.023727
115	0.285645
120	0.008274
126	0.086007
129	0.122746
136	0.029264
137	-0.027726
188	-0.018457
189	0.003381
196	0.020529
199	-0.029989
200	0.012265
202	-0.189146
211	0.064792
213	-0.198770
214	0.001429
219	0.016258
221	-0.090945
276	0.081822
279	-0.016813
283	-0.069125
295	0.030040
308	0.115818
312	-0.045261
315	0.114728
318	0.080118
319	-0.024961
321	0.007969
324	-0.009447
328	-0.014365
334	-0.020109
336	-0.059361
338	-0.131041
347	-0.033968
351	0.110092
352	0.037658
354	0.056652
357	-0.027144
359	-0.007018
362	-0.018283
364	0.006246
365	0.023082
368	-0.022851
376	-0.052081
377	0.058846
380	-0.084008
386	-0.088623
388	-0.028857
390	-0.006806
396	-0.023967
404	-0.032778
410	0.063313
413	-0.007579
420	0.007343
423	0.065386
424	0.048606
437	0.024453
438	-0.055119
444	0.029306
452	0.017205
473	-0.004569
474	-0.042625
475	-0.054036
476	-0.022497
478	-0.035471
479	-0.066711
480	0.052102
483	0.121349
503	-0.053051
508	0.028920
509	0.110987
530	-0.093125
536	0.069713
556	-0.010150
581	-0.082986
583	-0.083009
603	-0.034579
606	0.069182
607	0.028743
620	0.004007
628	-0.232900
636	-0.056782
637	-0.158297
639	-0.009842
640	-0.063487
644	0.007119
645	-0.009593
677	0.002830
678	-0.014386
679	-0.070197
682	-0.000681
698	-0.010871
700	-0.071265
710	-0.008599
722	0.049237
723	0.024763
724	0.008202
725	-0.052824
726	0.021941
747	0.029894
753	0.024110
755	-0.127453
757	-0.052871
765	0.035350
782	-0.040624
783	0.061915
793	0.064897
808	-0.004239
814	-0.217097
840	-0.092301
848	-0.014815
859	-0.000781
864	0.036888
867	0.036142
878	0.048300
888	-0.042287
890	0.211909
892	0.014237
899	-0.017370
918	0.000735
926	0.039452
933	0.083141
934	0.035546
981	0.069166
1028	-0.033315
1034	-0.049684
1051	0.038748
1054	0.021803
1058	0.095057
1062	0.086808
1063	-0.036482
1064	0.064077
1066	0.006951
1068	0.007666
1073	0.034416
1082	-0.023689
1083	-0.046558
1086	0.000450
1089	0.046692
1090	0.066806
1091	-0.028048
1092	0.005131
1164	0.080161
1165	-0.016037
1174	-0.018249
1176	-0.050590
1184	0.103874
1191	0.017189
1192	-0.014907
1201	0.034361
1230	0.043610
1339	0.041452
1341	-0.016540
1370	0.074331
1385	-0.023822
1405	-0.023735
1437	-0.039103
1441	0.085123
1443	0.134506
1521	0.034870
1522	-0.047338
1523	-0.051612
1524	0.092830
1525	0.074307
1541	-0.075487
1542	0.030842
1550	0.047437
1551	0.101588
1596	-0.081187
1597	0.162282
1628	-0.075442
1629	0.025071
1633	0.037752
1636	-0.203191
1637	-0.023005
1765	-0.040086
1766	0.056417
1780	-0.004132
1862	0.020449
1865	0.013194
1870	0.012425
1885	-0.049779
1910	0.010036
1911	-0.016752
2007	0.026390
2060	-0.139458
2062	0.110074
2090	0.062499
2093	0.018309
2094	-0.019749
2095	0.038441
2096	-0.110507
2100	0.022780
2101	0.025952
2102	0.030990
2103	0.014030
2104	0.021233
2105	-0.074440
2128	-0.008602
2129	0.053647
2135	0.007132
2190	0.003309
2195	-0.021428
2197	-0.030380
2198	-0.001475
2199	-0.109809
2200	-0.032121
2201	-0.097176
2202	0.073074
2205	0.002972
2217	0.035839
2218	-0.079885
2221	0.190974
2272	-0.019860
2273	0.022355
2275	-0.045103
2288	-0.097494
2293	-0.076305
2298	0.051423
2299	0.022471
2300	0.025805
2301	0.041169
2338	0.043575
2342	0.033920
2343	-0.058286
2358	-0.061744
2384	-0.010302
2385	-0.058608
2399	0.001221
2435	-0.164862
2436	0.049247
2465	0.039317
2467	0.029634
2468	0.002923
2469	-0.006010
2470	0.028629
2471	0.098447
2474	0.002065
2620	0.099425
2650	-0.026764
2651	-0.020125
2685	-0.061399
2688	-0.056811
2730	-0.009725
2843	0.104751
2951	-0.077457
2959	-0.017222
3236	-0.062812
3305	-0.006145
3318	-0.023325
3340	0.047434
3352	-0.025219
3355	0.111717
3356	-0.035466
3365	0.028524
3366	-0.029082
3367	-0.074924
3368	-0.010479
3401	0.014889
3405	-0.011993
3434	0.012540
3448	-0.082134
3454	-0.060041
3481	-0.001199
3495	0.034546
3504	-0.034488
3532	-0.082232
3540	-0.033083
3549	-0.111253
3550	-0.043377
3569	-0.002691
3595	-0.007940
3596	0.016188
3603	-0.038562
3621	0.093581
3622	-0.034595
3647	-0.050651
3649	-0.038500
3651	0.029551
3652	-0.029731
3723	-0.084206
3757	-0.035093
3772	-0.030332
3787	0.050799
3798	0.045289
3799	0.114527
3889	-0.000196
3897	-0.007348
3898	-0.014984
3904	0.121682
3945	-0.023511
3990	-0.016274
4024	0.029145
4039	-0.046769
4048	-0.051587
4050	0.051981
4076	-0.034228
4094	-0.082040
4170	0.049238
4251	0.023901
4252	0.014665
4299	0.006472
4302	-0.020618
4318	-0.033740
4319	0.010158
4320	-0.027475
4360	-0.023411
4388	0.073431
4414	0.017151
4426	-0.005030
4446	-0.024805
4527	-0.061655
4545	-0.015135
4546	-0.040259
4554	0.016093
4564	0.026153
4567	-0.060209
4634	0.088624
4693	0.022807
4736	0.008276
4761	-0.045218
4879	0.032286
5071	0.108426
5138	0.019345
5164	-0.008897
5182	-0.071689
5183	-0.010330
5184	-0.064474
5187	0.049473
5188	0.121567
5189	-0.067567
5193	-0.005140
5194	0.033053
5195	0.008814
5197	0.053057
5203	-0.146756
5205	-0.008375
5212	-0.070967
5213	-0.112622
5222	0.010422
5223	-0.055084
5228	-0.011424
5232	0.069259
5244	0.028361
5245	-0.197972
5246	-0.022776
5248	0.057584
5292	0.082578
5293	0.047484
5299	-0.035482
5300	0.188409
5315	-0.018565
5316	0.032482
5319	-0.028183
5320	-0.021368
5321	0.101963
5322	0.140505
5323	0.042559
5324	0.028899
5325	0.075239
5329	0.163692
5342	0.103888
5343	-0.057888
5374	-0.237307
5376	-0.103698
5378	-0.108547
5379	-0.004480
5382	0.079543
5390	-0.062099
5398	0.001426
5402	-0.024661
5404	-0.119457
5407	-0.001844
5408	-0.097861
5409	0.071379
5411	-0.077089
5412	0.101192
5413	-0.037258
5416	-0.074917
5418	0.163783
5422	0.019851
5425	0.050162
5427	0.046327
5428	-0.044617
5432	0.057239
5436	-0.047231
5443	0.022477
5444	-0.128664
5458	0.020225
5462	-0.063308
5465	-0.042419
5468	0.015313
5471	-0.000707
5480	-0.046949
5481	-0.094134
5485	-0.003289
5486	0.019404
5488	0.054873
5489	-0.001330
5495	0.047480
5513	0.031809
5515	-0.015347
5516	0.006361
5521	0.020281
5527	0.049635
5528	-0.088759
5536	-0.071905
5537	-0.116968
5547	0.043251
5565	0.006038
5573	0.038571
5579	0.007319
5583	-0.219226
5586	0.203320
5589	0.080365
5590	0.057853
5593	-0.013522
5599	-0.158670
5604	-0.090457
5605	0.086086
5606	0.002290
5625	0.195491
5649	-0.015666
5656	0.012780
5657	0.229383
5658	0.074157
5686	0.024455
5695	0.058757
5705	0.252436
5706	-0.007703
5716	-0.087057
5717	0.010963
5718	-0.029904
5719	-0.059667
5720	0.085661
5724	0.064759
5738	-0.157278
5742	-0.141849
5750	-0.104146
5751	-0.017975
5756	-0.055504
5761	0.040916
5768	0.031145
5773	-0.053554
5792	0.068976
5793	-0.019105
5794	0.047640
5806	-0.024235
5811	0.053378
5812	0.064297
5813	-0.008263
5814	-0.016038
5821	-0.041564
5823	0.001834
5825	-0.054789
5831	0.025112
5832	0.071097
5833	-0.032964
5847	0.017673
5849	0.115032
5851	0.112767
5854	0.032393
5858	-0.026694
5862	-0.059696
5875	0.006863
5876	-0.031315
5903	0.005699
5910	0.023917
5912	0.211775
5913	0.256840
5925	-0.027207
5926	-0.035845
5927	-0.048224
5928	0.213499
5930	-0.036197
5931	0.121510
5933	-0.071463
5934	-0.100089
5937	-0.155097
5939	-0.232774
5940	-0.019160
5941	-0.082631
5943	-0.081180
5963	0.006644
5964	0.020110
5965	-0.042981
5966	0.028235
5968	-0.031651
5969	-0.127355
5970	-0.128079
5971	0.110017
5975	-0.001245
6006	-0.038255
6011	-0.048806
6017	-0.151833
6019	-0.046855
6022	-0.109899
6032	0.554833
6095	0.135795
6115	0.128198
6116	-0.011085
6119	-0.005530
6127	0.047441
6128	0.071400
6130	-0.044212
6140	-0.093081
6141	-0.073607
6147	-0.033208
6148	0.007817
6163	-0.081786
6164	-0.043506
6170	-0.043809
6171	0.023604
6177	0.007006
6184	-0.045391
6200	0.055128
6204	0.077111
6206	0.266404
6223	0.035178
6240	0.032883
6245	-0.034264
6253	-0.018220
6267	-0.002752
6269	0.045434
6290	-0.092420
6303	0.084058
6317	-0.050770
6343	-0.029481
6350	-0.007199
6360	-0.073314
6367	-0.121809
6383	0.016401
6389	-0.067485
6397	-0.026561
6398	-0.019659
6406	-0.038049
6407	-0.090071
6412	0.057014
6413	0.015328
6434	-0.005794
6435	-0.009195
6460	-0.041416
6463	0.018907
6464	-0.059546
6489	-0.124033
6507	0.048045
6510	-0.016506
6516	0.101308
6518	-0.034057
6522	-0.119396
6523	-0.038705
6524	-0.040810
6525	0.014816
6531	0.336912
6536	0.019553
6575	-0.035374
6584	-0.045137
6585	-0.055339
6586	-0.063574
6594	0.055797
6595	-0.050793
6610	-0.034393
6612	-0.040272
6615	0.011022
6624	0.203111
6628	-0.068843
6649	0.073764
6698	0.031768
6706	-0.032606
6718	0.114958
6719	0.013195
6722	0.002077
6770	0.012352
6780	-0.060950
6781	-0.034040
6794	0.027990
6795	0.070818
6796	-0.015760
6799	-0.082900
6809	-0.026731
6837	-0.102717
6838	-0.021484
6839	0.054021
6846	0.023423
6865	0.034391
6869	-0.042362
6870	-0.049169
6871	0.038687
6873	0.026874
6876	0.055369
6885	0.015849
6895	-0.025535
6896	-0.089712
6897	-0.043209
6900	-0.059679
6903	0.029024
6906	-0.122355
6916	0.071878
6917	0.106805
6918	-0.014519
6919	0.122875
6938	0.013407
6941	-0.025117
6942	-0.035988
6943	0.129209
6944	0.064846
6948	0.066671
6953	0.077347
6957	-0.221011
6958	-0.071122
6970	-0.100384
6971	-0.017013
6976	-0.003497
6977	-0.122253
6990	0.000292
7014	0.024438
7015	-0.074326
7016	-0.087567
7018	0.045128
7019	0.062249
7042	0.084086
7053	-0.287517
7066	-0.060803
7067	0.067056
7083	0.042839
7092	-0.033754
7100	0.015970
7103	-0.056051
7110	-0.045139
7111	0.027170
7112	-0.062959
7113	-0.101954
7116	0.027461
7119	-0.006438
7120	-0.037226
7121	0.005944
7122	-0.080047
7140	-0.036471
7143	0.126907
7157	-0.077795
7165	-0.002912
7175	0.099269
7178	0.113223
7206	0.065949
7207	-0.144096
7217	-0.001769
7218	-0.215786
7221	-0.023585
7227	0.118766
7230	-0.069552
7236	-0.140262
7239	0.034509
7242	-0.039942
7260	-0.036220
7268	-0.010675
7269	0.019405
7304	0.005127
7326	-0.034943
7327	-0.007624
7336	-0.065176
7342	0.005293
7346	0.054767
7348	0.013679
7355	-0.061469
7361	0.030381
7372	0.013098
7387	0.026683
7422	-0.093039
7423	-0.051490
7425	0.092325
7436	0.104993
7442	0.131484
7446	-0.043325
7448	-0.076584
7453	-0.013816
7463	0.089009
7492	0.258264
7493	-0.068021
7494	-0.073150
7495	0.002189
7518	0.046392
7520	0.057965
7540	-0.000430
7546	0.074030
7556	0.051170
7559	-0.100712
7560	-0.083521
7561	0.002247
7564	0.011761
7575	-0.021531
7583	0.038110
7585	0.027674
7586	0.078663
7599	0.078140
7600	0.119396
7606	0.095595
7614	-0.003211
7617	0.026620
7622	0.010161
7629	-0.087781
7637	-0.035425
7640	0.015387
7657	-0.019553
7665	-0.036690
7666	0.066455
7667	0.016685
7668	-0.036645
7669	-0.068243
7670	0.041054
7671	-0.087438
7681	0.270676
7683	-0.041164
7684	-0.116143
7696	-0.077691
7722	0.049032
7723	-0.007177
7799	-0.020176
7852	-0.032743
7859	0.035447
7860	0.016776
7861	-0.042025
7865	0.044265
7875	0.031874
7876	-0.024980
7895	-0.031483
7913	0.049252
7917	0.075762
7952	0.023878
7969	-0.020049
7971	-0.035505
8000	-0.048554
8002	-0.056510
8006	-0.137105
8036	-0.001281
8056	0.050177
8069	-0.044552
8103	0.088832
8107	0.006757
8120	-0.038247
8122	0.020817
8125	0.065815
8127	-0.042766
8136	-0.024846
8149	0.073127
8154	0.108608
8197	-0.092831
8208	-0.323775
8223	0.069123
8232	0.030814
8241	0.015274
8256	0.014734
8262	0.064359
8266	0.002532
8267	-0.009769
8268	0.037283
8269	0.110773
8271	0.071093
8273	-0.091422
8280	-0.017241
8284	0.054736
8303	0.062424
8304	0.002052
8305	-0.048669
8308	-0.002743
8332	-0.447760
8333	0.011894
8334	0.070749
8338	-0.199293
8363	-0.064391
8370	0.036040
8398	0.082493
8465	0.006586
8468	-0.017179
8469	0.079502
8470	0.053806
8507	-0.035857
8552	-0.003907
8572	-0.026389
8574	-0.004447
8577	-0.157396
8586	0.009213
8592	-0.026683
8593	-0.068954
8594	0.075774
8597	0.030033
8599	0.088228
8606	-0.100295
8607	0.046711
8615	-0.052487
8617	-0.068769
8626	-0.072136
8636	-0.051767
8669	0.081495
8671	-0.016822
8673	-0.040341
8675	0.085667
8790	0.022599
8791	0.060589
8811	0.096602
8822	-0.022023
8841	0.026048
8849	0.145665
8856	0.144623
8875	-0.028279
8884	0.115186
8906	-0.093170
8907	0.044910
8910	-0.010288
8911	0.091599
8912	-0.045582
8913	-0.087881
8934	0.009676
8935	-0.042266
8954	-0.065593
8968	-0.015008
8972	-0.052837
9001	0.043177
9029	-0.021395
9032	-0.003757
9058	0.119001
9059	0.053839
9068	0.039552
9070	-0.024707
9108	0.008765
9139	-0.174241
9140	-0.126977
9158	0.118403
9187	-0.118832
9188	0.127071
9189	0.078557
9190	0.122600
9253	-0.019081
9259	0.047750
9268	0.075439
9269	0.003690
9271	-0.065416
9312	-0.048356
9323	0.008965
9329	0.080473
9330	0.039906
9331	-0.094080
9356	-0.042216
9376	-0.016235
9394	0.016131
9424	-0.018664
9428	-0.039002
9429	-0.002941
9496	-0.086423
9536	-0.120804
9543	0.051008
9589	-0.037425
9614	-0.096576
9615	0.062713
9617	0.084864
9631	0.017931
9661	0.006852
9668	0.049984
9718	0.020510
9728	-0.076714
9734	-0.038972
9788	-0.001544
9791	-0.085695
9793	-0.068745
9804	-0.074831
9809	0.057746
9810	0.027032
9823	0.183242
9828	0.076832
9907	0.063174
9951	-0.075530
9968	-0.059489
9969	-0.090258
10010	-0.078355
10011	-0.171722
10012	-0.061237
10018	-0.028485
10021	-0.001392
10022	-0.190792
10031	-0.035336
10032	-0.010835
10033	-0.004144
10034	-0.034916
10035	-0.009537
10039	-0.049915
10044	-0.122257
10045	0.035447
10060	0.066256
10065	-0.027882
10077	0.079842
10080	-0.083708
10130	0.075352
10131	-0.047856
10149	0.136487
10194	-0.043551
10197	-0.043153
10221	-0.010714
10226	0.031245
10232	-0.069082
10233	0.044346
10263	-0.006808
10264	-0.023849
10274	-0.102847
10286	0.051962
10292	-0.290453
10299	0.022301
10302	0.068114
10324	0.095073
10355	-0.011053
10358	-0.002390
10362	0.111459
10366	0.067013
10368	-0.015465
10370	-0.016450
10392	0.026915
10405	-0.207772
10406	-0.097765
10409	-0.032338
10419	0.016881
10420	0.062161
10424	0.073021
10434	0.063021
10455	-0.055208
10478	-0.008193
10480	0.209783
10484	0.038179
10510	-0.024558
10519	-0.013277
10520	0.007035
10524	-0.054364
10578	-0.018369
10630	-0.024188
10643	0.006931
10645	-0.013685
10677	0.020236
10678	-0.068866
10690	0.038589
10717	-0.004040
10718	0.075639
10719	0.074067
10721	-0.017215
10723	0.105950
10735	-0.084911
10736	0.079176
10829	-0.027541
10837	0.178507
10846	-0.038930
10921	0.022323
10922	-0.052904
10923	0.029209
10924	0.054150
10964	-0.059798
10978	-0.078442
11017	0.126468
11018	0.118347
11019	0.075520
11032	0.114262
11034	0.154903
11035	0.143230
11036	0.139370
11052	0.009627
11056	-0.012589
11060	-0.165877
11063	0.101255
11064	-0.041771
11068	0.142763
11069	0.107311
11090	0.093583
11098	0.112517
11099	0.153237
11100	0.095893
11105	0.128524
11109	0.066508
11122	0.019811
11123	0.049325
11125	-0.069962
11126	0.009461
11149	0.140485
11153	0.072302
11188	-0.112659
11193	0.170594
11230	0.115815
11233	-0.099629
11236	0.067175
11243	-0.042875
11251	-0.029869
11259	-0.078669
11263	0.061645
11272	-0.123772
11321	0.032530
11322	-0.045423
11326	-0.093663
11327	0.037141
11335	0.130935
11337	0.072254
11343	0.033447
11390	0.077007
11444	0.020951
11464	0.060638
11471	0.068593
11472	-0.010370
11473	0.046146
11492	0.014840
11499	0.033821
11500	0.076412
11505	0.071163
11527	0.045746
11528	-0.017530
11532	-0.056122
11564	0.049312
11589	-0.015789
11591	-0.067035
11592	-0.074595
11599	-0.022849
11605	-0.085519
11617	-0.033104
11630	-0.058426
11631	-0.220812
11632	-0.113022
11656	-0.092152
11657	0.099387
11777	0.310464
11786	0.001648
11812	-0.050104
12020	-0.000054
12061	-0.085810
12115	-0.214988
12154	-0.033459
12155	-0.185136
12156	-0.098306
12159	-0.093901
12174	-0.202468
12176	-0.061609
12230	-0.031343
12234	0.041979
12236	0.056790
12237	0.025110
12250	0.009612
12252	0.009846
12253	-0.005692
12315	0.054940
12381	0.003095
12382	0.033374
12438	0.107000
12455	-0.012953
12462	-0.044850
12478	0.016421
12603	-0.093248
12711	-0.048318
12714	-0.110170
12716	0.123666
12754	-0.093124
12785	0.072334
12788	-0.057548
12792	0.202151
12898	0.007845
12944	-0.198523
12949	0.222344
13062	0.000246
13099	-0.090789
13160	0.039609
13198	-0.120804
13239	-0.039332
13249	-0.150786
13262	0.023995
13263	0.057683
13272	-0.045674
13273	-0.026149
13277	0.007586
13305	0.065254
13342	-0.020974
13343	0.069123
13345	-0.285912
13351	-0.000445
13357	0.144511
13427	0.017406
13436	-0.133768
13455	-0.067192
13528	-0.133384
13532	0.008129
13553	0.144192
13566	0.051816
13651	-0.003330
13653	0.026848
13675	-0.012520
13676	0.078116
13677	0.104275
13678	-0.034340
13681	0.137514
13688	0.092792
13697	-0.037811
13705	-0.100856
13708	0.069310
13737	0.032509
13760	0.024238
13923	0.003348
13927	0.041765
13995	-0.092501
14002	0.109465
14003	0.092020
14021	0.214559
14034	0.147229
14064	0.167111
14110	-0.047006
14155	-0.082305
14203	0.016110
14208	0.017474
14340	-0.046007
14356	0.105361
14389	0.016558
14499	-0.068586
14625	0.137548
14632	0.095969
14637	0.093146
14641	-0.031088
14685	0.013771
14694	0.008371
14695	-0.037623
14699	0.101156
14700	-0.038726
14749	-0.062714
14760	-0.020841
14790	-0.053008
14791	-0.077667
14796	0.146392
14797	-0.034237
14891	-0.016290
14927	-0.026118
15099	-0.045570
15182	0.288627
15243	0.134459
15245	-0.018145
15254	0.018332
15322	0.012746
15327	0.027421
15463	-0.015903
15496	-0.022206
15499	0.020079
15502	0.048211
15514	-0.059137
15566	0.197304
15580	-0.104335
15583	-0.226459
15586	-0.038411
15601	-0.027589
15621	-0.011123
15780	0.004045
15869	-0.091577
16082	-0.003819
16281	-0.072400
16293	-0.424366
16300	0.136745
16304	0.044162
16360	0.072353
16361	0.004048
16367	0.113231
16432	0.040307
16433	-0.070219
16438	-0.013591
16446	0.109058
16453	0.059538
16463	-0.024949
16466	0.051815
16477	-0.089541
16482	0.146974
16605	-0.023351
16606	-0.063115
16635	0.065041
16638	0.025562
16655	0.023092
16673	0.051743
16676	0.041913
16677	-0.035092
16678	0.026601
16808	0.030286
16829	0.058168
17150	-0.023170
17182	-0.040013
17199	-0.036688
17273	0.119010
17431	-0.024505
17466	-0.200800
17472	0.075889
17485	-0.057992
17585	-0.070580
17620	0.033309
17647	0.197318
17690	0.002290
17772	0.000840
18410	-0.121379
19647	0.162508
21458	-0.051170
21885	-0.041677
21973	-0.098951
21976	-0.069028
21977	-0.053253
22084	0.041390
23475	-0.015938
23754	-0.111218
23764	0.021466
24372	0.108609
24918	-0.044292
24944	0.176514
25022	-0.111492
25140	0.141323
26484	-0.131211
27764	-0.032518
28424	-0.083964
28845	0.167830
29861	0.091853
30684	-0.044482
31288	-0.040056
31704	-0.015899
32421	-0.072923
32520	0.087585
32893	0.078539
34340	-0.179551
35227	0.031970
35334	-0.031210
36499	0.008744
36843	0.018821
36844	-0.020676
36955	0.016187
36970	-0.007131
39336	-0.034204
39353	0.052467
40538	-0.259871
40541	-0.052899
40542	-0.054981
40599	0.168837
40601	-0.081854
40602	0.062993
40656	-0.153649
40657	0.035745
42157	-0.107827
42203	-0.060851
42204	0.043534
42851	0.073351
43061	-0.053859
44144	-0.058489
45195	0.154391
47030	-0.001156
47285	0.021661
47317	-0.022668
47457	0.159572
47460	-0.070931
48147	-0.038862
48297	0.078198
48474	0.000330
48696	0.049573
49516	0.095872
49630	0.003279
49927	0.023458
50199	0.130298
50249	-0.159927
50259	0.005043
50904	0.024469
53231	-0.083919
53471	0.134863
53531	0.040202
53986	-0.043536
55057	-0.038619
56431	-0.131898
56432	-0.117284
56466	-0.028336
56478	-0.126658
56621	-0.039231
57644	0.014867
57756	-0.044338
58783	0.039089
59657	-0.010364
59715	0.297649
64825	-0.210745
64947	0.015291
65950	0.062508
70102	-0.107134
75003	-0.052156
75099	-0.018097
75742	0.118114
75823	0.059453
75824	0.087859
78157	-0.104849
78181	0.008957
78191	-0.007795
80479	-0.158631
80480	0.008662
80715	-0.030502
80719	-0.033949
80750	-0.009964
81231	0.026550
84436	0.081090
84780	0.019309
84844	-0.017233
85002	-0.030213
85003	0.062816
85659	0.171271
85663	0.061890
85710	0.002991
92185	-0.117836
96142	-0.120445
96144	-0.164581
96482	-0.009395
98871	0.107588
