# 1342 minima projected onto PC97
Min	PC
3	0.009227
4	0.010787
5	-0.008768
6	0.017690
7	-0.014161
9	-0.020232
16	0.023568
17	0.012746
21	-0.044380
23	0.018653
31	-0.031661
44	-0.002203
47	0.024633
48	-0.010263
51	0.013900
52	0.020781
55	0.017684
56	0.017436
57	0.006238
58	0.054192
60	0.017309
67	-0.028295
68	0.010515
71	0.021414
72	-0.003632
74	-0.039815
79	0.229962
82	0.003987
85	-0.014224
86	0.066214
87	-0.034419
88	-0.015268
91	0.015775
92	-0.020630
94	-0.009094
95	0.001033
97	-0.003551
104	0.059010
106	0.010170
109	-0.015116
111	0.006549
115	0.198082
120	0.005671
126	0.194409
129	-0.009615
136	-0.031181
137	-0.008983
188	-0.017974
189	-0.006987
196	0.027428
199	-0.053311
200	0.007028
202	0.025819
211	0.022219
213	0.024669
214	-0.010565
219	-0.003275
221	0.001998
276	0.018628
279	0.016535
283	-0.134966
295	0.004368
308	0.003729
312	0.007331
315	-0.029323
318	-0.032028
319	0.000604
321	-0.086426
324	0.035832
328	-0.018643
334	-0.031710
336	-0.033313
338	0.067678
347	-0.005794
351	-0.003038
352	-0.003801
354	0.015578
357	-0.038616
359	0.044725
362	0.011607
364	-0.004114
365	0.002498
368	0.042247
376	-0.008897
377	-0.010052
380	-0.016780
386	0.099051
388	0.047664
390	-0.004786
396	-0.024669
404	0.009753
410	0.004608
413	-0.000678
420	0.032843
423	-0.017811
424	-0.025202
437	-0.052040
438	-0.003757
444	-0.012193
452	-0.012459
473	-0.042668
474	-0.041994
475	-0.030014
476	-0.011098
478	0.016348
479	-0.129461
480	0.013730
483	0.032937
503	0.012552
508	-0.004292
509	-0.022567
530	-0.009481
536	-0.019475
556	0.034320
581	-0.030437
583	-0.000723
603	-0.023290
606	0.020148
607	-0.000189
620	-0.007115
628	0.004175
636	-0.017247
637	0.108213
639	-0.006398
640	0.009210
644	0.007047
645	0.024191
677	0.009350
678	-0.076627
679	0.013379
682	-0.057782
698	0.010454
700	0.031433
710	-0.024449
722	0.012738
723	-0.006852
724	-0.019594
725	0.004405
726	-0.038963
747	-0.007207
753	0.017893
755	-0.008510
757	0.058331
765	-0.027741
782	0.008367
783	0.023280
793	-0.038959
808	-0.004578
814	0.010829
840	0.049367
848	0.012450
859	-0.016928
864	0.034933
867	-0.018256
878	-0.053727
888	-0.011544
890	-0.017833
892	0.017924
899	0.022824
918	0.080835
926	0.014102
933	0.019003
934	0.021257
981	0.034003
1028	0.053697
1034	0.035644
1051	0.020432
1054	0.058803
1058	0.093292
1062	-0.041017
1063	-0.022985
1064	0.073887
1066	0.008236
1068	-0.003973
1073	0.026924
1082	0.020380
1083	0.033905
1086	0.036557
1089	0.044706
1090	0.024543
1091	0.015153
1092	-0.009342
1164	0.084979
1165	0.016904
1174	-0.141134
1176	0.088234
1184	-0.021720
1191	0.009723
1192	0.010403
1201	-0.178002
1230	0.008649
1339	0.015172
1341	0.044717
1370	-0.067425
1385	-0.033478
1405	0.028270
1437	0.003028
1441	-0.015258
1443	0.007470
1521	0.004871
1522	0.007712
1523	0.021319
1524	0.069157
1525	0.018009
1541	-0.026768
1542	0.049993
1550	-0.065734
1551	-0.015054
1596	0.000997
1597	0.030718
1628	-0.024830
1629	0.004606
1633	0.034004
1636	0.008132
1637	0.054382
1765	-0.053801
1766	0.006907
1780	0.039490
1862	-0.014035
1865	0.001145
1870	-0.003954
1885	-0.005767
1910	-0.016764
1911	0.016096
2007	-0.012727
2060	0.006847
2062	-0.031841
2090	0.022480
2093	0.015463
2094	0.001280
2095	-0.011352
2096	0.000051
2100	-0.017822
2101	0.009063
2102	0.009569
2103	0.007573
2104	0.008544
2105	-0.011448
2128	-0.018858
2129	-0.000343
2135	-0.002103
2190	0.019540
2195	0.014498
2197	0.066911
2198	0.034769
2199	-0.007461
2200	0.019085
2201	-0.006745
2202	-0.003265
2205	-0.005326
2217	-0.023901
2218	0.122620
2221	0.059161
2272	-0.017588
2273	0.000565
2275	-0.036576
2288	-0.021274
2293	-0.005332
2298	0.029975
2299	0.003764
2300	-0.008847
2301	-0.014291
2338	-0.029490
2342	-0.051843
2343	0.025557
2358	0.064665
2384	0.003429
2385	-0.004666
2399	-0.007788
2435	0.030656
2436	-0.014433
2465	0.028358
2467	0.061021
2468	0.039741
2469	0.021576
2470	0.037979
2471	0.033282
2474	0.026216
2620	0.064815
2650	-0.020103
2651	-0.016267
2685	-0.051239
2688	-0.031128
2730	0.023538
2843	-0.009397
2951	0.006445
2959	-0.000112
3236	0.019781
3305	-0.014817
3318	-0.013563
3340	-0.017460
3352	-0.035195
3355	-0.006884
3356	-0.036780
3365	0.005287
3366	0.000538
3367	-0.001501
3368	-0.003155
3401	0.015031
3405	0.015272
3434	0.013135
3448	0.012892
3454	0.049896
3481	0.003504
3495	0.002147
3504	0.059603
3532	-0.004513
3540	0.024344
3549	0.045312
3550	-0.021017
3569	-0.023005
3595	0.022323
3596	0.002809
3603	0.033101
3621	0.026551
3622	-0.036712
3647	0.035908
3649	0.002935
3651	0.023108
3652	0.040109
3723	0.027558
3757	-0.003834
3772	-0.154244
3787	-0.028529
3798	-0.044938
3799	0.009884
3889	-0.010995
3897	0.070269
3898	0.009073
3904	-0.005160
3945	0.004585
3990	0.019873
4024	0.000299
4039	0.021668
4048	-0.000085
4050	0.023045
4076	-0.005555
4094	-0.048463
4170	0.016462
4251	-0.024393
4252	-0.032711
4299	-0.000557
4302	0.006652
4318	-0.000340
4319	0.048937
4320	0.020868
4360	-0.019280
4388	-0.021928
4414	0.018649
4426	-0.015492
4446	-0.026283
4527	0.009243
4545	0.010488
4546	0.035847
4554	0.036268
4564	-0.005184
4567	0.025642
4634	0.034509
4693	0.018040
4736	-0.000933
4761	0.019392
4879	0.010364
5071	-0.012446
5138	0.010875
5164	-0.042891
5182	0.005944
5183	0.015836
5184	0.027983
5187	-0.017652
5188	-0.005047
5189	0.015894
5193	-0.010998
5194	-0.020679
5195	0.074292
5197	0.015772
5203	0.015614
5205	-0.079613
5212	-0.002409
5213	-0.031425
5222	0.014963
5223	0.020616
5228	-0.005791
5232	-0.035027
5244	-0.005823
5245	-0.005672
5246	-0.049774
5248	0.021474
5292	0.002354
5293	0.002752
5299	-0.000765
5300	0.014909
5315	-0.001142
5316	0.009923
5319	-0.013296
5320	0.014975
5321	-0.040997
5322	0.008757
5323	0.006518
5324	-0.001750
5325	-0.026863
5329	0.035314
5342	0.006263
5343	-0.010256
5374	-0.010860
5376	-0.055079
5378	-0.053346
5379	0.014410
5382	0.037318
5390	-0.041259
5398	-0.022165
5402	0.013860
5404	-0.031878
5407	0.028698
5408	-0.024277
5409	-0.016613
5411	-0.027340
5412	0.009275
5413	-0.008394
5416	0.029875
5418	-0.070408
5422	-0.073998
5425	-0.000284
5427	0.021192
5428	0.005318
5432	0.042110
5436	-0.037137
5443	0.014511
5444	0.096105
5458	0.020698
5462	-0.037922
5465	-0.001226
5468	-0.008123
5471	-0.002586
5480	0.006152
5481	0.000500
5485	-0.032356
5486	-0.045527
5488	-0.055162
5489	-0.005780
5495	-0.042909
5513	0.009841
5515	-0.014795
5516	0.013237
5521	-0.007013
5527	0.074584
5528	0.010257
5536	0.043848
5537	0.056851
5547	-0.005713
5565	0.004584
5573	-0.042373
5579	-0.003003
5583	0.063798
5586	0.014087
5589	0.057161
5590	-0.004161
5593	0.001551
5599	0.011746
5604	0.151373
5605	-0.014324
5606	0.125759
5625	0.015827
5649	-0.002453
5656	-0.004089
5657	-0.025068
5658	-0.023485
5686	0.035394
5695	0.002715
5705	-0.008342
5706	0.027206
5716	-0.025930
5717	0.013837
5718	-0.023909
5719	0.011750
5720	-0.020898
5724	0.018668
5738	-0.071015
5742	-0.066210
5750	0.044500
5751	0.016931
5756	-0.000163
5761	-0.089685
5768	-0.048621
5773	0.029983
5792	0.035604
5793	-0.022574
5794	0.020016
5806	0.025564
5811	-0.009624
5812	-0.013076
5813	-0.002219
5814	-0.008815
5821	-0.001481
5823	0.026072
5825	0.001849
5831	0.012634
5832	-0.031210
5833	0.003031
5847	-0.022675
5849	-0.088996
5851	0.013930
5854	-0.022984
5858	-0.003195
5862	-0.016455
5875	0.069787
5876	0.031230
5903	-0.048389
5910	-0.087701
5912	-0.017596
5913	-0.033625
5925	-0.061830
5926	-0.027518
5927	-0.022552
5928	-0.045595
5930	0.009857
5931	-0.079609
5933	0.003853
5934	-0.044370
5937	0.080165
5939	-0.078834
5940	0.174186
5941	0.000708
5943	0.016748
5963	-0.042821
5964	-0.058379
5965	-0.015270
5966	0.002839
5968	0.000603
5969	0.019995
5970	0.018319
5971	-0.016705
5975	-0.005344
6006	0.026492
6011	0.052442
6017	0.086412
6019	-0.008794
6022	0.072779
6032	0.037583
6095	0.042893
6115	0.012173
6116	0.019676
6119	0.010656
6127	-0.046950
6128	0.015063
6130	0.000210
6140	-0.033727
6141	-0.014697
6147	0.043419
6148	0.037576
6163	-0.038555
6164	-0.049542
6170	-0.043804
6171	0.001593
6177	-0.010084
6184	-0.012204
6200	0.071867
6204	0.057554
6206	0.099506
6223	-0.048279
6240	-0.001864
6245	0.034969
6253	-0.049053
6267	-0.121558
6269	0.038075
6290	-0.152640
6303	-0.085245
6317	-0.026046
6343	-0.036365
6350	-0.022286
6360	-0.061660
6367	-0.171872
6383	0.017954
6389	0.005361
6397	0.050235
6398	-0.081273
6406	0.019873
6407	-0.085521
6412	-0.075265
6413	-0.037536
6434	-0.024620
6435	-0.058727
6460	0.046575
6463	-0.043391
6464	-0.030179
6489	0.002401
6507	-0.017589
6510	-0.119394
6516	0.017790
6518	-0.073799
6522	0.010288
6523	0.056902
6524	-0.025970
6525	0.021045
6531	0.084149
6536	0.002247
6575	0.027798
6584	0.024271
6585	0.017110
6586	0.065620
6594	0.000779
6595	0.030827
6610	-0.008536
6612	-0.015491
6615	-0.005159
6624	-0.052731
6628	0.022933
6649	0.009070
6698	-0.075224
6706	0.022082
6718	0.028497
6719	0.071496
6722	-0.033250
6770	0.018055
6780	0.020495
6781	-0.013209
6794	-0.035600
6795	-0.003688
6796	-0.042936
6799	-0.057630
6809	-0.093640
6837	-0.004259
6838	0.007031
6839	0.060798
6846	0.010529
6865	0.036257
6869	0.018200
6870	0.001088
6871	-0.030611
6873	0.023234
6876	0.014529
6885	0.037749
6895	0.025352
6896	-0.046711
6897	0.001956
6900	0.010971
6903	-0.063284
6906	0.087768
6916	0.015955
6917	-0.109303
6918	-0.055723
6919	-0.005948
6938	0.036002
6941	-0.007893
6942	-0.070822
6943	-0.041884
6944	-0.075022
6948	0.028393
6953	0.027520
6957	0.022013
6958	0.056987
6970	-0.052265
6971	0.015289
6976	-0.034307
6977	0.012589
6990	0.039262
7014	0.024803
7015	0.018203
7016	-0.025788
7018	-0.051243
7019	-0.065747
7042	0.043556
7053	-0.026491
7066	0.063312
7067	0.003310
7083	0.062445
7092	-0.053799
7100	0.000450
7103	0.011254
7110	0.030288
7111	0.046742
7112	0.074318
7113	-0.031827
7116	0.038615
7119	-0.029082
7120	-0.057265
7121	0.028696
7122	-0.033337
7140	0.049364
7143	-0.000749
7157	-0.027269
7165	-0.042899
7175	0.017698
7178	-0.062700
7206	-0.022853
7207	0.013247
7217	-0.027120
7218	0.098133
7221	0.036552
7227	-0.077298
7230	-0.031762
7236	0.024214
7239	-0.014768
7242	0.005724
7260	-0.052361
7268	0.033379
7269	0.016527
7304	0.039658
7326	0.004350
7327	-0.064023
7336	-0.024341
7342	-0.030220
7346	0.035380
7348	0.033066
7355	0.045044
7361	0.013021
7372	0.030606
7387	-0.096959
7422	-0.007439
7423	-0.017258
7425	0.052386
7436	-0.030025
7442	-0.002693
7446	0.051302
7448	-0.031106
7453	-0.003774
7463	0.020616
7492	0.012115
7493	0.003464
7494	0.065638
7495	0.041606
7518	-0.022207
7520	-0.078649
7540	-0.036102
7546	-0.019155
7556	0.073820
7559	-0.045303
7560	-0.015988
7561	-0.000084
7564	-0.020670
7575	-0.017484
7583	-0.076953
7585	-0.029811
7586	-0.052055
7599	0.049430
7600	-0.030827
7606	0.067646
7614	-0.033329
7617	-0.037749
7622	0.004132
7629	0.059631
7637	0.035306
7640	-0.012413
7657	0.027480
7665	0.020489
7666	-0.019843
7667	0.011430
7668	-0.008412
7669	0.098818
7670	0.112769
7671	0.023328
7681	-0.023431
7683	-0.016882
7684	-0.061543
7696	0.056705
7722	-0.071052
7723	-0.027744
7799	-0.038424
7852	-0.013101
7859	0.024287
7860	0.012327
7861	-0.006323
7865	-0.026454
7875	0.009671
7876	-0.048508
7895	-0.018773
7913	-0.025480
7917	0.032385
7952	-0.030543
7969	-0.050941
7971	0.009363
8000	0.020018
8002	0.005131
8006	-0.006221
8036	-0.025313
8056	0.003743
8069	-0.142890
8103	-0.034504
8107	-0.027279
8120	-0.051174
8122	-0.045280
8125	0.020647
8127	-0.027336
8136	0.078913
8149	0.035892
8154	0.031474
8197	-0.054902
8208	-0.047136
8223	0.107919
8232	-0.065991
8241	-0.052921
8256	0.035707
8262	-0.013492
8266	0.038973
8267	0.012766
8268	0.029361
8269	0.006538
8271	-0.027836
8273	-0.024436
8280	0.007474
8284	-0.011753
8303	0.016812
8304	0.035236
8305	0.044207
8308	0.019313
8332	0.069400
8333	-0.001019
8334	0.023459
8338	0.160725
8363	-0.087342
8370	0.008692
8398	-0.056357
8465	-0.108886
8468	-0.002890
8469	-0.001593
8470	-0.029990
8507	-0.014458
8552	0.024163
8572	-0.017572
8574	0.007134
8577	0.109148
8586	0.029816
8592	0.019621
8593	0.033827
8594	0.005739
8597	0.005640
8599	-0.011949
8606	-0.061028
8607	-0.024953
8615	0.034195
8617	0.016244
8626	-0.022520
8636	-0.013663
8669	0.009822
8671	0.003117
8673	0.028278
8675	0.053102
8790	-0.005601
8791	0.021427
8811	-0.054898
8822	-0.007781
8841	0.027675
8849	-0.052662
8856	0.004201
8875	-0.076641
8884	-0.021875
8906	0.019523
8907	0.009990
8910	-0.001071
8911	0.165868
8912	0.034246
8913	-0.012106
8934	0.024087
8935	0.017828
8954	-0.066126
8968	-0.013378
8972	-0.011150
9001	-0.000677
9029	0.002926
9032	-0.050469
9058	0.027657
9059	-0.037318
9068	-0.062915
9070	-0.013436
9108	0.045031
9139	-0.017594
9140	0.007773
9158	-0.032691
9187	0.092416
9188	-0.031438
9189	0.000482
9190	-0.033768
9253	-0.055031
9259	0.080622
9268	-0.011261
9269	0.027782
9271	-0.029615
9312	-0.036764
9323	-0.025949
9329	0.008777
9330	-0.011164
9331	-0.071132
9356	0.008402
9376	-0.014488
9394	0.027710
9424	-0.056018
9428	-0.047005
9429	-0.065930
9496	-0.028186
9536	0.017543
9543	-0.051773
9589	-0.009450
9614	-0.005133
9615	0.028825
9617	0.037311
9631	-0.003076
9661	0.030757
9668	-0.024858
9718	0.089206
9728	-0.000762
9734	-0.111091
9788	0.032851
9791	0.073249
9793	0.030693
9804	-0.015114
9809	0.055021
9810	0.029756
9823	-0.062557
9828	-0.065407
9907	-0.064136
9951	0.004894
9968	-0.022137
9969	-0.033324
10010	0.008126
10011	-0.023585
10012	0.001926
10018	0.042988
10021	-0.021008
10022	-0.044032
10031	-0.056307
10032	-0.033493
10033	-0.034996
10034	-0.014948
10035	-0.031147
10039	0.068249
10044	0.003925
10045	-0.008683
10060	0.034362
10065	0.026189
10077	0.083123
10080	-0.031393
10130	-0.042366
10131	-0.000273
10149	-0.074396
10194	0.004760
10197	-0.072831
10221	-0.000053
10226	-0.007645
10232	0.028931
10233	0.087531
10263	0.033209
10264	0.019612
10274	-0.008951
10286	0.019620
10292	-0.043156
10299	-0.017015
10302	-0.009372
10324	0.067270
10355	0.018550
10358	-0.009706
10362	-0.034884
10366	-0.068583
10368	-0.007800
10370	0.056104
10392	0.010741
10405	0.033939
10406	-0.051986
10409	-0.017450
10419	0.020948
10420	-0.027589
10424	-0.017534
10434	-0.014990
10455	-0.057497
10478	0.034561
10480	-0.083491
10484	0.033103
10510	0.101395
10519	0.203161
10520	0.024094
10524	0.109270
10578	0.012301
10630	0.034116
10643	0.038031
10645	-0.000320
10677	-0.020566
10678	0.006452
10690	-0.017072
10717	-0.004445
10718	-0.026136
10719	0.049774
10721	-0.011105
10723	0.038654
10735	-0.013751
10736	-0.010409
10829	0.063860
10837	-0.051954
10846	-0.003679
10921	0.019954
10922	0.027448
10923	-0.084134
10924	-0.055415
10964	0.031651
10978	0.040238
11017	0.000426
11018	-0.002646
11019	-0.060100
11032	-0.027718
11034	-0.031557
11035	-0.050475
11036	-0.010062
11052	-0.002231
11056	0.030149
11060	0.033923
11063	-0.015852
11064	0.064268
11068	-0.036202
11069	-0.045423
11090	-0.013920
11098	0.001733
11099	-0.047328
11100	-0.029564
11105	-0.032418
11109	0.028708
11122	0.008244
11123	-0.020935
11125	-0.000523
11126	-0.015414
11149	-0.023641
11153	-0.010773
11188	0.011434
11193	-0.074803
11230	-0.029003
11233	0.021843
11236	-0.113418
11243	-0.053218
11251	0.078982
11259	-0.028438
11263	-0.009355
11272	-0.049816
11321	-0.005057
11322	0.016501
11326	0.014870
11327	0.029440
11335	-0.032847
11337	0.000190
11343	-0.034237
11390	0.000238
11444	0.021236
11464	0.040708
11471	-0.015943
11472	-0.010904
11473	0.083762
11492	0.024823
11499	0.042698
11500	-0.018308
11505	-0.050081
11527	0.039728
11528	0.061097
11532	-0.015159
11564	-0.025039
11589	-0.001773
11591	0.047425
11592	-0.026303
11599	-0.079189
11605	-0.012004
11617	0.006590
11630	0.012703
11631	-0.106438
11632	-0.047404
11656	0.099930
11657	0.009733
11777	0.095620
11786	-0.060301
11812	-0.009583
12020	-0.012866
12061	-0.071428
12115	-0.032447
12154	-0.019221
12155	-0.059025
12156	-0.073275
12159	-0.058615
12174	0.003061
12176	-0.004901
12230	0.027089
12234	0.015970
12236	0.006161
12237	-0.016393
12250	-0.000406
12252	-0.033869
12253	-0.020822
12315	0.009588
12381	-0.010711
12382	-0.050719
12438	0.004777
12455	0.055292
12462	0.036326
12478	0.000889
12603	-0.122637
12711	0.026451
12714	0.033329
12716	-0.028738
12754	0.040072
12785	-0.001267
12788	-0.181776
12792	-0.094895
12898	0.019576
12944	0.145802
12949	-0.001526
13062	-0.013782
13099	0.017198
13160	-0.040084
13198	0.006781
13239	-0.016183
13249	0.018922
13262	-0.078042
13263	0.114845
13272	-0.027788
13273	0.028014
13277	0.042302
13305	0.007678
13342	-0.004094
13343	-0.041085
13345	-0.032851
13351	-0.064526
13357	0.012515
13427	-0.034345
13436	0.024283
13455	-0.019285
13528	-0.083450
13532	-0.025397
13553	0.059246
13566	-0.032362
13651	-0.013749
13653	0.084784
13675	0.028312
13676	0.009556
13677	0.112942
13678	0.010322
13681	0.002371
13688	-0.007867
13697	-0.020185
13705	-0.079018
13708	-0.011648
13737	0.143713
13760	0.024085
13923	-0.008146
13927	-0.015897
13995	-0.054436
14002	0.063391
14003	0.005150
14021	0.081555
14034	-0.004154
14064	-0.044274
14110	-0.014145
14155	0.014413
14203	0.001784
14208	-0.017553
14340	0.034834
14356	0.182164
14389	0.013925
14499	0.013808
14625	0.045007
14632	0.031208
14637	-0.005399
14641	-0.028121
14685	-0.020258
14694	-0.026269
14695	0.016088
14699	0.016256
14700	0.053972
14749	0.028169
14760	-0.021271
14790	0.030153
14791	0.033345
14796	-0.007025
14797	0.023010
14891	0.038551
14927	-0.046385
15099	0.025320
15182	0.000553
15243	0.050276
15245	-0.014155
15254	0.029566
15322	0.054040
15327	0.069546
15463	0.007374
15496	-0.005432
15499	-0.069752
15502	0.027309
15514	-0.037169
15566	-0.066527
15580	0.047842
15583	0.101623
15586	-0.027368
15601	-0.026364
15621	0.070117
15780	-0.047586
15869	-0.002764
16082	-0.047112
16281	-0.050831
16293	-0.009623
16300	-0.011464
16304	-0.022866
16360	-0.070793
16361	-0.049487
16367	0.100606
16432	0.015108
16433	0.032995
16438	0.048148
16446	0.020906
16453	-0.030799
16463	-0.133107
16466	0.031785
16477	-0.192975
16482	-0.008133
16605	0.023698
16606	-0.010555
16635	0.018756
16638	-0.023975
16655	0.039364
16673	-0.024953
16676	-0.020005
16677	0.007155
16678	-0.043138
16808	-0.027065
16829	0.010706
17150	-0.027823
17182	-0.060446
17199	0.056095
17273	0.059899
17431	0.004653
17466	0.044790
17472	0.014695
17485	-0.022302
17585	0.068887
17620	-0.063209
17647	0.026347
17690	-0.007592
17772	-0.013346
18410	-0.020692
19647	-0.220272
21458	0.063533
21885	0.079855
21973	0.019188
21976	-0.014078
21977	-0.069820
22084	0.009460
23475	0.014136
23754	-0.014235
23764	0.019936
24372	-0.001008
24918	0.056344
24944	-0.018207
25022	0.033254
25140	-0.020966
26484	0.090562
27764	-0.000112
28424	-0.000779
28845	-0.070060
29861	0.016118
30684	0.040049
31288	-0.017719
31704	-0.029280
32421	0.007829
32520	0.030060
32893	0.041972
34340	-0.135164
35227	0.051040
35334	0.026063
36499	0.006486
36843	-0.027145
36844	-0.043737
36955	-0.086147
36970	-0.085823
39336	-0.010394
39353	0.081367
40538	0.014548
40541	0.044216
40542	0.043012
40599	0.073944
40601	0.044793
40602	-0.010188
40656	-0.034943
40657	-0.032469
42157	-0.019468
42203	0.019266
42204	0.005753
42851	0.050331
43061	0.019621
44144	-0.007486
45195	0.004763
47030	-0.072544
47285	-0.098713
47317	-0.025094
47457	-0.188895
47460	0.022101
48147	0.036118
48297	0.086754
48474	0.027911
48696	0.053541
49516	0.219272
49630	-0.005918
49927	0.057258
50199	0.047678
50249	0.004000
50259	-0.012986
50904	0.019911
53231	-0.020160
53471	-0.008188
53531	-0.040917
53986	0.010743
55057	-0.019601
56431	0.071240
56432	0.068168
56466	0.108325
56478	0.173724
56621	-0.025678
57644	0.033868
57756	0.019398
58783	0.024192
59657	-0.007216
59715	0.102090
64825	0.005066
64947	0.047142
65950	0.081935
70102	0.010694
75003	0.047145
75099	-0.001524
75742	0.075292
75823	-0.081844
75824	-0.037059
78157	0.113936
78181	-0.137705
78191	-0.053004
80479	-0.028691
80480	-0.018338
80715	0.022674
80719	0.012933
80750	0.022401
81231	-0.037557
84436	-0.036136
84780	0.033829
84844	0.021842
85002	-0.029795
85003	-0.040671
85659	-0.076490
85663	-0.128806
85710	-0.091235
92185	-0.031487
96142	-0.082346
96144	-0.028070
96482	-0.093118
98871	0.075673
