# 1342 minima projected onto PC112
Min	PC
3	0.000337
4	0.000535
5	0.002015
6	-0.001408
7	-0.000645
9	-0.013875
16	0.003727
17	0.007541
21	0.013490
23	-0.017033
31	-0.013758
44	-0.012916
47	0.005250
48	0.010112
51	0.000606
52	0.002683
55	0.027280
56	0.000880
57	0.007625
58	-0.012089
60	-0.036724
67	-0.001867
68	-0.017366
71	-0.026444
72	-0.028778
74	0.015155
79	-0.036570
82	-0.008266
85	0.021680
86	0.008553
87	0.000842
88	-0.009328
91	-0.011022
92	-0.003688
94	0.023319
95	-0.001938
97	-0.009821
104	0.022411
106	0.004652
109	-0.018827
111	0.014134
115	0.014255
120	-0.024834
126	-0.032489
129	0.015183
136	0.026765
137	0.018631
188	-0.008965
189	0.008219
196	0.033392
199	0.034026
200	0.002360
202	-0.001308
211	0.014182
213	-0.014436
214	0.018526
219	0.017406
221	-0.001663
276	-0.001711
279	-0.001221
283	0.010782
295	-0.004799
308	-0.005666
312	-0.003532
315	-0.063212
318	0.009511
319	0.016441
321	0.006934
324	0.003211
328	-0.007508
334	-0.007730
336	-0.044243
338	-0.003235
347	-0.030454
351	0.047954
352	0.006663
354	-0.007521
357	-0.004409
359	-0.011382
362	-0.011708
364	0.002953
365	-0.000604
368	-0.011157
376	-0.008243
377	0.005421
380	0.000293
386	-0.010718
388	-0.003705
390	0.027436
396	0.025418
404	-0.003036
410	-0.006429
413	0.018620
420	-0.006551
423	-0.009159
424	-0.000951
437	0.002960
438	0.013480
444	-0.035846
452	-0.009057
473	0.028820
474	0.009938
475	0.013124
476	-0.018796
478	-0.000864
479	0.001092
480	0.009413
483	0.042396
503	0.009559
508	0.003132
509	0.024720
530	0.003492
536	0.002277
556	0.008079
581	-0.005484
583	-0.021378
603	-0.014698
606	0.002228
607	0.002792
620	0.003982
628	-0.005458
636	-0.006949
637	-0.021894
639	-0.017800
640	0.008423
644	0.014822
645	0.002637
677	-0.007423
678	0.018437
679	0.007487
682	0.024533
698	0.003398
700	-0.024503
710	0.036263
722	-0.006820
723	0.025567
724	0.027037
725	-0.010388
726	-0.001260
747	-0.016701
753	0.004707
755	0.002362
757	0.003384
765	-0.008359
782	-0.025257
783	0.005254
793	-0.002630
808	-0.012151
814	-0.088817
840	-0.009811
848	-0.020648
859	0.016655
864	-0.004106
867	-0.019493
878	0.001969
888	0.010817
890	-0.002147
892	-0.008350
899	-0.007849
918	-0.006910
926	-0.003196
933	-0.003481
934	-0.020359
981	0.013579
1028	-0.015570
1034	0.002417
1051	-0.019950
1054	0.004545
1058	0.006139
1062	-0.018370
1063	-0.012040
1064	-0.000884
1066	-0.018095
1068	-0.014230
1073	-0.007423
1082	0.017331
1083	0.019956
1086	0.008362
1089	-0.015274
1090	-0.017674
1091	0.021046
1092	0.011525
1164	-0.018195
1165	0.005479
1174	-0.055578
1176	-0.001543
1184	0.037203
1191	0.038511
1192	0.003262
1201	-0.027463
1230	0.024309
1339	0.002754
1341	0.002463
1370	-0.005420
1385	-0.013151
1405	-0.021430
1437	0.008047
1441	-0.014595
1443	-0.000537
1521	0.015453
1522	-0.004110
1523	0.006880
1524	0.006847
1525	-0.002372
1541	-0.019141
1542	0.014599
1550	-0.009786
1551	-0.015426
1596	-0.037050
1597	-0.002083
1628	-0.011616
1629	0.021278
1633	-0.017224
1636	0.010608
1637	-0.043562
1765	-0.023564
1766	-0.012137
1780	0.011626
1862	0.003967
1865	0.006517
1870	-0.008214
1885	-0.022575
1910	0.013094
1911	-0.012883
2007	0.010166
2060	0.009688
2062	0.051457
2090	0.028725
2093	0.004669
2094	0.004321
2095	-0.007574
2096	0.005127
2100	-0.016932
2101	0.012826
2102	0.012623
2103	0.003481
2104	0.001503
2105	0.012897
2128	-0.013807
2129	-0.030643
2135	-0.002079
2190	-0.003463
2195	-0.008926
2197	0.019034
2198	-0.001671
2199	0.013811
2200	0.020076
2201	0.037510
2202	-0.008128
2205	-0.000349
2217	-0.013459
2218	0.001252
2221	0.008968
2272	-0.012539
2273	0.001721
2275	0.027980
2288	-0.002036
2293	0.010262
2298	-0.016151
2299	0.007443
2300	-0.030668
2301	-0.023572
2338	0.003783
2342	-0.005273
2343	0.004978
2358	-0.001496
2384	0.011925
2385	-0.020452
2399	-0.007440
2435	-0.022544
2436	-0.007968
2465	0.000610
2467	0.046502
2468	0.010501
2469	-0.007191
2470	0.002059
2471	-0.004051
2474	0.027747
2620	-0.003350
2650	-0.020847
2651	-0.023313
2685	-0.007123
2688	0.025252
2730	0.035324
2843	0.007748
2951	-0.006239
2959	0.010720
3236	-0.008367
3305	0.043674
3318	-0.016631
3340	0.016853
3352	0.011064
3355	0.034942
3356	-0.018785
3365	-0.003501
3366	-0.007967
3367	-0.022911
3368	-0.019930
3401	0.017863
3405	-0.029357
3434	-0.012741
3448	-0.030139
3454	0.006950
3481	0.006877
3495	0.011179
3504	0.002960
3532	-0.010486
3540	0.001794
3549	-0.008947
3550	-0.014049
3569	0.008401
3595	0.012053
3596	0.004748
3603	-0.008423
3621	0.030225
3622	-0.053833
3647	-0.006017
3649	0.012653
3651	0.027412
3652	0.009500
3723	0.008086
3757	-0.022450
3772	0.001963
3787	-0.011843
3798	-0.018458
3799	0.007649
3889	-0.007304
3897	0.005537
3898	-0.003336
3904	0.011683
3945	-0.013821
3990	0.005463
4024	-0.020278
4039	0.035360
4048	-0.016134
4050	0.011484
4076	0.000987
4094	0.008082
4170	0.000243
4251	-0.037993
4252	-0.030780
4299	-0.002114
4302	0.000403
4318	-0.015597
4319	-0.006724
4320	0.005335
4360	-0.025973
4388	-0.001481
4414	-0.002211
4426	-0.022237
4446	0.010835
4527	0.001716
4545	0.002473
4546	0.003052
4554	0.016321
4564	0.005834
4567	-0.006657
4634	0.012172
4693	0.012283
4736	-0.025017
4761	0.023934
4879	0.017007
5071	-0.005758
5138	0.030747
5164	0.004117
5182	-0.024383
5183	-0.048100
5184	-0.052472
5187	-0.000652
5188	-0.022465
5189	-0.007463
5193	0.006249
5194	0.009438
5195	-0.001818
5197	0.036466
5203	-0.000518
5205	0.021855
5212	0.011155
5213	0.003887
5222	0.008922
5223	0.036842
5228	0.019648
5232	0.010393
5244	0.034538
5245	-0.011300
5246	0.006373
5248	-0.005642
5292	0.001049
5293	0.040384
5299	0.013188
5300	0.013314
5315	-0.012706
5316	-0.007012
5319	0.020368
5320	0.045354
5321	0.015087
5322	0.004988
5323	-0.002314
5324	0.006994
5325	-0.014683
5329	0.007723
5342	0.008660
5343	0.000195
5374	-0.000880
5376	-0.030489
5378	0.038887
5379	-0.009669
5382	0.015357
5390	-0.008016
5398	-0.014397
5402	-0.001889
5404	-0.045218
5407	-0.011516
5408	-0.022502
5409	-0.002419
5411	-0.017268
5412	0.013345
5413	-0.021925
5416	-0.034128
5418	-0.011172
5422	-0.016162
5425	0.024465
5427	0.037240
5428	0.004608
5432	0.012071
5436	-0.038218
5443	0.018386
5444	0.035381
5458	-0.034950
5462	-0.021275
5465	-0.008973
5468	-0.000476
5471	-0.002399
5480	-0.005000
5481	-0.018066
5485	0.020117
5486	0.032379
5488	-0.005640
5489	-0.002121
5495	0.004443
5513	0.014378
5515	0.006625
5516	-0.006028
5521	0.001267
5527	0.008648
5528	-0.001777
5536	-0.030852
5537	-0.000178
5547	-0.011625
5565	-0.008700
5573	-0.022218
5579	0.016009
5583	0.000298
5586	-0.001100
5589	0.023354
5590	-0.001550
5593	0.025276
5599	-0.016212
5604	0.066395
5605	0.006326
5606	-0.022633
5625	0.030709
5649	0.011554
5656	-0.030708
5657	0.043406
5658	-0.005981
5686	-0.022705
5695	0.011984
5705	-0.022527
5706	-0.012351
5716	-0.009399
5717	-0.014521
5718	-0.013118
5719	-0.024373
5720	0.002684
5724	-0.038065
5738	-0.015895
5742	0.041258
5750	0.025029
5751	0.008140
5756	-0.008558
5761	0.045759
5768	-0.013179
5773	-0.035427
5792	-0.011154
5793	0.021451
5794	-0.004885
5806	-0.032875
5811	0.011169
5812	0.002226
5813	-0.003672
5814	0.010544
5821	-0.028522
5823	0.022875
5825	0.006627
5831	0.022724
5832	0.021172
5833	0.008424
5847	-0.003163
5849	-0.006909
5851	0.003968
5854	-0.026638
5858	0.000240
5862	0.018315
5875	0.008769
5876	0.008409
5903	0.009996
5910	-0.022494
5912	0.008551
5913	-0.007275
5925	-0.014331
5926	-0.013545
5927	0.019536
5928	-0.004954
5930	-0.000133
5931	-0.005360
5933	-0.000950
5934	-0.016814
5937	-0.031008
5939	-0.044301
5940	-0.008377
5941	0.004565
5943	0.007191
5963	-0.009349
5964	-0.008782
5965	-0.012461
5966	0.028194
5968	-0.004212
5969	0.002363
5970	0.009475
5971	0.021725
5975	-0.014824
6006	-0.011045
6011	-0.000750
6017	-0.010829
6019	0.014155
6022	-0.003331
6032	-0.036372
6095	0.015288
6115	0.004444
6116	0.019141
6119	-0.007850
6127	-0.003951
6128	-0.020880
6130	0.002793
6140	-0.034671
6141	-0.009819
6147	-0.011647
6148	-0.009492
6163	-0.011636
6164	0.004091
6170	-0.011642
6171	0.011793
6177	-0.023951
6184	-0.002902
6200	0.011724
6204	0.010686
6206	-0.025264
6223	0.015664
6240	-0.026635
6245	0.002984
6253	0.005738
6267	0.035783
6269	0.017010
6290	0.057171
6303	-0.003296
6317	0.013260
6343	0.006201
6350	-0.000480
6360	0.005795
6367	0.037892
6383	-0.007461
6389	-0.012013
6397	-0.015134
6398	0.011665
6406	0.012502
6407	-0.012154
6412	0.010453
6413	-0.004339
6434	0.017050
6435	0.013720
6460	0.009040
6463	-0.004969
6464	-0.013923
6489	0.018009
6507	0.001159
6510	0.001239
6516	0.000592
6518	0.055662
6522	0.009628
6523	0.008960
6524	-0.007791
6525	0.011440
6531	0.003359
6536	0.000381
6575	0.017147
6584	0.018657
6585	-0.033548
6586	0.019617
6594	-0.008258
6595	0.002706
6610	-0.033410
6612	0.010246
6615	0.007631
6624	-0.023291
6628	-0.000346
6649	0.014623
6698	0.003716
6706	0.020619
6718	-0.030176
6719	-0.000299
6722	-0.000664
6770	0.007219
6780	0.010581
6781	-0.024583
6794	-0.013952
6795	-0.028784
6796	-0.031970
6799	-0.007232
6809	-0.008388
6837	0.003008
6838	0.026146
6839	0.001538
6846	0.016741
6865	0.008125
6869	-0.001572
6870	-0.032405
6871	0.001557
6873	0.009727
6876	0.000734
6885	0.000568
6895	0.024800
6896	0.022817
6897	0.004785
6900	0.007054
6903	-0.022505
6906	-0.022669
6916	0.000829
6917	-0.047670
6918	-0.035154
6919	-0.017343
6938	0.010491
6941	0.007264
6942	-0.016825
6943	-0.013443
6944	-0.035920
6948	-0.005330
6953	0.020927
6957	-0.045020
6958	-0.017626
6970	-0.021257
6971	-0.011329
6976	-0.027249
6977	-0.009258
6990	0.013269
7014	0.019130
7015	0.015988
7016	0.027091
7018	0.000329
7019	-0.004563
7042	-0.008739
7053	0.029668
7066	0.016353
7067	0.034343
7083	-0.006641
7092	0.004554
7100	-0.021795
7103	-0.001027
7110	0.008989
7111	0.032426
7112	0.049055
7113	-0.006246
7116	0.006691
7119	-0.004192
7120	-0.023667
7121	0.009658
7122	-0.010260
7140	0.032249
7143	0.028753
7157	-0.031021
7165	-0.000245
7175	0.013029
7178	-0.015336
7206	0.013195
7207	-0.009745
7217	0.011884
7218	-0.014558
7221	-0.010899
7227	-0.006101
7230	-0.007562
7236	-0.004097
7239	0.026849
7242	0.012683
7260	-0.016062
7268	-0.002841
7269	-0.001565
7304	0.001677
7326	-0.019702
7327	-0.036013
7336	0.018352
7342	-0.015899
7346	-0.004347
7348	-0.018195
7355	0.014691
7361	0.010490
7372	0.006494
7387	-0.011259
7422	-0.047600
7423	0.018613
7425	-0.008130
7436	-0.003639
7442	-0.006809
7446	0.006586
7448	0.006960
7453	0.038659
7463	-0.012622
7492	-0.054862
7493	0.003551
7494	0.046771
7495	0.007494
7518	0.000471
7520	0.010612
7540	-0.005459
7546	-0.010538
7556	0.008631
7559	-0.008184
7560	-0.004602
7561	0.019645
7564	0.030553
7575	0.002316
7583	0.001718
7585	0.004913
7586	0.013160
7599	0.017083
7600	-0.047889
7606	0.011304
7614	0.001301
7617	0.017257
7622	-0.014490
7629	0.005850
7637	-0.045090
7640	-0.003145
7657	-0.006109
7665	0.007620
7666	0.013952
7667	0.016027
7668	0.016551
7669	-0.007755
7670	0.018461
7671	0.016708
7681	-0.028275
7683	-0.022437
7684	-0.002163
7696	0.008188
7722	-0.015822
7723	0.011047
7799	-0.024999
7852	-0.010484
7859	-0.014538
7860	-0.006190
7861	0.005714
7865	0.035123
7875	-0.009367
7876	0.035953
7895	0.016665
7913	0.002246
7917	0.006753
7952	0.011810
7969	-0.019740
7971	0.000209
8000	0.016349
8002	0.011831
8006	-0.007107
8036	-0.041568
8056	-0.000809
8069	0.010261
8103	0.003687
8107	-0.009985
8120	-0.023209
8122	-0.005973
8125	0.009403
8127	0.001441
8136	0.003474
8149	-0.004222
8154	-0.008134
8197	0.034009
8208	0.082824
8223	-0.017081
8232	-0.023229
8241	-0.011022
8256	-0.006547
8262	0.007912
8266	-0.020321
8267	-0.020235
8268	-0.009174
8269	-0.005443
8271	-0.005590
8273	-0.011264
8280	-0.002838
8284	-0.004546
8303	0.007755
8304	-0.001424
8305	0.001096
8308	-0.002879
8332	-0.031691
8333	-0.023302
8334	0.000154
8338	0.053311
8363	0.001545
8370	0.045405
8398	-0.018934
8465	0.007165
8468	-0.022919
8469	-0.004603
8470	-0.010573
8507	-0.010444
8552	-0.010771
8572	-0.001683
8574	0.000853
8577	0.022514
8586	0.005693
8592	-0.006409
8593	-0.011496
8594	0.001621
8597	0.002643
8599	-0.009389
8606	0.001056
8607	0.021414
8615	-0.013956
8617	-0.019245
8626	-0.018546
8636	0.021353
8669	-0.007045
8671	0.033998
8673	-0.006148
8675	0.004877
8790	0.004879
8791	0.003634
8811	0.010526
8822	-0.037446
8841	0.005255
8849	-0.012099
8856	-0.000444
8875	-0.011353
8884	-0.018281
8906	0.042494
8907	0.009228
8910	0.006011
8911	-0.039699
8912	0.009762
8913	0.044212
8934	-0.001180
8935	-0.010700
8954	-0.005888
8968	0.007679
8972	0.012277
9001	0.035004
9029	0.014561
9032	-0.029885
9058	0.001678
9059	0.007701
9068	0.026109
9070	-0.040455
9108	-0.042701
9139	-0.028667
9140	-0.043145
9158	0.006254
9187	0.039617
9188	0.027475
9189	-0.000992
9190	0.025775
9253	-0.006985
9259	-0.034830
9268	-0.017728
9269	-0.020461
9271	-0.010047
9312	-0.069586
9323	-0.005540
9329	0.000316
9330	-0.012247
9331	-0.011604
9356	-0.014988
9376	0.010559
9394	0.004397
9424	0.006677
9428	0.004706
9429	0.008455
9496	0.024250
9536	-0.026060
9543	-0.022871
9589	-0.006307
9614	0.003265
9615	-0.031556
9617	-0.023054
9631	0.010361
9661	-0.013970
9668	0.028257
9718	0.015140
9728	0.009540
9734	-0.017446
9788	-0.034202
9791	-0.001674
9793	-0.071507
9804	-0.001795
9809	0.028733
9810	0.010882
9823	-0.003543
9828	-0.036075
9907	-0.014710
9951	0.007060
9968	-0.008883
9969	-0.005875
10010	0.007789
10011	-0.022100
10012	0.012398
10018	-0.019136
10021	-0.004589
10022	-0.028208
10031	-0.006864
10032	-0.008241
10033	0.005994
10034	0.031701
10035	0.002538
10039	-0.017370
10044	-0.019003
10045	-0.018912
10060	-0.007747
10065	-0.010336
10077	-0.017476
10080	-0.007780
10130	-0.019759
10131	0.007846
10149	-0.015452
10194	-0.003131
10197	0.007004
10221	0.020511
10226	-0.024714
10232	0.046902
10233	0.021602
10263	0.013469
10264	0.009398
10274	-0.011643
10286	-0.027902
10292	0.022459
10299	0.008096
10302	0.020239
10324	-0.006044
10355	0.026198
10358	0.017167
10362	-0.001087
10366	-0.030752
10368	0.001672
10370	-0.016449
10392	-0.009811
10405	0.002030
10406	-0.017439
10409	0.016167
10419	-0.001025
10420	-0.002658
10424	0.001857
10434	-0.036157
10455	0.016944
10478	-0.003755
10480	-0.018816
10484	0.014601
10510	0.007310
10519	-0.042684
10520	-0.008949
10524	-0.020365
10578	-0.029783
10630	-0.003665
10643	0.026175
10645	-0.018131
10677	0.028073
10678	0.006545
10690	0.017690
10717	0.004026
10718	0.013760
10719	-0.027246
10721	0.022153
10723	0.022846
10735	-0.008495
10736	-0.012568
10829	-0.002440
10837	-0.012841
10846	-0.018883
10921	-0.015518
10922	0.006116
10923	-0.012930
10924	-0.001527
10964	-0.010346
10978	0.016180
11017	0.000519
11018	0.025097
11019	0.009676
11032	0.025212
11034	-0.009993
11035	-0.017377
11036	0.035672
11052	0.006178
11056	0.013031
11060	0.024077
11063	-0.008695
11064	0.012616
11068	0.000343
11069	-0.005351
11090	0.006652
11098	0.023496
11099	0.005578
11100	-0.005982
11105	0.027703
11109	-0.002781
11122	0.016204
11123	-0.014725
11125	0.030993
11126	-0.004044
11149	-0.023999
11153	0.020193
11188	0.076715
11193	0.008557
11230	0.003489
11233	0.004000
11236	0.054348
11243	0.015780
11251	0.007922
11259	0.004974
11263	-0.005629
11272	0.004111
11321	0.014697
11322	-0.007463
11326	-0.010113
11327	-0.022545
11335	-0.005631
11337	0.018099
11343	0.015447
11390	0.016856
11444	0.033508
11464	0.010948
11471	-0.009727
11472	-0.015886
11473	-0.006801
11492	-0.014622
11499	-0.013055
11500	-0.013125
11505	-0.031053
11527	0.007364
11528	0.014679
11532	0.014759
11564	0.014515
11589	0.010217
11591	-0.015227
11592	0.038143
11599	0.006019
11605	-0.033377
11617	0.023185
11630	-0.010991
11631	-0.000222
11632	-0.025685
11656	-0.006851
11657	0.001213
11777	0.016554
11786	-0.019655
11812	0.014471
12020	0.012529
12061	-0.020434
12115	-0.002472
12154	-0.004876
12155	0.009233
12156	0.007644
12159	-0.023458
12174	-0.007217
12176	-0.025273
12230	-0.006717
12234	0.000912
12236	0.006745
12237	0.022124
12250	0.010037
12252	-0.048758
12253	-0.013179
12315	-0.013314
12381	-0.002979
12382	0.012214
12438	-0.013031
12455	0.003787
12462	-0.006187
12478	-0.004919
12603	0.008758
12711	-0.009055
12714	-0.015430
12716	0.030529
12754	-0.006434
12785	-0.017673
12788	-0.024281
12792	0.032563
12898	-0.026635
12944	0.051237
12949	-0.098832
13062	-0.025532
13099	-0.021017
13160	0.021030
13198	0.016181
13239	0.034518
13249	-0.017817
13262	0.022319
13263	-0.061541
13272	-0.024959
13273	0.017216
13277	0.027936
13305	-0.005299
13342	-0.007092
13343	-0.009507
13345	0.015628
13351	-0.021452
13357	0.029023
13427	0.053781
13436	0.008064
13455	0.018241
13528	-0.014307
13532	0.043265
13553	-0.004215
13566	0.011851
13651	-0.018305
13653	0.001430
13675	-0.006302
13676	-0.009409
13677	0.006775
13678	-0.033294
13681	0.020590
13688	0.009708
13697	0.003968
13705	-0.019860
13708	0.012315
13737	0.042307
13760	0.008450
13923	0.004399
13927	0.004912
13995	-0.014479
14002	0.058458
14003	0.027862
14021	-0.024839
14034	-0.027955
14064	-0.031585
14110	0.017424
14155	0.015366
14203	0.004468
14208	-0.032558
14340	0.059529
14356	0.008292
14389	0.002137
14499	0.015335
14625	-0.013066
14632	0.009500
14637	-0.028769
14641	-0.017426
14685	-0.014116
14694	0.024221
14695	0.022669
14699	-0.028281
14700	0.011004
14749	0.007719
14760	0.001519
14790	-0.012299
14791	0.010171
14796	-0.002857
14797	-0.000371
14891	0.028155
14927	0.022492
15099	0.009583
15182	0.008909
15243	0.002007
15245	-0.009857
15254	-0.011679
15322	0.010018
15327	-0.002917
15463	0.013840
15496	0.020818
15499	-0.008541
15502	0.013026
15514	0.041907
15566	-0.012862
15580	-0.022947
15583	-0.036045
15586	0.054288
15601	-0.027448
15621	-0.085366
15780	0.048205
15869	-0.002057
16082	0.037256
16281	-0.031444
16293	0.079117
16300	0.009530
16304	-0.003156
16360	-0.005649
16361	-0.057557
16367	0.005888
16432	-0.003220
16433	0.027556
16438	-0.017882
16446	0.022777
16453	0.032661
16463	0.034159
16466	-0.030274
16477	-0.025385
16482	0.024903
16605	0.002282
16606	-0.043778
16635	0.030884
16638	0.020944
16655	0.022883
16673	0.011270
16676	0.020811
16677	0.006449
16678	0.000988
16808	0.018799
16829	-0.016005
17150	-0.016720
17182	0.005912
17199	-0.001611
17273	-0.004441
17431	-0.022233
17466	0.070090
17472	0.009529
17485	0.037896
17585	0.005388
17620	-0.046057
17647	0.039304
17690	0.001605
17772	-0.009852
18410	-0.022673
19647	0.093948
21458	-0.024891
21885	0.038765
21973	0.017505
21976	0.001663
21977	0.000949
22084	-0.008633
23475	0.005286
23754	-0.018394
23764	-0.007732
24372	-0.010562
24918	0.004015
24944	0.013025
25022	0.046397
25140	-0.021999
26484	0.042217
27764	0.009965
28424	-0.021256
28845	0.015757
29861	-0.013338
30684	-0.029238
31288	0.013706
31704	0.003317
32421	-0.012201
32520	0.026748
32893	0.014109
34340	-0.001078
35227	-0.089009
35334	-0.018232
36499	-0.031531
36843	0.026331
36844	0.035877
36955	0.027960
36970	0.024453
39336	-0.003376
39353	-0.019701
40538	-0.003373
40541	0.003607
40542	0.006732
40599	0.019071
40601	-0.003754
40602	-0.003452
40656	-0.012912
40657	-0.000099
42157	0.003946
42203	0.012198
42204	-0.003543
42851	0.013462
43061	0.010582
44144	0.039437
45195	-0.020300
47030	-0.003418
47285	0.035573
47317	0.014230
47457	0.022726
47460	0.008676
48147	-0.007684
48297	-0.015402
48474	0.009188
48696	0.017468
49516	-0.024026
49630	-0.018599
49927	-0.021810
50199	0.007086
50249	-0.008165
50259	-0.020068
50904	0.040356
53231	-0.040156
53471	0.017017
53531	-0.021818
53986	0.009764
55057	-0.008675
56431	-0.004138
56432	-0.004733
56466	0.022711
56478	0.028462
56621	0.030963
57644	0.018857
57756	-0.017789
58783	0.035055
59657	-0.019175
59715	-0.008631
64825	0.004632
64947	0.013211
65950	-0.084218
70102	-0.025982
75003	-0.022599
75099	-0.027269
75742	0.014083
75823	-0.045379
75824	-0.026153
78157	-0.016302
78181	0.021335
78191	0.008440
80479	-0.022276
80480	-0.013081
80715	0.020715
80719	0.004890
80750	0.003449
81231	0.061134
84436	-0.036791
84780	0.001519
84844	0.006697
85002	0.023913
85003	-0.005109
85659	-0.003311
85663	-0.009154
85710	-0.009110
92185	0.018836
96142	0.000963
96144	0.025988
96482	-0.016641
98871	0.032140
