# 1342 minima projected onto PC71
Min	PC
3	-0.059577
4	-0.087366
5	-0.050358
6	0.030670
7	-0.141614
9	0.163224
16	-0.053961
17	0.035443
21	-0.150133
23	0.020762
31	0.148978
44	-0.103942
47	-0.001400
48	-0.031230
51	-0.148512
52	-0.090225
55	-0.008109
56	-0.040008
57	-0.024778
58	0.080687
60	-0.027114
67	-0.035608
68	-0.002956
71	0.095459
72	0.042283
74	-0.184793
79	0.074833
82	-0.007077
85	-0.181836
86	-0.012957
87	0.071839
88	0.156622
91	0.020856
92	0.120417
94	0.024579
95	0.145146
97	0.067657
104	0.057861
106	-0.092321
109	0.206256
111	-0.150385
115	0.690194
120	-0.111601
126	0.019829
129	0.186347
136	0.076926
137	-0.146636
188	-0.028737
189	0.144792
196	-0.163535
199	-0.226770
200	-0.122665
202	-0.100841
211	0.036673
213	0.047652
214	-0.000193
219	0.024773
221	0.192740
276	0.097949
279	0.060794
283	-0.107510
295	-0.034717
308	0.167871
312	0.109614
315	0.271459
318	-0.146382
319	0.057344
321	-0.236174
324	-0.016189
328	0.099362
334	-0.028192
336	0.329162
338	-0.038889
347	-0.003867
351	-0.197458
352	-0.023107
354	-0.116788
357	-0.174244
359	0.067150
362	-0.006859
364	-0.020738
365	0.012157
368	0.047656
376	-0.135878
377	-0.050979
380	-0.194486
386	-0.001264
388	-0.017032
390	-0.069139
396	-0.026029
404	-0.064842
410	-0.058621
413	0.066009
420	-0.055484
423	-0.005857
424	0.103884
437	0.057415
438	0.059912
444	0.364923
452	0.013197
473	-0.198544
474	-0.147290
475	0.056794
476	-0.034746
478	0.132679
479	-0.111578
480	-0.016645
483	-0.155733
503	-0.165087
508	-0.044829
509	0.166556
530	-0.121501
536	-0.046195
556	-0.014741
581	-0.093066
583	-0.254967
603	0.067693
606	0.013467
607	-0.060282
620	-0.118268
628	0.000200
636	-0.125919
637	-0.174668
639	-0.189935
640	-0.012592
644	0.078311
645	0.065119
677	-0.058249
678	-0.039851
679	0.096219
682	-0.049634
698	0.214141
700	-0.110746
710	-0.108066
722	0.119858
723	0.007873
724	0.029685
725	-0.348473
726	0.054328
747	0.215532
753	0.010249
755	0.029122
757	0.079762
765	0.105631
782	0.048131
783	0.072491
793	-0.037058
808	0.026403
814	-0.002661
840	-0.021426
848	-0.005323
859	0.001944
864	0.109132
867	0.198361
878	-0.112086
888	-0.075303
890	0.156751
892	-0.044716
899	0.117130
918	-0.078685
926	-0.000035
933	-0.039509
934	-0.124736
981	0.126758
1028	-0.065300
1034	0.026955
1051	-0.059595
1054	0.016866
1058	-0.080497
1062	0.054899
1063	-0.054596
1064	-0.001606
1066	0.146673
1068	-0.076197
1073	-0.033151
1082	0.067381
1083	-0.069672
1086	0.115877
1089	-0.146274
1090	-0.065105
1091	-0.029652
1092	-0.092269
1164	0.006352
1165	-0.021797
1174	-0.390847
1176	-0.031877
1184	0.084489
1191	0.090797
1192	0.072923
1201	-0.160813
1230	-0.005865
1339	-0.031725
1341	-0.009933
1370	-0.138704
1385	0.174647
1405	-0.065661
1437	0.016585
1441	0.154380
1443	0.052414
1521	0.060869
1522	-0.087770
1523	-0.114447
1524	-0.021964
1525	0.137484
1541	-0.032042
1542	0.055420
1550	0.089925
1551	-0.024196
1596	0.096567
1597	-0.067089
1628	-0.145265
1629	-0.039209
1633	0.000308
1636	-0.124618
1637	-0.170486
1765	-0.203561
1766	-0.202964
1780	0.041387
1862	0.031594
1865	-0.069480
1870	0.032192
1885	0.508199
1910	0.053978
1911	0.023634
2007	-0.128193
2060	-0.104275
2062	-0.058010
2090	-0.108341
2093	-0.147786
2094	-0.075952
2095	0.034997
2096	0.136731
2100	0.025484
2101	-0.018360
2102	-0.082777
2103	-0.044104
2104	-0.111391
2105	0.002595
2128	-0.005525
2129	0.017470
2135	-0.062367
2190	0.121707
2195	-0.099271
2197	-0.027658
2198	0.048700
2199	-0.016103
2200	0.007461
2201	0.008638
2202	0.055541
2205	-0.009023
2217	0.022062
2218	0.021362
2221	-0.012246
2272	-0.096866
2273	0.127226
2275	-0.074342
2288	-0.098413
2293	-0.176658
2298	-0.070176
2299	-0.052926
2300	0.014674
2301	-0.142833
2338	0.129611
2342	0.071576
2343	0.089176
2358	0.068355
2384	-0.080802
2385	-0.169344
2399	-0.182936
2435	-0.265168
2436	0.047420
2465	-0.199738
2467	-0.046438
2468	-0.029245
2469	0.050822
2470	-0.037178
2471	0.057914
2474	0.061442
2620	0.036951
2650	-0.099617
2651	-0.100921
2685	0.050340
2688	-0.100416
2730	-0.123972
2843	0.014180
2951	-0.095479
2959	-0.124574
3236	-0.045059
3305	-0.106748
3318	0.176255
3340	0.151148
3352	-0.057326
3355	-0.043068
3356	-0.050905
3365	0.080111
3366	0.144977
3367	-0.012160
3368	-0.089454
3401	-0.011068
3405	0.519357
3434	-0.036299
3448	-0.084075
3454	0.015147
3481	-0.052140
3495	-0.056877
3504	0.048027
3532	0.038796
3540	-0.000194
3549	-0.054851
3550	0.141898
3569	-0.041228
3595	-0.011671
3596	-0.012993
3603	0.064608
3621	-0.168412
3622	0.121921
3647	0.199408
3649	0.011864
3651	-0.135240
3652	-0.023464
3723	0.090442
3757	0.054006
3772	-0.034990
3787	-0.051388
3798	0.032292
3799	-0.006860
3889	0.064920
3897	0.041731
3898	0.110075
3904	-0.163578
3945	0.031057
3990	0.058748
4024	-0.012646
4039	-0.394671
4048	-0.074272
4050	0.060595
4076	0.097958
4094	-0.136303
4170	0.091256
4251	0.006477
4252	0.046860
4299	0.141338
4302	0.171992
4318	0.136057
4319	-0.187509
4320	0.033800
4360	-0.021540
4388	-0.016929
4414	0.066960
4426	-0.033058
4446	-0.170896
4527	-0.073533
4545	0.032250
4546	-0.045961
4554	0.098410
4564	0.056047
4567	0.146249
4634	0.040915
4693	0.038592
4736	0.099024
4761	0.013350
4879	0.030199
5071	-0.070802
5138	-0.218066
5164	0.123278
5182	0.016144
5183	0.186274
5184	0.118984
5187	0.092211
5188	0.019433
5189	0.007002
5193	-0.057474
5194	-0.291553
5195	-0.006178
5197	-0.080804
5203	0.066417
5205	0.036130
5212	0.059674
5213	0.125572
5222	-0.093711
5223	-0.021235
5228	-0.334487
5232	0.151114
5244	-0.205285
5245	0.013117
5246	-0.022801
5248	0.022441
5292	-0.022926
5293	-0.062226
5299	-0.286349
5300	-0.540868
5315	-0.012609
5316	-0.083877
5319	0.050045
5320	0.083525
5321	0.049839
5322	-0.408209
5323	0.022087
5324	0.029416
5325	-0.029223
5329	-0.306630
5342	0.204850
5343	0.061660
5374	-0.000361
5376	0.009948
5378	0.028494
5379	0.060823
5382	0.043113
5390	0.043813
5398	0.023142
5402	-0.016561
5404	-0.092355
5407	-0.079524
5408	-0.027977
5409	-0.045085
5411	0.003907
5412	-0.102942
5413	0.089541
5416	-0.126788
5418	0.048002
5422	-0.041223
5425	-0.108514
5427	-0.007348
5428	0.042734
5432	-0.054735
5436	-0.098825
5443	0.027270
5444	-0.074153
5458	0.117675
5462	0.262682
5465	0.047527
5468	0.008790
5471	0.066297
5480	-0.049217
5481	0.024854
5485	-0.144348
5486	-0.022383
5488	-0.074801
5489	-0.038252
5495	-0.031671
5513	-0.067959
5515	0.095765
5516	-0.081060
5521	0.072567
5527	-0.027322
5528	-0.173755
5536	-0.018781
5537	0.029686
5547	0.100307
5565	0.061976
5573	0.055646
5579	-0.028580
5583	0.056365
5586	-0.131856
5589	0.070938
5590	0.001242
5593	0.085360
5599	0.148968
5604	0.252159
5605	0.015421
5606	-0.085599
5625	0.178390
5649	-0.135563
5656	-0.171215
5657	0.176934
5658	-0.039954
5686	-0.009863
5695	-0.023873
5705	0.015235
5706	0.170196
5716	0.035805
5717	0.059588
5718	0.094684
5719	-0.001286
5720	0.018268
5724	0.026812
5738	-0.009584
5742	-0.090335
5750	0.039441
5751	-0.104136
5756	0.042601
5761	0.165032
5768	0.095149
5773	-0.013708
5792	-0.001674
5793	-0.049862
5794	0.050514
5806	0.002113
5811	0.058629
5812	-0.016744
5813	0.064687
5814	0.104186
5821	0.030156
5823	-0.235596
5825	0.161820
5831	0.112701
5832	0.117977
5833	0.029423
5847	-0.078012
5849	0.196421
5851	0.022211
5854	0.066058
5858	0.032699
5862	-0.061747
5875	-0.098084
5876	-0.057124
5903	0.041852
5910	-0.112428
5912	-0.120440
5913	-0.518026
5925	0.059096
5926	-0.002686
5927	0.072923
5928	0.016321
5930	-0.128485
5931	0.036606
5933	0.044345
5934	0.089638
5937	0.193474
5939	-0.122687
5940	-0.141052
5941	0.041945
5943	0.048130
5963	0.043572
5964	0.026257
5965	0.068630
5966	0.234140
5968	-0.351522
5969	0.109996
5970	0.165749
5971	0.055977
5975	0.307456
6006	-0.002722
6011	0.044928
6017	-0.015475
6019	0.085701
6022	0.002281
6032	0.350805
6095	-0.094854
6115	0.120736
6116	0.304758
6119	-0.006491
6127	0.052165
6128	-0.126750
6130	-0.099599
6140	0.006857
6141	-0.112973
6147	-0.016251
6148	0.021746
6163	-0.113347
6164	-0.049203
6170	-0.099580
6171	-0.059510
6177	0.035757
6184	-0.142097
6200	-0.106993
6204	-0.237216
6206	-0.139396
6223	-0.085274
6240	0.013168
6245	-0.091740
6253	0.005837
6267	-0.133814
6269	-0.083554
6290	-0.044535
6303	0.085392
6317	-0.183951
6343	0.027357
6350	0.007543
6360	-0.074041
6367	0.062224
6383	0.070313
6389	-0.185564
6397	-0.008863
6398	0.020923
6406	0.069145
6407	-0.037570
6412	0.064969
6413	0.013358
6434	-0.146640
6435	-0.171313
6460	0.021194
6463	0.096855
6464	0.141578
6489	0.018882
6507	0.073999
6510	0.039340
6516	0.189000
6518	-0.062206
6522	-0.163733
6523	-0.069954
6524	0.044882
6525	0.057035
6531	0.216018
6536	-0.095730
6575	-0.096040
6584	0.118861
6585	-0.070501
6586	-0.017395
6594	-0.004965
6595	0.067599
6610	-0.093895
6612	-0.050992
6615	0.055763
6624	0.071199
6628	-0.138867
6649	-0.112204
6698	-0.018267
6706	-0.356722
6718	0.010693
6719	-0.125908
6722	0.053560
6770	0.144386
6780	0.123731
6781	-0.031045
6794	0.046825
6795	0.225907
6796	0.125209
6799	-0.061392
6809	0.128662
6837	0.055290
6838	0.061968
6839	-0.086882
6846	0.112550
6865	0.061048
6869	0.079972
6870	0.011474
6871	0.067650
6873	0.096551
6876	0.091248
6885	0.122171
6895	0.057172
6896	-0.079294
6897	0.051061
6900	-0.024692
6903	-0.043330
6906	-0.150977
6916	-0.101650
6917	-0.066550
6918	-0.028936
6919	-0.254309
6938	0.111549
6941	-0.093207
6942	0.192663
6943	-0.015553
6944	-0.068876
6948	-0.057385
6953	-0.090138
6957	-0.062391
6958	-0.028057
6970	0.157288
6971	0.061100
6976	0.024839
6977	-0.002495
6990	0.059774
7014	0.086823
7015	0.051956
7016	0.027817
7018	-0.003562
7019	0.081744
7042	0.114703
7053	-0.037619
7066	-0.093238
7067	-0.119408
7083	-0.194398
7092	-0.123280
7100	-0.119693
7103	0.018055
7110	0.114122
7111	-0.051436
7112	-0.032440
7113	-0.108971
7116	-0.080635
7119	0.096265
7120	-0.132175
7121	0.045159
7122	0.074207
7140	-0.073993
7143	0.595083
7157	0.043132
7165	-0.077448
7175	0.025177
7178	-0.209997
7206	0.036259
7207	0.150720
7217	0.102243
7218	0.053625
7221	-0.096543
7227	-0.026219
7230	-0.149515
7236	0.035503
7239	0.021074
7242	0.127113
7260	-0.105011
7268	-0.078688
7269	-0.084567
7304	-0.148377
7326	-0.084451
7327	-0.055342
7336	-0.007898
7342	-0.069675
7346	-0.009019
7348	0.103752
7355	-0.048329
7361	-0.002888
7372	-0.073365
7387	-0.148837
7422	0.138252
7423	-0.329639
7425	-0.092795
7436	-0.087173
7442	0.032532
7446	-0.158362
7448	0.032881
7453	-0.249431
7463	0.124474
7492	-0.358104
7493	0.000640
7494	0.143986
7495	0.016525
7518	0.063093
7520	0.037453
7540	0.051532
7546	-0.006852
7556	-0.059067
7559	0.029224
7560	-0.067366
7561	0.130942
7564	0.057518
7575	0.073379
7583	0.069507
7585	0.039349
7586	-0.027120
7599	-0.013995
7600	0.077308
7606	-0.016454
7614	0.056959
7617	-0.113598
7622	-0.028954
7629	-0.089060
7637	0.068701
7640	0.047555
7657	-0.044638
7665	-0.018379
7666	-0.054114
7667	0.103466
7668	0.086707
7669	0.044549
7670	-0.137420
7671	0.126853
7681	-0.034791
7683	-0.175976
7684	0.044899
7696	0.051032
7722	0.114260
7723	-0.123455
7799	-0.094119
7852	-0.011938
7859	-0.041401
7860	-0.003240
7861	0.053919
7865	0.097792
7875	-0.074682
7876	0.042161
7895	0.016708
7913	0.009604
7917	0.005419
7952	-0.149669
7969	0.381101
7971	-0.144985
8000	-0.001468
8002	0.072984
8006	0.105755
8036	0.083823
8056	-0.022027
8069	-0.012335
8103	0.022593
8107	-0.044021
8120	-0.120467
8122	-0.014393
8125	0.101663
8127	0.065603
8136	0.081247
8149	0.094528
8154	0.015425
8197	-0.196888
8208	-0.256002
8223	-0.038044
8232	0.057223
8241	0.070649
8256	-0.074710
8262	-0.055087
8266	-0.030654
8267	-0.000360
8268	-0.041419
8269	-0.039837
8271	0.005448
8273	-0.091040
8280	-0.079560
8284	0.060158
8303	0.052135
8304	0.076185
8305	0.066256
8308	0.057264
8332	0.089524
8333	-0.049181
8334	-0.033685
8338	0.033464
8363	-0.004054
8370	-0.042226
8398	0.010959
8465	-0.082420
8468	-0.040179
8469	0.122828
8470	-0.067277
8507	-0.000729
8552	-0.111151
8572	0.100958
8574	0.097243
8577	0.260588
8586	-0.032452
8592	0.071512
8593	0.127478
8594	0.133641
8597	0.008329
8599	0.048702
8606	-0.051994
8607	0.003213
8615	-0.013072
8617	0.012265
8626	0.090740
8636	-0.155937
8669	0.067506
8671	-0.006766
8673	-0.055386
8675	-0.027487
8790	0.118335
8791	0.028497
8811	-0.458418
8822	-0.093876
8841	0.116757
8849	0.010102
8856	0.062970
8875	0.148250
8884	0.286573
8906	-0.125993
8907	0.124119
8910	0.146590
8911	0.211265
8912	0.136449
8913	0.004309
8934	0.015797
8935	0.071988
8954	0.006214
8968	-0.044122
8972	-0.084445
9001	-0.023020
9029	0.158508
9032	0.114525
9058	-0.397390
9059	0.145699
9068	-0.037567
9070	-0.152818
9108	-0.007385
9139	0.167486
9140	0.102648
9158	0.055279
9187	-0.035907
9188	0.023596
9189	0.033792
9190	0.049925
9253	-0.095084
9259	0.010082
9268	0.109615
9269	0.011159
9271	-0.153765
9312	0.136034
9323	-0.090708
9329	-0.087946
9330	-0.089126
9331	0.013573
9356	-0.153250
9376	0.032736
9394	0.124749
9424	0.120203
9428	0.068188
9429	0.119787
9496	0.067490
9536	0.119151
9543	-0.080733
9589	0.081912
9614	-0.187328
9615	-0.071649
9617	-0.032572
9631	0.055572
9661	-0.004653
9668	-0.300888
9718	0.015890
9728	0.039856
9734	-0.059206
9788	0.034595
9791	0.205540
9793	0.144151
9804	0.079583
9809	0.061402
9810	0.103578
9823	-0.004326
9828	0.223529
9907	-0.114583
9951	0.035134
9968	0.129383
9969	0.076601
10010	-0.133123
10011	0.057209
10012	-0.129979
10018	-0.109021
10021	0.024922
10022	-0.026341
10031	0.058507
10032	-0.041420
10033	0.003271
10034	0.080406
10035	-0.003211
10039	0.151055
10044	0.070966
10045	-0.065419
10060	0.164377
10065	-0.014967
10077	-0.129008
10080	0.001585
10130	-0.010866
10131	0.012849
10149	0.072005
10194	0.106022
10197	-0.010943
10221	0.138466
10226	0.023839
10232	0.095119
10233	-0.078801
10263	-0.085648
10264	-0.067578
10274	-0.030737
10286	0.189680
10292	0.025936
10299	-0.156556
10302	-0.003218
10324	-0.160310
10355	0.143347
10358	0.035746
10362	-0.035272
10366	-0.082342
10368	-0.007709
10370	0.071198
10392	-0.198614
10405	0.114078
10406	0.083064
10409	-0.127233
10419	-0.047963
10420	-0.108925
10424	-0.059197
10434	0.083708
10455	-0.220807
10478	0.199174
10480	0.117363
10484	0.113796
10510	-0.111265
10519	0.026705
10520	-0.078971
10524	-0.148376
10578	0.023827
10630	-0.053027
10643	0.058201
10645	-0.049746
10677	-0.033427
10678	-0.107619
10690	-0.019655
10717	-0.076554
10718	-0.019500
10719	-0.174243
10721	-0.188274
10723	-0.017981
10735	0.095764
10736	0.007669
10829	-0.023259
10837	0.128995
10846	0.073734
10921	-0.068503
10922	0.119923
10923	0.028035
10924	-0.061900
10964	-0.114677
10978	0.085293
11017	0.173803
11018	0.072391
11019	-0.023930
11032	0.034577
11034	-0.065433
11035	-0.029988
11036	-0.019042
11052	-0.095974
11056	0.130673
11060	0.166167
11063	-0.137698
11064	-0.034067
11068	0.007880
11069	0.048388
11090	-0.072789
11098	-0.140829
11099	-0.197711
11100	-0.198204
11105	0.076914
11109	-0.148700
11122	0.039040
11123	-0.115641
11125	-0.013004
11126	0.151434
11149	-0.194157
11153	0.040229
11188	-0.186108
11193	-0.017234
11230	-0.065496
11233	-0.114215
11236	0.261003
11243	-0.085146
11251	-0.059038
11259	-0.062215
11263	0.010868
11272	-0.154025
11321	-0.109447
11322	0.189776
11326	0.126239
11327	0.172703
11335	0.037967
11337	0.032368
11343	0.143982
11390	-0.012716
11444	-0.151025
11464	-0.037836
11471	-0.086796
11472	0.002745
11473	-0.037532
11492	-0.041978
11499	-0.083292
11500	0.129623
11505	0.078391
11527	0.018050
11528	0.067901
11532	0.085726
11564	0.055409
11589	-0.121270
11591	0.049841
11592	0.075030
11599	-0.276775
11605	-0.013210
11617	0.039735
11630	-0.023458
11631	0.765513
11632	-0.254976
11656	0.091812
11657	-0.039279
11777	0.277688
11786	0.066113
11812	0.094098
12020	-0.126832
12061	0.034350
12115	-0.050358
12154	-0.212107
12155	-0.023639
12156	0.072806
12159	0.054680
12174	0.136754
12176	-0.205181
12230	0.113822
12234	0.117724
12236	0.112936
12237	-0.090627
12250	-0.100783
12252	-0.015516
12253	-0.106596
12315	-0.110101
12381	-0.085495
12382	-0.017554
12438	-0.011580
12455	0.003435
12462	0.044688
12478	0.132220
12603	0.094286
12711	-0.041882
12714	0.017510
12716	0.055651
12754	0.070307
12785	0.110524
12788	-0.186103
12792	0.028327
12898	0.007240
12944	0.239784
12949	-0.579768
13062	-0.023908
13099	-0.174890
13160	0.003192
13198	0.018362
13239	0.201164
13249	0.238760
13262	-0.039911
13263	0.123764
13272	0.038587
13273	0.324517
13277	-0.006179
13305	0.210107
13342	-0.021244
13343	-0.010345
13345	0.296632
13351	-0.034177
13357	0.035402
13427	-0.194529
13436	-0.134280
13455	0.103787
13528	0.021501
13532	0.115843
13553	-0.061906
13566	0.006171
13651	0.085052
13653	0.057583
13675	-0.081861
13676	-0.019795
13677	-0.025165
13678	-0.119246
13681	-0.041386
13688	0.001059
13697	-0.164724
13705	-0.178468
13708	0.040112
13737	0.050990
13760	-0.069107
13923	-0.058108
13927	-0.058866
13995	-0.111342
14002	0.053103
14003	0.012955
14021	-0.246134
14034	-0.211362
14064	-0.233222
14110	-0.046173
14155	-0.040346
14203	0.259811
14208	-0.129577
14340	-0.012989
14356	-0.238654
14389	0.020210
14499	0.064554
14625	-0.145643
14632	-0.142615
14637	-0.161914
14641	-0.073677
14685	-0.026021
14694	0.048835
14695	0.099371
14699	-0.086885
14700	-0.080231
14749	0.049902
14760	-0.071254
14790	-0.000621
14791	0.121790
14796	-0.178410
14797	0.203346
14891	-0.015693
14927	-0.162577
15099	0.069543
15182	0.337811
15243	-0.148338
15245	0.042707
15254	0.199132
15322	0.075569
15327	0.098524
15463	0.151686
15496	0.109987
15499	-0.080820
15502	0.026818
15514	0.054885
15566	0.178707
15580	0.057030
15583	-0.044609
15586	0.076820
15601	0.328714
15621	-0.037061
15780	0.098341
15869	-0.119116
16082	0.041530
16281	-0.031788
16293	-0.276073
16300	0.160726
16304	-0.109250
16360	0.138040
16361	-0.036958
16367	-0.171952
16432	0.003619
16433	-0.043236
16438	0.083753
16446	0.033736
16453	0.112007
16463	0.420913
16466	0.184999
16477	-0.001745
16482	0.055520
16605	-0.031460
16606	-0.154540
16635	0.068596
16638	-0.075761
16655	-0.202005
16673	-0.035112
16676	-0.028749
16677	-0.081012
16678	0.090844
16808	0.117156
16829	-0.112626
17150	0.111848
17182	0.027623
17199	-0.104299
17273	0.082585
17431	0.032549
17466	0.020778
17472	0.040886
17485	-0.067069
17585	0.016395
17620	0.181715
17647	0.349722
17690	-0.296372
17772	-0.074635
18410	0.024226
19647	0.214325
21458	0.119801
21885	-0.021552
21973	0.131051
21976	0.120818
21977	0.168622
22084	-0.027064
23475	0.039166
23754	-0.210091
23764	0.018228
24372	0.075457
24918	0.018196
24944	-0.108664
25022	-0.003300
25140	-0.254842
26484	-0.116350
27764	-0.222767
28424	-0.139782
28845	-0.125174
29861	0.226500
30684	0.027651
31288	0.100132
31704	0.148126
32421	-0.095149
32520	0.064914
32893	0.206894
34340	0.749500
35227	-0.227543
35334	0.003526
36499	-0.038150
36843	0.209827
36844	0.223533
36955	0.059141
36970	0.042206
39336	-0.006859
39353	0.075852
40538	0.081762
40541	0.163259
40542	0.190521
40599	-0.087564
40601	0.100516
40602	0.069499
40656	0.091106
40657	-0.059021
42157	-0.108177
42203	0.100833
42204	-0.036890
42851	-0.289815
43061	0.128359
44144	-0.144944
45195	-0.060595
47030	0.183928
47285	0.203286
47317	0.044834
47457	0.437608
47460	0.040363
48147	0.003894
48297	-0.041593
48474	0.032773
48696	-0.027431
49516	-0.020711
49630	-0.208794
49927	0.137439
50199	-0.009304
50249	-0.168058
50259	-0.014518
50904	0.033726
53231	0.115467
53471	-0.132439
53531	-0.041505
53986	0.058786
55057	0.033645
56431	-0.035295
56432	-0.018347
56466	-0.102720
56478	-0.034326
56621	0.200435
57644	0.049449
57756	-0.026493
58783	-0.204903
59657	-0.203889
59715	0.544432
64825	0.045687
64947	-0.073043
65950	0.037603
70102	0.085981
75003	-0.127714
75099	-0.122625
75742	-0.231764
75823	0.279817
75824	0.038694
78157	-0.123457
78181	-0.293145
78191	-0.018427
80479	-0.086447
80480	-0.047239
80715	0.105819
80719	0.084892
80750	0.038845
81231	0.124203
84436	-0.146977
84780	0.057577
84844	0.148971
85002	-0.156733
85003	0.043832
85659	-0.014800
85663	-0.067792
85710	-0.130475
92185	0.209092
96142	-0.068709
96144	-0.074610
96482	0.006578
98871	-0.083955
