# 1342 minima projected onto PC121
Min	PC
3	0.000110
4	0.007607
5	0.014309
6	0.010588
7	-0.012620
9	0.019717
16	0.010153
17	0.011322
21	-0.003064
23	0.002937
31	-0.002001
44	0.013704
47	-0.005345
48	-0.004692
51	0.009144
52	0.021621
55	-0.009849
56	-0.015802
57	0.010482
58	-0.012885
60	0.012258
67	-0.003888
68	-0.002321
71	0.000740
72	0.008248
74	-0.003118
79	0.002679
82	0.000355
85	-0.005313
86	0.001697
87	-0.022288
88	-0.005045
91	0.003356
92	0.001034
94	-0.001585
95	-0.008971
97	-0.001071
104	-0.014715
106	-0.025285
109	0.013183
111	0.001639
115	-0.024215
120	0.008027
126	0.010311
129	-0.015021
136	0.019018
137	-0.003421
188	0.020421
189	-0.005298
196	0.016329
199	-0.015101
200	0.002218
202	-0.012011
211	-0.020897
213	0.005233
214	-0.006847
219	-0.009206
221	0.010292
276	0.002234
279	-0.005967
283	-0.002762
295	-0.002913
308	-0.020059
312	-0.007875
315	0.002324
318	0.004249
319	-0.004544
321	-0.005399
324	0.003435
328	-0.023811
334	0.001576
336	-0.013786
338	-0.002775
347	-0.006481
351	-0.011989
352	-0.008111
354	0.015759
357	-0.026964
359	-0.003497
362	0.009442
364	0.000101
365	-0.006548
368	0.002015
376	0.006898
377	0.004719
380	0.006308
386	0.000016
388	-0.007655
390	-0.002312
396	-0.009434
404	-0.005046
410	0.007710
413	0.010573
420	-0.008757
423	-0.003067
424	0.001248
437	-0.006210
438	-0.017678
444	0.006514
452	-0.000318
473	-0.010867
474	0.007922
475	-0.013452
476	0.017492
478	-0.006707
479	-0.004432
480	0.003879
483	-0.016323
503	0.002276
508	-0.004012
509	-0.015828
530	-0.007395
536	0.011088
556	0.009681
581	0.000301
583	0.005592
603	0.002367
606	0.002095
607	0.006197
620	-0.014255
628	-0.003726
636	0.015680
637	-0.025036
639	0.007927
640	0.023542
644	-0.004283
645	-0.006901
677	0.014984
678	-0.005943
679	-0.034438
682	-0.005146
698	-0.006470
700	-0.019314
710	-0.006663
722	0.003788
723	-0.026377
724	-0.012561
725	0.008832
726	-0.002622
747	0.025916
753	0.001273
755	-0.006633
757	-0.012135
765	-0.013854
782	-0.015627
783	-0.006665
793	0.009199
808	-0.004902
814	-0.025710
840	0.012480
848	-0.002860
859	-0.001986
864	-0.003612
867	-0.005220
878	-0.005130
888	0.000907
890	-0.021692
892	0.001628
899	-0.000907
918	0.015689
926	0.003709
933	-0.007832
934	0.010964
981	0.002423
1028	-0.009665
1034	-0.001981
1051	0.000941
1054	0.008093
1058	0.003392
1062	-0.020551
1063	-0.007077
1064	0.003233
1066	-0.013798
1068	0.000573
1073	0.003208
1082	-0.008114
1083	0.007589
1086	-0.010187
1089	0.022161
1090	0.000155
1091	0.006265
1092	0.006645
1164	-0.013858
1165	0.002719
1174	-0.020950
1176	0.002300
1184	-0.011697
1191	-0.008302
1192	0.000439
1201	-0.052637
1230	-0.016595
1339	-0.008128
1341	0.014397
1370	-0.001225
1385	-0.000122
1405	0.020099
1437	-0.001742
1441	-0.015495
1443	-0.012967
1521	-0.008600
1522	-0.000023
1523	-0.000478
1524	0.011627
1525	0.003972
1541	-0.005147
1542	0.001193
1550	-0.007070
1551	-0.018984
1596	-0.006151
1597	0.001819
1628	0.016706
1629	0.004176
1633	0.013274
1636	-0.015970
1637	0.016205
1765	-0.002565
1766	-0.018648
1780	-0.001996
1862	0.008446
1865	0.000482
1870	0.005684
1885	0.017300
1910	-0.002622
1911	0.005277
2007	-0.014790
2060	-0.000825
2062	-0.007720
2090	0.015050
2093	-0.006397
2094	0.006911
2095	-0.009471
2096	0.019877
2100	-0.008252
2101	0.014564
2102	0.003129
2103	0.014743
2104	0.002795
2105	0.000175
2128	-0.004249
2129	0.010238
2135	-0.011491
2190	-0.037040
2195	-0.018638
2197	-0.009899
2198	0.003156
2199	0.004589
2200	0.001655
2201	0.006825
2202	-0.004925
2205	0.015256
2217	0.003245
2218	0.017133
2221	-0.013047
2272	0.013720
2273	-0.003299
2275	-0.009201
2288	0.021741
2293	-0.000811
2298	0.007890
2299	-0.002348
2300	0.009400
2301	-0.015736
2338	-0.023344
2342	-0.007695
2343	0.016222
2358	-0.018370
2384	0.004946
2385	0.007321
2399	0.002819
2435	0.004594
2436	0.006693
2465	-0.024404
2467	-0.005166
2468	-0.013902
2469	-0.003073
2470	-0.006064
2471	-0.025383
2474	0.009029
2620	0.011250
2650	0.010899
2651	-0.012364
2685	-0.013688
2688	0.005774
2730	0.002485
2843	-0.014547
2951	0.016978
2959	0.012255
3236	0.006829
3305	0.006739
3318	0.010080
3340	0.021556
3352	-0.001305
3355	-0.006180
3356	0.002087
3365	0.002469
3366	-0.000848
3367	0.018482
3368	0.019369
3401	-0.007813
3405	0.016689
3434	-0.006456
3448	0.001208
3454	0.012832
3481	0.001231
3495	0.015424
3504	0.000947
3532	0.004991
3540	-0.020444
3549	0.023220
3550	0.018869
3569	0.004666
3595	-0.002213
3596	0.011227
3603	0.010287
3621	0.007733
3622	-0.003958
3647	-0.007810
3649	0.016897
3651	0.008961
3652	-0.011880
3723	0.008449
3757	0.006913
3772	-0.006475
3787	0.019645
3798	-0.009237
3799	0.000021
3889	0.006730
3897	0.004479
3898	-0.002606
3904	0.012450
3945	-0.001842
3990	0.006248
4024	-0.002559
4039	0.016516
4048	-0.000641
4050	-0.008574
4076	0.015593
4094	0.011608
4170	0.002906
4251	0.000167
4252	0.001067
4299	0.007608
4302	0.001144
4318	-0.019819
4319	-0.000736
4320	-0.000403
4360	0.004859
4388	0.010155
4414	-0.018595
4426	-0.014387
4446	0.000006
4527	-0.005633
4545	-0.013506
4546	0.012209
4554	-0.024773
4564	-0.007525
4567	-0.014747
4634	-0.012232
4693	-0.004746
4736	-0.001044
4761	-0.000578
4879	0.001559
5071	0.007187
5138	-0.014218
5164	-0.038790
5182	-0.015917
5183	-0.010324
5184	-0.019084
5187	-0.034532
5188	0.004081
5189	-0.007826
5193	-0.024665
5194	-0.020330
5195	0.020529
5197	-0.014338
5203	-0.009870
5205	-0.059087
5212	-0.005448
5213	0.002301
5222	0.005928
5223	0.020381
5228	0.002525
5232	0.031517
5244	-0.003661
5245	-0.002348
5246	-0.033266
5248	-0.005283
5292	-0.008780
5293	-0.015998
5299	0.008628
5300	-0.016976
5315	0.005635
5316	0.005583
5319	0.002361
5320	-0.004240
5321	-0.007582
5322	-0.021994
5323	-0.005918
5324	-0.005334
5325	0.004209
5329	-0.026901
5342	-0.000977
5343	0.010467
5374	0.051475
5376	0.006539
5378	0.003784
5379	0.005753
5382	-0.013819
5390	-0.007432
5398	-0.018918
5402	-0.008370
5404	0.028722
5407	-0.009289
5408	0.006460
5409	-0.005353
5411	-0.001660
5412	-0.002557
5413	0.004674
5416	-0.013136
5418	0.011201
5422	0.018500
5425	-0.010107
5427	-0.009387
5428	-0.009889
5432	0.009649
5436	-0.008519
5443	-0.012629
5444	0.019785
5458	-0.012503
5462	-0.020757
5465	0.001443
5468	-0.002379
5471	-0.000914
5480	0.044028
5481	0.007267
5485	-0.005285
5486	-0.008534
5488	-0.014678
5489	-0.010345
5495	-0.039374
5513	0.000930
5515	-0.014613
5516	0.005797
5521	-0.002761
5527	0.005183
5528	0.011589
5536	0.020512
5537	-0.004358
5547	-0.007510
5565	0.001380
5573	0.000951
5579	-0.002943
5583	0.007627
5586	0.012453
5589	0.003901
5590	0.008601
5593	-0.005028
5599	-0.008422
5604	-0.001295
5605	0.001705
5606	0.032063
5625	0.014689
5649	0.003458
5656	0.015748
5657	0.006047
5658	-0.002588
5686	-0.004720
5695	-0.009391
5705	0.012472
5706	-0.008749
5716	-0.002597
5717	-0.008824
5718	-0.006687
5719	0.011326
5720	0.002807
5724	0.003517
5738	0.003770
5742	0.014267
5750	0.003311
5751	-0.005481
5756	0.001828
5761	0.039201
5768	-0.006434
5773	-0.024404
5792	-0.007742
5793	-0.004576
5794	-0.011327
5806	-0.008255
5811	0.000617
5812	0.004856
5813	0.001972
5814	-0.000229
5821	-0.001451
5823	0.030943
5825	0.000472
5831	0.038858
5832	0.053283
5833	-0.000078
5847	0.007402
5849	0.011993
5851	0.006952
5854	0.016048
5858	-0.016837
5862	-0.003389
5875	0.012218
5876	0.010685
5903	0.017193
5910	0.027136
5912	-0.013708
5913	-0.007683
5925	0.001978
5926	0.001448
5927	-0.006087
5928	0.023541
5930	0.020220
5931	0.020179
5933	0.002233
5934	0.002912
5937	-0.015934
5939	-0.013081
5940	-0.027149
5941	0.018667
5943	0.021911
5963	0.004120
5964	0.007833
5965	-0.006974
5966	0.005222
5968	0.001753
5969	0.000814
5970	-0.020079
5971	0.008598
5975	-0.012011
6006	-0.002907
6011	0.003570
6017	-0.009742
6019	-0.006790
6022	-0.006524
6032	-0.004962
6095	-0.000355
6115	-0.007108
6116	0.000880
6119	0.001296
6127	0.007597
6128	0.012891
6130	0.004646
6140	-0.001811
6141	-0.015755
6147	0.003062
6148	-0.002143
6163	0.018167
6164	-0.002762
6170	-0.025852
6171	-0.008973
6177	-0.003036
6184	0.004413
6200	-0.020564
6204	0.008614
6206	0.010630
6223	0.015609
6240	-0.007084
6245	-0.025161
6253	0.008325
6267	0.011446
6269	0.018182
6290	0.018588
6303	-0.002231
6317	0.006352
6343	0.019516
6350	0.023867
6360	-0.005040
6367	-0.005360
6383	-0.008369
6389	0.020215
6397	0.009787
6398	0.015563
6406	0.012576
6407	-0.020113
6412	-0.009495
6413	-0.003967
6434	-0.007120
6435	-0.003523
6460	0.018316
6463	0.000143
6464	0.001627
6489	-0.005852
6507	-0.026091
6510	0.017246
6516	-0.016410
6518	0.018096
6522	0.034047
6523	0.016199
6524	-0.011617
6525	0.013581
6531	-0.018759
6536	-0.005388
6575	-0.005295
6584	0.005110
6585	-0.009421
6586	0.037838
6594	0.001649
6595	0.004520
6610	0.025617
6612	0.005224
6615	-0.004809
6624	0.023545
6628	0.000670
6649	-0.010112
6698	-0.029448
6706	0.014751
6718	0.011209
6719	-0.004006
6722	-0.001182
6770	-0.006720
6780	0.010666
6781	0.013143
6794	-0.014755
6795	-0.030864
6796	-0.008020
6799	-0.011366
6809	0.015212
6837	0.018933
6838	-0.030782
6839	0.002689
6846	0.008533
6865	0.012317
6869	-0.009073
6870	0.008074
6871	-0.010018
6873	-0.009272
6876	-0.000610
6885	-0.006151
6895	-0.011439
6896	0.026232
6897	-0.003052
6900	0.004422
6903	0.010445
6906	0.013985
6916	-0.013326
6917	0.039981
6918	0.026939
6919	0.021570
6938	-0.009878
6941	0.002468
6942	-0.000225
6943	-0.005731
6944	-0.020310
6948	-0.002265
6953	-0.012302
6957	0.017198
6958	0.005046
6970	-0.001757
6971	-0.005830
6976	0.020195
6977	-0.011513
6990	-0.001269
7014	-0.015405
7015	-0.005005
7016	0.002130
7018	0.007590
7019	0.007020
7042	-0.010156
7053	-0.014097
7066	0.006704
7067	-0.009235
7083	0.007586
7092	0.014988
7100	-0.006686
7103	0.028352
7110	0.012647
7111	0.005252
7112	0.008686
7113	-0.001148
7116	0.000517
7119	-0.006517
7120	0.004833
7121	-0.008980
7122	0.008459
7140	0.004039
7143	0.042499
7157	0.005189
7165	-0.031964
7175	0.005132
7178	-0.000392
7206	-0.006492
7207	0.024547
7217	-0.004402
7218	0.008727
7221	-0.000601
7227	0.010848
7230	0.005314
7236	-0.007192
7239	-0.002065
7242	0.012906
7260	-0.023839
7268	0.009837
7269	0.009180
7304	0.030106
7326	-0.009490
7327	-0.003451
7336	0.010434
7342	-0.011952
7346	0.004171
7348	0.027134
7355	-0.015410
7361	0.015826
7372	-0.005859
7387	0.030904
7422	-0.007048
7423	0.016194
7425	-0.034661
7436	-0.006781
7442	-0.001913
7446	0.001848
7448	-0.011894
7453	-0.020589
7463	0.005054
7492	-0.010053
7493	0.007612
7494	-0.000299
7495	0.031492
7518	-0.007262
7520	-0.007906
7540	0.012125
7546	0.003415
7556	-0.035905
7559	0.005837
7560	-0.000558
7561	-0.007877
7564	0.015028
7575	0.007600
7583	-0.000994
7585	-0.014825
7586	0.017345
7599	-0.018472
7600	0.028942
7606	-0.007588
7614	0.008547
7617	-0.003001
7622	-0.010619
7629	-0.015812
7637	-0.005840
7640	-0.009389
7657	0.009748
7665	0.004730
7666	-0.008822
7667	-0.009373
7668	0.003462
7669	0.054395
7670	-0.002594
7671	0.012877
7681	-0.012514
7683	0.014237
7684	-0.008171
7696	0.012766
7722	-0.000386
7723	-0.000694
7799	-0.017929
7852	0.011724
7859	0.013609
7860	0.010709
7861	-0.009786
7865	-0.000164
7875	-0.000126
7876	0.006943
7895	-0.002725
7913	-0.000749
7917	-0.018442
7952	-0.022578
7969	-0.006556
7971	-0.013085
8000	0.001144
8002	-0.004023
8006	0.014355
8036	0.007873
8056	-0.001911
8069	-0.017407
8103	0.006412
8107	-0.007001
8120	-0.000233
8122	0.012407
8125	-0.005141
8127	-0.041830
8136	0.002830
8149	-0.009002
8154	0.008749
8197	0.003724
8208	-0.023358
8223	0.003883
8232	-0.022534
8241	0.011363
8256	-0.000778
8262	-0.010434
8266	-0.014776
8267	-0.004235
8268	-0.007376
8269	0.000139
8271	-0.011424
8273	-0.004713
8280	0.002347
8284	-0.010561
8303	-0.006528
8304	-0.010379
8305	-0.016537
8308	-0.008296
8332	-0.064552
8333	0.003760
8334	0.008611
8338	-0.052095
8363	0.013913
8370	0.003647
8398	0.019377
8465	-0.029718
8468	0.001503
8469	-0.018140
8470	-0.008563
8507	0.001979
8552	-0.002264
8572	0.001306
8574	0.008573
8577	0.024738
8586	0.004332
8592	-0.009164
8593	0.016822
8594	-0.015275
8597	-0.005616
8599	-0.008332
8606	0.022553
8607	-0.009675
8615	-0.008103
8617	0.000012
8626	-0.009072
8636	-0.009681
8669	-0.004977
8671	0.015906
8673	-0.012704
8675	0.013431
8790	0.000110
8791	0.004765
8811	-0.059156
8822	-0.013272
8841	-0.007905
8849	-0.002473
8856	0.025465
8875	-0.002591
8884	-0.028143
8906	-0.007186
8907	0.008511
8910	0.010771
8911	-0.000086
8912	0.014105
8913	0.014662
8934	0.005290
8935	-0.000003
8954	0.004910
8968	-0.012761
8972	-0.004882
9001	-0.007040
9029	-0.006452
9032	0.011802
9058	-0.030271
9059	-0.009838
9068	0.011329
9070	-0.004251
9108	-0.016840
9139	0.020107
9140	0.018908
9158	-0.005399
9187	-0.016527
9188	0.005852
9189	0.012506
9190	0.015106
9253	-0.006100
9259	0.028425
9268	0.006098
9269	-0.000323
9271	-0.011322
9312	-0.005411
9323	-0.000740
9329	0.000019
9330	-0.000073
9331	-0.006530
9356	-0.001549
9376	0.006341
9394	-0.002616
9424	-0.005937
9428	-0.008371
9429	-0.003645
9496	-0.011398
9536	-0.016180
9543	0.046976
9589	-0.003523
9614	0.000065
9615	0.000433
9617	-0.015386
9631	-0.014934
9661	-0.014671
9668	0.001083
9718	-0.018160
9728	0.003763
9734	0.012849
9788	-0.015264
9791	-0.021505
9793	-0.018195
9804	-0.034028
9809	-0.012797
9810	-0.001787
9823	0.020130
9828	-0.006921
9907	0.004310
9951	0.005530
9968	-0.004352
9969	-0.000444
10010	0.015542
10011	0.000988
10012	0.013075
10018	-0.006422
10021	-0.004337
10022	0.004818
10031	0.002366
10032	0.006248
10033	0.015226
10034	-0.010303
10035	0.018415
10039	0.019397
10044	-0.016996
10045	-0.001011
10060	-0.011368
10065	-0.004529
10077	0.000099
10080	-0.003297
10130	0.012801
10131	-0.020086
10149	0.020062
10194	-0.006894
10197	-0.038099
10221	-0.010393
10226	-0.009205
10232	-0.016451
10233	-0.007017
10263	-0.004977
10264	-0.000722
10274	-0.007335
10286	0.048432
10292	-0.035488
10299	0.006048
10302	0.023544
10324	0.005271
10355	-0.000903
10358	-0.006952
10362	-0.008100
10366	-0.031395
10368	0.002254
10370	0.009493
10392	-0.004555
10405	-0.009338
10406	-0.016345
10409	0.003006
10419	0.012667
10420	-0.002021
10424	0.016574
10434	0.008803
10455	-0.009243
10478	-0.004825
10480	0.003717
10484	-0.000248
10510	-0.015123
10519	-0.029155
10520	-0.003931
10524	-0.006660
10578	0.046986
10630	-0.014026
10643	0.013327
10645	0.002238
10677	0.000084
10678	0.008958
10690	-0.003082
10717	-0.000128
10718	0.003193
10719	-0.003558
10721	-0.010757
10723	-0.004498
10735	-0.013938
10736	-0.002612
10829	0.014633
10837	0.010978
10846	-0.005968
10921	0.003155
10922	0.004267
10923	0.021780
10924	0.016435
10964	0.011818
10978	0.002092
11017	-0.022535
11018	-0.009506
11019	-0.035175
11032	0.012714
11034	-0.005501
11035	0.002076
11036	-0.004145
11052	-0.015640
11056	-0.004611
11060	0.019992
11063	0.010238
11064	-0.008764
11068	-0.002073
11069	0.013276
11090	-0.002585
11098	0.009975
11099	-0.001231
11100	0.004891
11105	0.012401
11109	0.008060
11122	0.012872
11123	0.014623
11125	-0.004592
11126	0.008541
11149	0.003582
11153	0.015914
11188	0.002826
11193	0.002170
11230	0.003978
11233	0.001307
11236	0.020940
11243	-0.024744
11251	0.013883
11259	-0.021122
11263	0.016477
11272	0.013811
11321	-0.016987
11322	0.013112
11326	0.019437
11327	0.012701
11335	0.008437
11337	0.008442
11343	-0.011019
11390	0.015773
11444	-0.006505
11464	-0.000002
11471	-0.008694
11472	-0.009187
11473	-0.001604
11492	0.017709
11499	0.018514
11500	0.003150
11505	0.013362
11527	0.013669
11528	-0.000209
11532	-0.014687
11564	-0.007253
11589	0.012585
11591	0.002222
11592	-0.017639
11599	-0.004955
11605	0.008682
11617	-0.001084
11630	-0.010484
11631	-0.007391
11632	-0.042722
11656	-0.028799
11657	0.015267
11777	-0.024936
11786	-0.020341
11812	0.001906
12020	-0.004096
12061	0.006410
12115	-0.019997
12154	-0.017902
12155	-0.023675
12156	-0.013939
12159	-0.023491
12174	-0.010712
12176	0.052554
12230	0.007040
12234	-0.001171
12236	-0.017547
12237	-0.001551
12250	0.004154
12252	0.004811
12253	-0.002448
12315	0.005222
12381	0.013756
12382	0.012514
12438	0.007992
12455	0.018732
12462	0.005087
12478	-0.010119
12603	0.042892
12711	0.006826
12714	0.005919
12716	0.004176
12754	0.014468
12785	0.016336
12788	-0.034187
12792	-0.012255
12898	0.000219
12944	-0.006350
12949	-0.014333
13062	-0.005452
13099	-0.018704
13160	-0.004746
13198	-0.005157
13239	-0.022112
13249	0.004943
13262	0.051984
13263	-0.025383
13272	0.010049
13273	0.006157
13277	-0.004202
13305	-0.007974
13342	0.006879
13343	-0.013822
13345	0.052529
13351	-0.012544
13357	-0.020322
13427	-0.004593
13436	0.040627
13455	-0.004376
13528	0.013787
13532	0.036842
13553	-0.035727
13566	-0.004111
13651	-0.010168
13653	-0.027008
13675	-0.009614
13676	0.005662
13677	-0.008100
13678	-0.000277
13681	0.008260
13688	-0.022090
13697	0.010334
13705	0.018879
13708	-0.010313
13737	0.040264
13760	-0.018328
13923	0.018764
13927	0.012233
13995	0.024485
14002	-0.031100
14003	-0.032705
14021	0.009132
14034	0.017094
14064	0.016318
14110	-0.024074
14155	-0.009160
14203	-0.012114
14208	-0.008565
14340	0.007543
14356	0.028548
14389	-0.006516
14499	0.000052
14625	-0.020599
14632	0.020788
14637	-0.011542
14641	-0.004752
14685	-0.013062
14694	-0.011629
14695	-0.009362
14699	-0.029436
14700	0.025596
14749	-0.014672
14760	-0.018172
14790	-0.024341
14791	0.005723
14796	-0.003277
14797	0.004731
14891	-0.016355
14927	0.008047
15099	0.006653
15182	0.005776
15243	-0.025509
15245	-0.007215
15254	-0.015396
15322	0.017875
15327	0.006728
15463	0.009121
15496	-0.001907
15499	-0.013703
15502	0.002904
15514	0.022790
15566	0.019972
15580	0.013815
15583	-0.028944
15586	0.026614
15601	-0.021351
15621	0.015899
15780	0.036264
15869	-0.015002
16082	0.015585
16281	0.011367
16293	-0.020622
16300	-0.003543
16304	0.001701
16360	0.011206
16361	0.013814
16367	-0.010322
16432	0.035595
16433	0.012781
16438	-0.009026
16446	0.013781
16453	0.011759
16463	0.007594
16466	0.001535
16477	-0.017627
16482	-0.004074
16605	-0.013411
16606	0.072364
16635	0.013549
16638	0.014086
16655	-0.007277
16673	0.012794
16676	0.006060
16677	0.004757
16678	0.015390
16808	-0.009478
16829	-0.004046
17150	-0.003971
17182	-0.036716
17199	-0.005735
17273	0.011688
17431	-0.003807
17466	0.044418
17472	-0.013152
17485	-0.013508
17585	-0.001683
17620	0.021869
17647	0.008472
17690	-0.021677
17772	-0.003752
18410	-0.013495
19647	0.023329
21458	-0.003422
21885	0.019139
21973	-0.012825
21976	-0.008577
21977	-0.005448
22084	-0.000150
23475	-0.007036
23754	0.039607
23764	-0.016551
24372	0.000943
24918	-0.001717
24944	0.025665
25022	-0.003382
25140	0.020713
26484	0.014323
27764	0.001370
28424	0.021802
28845	0.027937
29861	0.022104
30684	-0.013870
31288	0.002917
31704	-0.007160
32421	-0.020743
32520	0.007304
32893	-0.018075
34340	-0.004600
35227	0.038761
35334	0.003265
36499	0.019496
36843	-0.012229
36844	-0.020486
36955	-0.001368
36970	-0.008679
39336	0.003815
39353	0.023073
40538	-0.014732
40541	0.025169
40542	0.025815
40599	0.005904
40601	0.030059
40602	-0.004387
40656	-0.001049
40657	0.021167
42157	0.026808
42203	-0.004045
42204	-0.006199
42851	0.011740
43061	-0.004152
44144	0.002637
45195	-0.013765
47030	-0.003733
47285	0.018302
47317	-0.003257
47457	0.010645
47460	0.010894
48147	-0.020989
48297	0.003438
48474	-0.014770
48696	-0.009016
49516	0.006186
49630	-0.011578
49927	-0.004480
50199	0.012803
50249	-0.020363
50259	0.002386
50904	0.012370
53231	-0.012256
53471	0.000038
53531	-0.025350
53986	0.012665
55057	-0.014359
56431	-0.000618
56432	0.001020
56466	0.017536
56478	0.025948
56621	-0.018486
57644	-0.012443
57756	-0.020705
58783	0.009627
59657	0.006711
59715	-0.003444
64825	0.018661
64947	-0.007588
65950	0.014421
70102	-0.012624
75003	0.044355
75099	-0.003048
75742	-0.044106
75823	-0.004500
75824	-0.034967
78157	0.016384
78181	0.008786
78191	0.003987
80479	0.016523
80480	0.026865
80715	0.004687
80719	0.001674
80750	0.008088
81231	0.041258
84436	0.010366
84780	0.012343
84844	0.026106
85002	-0.005516
85003	-0.003115
85659	0.003734
85663	-0.007700
85710	-0.012598
92185	-0.038380
96142	-0.023533
96144	-0.008851
96482	0.044016
98871	0.008061
