# 1342 minima projected onto PC123
Min	PC
3	-0.000105
4	0.001736
5	-0.003852
6	0.006733
7	-0.010006
9	0.008380
16	0.009097
17	0.024235
21	0.011650
23	-0.007047
31	0.010323
44	-0.011721
47	-0.009429
48	0.004189
51	0.001319
52	0.007324
55	0.017377
56	0.006122
57	-0.004926
58	-0.007919
60	0.017757
67	0.005524
68	0.006130
71	-0.002864
72	-0.009736
74	0.016847
79	-0.008711
82	-0.006120
85	0.014514
86	-0.002309
87	-0.005642
88	0.000322
91	-0.004344
92	-0.000002
94	0.005881
95	0.015905
97	-0.001712
104	0.007253
106	0.018286
109	0.010107
111	-0.021951
115	0.020960
120	-0.006247
126	-0.019012
129	0.002381
136	0.011999
137	0.009242
188	-0.007998
189	-0.000349
196	-0.003516
199	0.002098
200	-0.001596
202	-0.007413
211	-0.011397
213	-0.004636
214	-0.002665
219	0.008964
221	0.009203
276	-0.004878
279	0.001474
283	0.020951
295	-0.008465
308	-0.011541
312	-0.005282
315	0.001664
318	0.021345
319	0.005509
321	-0.011818
324	0.006925
328	-0.003940
334	0.008766
336	0.012919
338	-0.005622
347	0.000910
351	0.037435
352	-0.017112
354	-0.002491
357	-0.031115
359	0.001959
362	0.003127
364	0.005868
365	0.005793
368	0.010954
376	-0.010023
377	0.002073
380	0.002231
386	0.015861
388	-0.009247
390	-0.009976
396	0.002386
404	-0.005778
410	-0.014464
413	0.009539
420	-0.010879
423	-0.003517
424	-0.004946
437	-0.000211
438	0.019487
444	-0.012123
452	0.011670
473	-0.003545
474	-0.004189
475	-0.008358
476	-0.009743
478	-0.002383
479	0.017266
480	0.005567
483	0.046308
503	-0.016541
508	0.002128
509	0.002440
530	-0.027154
536	0.004894
556	0.013857
581	0.004088
583	0.007715
603	0.008410
606	0.002432
607	-0.003893
620	-0.009046
628	-0.003055
636	-0.010928
637	-0.004683
639	-0.006650
640	-0.008226
644	0.002117
645	0.010842
677	-0.001902
678	0.005692
679	0.006582
682	0.005189
698	-0.004880
700	0.020186
710	-0.008678
722	0.011622
723	-0.006716
724	0.000846
725	-0.012830
726	0.021361
747	-0.021254
753	0.010411
755	0.016344
757	0.003405
765	-0.000439
782	0.008652
783	0.007789
793	-0.018568
808	-0.011024
814	0.037677
840	-0.000860
848	0.009061
859	-0.001254
864	0.007455
867	0.009983
878	0.001598
888	-0.011126
890	-0.013131
892	0.011278
899	-0.003972
918	-0.007510
926	-0.009618
933	-0.016666
934	0.005962
981	-0.002373
1028	-0.008928
1034	-0.003633
1051	-0.001876
1054	0.009672
1058	0.020433
1062	-0.005459
1063	-0.006381
1064	0.009394
1066	-0.004548
1068	-0.006007
1073	0.001521
1082	-0.001988
1083	0.007946
1086	0.007539
1089	0.002819
1090	-0.008775
1091	-0.005600
1092	-0.012105
1164	-0.008728
1165	-0.008986
1174	-0.028438
1176	-0.000660
1184	0.000909
1191	-0.007515
1192	-0.010493
1201	-0.051846
1230	-0.000068
1339	-0.007962
1341	0.017684
1370	-0.000385
1385	-0.056640
1405	0.043683
1437	0.002923
1441	-0.001938
1443	-0.002449
1521	-0.003091
1522	-0.014331
1523	-0.034256
1524	-0.001336
1525	0.003006
1541	-0.003842
1542	-0.002232
1550	-0.003418
1551	-0.002671
1596	-0.000709
1597	0.000199
1628	-0.015953
1629	0.008582
1633	-0.016845
1636	-0.008199
1637	0.021361
1765	-0.010254
1766	-0.020988
1780	-0.005023
1862	-0.002125
1865	0.003957
1870	0.000308
1885	0.012666
1910	-0.005870
1911	0.007587
2007	-0.012022
2060	0.001109
2062	0.015532
2090	0.003599
2093	0.004937
2094	-0.004101
2095	-0.012222
2096	0.001611
2100	-0.000799
2101	-0.000060
2102	-0.007669
2103	0.004957
2104	-0.002082
2105	-0.002913
2128	-0.000346
2129	0.006764
2135	0.001571
2190	-0.004558
2195	0.011280
2197	-0.016796
2198	-0.010620
2199	0.002256
2200	-0.007185
2201	-0.009483
2202	-0.006335
2205	-0.001404
2217	0.010636
2218	-0.033606
2221	0.016104
2272	-0.010781
2273	-0.004338
2275	0.003784
2288	0.005042
2293	0.008148
2298	-0.002362
2299	-0.004293
2300	0.016638
2301	0.017038
2338	0.006258
2342	-0.008540
2343	-0.000683
2358	-0.009699
2384	0.007258
2385	0.010752
2399	-0.011536
2435	0.004036
2436	-0.003846
2465	0.018752
2467	-0.014663
2468	-0.012682
2469	-0.007858
2470	-0.008056
2471	0.008846
2474	0.002681
2620	0.002583
2650	-0.008053
2651	-0.000192
2685	-0.003160
2688	0.000009
2730	-0.016118
2843	0.001941
2951	0.002840
2959	-0.015103
3236	0.012894
3305	0.004682
3318	0.000147
3340	-0.009455
3352	0.007936
3355	0.013765
3356	-0.011126
3365	0.014918
3366	0.011426
3367	0.017398
3368	0.018173
3401	-0.008085
3405	0.003542
3434	-0.000804
3448	0.000620
3454	-0.002817
3481	0.004365
3495	0.003835
3504	-0.004504
3532	0.003717
3540	-0.006424
3549	-0.001799
3550	-0.000665
3569	-0.015000
3595	-0.001431
3596	-0.008173
3603	-0.017588
3621	-0.001247
3622	0.009222
3647	-0.007138
3649	-0.011431
3651	-0.003417
3652	-0.007459
3723	-0.009433
3757	-0.005299
3772	-0.008253
3787	-0.002968
3798	0.007363
3799	0.010789
3889	0.000282
3897	-0.000581
3898	0.000884
3904	0.009986
3945	-0.002454
3990	0.010880
4024	0.013585
4039	0.002849
4048	0.000261
4050	-0.003594
4076	0.001786
4094	0.011539
4170	0.003484
4251	0.020881
4252	0.008210
4299	-0.002051
4302	0.005071
4318	0.002036
4319	-0.021025
4320	0.006514
4360	-0.010521
4388	-0.001209
4414	0.000296
4426	0.016943
4446	-0.014874
4527	0.005852
4545	0.001799
4546	0.008171
4554	-0.000778
4564	0.005576
4567	-0.002711
4634	-0.002661
4693	0.005130
4736	-0.004147
4761	0.004802
4879	-0.004683
5071	-0.008303
5138	-0.002604
5164	-0.005143
5182	0.008312
5183	-0.016757
5184	-0.005678
5187	-0.006456
5188	-0.012325
5189	-0.009807
5193	-0.003620
5194	0.003119
5195	-0.024811
5197	0.013306
5203	0.010369
5205	-0.008138
5212	0.009684
5213	0.015767
5222	-0.003695
5223	-0.021755
5228	-0.007670
5232	-0.003186
5244	-0.002856
5245	-0.015118
5246	-0.001261
5248	-0.013148
5292	-0.025957
5293	0.001672
5299	-0.043017
5300	0.013664
5315	-0.006115
5316	0.012686
5319	-0.006515
5320	-0.009114
5321	-0.001442
5322	-0.011289
5323	-0.021081
5324	-0.009020
5325	-0.009049
5329	0.025325
5342	0.009876
5343	-0.001886
5374	0.036585
5376	-0.001449
5378	-0.013577
5379	-0.002007
5382	0.011785
5390	0.004775
5398	-0.003148
5402	-0.008523
5404	0.013724
5407	0.000364
5408	-0.018988
5409	-0.004005
5411	0.006106
5412	-0.006144
5413	0.000649
5416	0.002714
5418	0.007645
5422	-0.001977
5425	-0.010037
5427	-0.009891
5428	0.006489
5432	-0.011722
5436	0.010573
5443	0.013904
5444	-0.019471
5458	0.008276
5462	-0.030617
5465	0.009185
5468	0.000591
5471	0.002578
5480	0.005384
5481	0.014505
5485	0.006548
5486	-0.002151
5488	0.026708
5489	-0.000461
5495	0.023549
5513	-0.003283
5515	-0.011814
5516	-0.005230
5521	0.000384
5527	0.006369
5528	-0.025835
5536	0.012464
5537	0.016220
5547	0.002373
5565	-0.011763
5573	0.001945
5579	-0.008597
5583	0.006047
5586	-0.013454
5589	0.016844
5590	0.011143
5593	-0.012924
5599	-0.017660
5604	-0.023087
5605	0.000121
5606	0.006438
5625	0.004297
5649	-0.002582
5656	-0.008124
5657	-0.004819
5658	-0.006542
5686	0.005321
5695	0.020187
5705	0.007054
5706	0.000433
5716	0.001788
5717	0.004862
5718	-0.002052
5719	0.002008
5720	0.023417
5724	-0.010636
5738	0.007434
5742	0.045561
5750	0.004223
5751	-0.008879
5756	-0.005756
5761	-0.000896
5768	-0.002499
5773	0.006465
5792	-0.004051
5793	-0.002437
5794	-0.005292
5806	-0.001276
5811	0.000897
5812	-0.002652
5813	-0.001274
5814	-0.001434
5821	-0.008079
5823	0.055203
5825	-0.012305
5831	-0.010769
5832	-0.000928
5833	0.020860
5847	0.005950
5849	0.004729
5851	0.015454
5854	0.032346
5858	0.005554
5862	-0.006307
5875	0.008312
5876	-0.002174
5903	-0.003966
5910	0.007117
5912	0.013048
5913	-0.006235
5925	0.002320
5926	0.014490
5927	0.009773
5928	0.009189
5930	-0.010408
5931	0.009345
5933	0.015017
5934	-0.000838
5937	0.020803
5939	0.001851
5940	0.012434
5941	0.005314
5943	0.005426
5963	-0.016362
5964	0.003081
5965	-0.001818
5966	-0.004455
5968	-0.014276
5969	0.013407
5970	0.012652
5971	-0.004676
5975	0.006457
6006	-0.001392
6011	-0.012319
6017	-0.004733
6019	-0.011709
6022	-0.004354
6032	-0.006936
6095	0.003888
6115	0.019088
6116	-0.013418
6119	-0.014471
6127	-0.001326
6128	-0.007358
6130	0.000415
6140	-0.002962
6141	0.004579
6147	-0.002729
6148	-0.007952
6163	-0.010135
6164	0.007983
6170	0.001075
6171	0.006227
6177	0.005424
6184	-0.014142
6200	0.036954
6204	0.023838
6206	-0.000266
6223	0.005749
6240	-0.015133
6245	0.007890
6253	0.005844
6267	0.018615
6269	0.005422
6290	0.056015
6303	-0.015096
6317	0.007997
6343	-0.010414
6350	-0.019751
6360	0.006526
6367	0.018317
6383	0.008655
6389	-0.024360
6397	-0.009424
6398	-0.013155
6406	0.001686
6407	-0.024227
6412	0.007805
6413	0.022005
6434	0.012823
6435	0.013500
6460	-0.010418
6463	-0.000884
6464	-0.000915
6489	0.008624
6507	-0.001207
6510	0.034343
6516	-0.004919
6518	-0.022494
6522	0.019980
6523	0.004907
6524	0.001610
6525	-0.011315
6531	-0.014971
6536	0.002446
6575	-0.007285
6584	0.005566
6585	-0.022277
6586	-0.010542
6594	-0.010623
6595	0.002454
6610	0.002009
6612	0.021898
6615	-0.001099
6624	0.008082
6628	-0.002648
6649	-0.005339
6698	0.010690
6706	0.002008
6718	-0.002533
6719	-0.005289
6722	-0.006815
6770	-0.014191
6780	0.000695
6781	0.002021
6794	0.010336
6795	0.026923
6796	0.012029
6799	0.003644
6809	-0.008618
6837	-0.020715
6838	0.003049
6839	-0.003948
6846	-0.018075
6865	-0.004337
6869	-0.008719
6870	0.016518
6871	-0.014648
6873	-0.004686
6876	-0.004685
6885	0.010520
6895	0.001314
6896	-0.018310
6897	-0.012220
6900	-0.008674
6903	-0.006680
6906	-0.006305
6916	-0.006384
6917	0.001455
6918	-0.009416
6919	0.026060
6938	0.013988
6941	0.027784
6942	-0.002309
6943	-0.011661
6944	-0.011025
6948	-0.006678
6953	-0.008980
6957	0.007647
6958	0.009882
6970	0.013421
6971	-0.011423
6976	0.021910
6977	-0.018159
6990	-0.000461
7014	-0.000449
7015	0.008761
7016	0.007332
7018	-0.007282
7019	-0.007425
7042	0.001838
7053	0.011919
7066	0.007921
7067	0.018278
7083	0.006459
7092	0.019518
7100	0.005869
7103	-0.005964
7110	0.006257
7111	-0.019209
7112	-0.014444
7113	-0.001855
7116	0.001491
7119	0.018349
7120	0.000335
7121	0.025870
7122	-0.014464
7140	0.003394
7143	-0.016719
7157	-0.002810
7165	-0.008915
7175	0.016910
7178	-0.005325
7206	0.003562
7207	-0.019237
7217	0.001078
7218	0.013119
7221	0.014484
7227	-0.019292
7230	-0.005956
7236	0.015900
7239	-0.004073
7242	0.001286
7260	-0.005987
7268	-0.019507
7269	0.016731
7304	-0.007733
7326	-0.001828
7327	0.013570
7336	-0.006064
7342	0.000989
7346	-0.015803
7348	-0.007031
7355	0.018890
7361	0.038163
7372	0.006663
7387	-0.007782
7422	-0.001665
7423	0.004504
7425	0.002319
7436	0.000034
7442	0.019856
7446	-0.032625
7448	-0.010543
7453	0.004443
7463	0.002463
7492	0.005870
7493	-0.010404
7494	-0.007014
7495	0.017337
7518	-0.005618
7520	-0.029264
7540	0.005997
7546	0.003182
7556	-0.004586
7559	-0.014748
7560	0.008781
7561	0.026684
7564	-0.000686
7575	0.000888
7583	-0.026773
7585	-0.001389
7586	0.000942
7599	-0.001175
7600	-0.014268
7606	-0.010066
7614	0.006888
7617	0.000921
7622	-0.004875
7629	-0.020793
7637	-0.022367
7640	-0.007323
7657	-0.008399
7665	-0.005442
7666	-0.006699
7667	0.002964
7668	0.005447
7669	0.025466
7670	0.004626
7671	0.004617
7681	-0.002048
7683	0.012437
7684	-0.001543
7696	0.000749
7722	0.013661
7723	-0.003880
7799	-0.008358
7852	-0.005033
7859	0.013685
7860	-0.001715
7861	0.001779
7865	-0.001219
7875	-0.007695
7876	-0.032996
7895	0.011231
7913	0.006857
7917	-0.003241
7952	0.057364
7969	-0.004874
7971	-0.006168
8000	0.008241
8002	0.007904
8006	-0.013082
8036	0.003809
8056	-0.001908
8069	-0.017236
8103	0.048294
8107	-0.012443
8120	-0.003001
8122	0.003364
8125	0.008983
8127	-0.002839
8136	-0.016915
8149	-0.009062
8154	-0.018109
8197	-0.005400
8208	-0.025941
8223	0.008615
8232	0.007511
8241	0.003314
8256	-0.011261
8262	-0.010075
8266	-0.007081
8267	-0.006715
8268	-0.002738
8269	-0.002995
8271	-0.007800
8273	-0.001742
8280	0.008889
8284	0.006372
8303	0.008416
8304	0.003555
8305	0.013437
8308	0.011453
8332	0.028876
8333	-0.008956
8334	0.009539
8338	0.003606
8363	0.031227
8370	-0.023496
8398	-0.000618
8465	-0.018595
8468	-0.011375
8469	-0.006318
8470	-0.005798
8507	-0.005239
8552	-0.003845
8572	0.009171
8574	0.009183
8577	-0.002631
8586	0.004914
8592	0.000758
8593	0.002286
8594	0.000584
8597	0.002373
8599	-0.006069
8606	0.005226
8607	-0.000000
8615	-0.003838
8617	-0.008984
8626	0.016843
8636	0.017872
8669	-0.004226
8671	-0.026302
8673	-0.004217
8675	-0.015259
8790	0.005702
8791	0.027794
8811	0.011124
8822	-0.024333
8841	0.015289
8849	-0.015166
8856	-0.015223
8875	-0.001309
8884	-0.009529
8906	-0.010303
8907	0.005676
8910	0.011822
8911	-0.050113
8912	0.012294
8913	-0.007772
8934	-0.006889
8935	-0.009109
8954	0.030477
8968	0.002002
8972	0.003077
9001	0.009944
9029	-0.001292
9032	0.029995
9058	-0.024294
9059	-0.004821
9068	-0.017261
9070	-0.018048
9108	0.004278
9139	0.012900
9140	0.011500
9158	0.007284
9187	-0.012967
9188	-0.004316
9189	-0.019597
9190	-0.002475
9253	-0.012241
9259	0.031020
9268	-0.004840
9269	0.002439
9271	-0.011000
9312	0.010546
9323	-0.020894
9329	-0.024978
9330	-0.013311
9331	-0.005432
9356	-0.019621
9376	0.025848
9394	0.019626
9424	-0.023589
9428	-0.003690
9429	-0.005174
9496	0.012604
9536	-0.011036
9543	-0.001879
9589	0.020734
9614	-0.000296
9615	-0.001424
9617	0.006285
9631	0.003308
9661	-0.017698
9668	-0.027096
9718	0.006513
9728	0.001082
9734	0.009138
9788	-0.007094
9791	-0.013143
9793	-0.005769
9804	-0.009204
9809	0.012868
9810	0.008342
9823	0.007426
9828	-0.004014
9907	0.005322
9951	-0.005375
9968	0.005649
9969	0.005417
10010	0.004632
10011	0.008121
10012	0.013776
10018	-0.000646
10021	0.005762
10022	0.010803
10031	-0.002123
10032	0.007707
10033	0.007295
10034	0.007755
10035	-0.002157
10039	-0.017841
10044	-0.004650
10045	-0.018335
10060	-0.060590
10065	0.006563
10077	-0.021525
10080	0.001938
10130	-0.025607
10131	-0.006078
10149	0.006529
10194	-0.006567
10197	0.004442
10221	0.010686
10226	-0.001320
10232	0.007618
10233	0.028984
10263	0.005760
10264	-0.006865
10274	-0.021254
10286	-0.001496
10292	-0.004924
10299	0.013281
10302	-0.007805
10324	-0.028723
10355	0.021506
10358	-0.017968
10362	-0.024434
10366	-0.024781
10368	0.033144
10370	0.033548
10392	-0.018426
10405	-0.013332
10406	0.008201
10409	0.000964
10419	0.004363
10420	-0.008860
10424	-0.005193
10434	-0.006716
10455	0.011985
10478	0.004211
10480	-0.022606
10484	-0.002746
10510	0.011672
10519	-0.020269
10520	0.002526
10524	0.018905
10578	-0.009174
10630	0.002887
10643	-0.008887
10645	-0.003284
10677	0.004215
10678	0.004919
10690	0.004205
10717	-0.000505
10718	0.001260
10719	0.017471
10721	0.012472
10723	0.028347
10735	-0.001903
10736	-0.003646
10829	-0.001844
10837	-0.013402
10846	0.010672
10921	-0.025314
10922	0.004838
10923	0.015892
10924	-0.002145
10964	-0.008201
10978	-0.003103
11017	0.003108
11018	0.010452
11019	-0.007556
11032	-0.000114
11034	0.004342
11035	0.018632
11036	-0.012462
11052	0.001437
11056	-0.004938
11060	-0.018094
11063	-0.005311
11064	-0.003478
11068	-0.008122
11069	-0.008753
11090	0.006892
11098	0.002758
11099	0.015279
11100	0.000767
11105	0.012426
11109	-0.016059
11122	-0.001972
11123	0.000565
11125	0.009124
11126	0.002992
11149	0.020513
11153	0.001747
11188	-0.021144
11193	0.010823
11230	0.003342
11233	0.007244
11236	-0.013228
11243	0.001966
11251	0.039442
11259	0.008294
11263	-0.016083
11272	-0.006780
11321	-0.011584
11322	-0.003983
11326	-0.000078
11327	-0.014556
11335	-0.018238
11337	0.004710
11343	-0.002295
11390	-0.003355
11444	0.016426
11464	-0.006459
11471	-0.004046
11472	-0.002972
11473	-0.008821
11492	0.032883
11499	0.007329
11500	-0.004419
11505	0.022636
11527	0.006780
11528	0.015116
11532	0.007602
11564	0.010673
11589	0.006858
11591	0.020016
11592	0.010218
11599	-0.007663
11605	-0.008165
11617	0.019991
11630	0.007737
11631	-0.002299
11632	-0.004643
11656	0.012741
11657	0.019348
11777	-0.010991
11786	0.008285
11812	-0.013585
12020	0.012374
12061	0.006929
12115	0.029226
12154	-0.009596
12155	0.030358
12156	-0.005310
12159	-0.003111
12174	-0.016459
12176	0.002051
12230	-0.010058
12234	0.006101
12236	-0.000890
12237	-0.007962
12250	0.034463
12252	0.002985
12253	-0.002050
12315	-0.011883
12381	-0.018844
12382	-0.014354
12438	0.016530
12455	-0.021037
12462	0.000584
12478	-0.009402
12603	0.023372
12711	-0.006621
12714	-0.005175
12716	0.009095
12754	-0.008466
12785	-0.033983
12788	-0.034937
12792	0.081352
12898	0.005107
12944	-0.009509
12949	-0.008396
13062	-0.004354
13099	0.031707
13160	-0.003665
13198	0.002746
13239	0.005955
13249	0.008580
13262	-0.003646
13263	-0.004864
13272	0.010552
13273	-0.006765
13277	-0.001621
13305	-0.008058
13342	0.009548
13343	0.008465
13345	0.006435
13351	0.004802
13357	-0.008464
13427	-0.022781
13436	0.023006
13455	-0.004666
13528	0.032179
13532	-0.007226
13553	0.000085
13566	-0.032897
13651	0.008839
13653	0.002246
13675	-0.000554
13676	0.013522
13677	-0.002524
13678	0.015690
13681	-0.004985
13688	-0.009258
13697	-0.000105
13705	0.006385
13708	-0.000635
13737	-0.012057
13760	0.001410
13923	-0.014741
13927	-0.007481
13995	0.008884
14002	0.002702
14003	-0.007909
14021	0.023864
14034	0.001930
14064	0.005570
14110	-0.018312
14155	-0.005980
14203	0.007820
14208	-0.003339
14340	-0.013854
14356	0.006004
14389	-0.013113
14499	0.010398
14625	0.004329
14632	-0.009353
14637	0.009256
14641	0.008737
14685	0.005337
14694	0.010166
14695	0.017070
14699	0.008740
14700	-0.007393
14749	-0.009831
14760	0.008240
14790	0.012864
14791	-0.004541
14796	-0.005846
14797	0.000864
14891	-0.002103
14927	0.014995
15099	0.003682
15182	0.002480
15243	-0.006119
15245	0.004015
15254	0.002344
15322	-0.012999
15327	0.011666
15463	-0.016613
15496	-0.001644
15499	-0.016793
15502	0.010786
15514	-0.006251
15566	0.011010
15580	-0.002211
15583	0.010590
15586	0.000068
15601	-0.000002
15621	-0.000990
15780	-0.003957
15869	-0.005373
16082	0.015359
16281	0.004631
16293	-0.017306
16300	0.029549
16304	0.004042
16360	-0.002655
16361	0.011971
16367	0.005397
16432	-0.002770
16433	0.008314
16438	-0.004159
16446	0.020343
16453	0.022435
16463	-0.013102
16466	0.005753
16477	-0.034519
16482	-0.009307
16605	-0.007670
16606	-0.009295
16635	-0.010936
16638	-0.012795
16655	-0.005993
16673	-0.013798
16676	0.000859
16677	0.002914
16678	-0.006198
16808	0.029694
16829	-0.016868
17150	-0.000975
17182	-0.026041
17199	0.022878
17273	0.016288
17431	-0.003144
17466	-0.061595
17472	0.034722
17485	0.001842
17585	0.012225
17620	0.014655
17647	-0.000269
17690	-0.009414
17772	-0.003101
18410	0.006359
19647	0.013808
21458	0.016754
21885	0.018444
21973	0.001211
21976	-0.005303
21977	-0.006210
22084	0.008166
23475	0.002170
23754	0.004031
23764	-0.006204
24372	-0.021159
24918	0.017758
24944	-0.009405
25022	0.001387
25140	0.005388
26484	0.005423
27764	-0.006654
28424	0.010579
28845	-0.023068
29861	0.000618
30684	0.001593
31288	-0.015477
31704	-0.011241
32421	-0.006535
32520	0.018346
32893	-0.008261
34340	-0.014677
35227	-0.013594
35334	-0.003695
36499	-0.005569
36843	0.004591
36844	0.009410
36955	-0.039765
36970	-0.018532
39336	-0.005631
39353	-0.020668
40538	0.010309
40541	-0.001055
40542	0.003395
40599	-0.008810
40601	-0.001565
40602	0.014826
40656	0.000324
40657	-0.011902
42157	-0.009457
42203	-0.003163
42204	-0.011145
42851	0.004527
43061	-0.009728
44144	0.002279
45195	0.000889
47030	-0.011271
47285	0.007155
47317	-0.004899
47457	-0.014782
47460	-0.008492
48147	-0.004811
48297	0.024179
48474	-0.015130
48696	-0.007069
49516	0.013855
49630	-0.003810
49927	0.000040
50199	-0.013570
50249	-0.012518
50259	0.020757
50904	0.010854
53231	0.007222
53471	-0.007647
53531	0.010561
53986	0.000791
55057	-0.015277
56431	0.017090
56432	0.013300
56466	0.013268
56478	-0.024771
56621	0.004989
57644	-0.001852
57756	0.000628
58783	-0.006295
59657	-0.000233
59715	-0.030860
64825	-0.018527
64947	0.000154
65950	0.004820
70102	-0.000803
75003	-0.053568
75099	-0.029293
75742	0.019307
75823	0.035290
75824	0.017359
78157	0.031834
78181	0.006232
78191	-0.000329
80479	0.003809
80480	-0.010647
80715	0.011606
80719	0.009246
80750	-0.010965
81231	0.001241
84436	0.004590
84780	-0.008031
84844	-0.001471
85002	0.011504
85003	0.015843
85659	0.031655
85663	-0.018880
85710	-0.017027
92185	0.003786
96142	-0.003025
96144	0.009679
96482	-0.008312
98871	0.004760
