# 1342 minima projected onto PC81
# Min	PC
3	0.006621
4	0.026748
5	0.057999
6	0.042876
7	-0.048075
9	0.006372
16	0.038151
17	0.111915
21	-0.033161
23	0.030759
31	-0.021302
44	-0.099595
47	-0.096010
48	-0.002772
51	0.070206
52	0.097031
55	-0.117012
56	-0.034559
57	-0.065095
58	-0.023294
60	-0.201223
67	-0.023387
68	-0.057012
71	-0.051254
72	-0.046747
74	-0.030319
79	0.113374
82	0.030082
85	-0.029234
86	-0.081012
87	-0.068492
88	0.007543
91	-0.053459
92	0.027752
94	-0.077973
95	0.078737
97	-0.029147
104	0.012807
106	-0.120361
109	-0.013839
111	0.031873
115	-0.060899
120	-0.063235
126	0.113762
129	-0.114531
136	0.083926
137	-0.024279
188	-0.085770
189	-0.080450
196	0.021777
199	0.002673
200	0.047811
202	-0.007994
211	0.080890
213	0.055383
214	0.059462
219	0.063299
221	0.027835
276	-0.072337
279	0.097955
283	-0.141060
295	0.071730
308	0.055469
312	-0.012349
315	-0.103861
318	0.050076
319	-0.079520
321	-0.038941
324	-0.014316
328	-0.077246
334	-0.001095
336	0.079799
338	0.057619
347	-0.066532
351	-0.039135
352	-0.004185
354	-0.084132
357	-0.084579
359	-0.049226
362	-0.092509
364	-0.008657
365	-0.022700
368	-0.096653
376	0.010846
377	0.109714
380	-0.031600
386	0.002661
388	-0.037074
390	0.121677
396	0.071202
404	0.008320
410	-0.040311
413	-0.036162
420	-0.110819
423	0.003297
424	0.075860
437	0.002564
438	-0.014626
444	-0.241292
452	0.044137
473	0.015766
474	-0.056510
475	-0.104013
476	-0.064031
478	-0.036181
479	-0.116970
480	0.013113
483	-0.030178
503	0.033245
508	-0.036438
509	-0.116561
530	-0.015359
536	0.093512
556	0.029976
581	-0.008887
583	-0.010618
603	-0.025866
606	0.044737
607	0.079101
620	-0.022760
628	0.059719
636	-0.012331
637	0.028875
639	0.050572
640	0.019008
644	-0.020167
645	0.002566
677	-0.015595
678	0.030149
679	-0.034930
682	-0.062758
698	-0.079711
700	0.055246
710	0.120184
722	0.006592
723	0.081193
724	-0.056665
725	-0.051999
726	0.032220
747	-0.010834
753	-0.021452
755	-0.056540
757	-0.060894
765	0.001340
782	-0.070845
783	0.052704
793	-0.088923
808	0.065652
814	-0.091722
840	-0.072137
848	0.064255
859	-0.000804
864	-0.022782
867	-0.041105
878	0.025670
888	-0.014530
890	-0.139556
892	0.030006
899	-0.017999
918	-0.017173
926	0.062996
933	0.057283
934	-0.054844
981	-0.099677
1028	-0.056712
1034	-0.050423
1051	-0.011571
1054	0.003392
1058	0.058447
1062	0.027538
1063	0.110829
1064	-0.049345
1066	0.004258
1068	0.004116
1073	-0.038337
1082	0.024607
1083	0.003982
1086	0.017627
1089	0.053354
1090	0.094761
1091	-0.029242
1092	-0.134545
1164	-0.062840
1165	-0.015176
1174	0.000847
1176	-0.016664
1184	0.030323
1191	-0.029504
1192	-0.068254
1201	0.176611
1230	0.081189
1339	0.052075
1341	0.007389
1370	0.033659
1385	-0.048434
1405	-0.071120
1437	-0.046809
1441	-0.018116
1443	-0.028485
1521	-0.055679
1522	0.154622
1523	0.117357
1524	-0.042176
1525	-0.086852
1541	0.024447
1542	-0.030113
1550	-0.070487
1551	0.050357
1596	-0.002773
1597	-0.021972
1628	-0.065386
1629	0.035900
1633	-0.173923
1636	-0.022515
1637	-0.108575
1765	0.027542
1766	0.005254
1780	-0.036420
1862	0.017029
1865	0.018120
1870	0.015125
1885	0.109661
1910	-0.009192
1911	0.024591
2007	-0.031502
2060	-0.226294
2062	-0.161705
2090	-0.085406
2093	0.021178
2094	-0.048716
2095	0.024508
2096	-0.185325
2100	-0.050368
2101	-0.036009
2102	-0.026475
2103	-0.032142
2104	-0.021192
2105	0.115154
2128	0.031036
2129	0.094844
2135	0.032980
2190	0.066790
2195	0.055362
2197	0.025075
2198	-0.104269
2199	0.117102
2200	0.112125
2201	0.145125
2202	-0.116373
2205	0.037840
2217	-0.038342
2218	-0.405440
2221	-0.128067
2272	-0.013001
2273	-0.048530
2275	0.101439
2288	0.214033
2293	-0.021170
2298	0.079364
2299	-0.000025
2300	0.052509
2301	0.000699
2338	0.124734
2342	-0.006613
2343	-0.097192
2358	-0.082857
2384	0.030149
2385	0.010950
2399	0.040336
2435	0.023741
2436	-0.062987
2465	0.168737
2467	0.230457
2468	0.031200
2469	-0.037190
2470	0.163676
2471	0.240449
2474	0.178367
2620	0.037746
2650	-0.009038
2651	-0.010620
2685	-0.014196
2688	-0.035505
2730	0.164508
2843	-0.016756
2951	0.093000
2959	0.027262
3236	-0.063893
3305	0.092013
3318	-0.047323
3340	-0.083831
3352	-0.032547
3355	-0.167316
3356	-0.002424
3365	0.028961
3366	0.048319
3367	-0.015783
3368	-0.040100
3401	-0.080800
3405	0.095493
3434	0.000228
3448	0.165596
3454	-0.052957
3481	-0.018567
3495	0.071402
3504	-0.012248
3532	0.054949
3540	0.047389
3549	-0.048711
3550	-0.026196
3569	-0.009478
3595	0.077886
3596	0.048541
3603	-0.006820
3621	0.093200
3622	-0.013471
3647	-0.032167
3649	-0.006224
3651	0.014354
3652	-0.029077
3723	0.148233
3757	0.026603
3772	-0.065688
3787	0.063761
3798	0.206866
3799	0.191483
3889	0.011062
3897	0.003213
3898	-0.049775
3904	0.099941
3945	0.023877
3990	-0.019239
4024	0.026141
4039	0.026014
4048	-0.094886
4050	0.111476
4076	0.103994
4094	-0.061175
4170	0.135536
4251	0.060744
4252	0.020386
4299	-0.091982
4302	-0.027567
4318	0.136504
4319	0.026170
4320	0.060169
4360	-0.069146
4388	0.007045
4414	-0.015194
4426	0.069686
4446	0.032405
4527	0.052183
4545	0.003880
4546	0.009132
4554	0.082122
4564	0.056972
4567	0.045629
4634	0.071843
4693	0.025028
4736	-0.002332
4761	0.014882
4879	-0.050207
5071	-0.096063
5138	0.034127
5164	-0.077694
5182	0.017844
5183	0.128730
5184	0.027152
5187	0.012482
5188	-0.190427
5189	-0.100617
5193	-0.066579
5194	-0.070778
5195	-0.089064
5197	0.086954
5203	0.031794
5205	-0.170353
5212	-0.126178
5213	-0.197436
5222	-0.085602
5223	0.148620
5228	0.184208
5232	-0.024269
5244	0.010080
5245	0.064351
5246	-0.145254
5248	0.113848
5292	-0.000357
5293	0.027826
5299	-0.182329
5300	-0.112903
5315	-0.014432
5316	0.039991
5319	-0.033516
5320	-0.052789
5321	0.055096
5322	0.011315
5323	0.072567
5324	-0.041504
5325	-0.079792
5329	-0.108530
5342	-0.023653
5343	-0.100011
5374	0.070510
5376	0.075685
5378	0.009448
5379	0.097094
5382	0.007751
5390	-0.015624
5398	-0.114965
5402	-0.015904
5404	-0.027738
5407	0.028499
5408	-0.046401
5409	-0.009368
5411	0.035092
5412	0.072570
5413	0.025635
5416	0.024844
5418	-0.085095
5422	-0.087988
5425	-0.019718
5427	-0.039723
5428	-0.034408
5432	-0.124983
5436	0.015735
5443	0.035614
5444	-0.056895
5458	-0.020573
5462	-0.046115
5465	-0.039119
5468	0.081803
5471	-0.081463
5480	0.075080
5481	0.113048
5485	-0.120999
5486	-0.119986
5488	-0.124603
5489	-0.096262
5495	-0.087271
5513	-0.024111
5515	-0.115873
5516	-0.013473
5521	0.011144
5527	0.016142
5528	0.130464
5536	-0.008787
5537	0.030250
5547	0.106509
5565	0.057025
5573	0.104371
5579	-0.084015
5583	-0.065887
5586	-0.150303
5589	0.060792
5590	0.115776
5593	0.094140
5599	-0.109981
5604	0.099276
5605	0.118087
5606	-0.017652
5625	-0.047290
5649	-0.004959
5656	0.018008
5657	-0.061207
5658	0.016126
5686	-0.046727
5695	-0.000526
5705	-0.145753
5706	-0.005403
5716	-0.037766
5717	-0.048164
5718	0.023046
5719	-0.078729
5720	0.073781
5724	0.004757
5738	-0.054554
5742	-0.030742
5750	-0.034033
5751	-0.046500
5756	-0.044550
5761	-0.021975
5768	0.064622
5773	-0.092524
5792	-0.096523
5793	0.088723
5794	-0.086072
5806	0.059066
5811	-0.040108
5812	0.019846
5813	0.025014
5814	-0.029480
5821	0.046339
5823	0.073242
5825	-0.012402
5831	-0.006687
5832	0.042153
5833	-0.078888
5847	0.114445
5849	-0.005971
5851	0.065481
5854	-0.080955
5858	0.037264
5862	-0.007117
5875	0.048439
5876	-0.012269
5903	-0.076843
5910	-0.022125
5912	0.165909
5913	0.149101
5925	-0.013283
5926	0.025667
5927	-0.064925
5928	0.007829
5930	0.035114
5931	-0.019831
5933	-0.101045
5934	-0.029835
5937	-0.084785
5939	-0.139808
5940	-0.114062
5941	-0.113423
5943	-0.115489
5963	0.108189
5964	-0.067984
5965	-0.054768
5966	0.137203
5968	-0.060993
5969	0.032926
5970	-0.029004
5971	-0.050247
5975	-0.040541
6006	-0.148963
6011	-0.036925
6017	-0.085796
6019	-0.000200
6022	-0.170085
6032	-0.042095
6095	0.035625
6115	-0.009553
6116	0.121499
6119	-0.057917
6127	-0.085282
6128	-0.062970
6130	0.050836
6140	0.003381
6141	-0.025153
6147	0.231120
6148	0.209847
6163	-0.027298
6164	0.064426
6170	-0.131458
6171	0.053843
6177	0.094396
6184	-0.068826
6200	-0.017908
6204	0.025234
6206	-0.031351
6223	-0.045468
6240	0.088582
6245	0.039094
6253	0.047306
6267	-0.139712
6269	-0.101076
6290	-0.110412
6303	0.068919
6317	-0.051162
6343	0.042406
6350	0.044148
6360	0.067177
6367	-0.191303
6383	0.148288
6389	-0.170920
6397	-0.003748
6398	0.012267
6406	-0.154351
6407	-0.140940
6412	0.003334
6413	0.030692
6434	-0.044450
6435	-0.058389
6460	0.007342
6463	-0.106825
6464	-0.072570
6489	0.014804
6507	-0.003375
6510	0.119678
6516	0.035486
6518	0.051538
6522	0.082317
6523	-0.001426
6524	0.011189
6525	0.012012
6531	0.060474
6536	0.078109
6575	-0.049940
6584	0.000548
6585	0.095858
6586	0.012007
6594	0.027614
6595	0.017580
6610	-0.029841
6612	-0.197583
6615	-0.048444
6624	-0.072803
6628	-0.044672
6649	-0.024232
6698	-0.016481
6706	0.051464
6718	0.100982
6719	0.027209
6722	-0.023046
6770	0.065207
6780	-0.013858
6781	0.041242
6794	0.180081
6795	0.119143
6796	0.245188
6799	-0.039997
6809	-0.026114
6837	0.042383
6838	0.092710
6839	-0.038740
6846	-0.060774
6865	0.020160
6869	-0.028730
6870	-0.189183
6871	0.005237
6873	0.034075
6876	-0.101606
6885	0.029189
6895	0.006434
6896	0.016836
6897	0.112760
6900	-0.035377
6903	-0.037296
6906	0.012411
6916	0.057204
6917	0.030481
6918	0.084824
6919	0.061480
6938	0.011113
6941	0.079761
6942	0.051899
6943	0.081443
6944	0.053269
6948	0.064155
6953	0.083474
6957	0.011432
6958	-0.023627
6970	0.031691
6971	-0.071068
6976	-0.045237
6977	0.113264
6990	-0.009105
7014	0.013892
7015	0.073361
7016	-0.109044
7018	0.099416
7019	0.113579
7042	0.000074
7053	0.093848
7066	0.013315
7067	0.118157
7083	0.046631
7092	-0.069456
7100	0.073587
7103	0.089753
7110	0.062903
7111	0.020473
7112	0.046769
7113	0.000607
7116	-0.002544
7119	-0.003022
7120	-0.027746
7121	0.049541
7122	-0.001766
7140	0.079162
7143	0.113659
7157	-0.007901
7165	-0.142588
7175	0.110699
7178	0.063172
7206	-0.002257
7207	-0.155740
7217	0.009373
7218	-0.034990
7221	-0.054375
7227	-0.056248
7230	0.030087
7236	-0.123822
7239	0.032848
7242	0.047192
7260	0.027156
7268	-0.068105
7269	0.171528
7304	-0.026055
7326	0.023791
7327	0.304644
7336	-0.070926
7342	0.017824
7346	0.099490
7348	0.101238
7355	-0.001292
7361	-0.326269
7372	0.029749
7387	-0.018435
7422	0.072081
7423	-0.021933
7425	0.138476
7436	0.098783
7442	-0.180787
7446	-0.109698
7448	0.061397
7453	0.021621
7463	0.178909
7492	-0.051259
7493	-0.050752
7494	-0.211240
7495	-0.103018
7518	0.148287
7520	0.201849
7540	-0.033866
7546	-0.153858
7556	0.171117
7559	-0.064886
7560	-0.001705
7561	-0.165812
7564	-0.001777
7575	0.059544
7583	0.230575
7585	0.037558
7586	-0.022705
7599	-0.084190
7600	0.040625
7606	-0.080665
7614	0.025786
7617	-0.007245
7622	-0.026231
7629	0.255249
7637	0.058819
7640	-0.005148
7657	-0.119316
7665	-0.064623
7666	0.131237
7667	0.091984
7668	0.034236
7669	-0.000607
7670	-0.022568
7671	-0.009993
7681	-0.056737
7683	0.200194
7684	-0.050077
7696	0.104285
7722	-0.003865
7723	-0.060486
7799	0.170929
7852	0.028704
7859	0.209690
7860	0.053519
7861	0.071200
7865	-0.073885
7875	-0.003647
7876	0.016755
7895	-0.021920
7913	-0.092902
7917	0.007148
7952	-0.087894
7969	0.036960
7971	-0.025467
8000	-0.074718
8002	0.076756
8006	-0.168887
8036	0.011960
8056	0.050807
8069	-0.214762
8103	-0.354683
8107	0.020864
8120	-0.023377
8122	0.086232
8125	0.018480
8127	0.189558
8136	-0.035618
8149	-0.056837
8154	-0.113976
8197	0.000955
8208	0.131026
8223	0.088839
8232	0.043785
8241	0.094620
8256	-0.041297
8262	-0.091650
8266	0.088109
8267	0.018537
8268	-0.001155
8269	-0.093575
8271	-0.060733
8273	0.017905
8280	-0.072133
8284	-0.019019
8303	-0.046364
8304	-0.045355
8305	-0.045485
8308	-0.010687
8332	-0.024946
8333	0.080116
8334	-0.133838
8338	-0.068746
8363	0.027480
8370	-0.011339
8398	-0.089496
8465	0.019006
8468	0.022086
8469	0.055442
8470	0.029661
8507	-0.036013
8552	0.017241
8572	-0.041500
8574	-0.034134
8577	-0.070961
8586	0.001048
8592	0.015981
8593	-0.099950
8594	0.032885
8597	0.028358
8599	-0.020500
8606	0.194864
8607	-0.033418
8615	0.110371
8617	0.116364
8626	-0.043856
8636	-0.042734
8669	-0.004658
8671	0.062085
8673	0.014698
8675	0.022619
8790	-0.066106
8791	-0.078540
8811	-0.025316
8822	-0.013767
8841	0.017685
8849	0.000877
8856	-0.079486
8875	0.025447
8884	0.008500
8906	0.105630
8907	-0.071341
8910	0.024870
8911	0.172870
8912	-0.021435
8913	0.044720
8934	0.012456
8935	0.011136
8954	0.047054
8968	0.021538
8972	0.097420
9001	-0.019923
9029	0.128999
9032	-0.059099
9058	-0.003465
9059	0.086845
9068	-0.185171
9070	0.064414
9108	0.108075
9139	-0.170216
9140	-0.193325
9158	0.101384
9187	0.053329
9188	0.064094
9189	-0.098840
9190	0.048680
9253	0.026010
9259	0.081591
9268	-0.131199
9269	0.201442
9271	-0.018954
9312	0.067296
9323	0.015753
9329	0.044048
9330	0.082320
9331	0.018180
9356	-0.018213
9376	-0.096539
9394	-0.082418
9424	-0.012822
9428	0.009166
9429	-0.052995
9496	-0.055564
9536	-0.054071
9543	-0.034404
9589	-0.018993
9614	-0.109244
9615	0.041927
9617	0.226008
9631	0.036134
9661	0.018848
9668	-0.042334
9718	0.096096
9728	0.006445
9734	-0.011443
9788	0.058672
9791	0.076353
9793	0.113742
9804	0.233464
9809	0.000460
9810	0.050027
9823	-0.017083
9828	-0.026975
9907	0.081235
9951	0.029397
9968	0.080175
9969	0.105137
10010	0.017854
10011	0.170985
10012	-0.002751
10018	-0.081202
10021	0.007787
10022	-0.053924
10031	0.006365
10032	0.033673
10033	-0.004902
10034	-0.047481
10035	0.013701
10039	-0.075212
10044	-0.048522
10045	-0.059505
10060	0.169760
10065	0.061902
10077	0.053152
10080	0.044359
10130	-0.054725
10131	-0.054915
10149	-0.016222
10194	0.001429
10197	-0.027679
10221	0.024810
10226	0.058262
10232	-0.218384
10233	-0.155442
10263	0.122088
10264	0.091044
10274	-0.046514
10286	-0.070242
10292	-0.093006
10299	0.123541
10302	-0.041294
10324	0.017423
10355	0.038832
10358	0.013925
10362	0.085341
10366	0.049738
10368	0.046904
10370	-0.026276
10392	-0.046544
10405	0.136234
10406	-0.060768
10409	-0.038344
10419	-0.022920
10420	-0.021148
10424	-0.039007
10434	0.004477
10455	-0.014022
10478	-0.044445
10480	0.014313
10484	-0.124381
10510	0.039313
10519	0.060244
10520	-0.136391
10524	0.065705
10578	-0.066132
10630	0.101556
10643	-0.057422
10645	-0.056286
10677	-0.088862
10678	0.064026
10690	-0.085862
10717	-0.002377
10718	-0.139620
10719	0.031955
10721	0.009262
10723	-0.100930
10735	-0.101187
10736	-0.085579
10829	-0.025503
10837	-0.004429
10846	-0.040116
10921	-0.012878
10922	0.021345
10923	0.023969
10924	0.049681
10964	0.179536
10978	0.058439
11017	0.223349
11018	0.148829
11019	-0.095171
11032	0.096696
11034	0.037557
11035	0.003794
11036	0.145485
11052	-0.052723
11056	0.068614
11060	0.069496
11063	0.000722
11064	0.203066
11068	0.086637
11069	0.028981
11090	-0.020220
11098	0.065155
11099	0.015473
11100	-0.065559
11105	0.104926
11109	-0.130723
11122	-0.018844
11123	0.041286
11125	0.031163
11126	-0.007548
11149	-0.038169
11153	0.000117
11188	-0.001343
11193	0.048486
11230	-0.071746
11233	0.131155
11236	0.121996
11243	-0.219430
11251	-0.065282
11259	-0.062245
11263	0.039056
11272	-0.079210
11321	-0.007539
11322	0.034290
11326	0.104250
11327	-0.091951
11335	-0.100816
11337	0.041760
11343	0.140690
11390	0.007259
11444	0.044620
11464	-0.032420
11471	-0.036990
11472	-0.047721
11473	-0.040743
11492	-0.037222
11499	0.132233
11500	0.133805
11505	-0.081715
11527	-0.026048
11528	0.000114
11532	-0.000165
11564	0.104241
11589	-0.000857
11591	0.050963
11592	-0.040225
11599	-0.025165
11605	0.018904
11617	0.091187
11630	-0.101038
11631	-0.076980
11632	-0.178673
11656	-0.069501
11657	-0.075548
11777	0.079277
11786	-0.047639
11812	0.119974
12020	0.023860
12061	-0.014626
12115	0.017845
12154	-0.088539
12155	-0.008756
12156	-0.071734
12159	0.008376
12174	0.101782
12176	-0.160068
12230	-0.001730
12234	0.004000
12236	-0.038124
12237	0.001597
12250	0.062143
12252	0.033680
12253	-0.030616
12315	-0.011269
12381	-0.014082
12382	-0.006464
12438	0.000657
12455	0.004085
12462	-0.018487
12478	0.048488
12603	0.116132
12711	-0.041281
12714	-0.050579
12716	0.118381
12754	-0.076104
12785	0.032274
12788	0.120551
12792	0.425722
12898	-0.080448
12944	0.042781
12949	-0.177388
13062	0.252310
13099	0.090009
13160	0.021013
13198	0.034455
13239	-0.133310
13249	-0.017727
13262	-0.143977
13263	0.098065
13272	0.049000
13273	-0.150608
13277	-0.193078
13305	0.094366
13342	-0.102615
13343	-0.089173
13345	0.136080
13351	-0.060997
13357	-0.204771
13427	-0.092691
13436	0.057998
13455	0.107011
13528	0.214189
13532	-0.012977
13553	-0.139907
13566	0.055309
13651	-0.017198
13653	0.072905
13675	-0.033569
13676	0.023199
13677	0.098962
13678	-0.007929
13681	0.054938
13688	-0.172820
13697	-0.085030
13705	-0.016633
13708	0.037262
13737	0.128118
13760	-0.158450
13923	0.026780
13927	0.057356
13995	0.099956
14002	-0.197885
14003	-0.132663
14021	0.063050
14034	0.214816
14064	0.203305
14110	-0.145935
14155	-0.010559
14203	0.010533
14208	0.041197
14340	0.024655
14356	0.103193
14389	-0.026607
14499	0.032682
14625	-0.090712
14632	-0.114596
14637	-0.017577
14641	-0.070931
14685	0.061094
14694	0.051400
14695	-0.005195
14699	-0.065461
14700	-0.018958
14749	0.086650
14760	-0.006776
14790	0.096835
14791	0.152035
14796	0.066611
14797	0.076376
14891	-0.143754
14927	-0.071220
15099	-0.015329
15182	-0.404689
15243	-0.161389
15245	0.013701
15254	-0.079498
15322	0.051277
15327	-0.081669
15463	0.158204
15496	-0.084125
15499	0.020146
15502	0.004053
15514	0.196428
15566	0.000500
15580	-0.000779
15583	0.200435
15586	0.222705
15601	-0.041536
15621	0.016140
15780	0.159781
15869	-0.185204
16082	0.071806
16281	0.009753
16293	0.209010
16300	-0.106224
16304	0.030069
16360	-0.033616
16361	-0.143318
16367	-0.000221
16432	0.246325
16433	-0.008206
16438	-0.015766
16446	0.112207
16453	0.087840
16463	0.108498
16466	-0.096795
16477	0.063757
16482	-0.067555
16605	0.033431
16606	-0.025652
16635	-0.174552
16638	-0.033408
16655	0.122682
16673	-0.034607
16676	-0.134785
16677	0.017123
16678	-0.076881
16808	-0.111357
16829	0.072866
17150	0.076218
17182	-0.095586
17199	0.063320
17273	-0.005604
17431	-0.077459
17466	-0.158615
17472	0.047061
17485	-0.087935
17585	0.018049
17620	-0.007254
17647	-0.340348
17690	-0.081119
17772	-0.035433
18410	0.037880
19647	-0.078954
21458	-0.121920
21885	0.001700
21973	-0.054021
21976	-0.058010
21977	-0.018336
22084	0.052045
23475	-0.061071
23754	-0.027717
23764	-0.017275
24372	0.058299
24918	0.087381
24944	-0.049948
25022	0.028432
25140	-0.145053
26484	-0.042416
27764	-0.024082
28424	0.012399
28845	0.392047
29861	-0.070418
30684	0.062445
31288	-0.076347
31704	-0.060550
32421	-0.197190
32520	-0.037431
32893	0.014675
34340	-0.091758
35227	-0.145411
35334	-0.121526
36499	-0.026037
36843	-0.065123
36844	-0.082756
36955	0.033334
36970	0.147701
39336	0.046734
39353	0.099718
40538	0.079021
40541	-0.058756
40542	-0.032299
40599	0.081644
40601	-0.001689
40602	0.155842
40656	0.115071
40657	-0.021512
42157	-0.130763
42203	-0.044070
42204	-0.006520
42851	-0.047155
43061	-0.036122
44144	-0.007120
45195	0.177180
47030	-0.013279
47285	0.195062
47317	-0.229570
47457	-0.030959
47460	0.060383
48147	-0.107875
48297	-0.316637
48474	-0.014203
48696	-0.020214
49516	0.136664
49630	-0.013985
49927	0.047317
50199	-0.106912
50249	0.055088
50259	-0.007335
50904	-0.029696
53231	0.018085
53471	0.032852
53531	0.043149
53986	-0.146621
55057	-0.003770
56431	0.074630
56432	0.068975
56466	0.011470
56478	-0.050938
56621	0.000700
57644	-0.047226
57756	0.103515
58783	0.042642
59657	-0.021475
59715	-0.125530
64825	0.011048
64947	-0.078504
65950	0.026911
70102	-0.079145
75003	-0.243854
75099	-0.238745
75742	-0.312420
75823	0.219092
75824	0.053789
78157	-0.021519
78181	0.035476
78191	-0.069222
80479	0.009022
80480	0.029780
80715	0.008543
80719	0.131659
80750	-0.005577
81231	0.181162
84436	-0.091349
84780	0.001844
84844	0.038744
85002	0.001575
85003	0.235182
85659	0.131945
85663	0.013243
85710	0.060622
92185	0.103778
96142	-0.091551
96144	0.015845
96482	-0.158688
98871	0.092605
