# 1342 minima projected onto PC102
# Min	PC
3	-0.006337
4	-0.009170
5	-0.001071
6	-0.016791
7	0.017141
9	-0.022445
16	0.012317
17	-0.010276
21	-0.004392
23	-0.024143
31	0.023468
44	0.003228
47	-0.017201
48	0.037821
51	-0.021887
52	0.005887
55	0.035128
56	-0.035769
57	0.023997
58	-0.040880
60	-0.073045
67	-0.040309
68	-0.005294
71	0.003004
72	-0.009997
74	-0.009101
79	0.002148
82	-0.030992
85	0.008736
86	0.003739
87	-0.009856
88	-0.011691
91	-0.008907
92	-0.018902
94	-0.010302
95	-0.034874
97	-0.013056
104	0.031603
106	-0.040921
109	-0.015212
111	-0.022180
115	-0.137601
120	0.011973
126	-0.003583
129	-0.013767
136	0.033769
137	0.017183
188	0.024054
189	-0.017900
196	-0.001133
199	-0.012757
200	-0.023034
202	-0.021765
211	-0.013963
213	-0.028818
214	-0.001008
219	0.004370
221	-0.044025
276	0.023393
279	-0.000973
283	-0.069204
295	0.024066
308	-0.018615
312	-0.034083
315	0.114590
318	-0.025426
319	-0.003224
321	-0.029415
324	0.015074
328	-0.003636
334	-0.003305
336	-0.007321
338	0.014451
347	-0.031754
351	-0.004222
352	-0.020674
354	0.020610
357	-0.054813
359	0.003161
362	-0.031882
364	-0.018230
365	-0.010436
368	-0.018085
376	0.030511
377	0.019836
380	0.010429
386	-0.007634
388	-0.004295
390	-0.023709
396	-0.002190
404	-0.001759
410	0.020585
413	0.024892
420	-0.005706
423	0.017931
424	-0.004363
437	-0.001753
438	-0.042606
444	-0.015721
452	0.039329
473	-0.018329
474	0.007897
475	0.003467
476	0.025006
478	-0.012259
479	-0.067793
480	0.006455
483	0.001940
503	-0.007516
508	0.003661
509	-0.023481
530	0.014454
536	0.005265
556	0.026893
581	-0.006582
583	-0.028536
603	0.037198
606	-0.002599
607	0.014834
620	0.028994
628	-0.029369
636	0.014760
637	-0.070352
639	-0.000793
640	0.019646
644	-0.002844
645	0.005343
677	0.013806
678	-0.025279
679	-0.073015
682	0.010448
698	-0.019983
700	-0.026449
710	-0.030477
722	-0.014879
723	-0.010404
724	0.000196
725	0.018264
726	0.003666
747	0.123528
753	-0.003262
755	0.019365
757	-0.034229
765	0.026718
782	-0.011697
783	0.004365
793	0.022531
808	0.007582
814	0.188430
840	-0.011814
848	-0.008705
859	-0.011307
864	0.013268
867	0.029849
878	0.032866
888	0.000707
890	0.003785
892	0.043499
899	0.002035
918	-0.000319
926	0.007308
933	-0.032745
934	0.031857
981	0.011634
1028	0.006759
1034	0.019004
1051	0.031138
1054	0.015871
1058	0.036429
1062	-0.011653
1063	-0.025545
1064	0.001484
1066	-0.005297
1068	-0.004922
1073	0.033568
1082	-0.009701
1083	0.002363
1086	-0.000371
1089	0.008878
1090	-0.004940
1091	-0.034066
1092	-0.018563
1164	0.003317
1165	-0.025579
1174	-0.066018
1176	0.019057
1184	-0.041377
1191	-0.024569
1192	0.021084
1201	-0.025653
1230	-0.000161
1339	-0.027798
1341	0.014523
1370	0.018011
1385	0.108269
1405	0.046268
1437	-0.024410
1441	0.028802
1443	-0.000511
1521	-0.002572
1522	-0.085854
1523	-0.041918
1524	0.004956
1525	0.006130
1541	-0.029795
1542	-0.010931
1550	0.022595
1551	-0.015839
1596	0.012569
1597	0.039531
1628	-0.013091
1629	0.000113
1633	-0.004342
1636	-0.030461
1637	0.060902
1765	0.054463
1766	0.062634
1780	-0.036307
1862	0.009660
1865	0.003554
1870	0.013416
1885	0.029706
1910	-0.020304
1911	-0.014047
2007	0.005411
2060	0.000947
2062	0.007435
2090	0.002592
2093	-0.020710
2094	-0.005872
2095	-0.003502
2096	-0.043048
2100	0.028114
2101	-0.015819
2102	-0.021674
2103	-0.026867
2104	-0.031152
2105	-0.007054
2128	-0.039243
2129	0.002819
2135	0.010946
2190	0.020964
2195	0.006741
2197	0.010990
2198	-0.015068
2199	0.023657
2200	-0.010141
2201	0.001276
2202	0.006950
2205	-0.003197
2217	0.033689
2218	-0.048502
2221	0.030059
2272	0.006669
2273	-0.006488
2275	-0.010634
2288	-0.043302
2293	0.011854
2298	-0.036018
2299	-0.005109
2300	-0.028149
2301	0.009429
2338	-0.068716
2342	0.008288
2343	-0.018048
2358	-0.027034
2384	-0.004107
2385	-0.019441
2399	0.008066
2435	-0.015917
2436	0.007063
2465	-0.005383
2467	-0.007095
2468	0.034187
2469	0.039708
2470	0.027430
2471	-0.051799
2474	-0.005424
2620	-0.023670
2650	0.011728
2651	0.016471
2685	-0.031456
2688	0.019270
2730	-0.020649
2843	-0.000161
2951	0.025441
2959	-0.005754
3236	0.003885
3305	-0.003541
3318	-0.025482
3340	-0.003972
3352	0.002048
3355	-0.004878
3356	0.010164
3365	0.058498
3366	0.046639
3367	0.009550
3368	0.012820
3401	-0.007400
3405	0.028219
3434	0.011118
3448	-0.023439
3454	-0.032035
3481	-0.004718
3495	-0.002894
3504	-0.033223
3532	-0.017257
3540	-0.081991
3549	-0.020781
3550	-0.034231
3569	-0.044705
3595	-0.022998
3596	-0.018235
3603	-0.006922
3621	-0.017713
3622	0.029081
3647	-0.013231
3649	-0.028950
3651	0.007309
3652	0.003240
3723	-0.019193
3757	0.009135
3772	-0.044661
3787	0.020926
3798	-0.013049
3799	-0.018029
3889	0.012181
3897	-0.003661
3898	0.017203
3904	0.002136
3945	0.015393
3990	0.026570
4024	0.035914
4039	0.019699
4048	-0.022802
4050	-0.016003
4076	0.012310
4094	0.021267
4170	-0.003430
4251	0.007083
4252	0.034043
4299	-0.039554
4302	-0.031924
4318	-0.032560
4319	0.028500
4320	0.002131
4360	-0.004452
4388	0.000124
4414	-0.010982
4426	0.032487
4446	-0.016678
4527	0.036518
4545	-0.013336
4546	0.013198
4554	-0.030090
4564	-0.001866
4567	-0.026870
4634	-0.003046
4693	-0.032253
4736	0.011836
4761	0.010300
4879	-0.039783
5071	0.003247
5138	0.006183
5164	-0.009681
5182	0.000746
5183	-0.073385
5184	0.015809
5187	0.002677
5188	0.021677
5189	-0.008578
5193	0.052921
5194	0.070868
5195	-0.013781
5197	-0.034560
5203	0.009017
5205	-0.000072
5212	-0.004157
5213	-0.036162
5222	-0.025838
5223	-0.021148
5228	0.002843
5232	-0.013287
5244	-0.035602
5245	-0.046163
5246	0.006862
5248	-0.031723
5292	-0.026024
5293	-0.026716
5299	0.008780
5300	0.014747
5315	-0.010771
5316	0.016927
5319	-0.004148
5320	-0.006588
5321	-0.027480
5322	0.069883
5323	-0.020366
5324	-0.001082
5325	-0.004628
5329	-0.007871
5342	-0.000444
5343	-0.008495
5374	-0.049442
5376	0.017685
5378	0.058684
5379	0.025890
5382	-0.019597
5390	-0.032574
5398	0.019244
5402	0.002495
5404	0.078192
5407	-0.013669
5408	-0.006068
5409	-0.021014
5411	0.001300
5412	0.036864
5413	-0.000590
5416	-0.145661
5418	0.029963
5422	0.032472
5425	0.016409
5427	-0.005135
5428	-0.016450
5432	0.010827
5436	-0.012616
5443	-0.095922
5444	-0.075693
5458	0.012248
5462	0.135065
5465	0.050307
5468	-0.006266
5471	0.046108
5480	0.046395
5481	0.014981
5485	-0.030919
5486	-0.055771
5488	0.014543
5489	-0.016811
5495	0.017304
5513	-0.011262
5515	0.003461
5516	0.030599
5521	-0.000946
5527	0.014781
5528	-0.047089
5536	-0.050302
5537	-0.006862
5547	0.011696
5565	-0.008910
5573	0.001304
5579	-0.036269
5583	0.000580
5586	0.011283
5589	0.006066
5590	-0.017435
5593	0.045520
5599	0.158063
5604	0.076311
5605	-0.031674
5606	-0.085692
5625	0.051775
5649	-0.030975
5656	-0.042288
5657	0.033554
5658	-0.013788
5686	0.045232
5695	0.005769
5705	0.007572
5706	-0.016007
5716	-0.002674
5717	0.017649
5718	0.004161
5719	0.004744
5720	-0.041288
5724	0.014464
5738	0.062629
5742	0.016624
5750	0.014795
5751	-0.032069
5756	-0.003059
5761	-0.054690
5768	0.016661
5773	-0.012842
5792	0.042511
5793	-0.009114
5794	0.013131
5806	-0.010324
5811	0.025358
5812	0.014927
5813	0.026783
5814	0.028414
5821	-0.004212
5823	0.083533
5825	-0.009694
5831	0.006889
5832	-0.007102
5833	0.054057
5847	-0.027069
5849	0.009963
5851	-0.036826
5854	-0.022120
5858	-0.054804
5862	-0.014416
5875	0.021783
5876	0.051484
5903	0.030696
5910	0.086645
5912	0.058139
5913	-0.083188
5925	-0.009622
5926	0.006538
5927	0.017933
5928	0.034141
5930	-0.016030
5931	0.014714
5933	-0.008614
5934	-0.002336
5937	-0.042766
5939	-0.038309
5940	-0.043427
5941	0.007301
5943	0.032520
5963	-0.032950
5964	0.042068
5965	0.004169
5966	0.045822
5968	0.031259
5969	0.009810
5970	0.019954
5971	0.051960
5975	-0.008949
6006	0.027655
6011	0.013296
6017	0.015300
6019	0.085546
6022	-0.003001
6032	0.002909
6095	0.021727
6115	-0.030365
6116	0.056788
6119	0.002398
6127	0.030868
6128	-0.008350
6130	-0.009650
6140	-0.014304
6141	0.015808
6147	-0.011571
6148	-0.018391
6163	0.032236
6164	-0.034316
6170	0.029988
6171	-0.008348
6177	-0.015619
6184	-0.007455
6200	0.009672
6204	0.002850
6206	0.054647
6223	-0.000301
6240	-0.048481
6245	-0.037926
6253	0.001514
6267	0.032679
6269	0.000027
6290	0.012616
6303	-0.015110
6317	0.035619
6343	0.002224
6350	-0.002817
6360	0.012563
6367	-0.063773
6383	0.003334
6389	0.104303
6397	0.012074
6398	-0.010180
6406	0.030462
6407	-0.038562
6412	-0.031118
6413	-0.009735
6434	0.028773
6435	0.009808
6460	-0.015148
6463	-0.006603
6464	0.002887
6489	0.012796
6507	-0.012626
6510	-0.033745
6516	-0.033619
6518	-0.045588
6522	-0.029175
6523	-0.005972
6524	0.004991
6525	0.000920
6531	0.005029
6536	-0.002167
6575	-0.018512
6584	-0.012589
6585	0.004265
6586	0.043685
6594	-0.058438
6595	-0.015832
6610	0.041298
6612	-0.045538
6615	-0.017364
6624	0.039005
6628	-0.039094
6649	-0.007686
6698	0.047322
6706	0.013655
6718	-0.018752
6719	-0.016636
6722	-0.052775
6770	0.012680
6780	0.018945
6781	0.008166
6794	-0.050780
6795	-0.067199
6796	-0.061045
6799	0.044990
6809	0.010277
6837	0.044891
6838	-0.027974
6839	0.038741
6846	-0.000231
6865	-0.024690
6869	-0.017578
6870	-0.048619
6871	0.012038
6873	-0.020196
6876	0.034316
6885	-0.011095
6895	-0.009474
6896	0.068432
6897	0.018912
6900	-0.005731
6903	0.010677
6906	-0.055023
6916	-0.010314
6917	0.065960
6918	0.052451
6919	-0.003343
6938	-0.002758
6941	-0.002259
6942	0.035959
6943	0.057203
6944	0.021092
6948	-0.005955
6953	0.049528
6957	-0.038695
6958	-0.042545
6970	-0.028669
6971	0.008120
6976	-0.027069
6977	0.023919
6990	-0.011306
7014	-0.020934
7015	-0.016417
7016	0.049905
7018	0.012612
7019	0.000922
7042	0.014108
7053	0.029940
7066	-0.006861
7067	0.007170
7083	-0.009233
7092	-0.002537
7100	0.015057
7103	-0.002465
7110	-0.050994
7111	-0.016337
7112	-0.029641
7113	0.030950
7116	-0.019993
7119	0.046498
7120	0.057282
7121	0.016778
7122	0.065569
7140	0.008599
7143	0.082374
7157	-0.030965
7165	0.022739
7175	0.000828
7178	0.053408
7206	-0.049581
7207	-0.045975
7217	0.000764
7218	-0.007847
7221	-0.012284
7227	-0.021351
7230	-0.048143
7236	-0.040284
7239	-0.021508
7242	-0.041084
7260	-0.053878
7268	-0.086259
7269	-0.026031
7304	0.009807
7326	0.007469
7327	-0.061023
7336	-0.011394
7342	0.018592
7346	-0.015548
7348	-0.049370
7355	-0.018107
7361	-0.034629
7372	0.027302
7387	-0.027479
7422	0.042801
7423	0.016141
7425	0.067601
7436	0.068367
7442	0.029574
7446	-0.014278
7448	-0.021165
7453	0.011888
7463	-0.003409
7492	-0.152870
7493	-0.019906
7494	0.039035
7495	-0.007757
7518	0.004480
7520	0.135738
7540	0.002845
7546	0.020626
7556	0.070158
7559	0.052912
7560	-0.007758
7561	0.020296
7564	0.012959
7575	0.007342
7583	0.130335
7585	-0.058467
7586	0.035131
7599	0.101926
7600	0.091522
7606	0.064962
7614	-0.002323
7617	-0.091030
7622	-0.033160
7629	0.053882
7637	0.011273
7640	-0.047535
7657	-0.005076
7665	-0.012985
7666	0.068314
7667	-0.019152
7668	-0.037271
7669	0.015213
7670	0.020733
7671	-0.006344
7681	0.099150
7683	-0.022875
7684	-0.005703
7696	-0.012197
7722	0.016054
7723	-0.065163
7799	-0.063018
7852	0.015215
7859	-0.024156
7860	-0.016778
7861	0.006507
7865	0.005784
7875	-0.000812
7876	0.023709
7895	-0.036033
7913	0.007856
7917	0.049581
7952	0.028150
7969	-0.015376
7971	-0.009247
8000	0.003411
8002	-0.007449
8006	-0.026541
8036	0.017565
8056	-0.022033
8069	-0.043488
8103	0.012119
8107	0.025959
8120	0.064471
8122	0.025784
8125	0.027225
8127	0.007887
8136	-0.031281
8149	-0.003401
8154	0.015502
8197	-0.007716
8208	0.044084
8223	0.087908
8232	0.015093
8241	0.014204
8256	-0.025379
8262	-0.012059
8266	-0.007491
8267	0.006786
8268	0.014238
8269	0.020489
8271	-0.034081
8273	0.035730
8280	-0.002382
8284	0.002224
8303	-0.003627
8304	-0.029516
8305	-0.019808
8308	-0.011948
8332	0.021493
8333	-0.008406
8334	0.030083
8338	0.124535
8363	-0.012922
8370	-0.007911
8398	0.034124
8465	-0.018516
8468	-0.009855
8469	-0.006546
8470	0.003524
8507	0.000726
8552	-0.017135
8572	-0.027330
8574	-0.001629
8577	-0.026308
8586	-0.035176
8592	-0.036512
8593	-0.035420
8594	-0.021930
8597	-0.001793
8599	0.014483
8606	-0.022329
8607	-0.040584
8615	-0.021127
8617	-0.014393
8626	0.002612
8636	0.015160
8669	0.005975
8671	0.013178
8673	-0.005368
8675	-0.066760
8790	-0.033781
8791	0.034278
8811	-0.095292
8822	0.001292
8841	-0.016812
8849	0.039894
8856	-0.019073
8875	0.032468
8884	-0.041473
8906	-0.016626
8907	-0.007300
8910	-0.020434
8911	0.003718
8912	0.005579
8913	0.046206
8934	0.027351
8935	0.019434
8954	-0.007460
8968	0.030356
8972	0.018478
9001	-0.027081
9029	0.024919
9032	-0.019092
9058	0.078548
9059	-0.013387
9068	0.019282
9070	-0.020005
9108	-0.003108
9139	-0.053643
9140	-0.041747
9158	0.004609
9187	0.024701
9188	0.007471
9189	0.008095
9190	-0.008598
9253	-0.027722
9259	0.040796
9268	0.023616
9269	0.019716
9271	0.001923
9312	0.057161
9323	-0.025154
9329	-0.037038
9330	-0.039045
9331	-0.002258
9356	0.005685
9376	0.050360
9394	0.021518
9424	-0.037857
9428	-0.000887
9429	-0.009028
9496	0.020592
9536	0.002349
9543	0.053275
9589	0.007688
9614	-0.062655
9615	-0.024609
9617	-0.055220
9631	0.056564
9661	-0.005554
9668	-0.027433
9718	0.043304
9728	-0.008482
9734	-0.000792
9788	0.017885
9791	-0.019401
9793	0.049761
9804	-0.006672
9809	0.038403
9810	0.023702
9823	-0.014597
9828	0.011539
9907	0.050310
9951	-0.006471
9968	0.016743
9969	0.022875
10010	0.026579
10011	-0.006764
10012	0.030086
10018	-0.016270
10021	-0.007889
10022	-0.026947
10031	-0.011193
10032	-0.000444
10033	0.029735
10034	0.012049
10035	0.025907
10039	-0.000903
10044	-0.001706
10045	-0.006411
10060	-0.009330
10065	-0.007819
10077	0.010450
10080	0.002418
10130	0.008775
10131	0.039619
10149	0.012647
10194	0.003973
10197	0.052899
10221	-0.001840
10226	-0.001219
10232	0.072764
10233	0.014482
10263	0.035866
10264	0.017701
10274	0.006954
10286	-0.005995
10292	0.102312
10299	-0.003371
10302	0.014251
10324	-0.025760
10355	0.030110
10358	0.004601
10362	0.068311
10366	0.021645
10368	0.018457
10370	0.022550
10392	0.023715
10405	0.093051
10406	0.018910
10409	0.009996
10419	0.010862
10420	-0.013357
10424	0.007234
10434	-0.002604
10455	-0.001490
10478	0.003345
10480	0.002886
10484	0.022008
10510	-0.006000
10519	-0.028612
10520	-0.028171
10524	-0.003277
10578	-0.111537
10630	-0.006939
10643	0.015335
10645	0.015938
10677	0.002245
10678	-0.014177
10690	0.014087
10717	-0.011973
10718	0.012473
10719	-0.048416
10721	0.031790
10723	0.027045
10735	-0.012930
10736	0.013240
10829	0.024717
10837	-0.014035
10846	-0.014133
10921	-0.004362
10922	0.030713
10923	-0.010594
10924	-0.019851
10964	-0.094801
10978	0.099536
11017	-0.095358
11018	-0.117788
11019	0.008812
11032	-0.011839
11034	-0.029447
11035	-0.020450
11036	-0.023292
11052	0.007108
11056	-0.014327
11060	-0.009653
11063	0.017147
11064	0.048112
11068	0.010425
11069	0.021456
11090	-0.003444
11098	-0.017554
11099	-0.030865
11100	-0.019918
11105	0.004045
11109	0.004735
11122	0.007150
11123	-0.009212
11125	0.007027
11126	0.011477
11149	-0.030541
11153	0.014362
11188	0.068922
11193	-0.033364
11230	-0.010365
11233	0.026269
11236	0.020305
11243	0.036388
11251	0.076375
11259	0.000824
11263	0.059620
11272	-0.004116
11321	0.017782
11322	0.014097
11326	-0.000845
11327	0.025858
11335	0.033395
11337	0.030035
11343	-0.015791
11390	0.030876
11444	-0.058640
11464	0.037461
11471	0.006320
11472	0.020173
11473	-0.022294
11492	-0.009829
11499	-0.017960
11500	0.001218
11505	-0.032876
11527	-0.077052
11528	-0.091835
11532	0.022543
11564	-0.031778
11589	-0.035936
11591	-0.001126
11592	0.017732
11599	-0.032631
11605	-0.117046
11617	-0.009685
11630	-0.002650
11631	-0.064866
11632	0.118902
11656	0.002777
11657	-0.041250
11777	-0.014238
11786	0.040613
11812	0.008621
12020	-0.016682
12061	0.015696
12115	-0.023425
12154	0.039173
12155	-0.014067
12156	-0.004971
12159	0.032908
12174	0.078812
12176	0.090274
12230	0.002623
12234	-0.003627
12236	-0.011934
12237	-0.002921
12250	0.026847
12252	0.063682
12253	-0.014700
12315	-0.033239
12381	-0.010421
12382	-0.047197
12438	0.035392
12455	-0.019589
12462	0.046532
12478	-0.042892
12603	0.068352
12711	0.031339
12714	0.032453
12716	0.017887
12754	0.008520
12785	-0.000262
12788	-0.004680
12792	0.025819
12898	0.034936
12944	0.140729
12949	-0.126752
13062	-0.057044
13099	0.000947
13160	0.003450
13198	0.015624
13239	-0.019497
13249	0.004881
13262	0.050697
13263	0.045751
13272	-0.000614
13273	-0.086860
13277	0.013681
13305	-0.026542
13342	-0.046802
13343	-0.058657
13345	-0.065189
13351	0.015510
13357	0.001672
13427	-0.051081
13436	0.010399
13455	0.014361
13528	0.094988
13532	-0.054686
13553	-0.016129
13566	-0.058555
13651	-0.015077
13653	0.041117
13675	-0.021297
13676	-0.002252
13677	0.051246
13678	-0.016119
13681	0.050474
13688	0.074698
13697	0.024848
13705	-0.036153
13708	0.037212
13737	-0.022169
13760	0.059153
13923	0.029479
13927	0.038922
13995	-0.028774
14002	0.040638
14003	0.033504
14021	0.050576
14034	0.017043
14064	0.006172
14110	0.036545
14155	-0.010058
14203	0.001035
14208	0.035150
14340	-0.019544
14356	-0.077679
14389	0.039930
14499	0.046066
14625	0.021064
14632	0.029204
14637	-0.038061
14641	-0.001735
14685	0.001620
14694	0.008304
14695	0.049388
14699	-0.074387
14700	0.009816
14749	-0.000257
14760	-0.043291
14790	0.013691
14791	-0.005665
14796	0.012087
14797	0.009488
14891	0.033025
14927	-0.021172
15099	-0.044321
15182	-0.059725
15243	-0.018393
15245	-0.043654
15254	-0.045479
15322	0.015799
15327	0.019805
15463	0.038065
15496	0.003315
15499	-0.041269
15502	0.020145
15514	0.035144
15566	0.024938
15580	0.024309
15583	0.013558
15586	0.031805
15601	0.003313
15621	-0.015367
15780	0.020856
15869	-0.000955
16082	0.029238
16281	0.035437
16293	0.056709
16300	-0.006242
16304	-0.010034
16360	0.020413
16361	-0.003544
16367	0.065012
16432	-0.045012
16433	-0.045114
16438	-0.035891
16446	-0.064889
16453	-0.038463
16463	0.137698
16466	-0.036425
16477	-0.035786
16482	0.053424
16605	-0.004692
16606	-0.135801
16635	0.001396
16638	0.003706
16655	0.030646
16673	-0.000714
16676	-0.000508
16677	-0.017535
16678	0.027435
16808	-0.039076
16829	0.024852
17150	-0.028853
17182	-0.010147
17199	-0.030519
17273	0.005726
17431	0.008944
17466	-0.092145
17472	-0.042497
17485	-0.032425
17585	-0.065157
17620	-0.011751
17647	-0.073651
17690	0.083032
17772	-0.001393
18410	-0.023107
19647	-0.060236
21458	0.060331
21885	-0.039184
21973	-0.015728
21976	-0.033005
21977	-0.043927
22084	-0.014070
23475	-0.003382
23754	0.025356
23764	-0.065160
24372	0.032574
24918	-0.010757
24944	-0.004257
25022	-0.010777
25140	0.018732
26484	0.012799
27764	-0.039019
28424	-0.001243
28845	-0.026867
29861	-0.017590
30684	-0.006814
31288	0.069444
31704	-0.037369
32421	0.004582
32520	-0.050292
32893	-0.025720
34340	-0.058187
35227	0.086216
35334	0.008940
36499	0.049262
36843	-0.040624
36844	-0.039126
36955	-0.048755
36970	-0.034353
39336	-0.049121
39353	-0.059846
40538	-0.022094
40541	-0.015008
40542	-0.030055
40599	-0.004008
40601	-0.022083
40602	0.058193
40656	-0.052757
40657	-0.044673
42157	-0.003453
42203	0.007132
42204	-0.026352
42851	0.015542
43061	-0.027675
44144	-0.019173
45195	-0.001625
47030	-0.050368
47285	0.036401
47317	0.078133
47457	-0.025804
47460	0.032907
48147	-0.031257
48297	-0.004032
48474	0.053702
48696	0.051698
49516	0.010568
49630	0.033099
49927	0.041095
50199	0.031422
50249	-0.039868
50259	0.014608
50904	-0.053090
53231	0.007196
53471	0.037009
53531	0.012263
53986	0.005596
55057	-0.001528
56431	-0.009080
56432	-0.009168
56466	-0.039724
56478	0.056472
56621	-0.025272
57644	-0.034740
57756	-0.001062
58783	-0.004805
59657	0.022224
59715	-0.005470
64825	0.019490
64947	-0.017071
65950	-0.004683
70102	-0.030836
75003	0.004196
75099	-0.041200
75742	-0.050350
75823	0.112627
75824	-0.007478
78157	0.070821
78181	0.008064
78191	0.006973
80479	-0.043567
80480	0.012076
80715	0.021991
80719	-0.012574
80750	-0.015718
81231	0.015910
84436	0.033503
84780	0.010739
84844	-0.052190
85002	0.003464
85003	0.029658
85659	-0.034799
85663	-0.039919
85710	-0.027023
92185	0.016526
96142	0.038501
96144	-0.009245
96482	-0.101754
98871	0.014267
