# 1342 minima projected onto PC89
Min	PC
3	-0.057658
4	-0.041752
5	-0.004302
6	-0.024119
7	0.037419
9	-0.033132
16	-0.038537
17	-0.016469
21	0.011653
23	-0.019395
31	-0.036419
44	-0.010630
47	0.015269
48	0.028093
51	-0.028429
52	-0.019194
55	-0.001095
56	-0.026178
57	-0.008446
58	-0.047786
60	0.083711
67	0.035183
68	-0.006982
71	-0.076651
72	-0.027516
74	0.027930
79	-0.006924
82	-0.024662
85	0.015575
86	0.025361
87	-0.003703
88	-0.028941
91	-0.026936
92	-0.003645
94	-0.049805
95	-0.019859
97	-0.069523
104	0.020789
106	0.005058
109	-0.064145
111	-0.073735
115	0.107662
120	0.022070
126	0.036765
129	-0.047228
136	0.012375
137	0.004623
188	-0.074768
189	-0.031819
196	0.114519
199	0.005206
200	-0.045984
202	0.023990
211	-0.028808
213	-0.006980
214	-0.043995
219	0.033655
221	-0.004527
276	0.054772
279	-0.040725
283	-0.071638
295	-0.014989
308	0.070705
312	-0.041465
315	-0.111001
318	0.076135
319	-0.046628
321	0.141376
324	-0.089099
328	-0.014375
334	0.003373
336	0.089937
338	-0.000967
347	-0.016267
351	0.006449
352	0.010466
354	-0.002957
357	0.003285
359	-0.065184
362	0.005384
364	-0.041564
365	-0.053113
368	-0.041225
376	-0.024744
377	-0.026394
380	-0.012411
386	0.003485
388	0.014169
390	0.010105
396	-0.042667
404	0.002498
410	0.036887
413	-0.028474
420	0.034514
423	0.032213
424	-0.015057
437	-0.027408
438	-0.050288
444	0.004353
452	-0.025188
473	0.004179
474	-0.044084
475	-0.008119
476	-0.027240
478	-0.019788
479	-0.016606
480	-0.062144
483	-0.025409
503	-0.062091
508	-0.070693
509	-0.051712
530	-0.033904
536	-0.017494
556	-0.047912
581	-0.003552
583	-0.006331
603	-0.037638
606	-0.029686
607	-0.010084
620	0.036748
628	-0.012621
636	-0.023057
637	-0.167671
639	-0.036539
640	0.062316
644	0.012755
645	0.060552
677	-0.058439
678	-0.035442
679	0.002176
682	-0.010523
698	-0.029099
700	0.037356
710	-0.007887
722	-0.017684
723	-0.031367
724	-0.043331
725	-0.051476
726	-0.003310
747	0.027248
753	-0.031108
755	0.013112
757	-0.003659
765	-0.006628
782	-0.075454
783	0.017153
793	0.066500
808	-0.018404
814	0.105505
840	-0.076854
848	0.003226
859	-0.031407
864	0.007301
867	-0.064454
878	0.010586
888	0.021802
890	-0.058545
892	0.021002
899	0.014403
918	0.003271
926	-0.046040
933	-0.022946
934	0.028288
981	0.023037
1028	0.022663
1034	-0.040903
1051	0.065882
1054	0.043402
1058	0.019833
1062	0.091707
1063	0.018111
1064	0.052394
1066	0.064585
1068	0.000083
1073	0.031539
1082	-0.007861
1083	0.022799
1086	0.028343
1089	-0.015393
1090	-0.040279
1091	0.044729
1092	0.037508
1164	0.037682
1165	-0.017964
1174	0.047057
1176	0.025251
1184	0.021658
1191	0.001036
1192	0.006448
1201	-0.021827
1230	0.050767
1339	0.009941
1341	0.106537
1370	0.057034
1385	0.047457
1405	-0.022707
1437	-0.067212
1441	-0.034208
1443	-0.058517
1521	-0.039400
1522	-0.003726
1523	0.048292
1524	0.036619
1525	-0.003641
1541	0.001813
1542	0.002305
1550	-0.021795
1551	0.043570
1596	-0.037908
1597	0.002403
1628	0.007749
1629	0.022711
1633	-0.069991
1636	0.009809
1637	-0.114262
1765	-0.002705
1766	0.002124
1780	0.043855
1862	-0.029260
1865	-0.043474
1870	0.013101
1885	-0.093553
1910	0.037887
1911	0.059304
2007	0.065285
2060	-0.036082
2062	-0.002091
2090	-0.056665
2093	0.054973
2094	0.050992
2095	-0.040433
2096	-0.026205
2100	0.069294
2101	0.021184
2102	0.021018
2103	0.043810
2104	0.043372
2105	-0.082855
2128	0.003951
2129	-0.008345
2135	0.000522
2190	-0.008161
2195	-0.044004
2197	0.019190
2198	-0.054596
2199	-0.027795
2200	-0.097672
2201	-0.060975
2202	-0.015298
2205	-0.113185
2217	-0.031877
2218	-0.024893
2221	0.011211
2272	-0.037559
2273	0.002129
2275	-0.048530
2288	0.156654
2293	-0.001122
2298	0.082131
2299	0.077161
2300	0.033421
2301	-0.055829
2338	-0.002783
2342	-0.046393
2343	-0.108307
2358	0.027089
2384	-0.034452
2385	0.013822
2399	-0.055542
2435	-0.129613
2436	-0.037894
2465	0.021277
2467	0.001679
2468	0.032191
2469	-0.007881
2470	0.042581
2471	0.053763
2474	-0.055692
2620	0.056961
2650	0.005842
2651	0.035669
2685	-0.054928
2688	-0.109180
2730	-0.033553
2843	-0.054415
2951	0.006337
2959	-0.025191
3236	-0.002668
3305	-0.003701
3318	-0.005943
3340	-0.020965
3352	-0.001552
3355	0.012631
3356	0.126640
3365	-0.052062
3366	-0.050418
3367	-0.028155
3368	-0.010683
3401	0.016385
3405	-0.080767
3434	-0.052130
3448	0.020863
3454	0.100915
3481	-0.046580
3495	-0.045124
3504	0.042430
3532	-0.001590
3540	0.037056
3549	-0.056394
3550	0.011689
3569	0.084211
3595	0.061793
3596	0.042136
3603	0.127020
3621	0.051790
3622	0.035354
3647	-0.013031
3649	-0.051639
3651	0.069881
3652	0.009255
3723	0.019096
3757	-0.028453
3772	0.062589
3787	0.030503
3798	0.070714
3799	-0.042725
3889	-0.032710
3897	0.014061
3898	0.028455
3904	0.101089
3945	0.001785
3990	0.021950
4024	0.061283
4039	-0.086020
4048	0.046450
4050	0.112777
4076	-0.118939
4094	-0.047859
4170	0.019815
4251	0.069723
4252	0.065519
4299	-0.050089
4302	-0.034534
4318	-0.013883
4319	0.015186
4320	-0.052896
4360	0.051615
4388	-0.012415
4414	-0.028741
4426	-0.053388
4446	0.037302
4527	0.000409
4545	-0.009762
4546	-0.067617
4554	0.000193
4564	-0.004602
4567	-0.029486
4634	0.036537
4693	0.093071
4736	-0.068427
4761	-0.068197
4879	0.071165
5071	-0.085433
5138	-0.009978
5164	-0.000454
5182	-0.014748
5183	-0.006962
5184	-0.001738
5187	-0.023675
5188	-0.027879
5189	-0.062476
5193	-0.013307
5194	-0.082023
5195	0.066048
5197	0.071080
5203	-0.042463
5205	-0.032813
5212	-0.101022
5213	-0.028513
5222	0.026816
5223	0.089255
5228	0.109855
5232	-0.045258
5244	0.006416
5245	-0.028845
5246	0.012560
5248	0.019441
5292	-0.027196
5293	0.068545
5299	0.420716
5300	0.282276
5315	0.020741
5316	0.029526
5319	0.037211
5320	0.005406
5321	0.066620
5322	-0.034810
5323	0.021032
5324	0.051633
5325	-0.080444
5329	0.060735
5342	0.026577
5343	-0.067955
5374	-0.171302
5376	-0.034861
5378	0.009725
5379	-0.002979
5382	0.072480
5390	0.045953
5398	-0.028029
5402	0.013774
5404	0.040747
5407	-0.029739
5408	0.004851
5409	-0.015857
5411	-0.062860
5412	-0.004959
5413	-0.017559
5416	-0.046507
5418	0.083720
5422	-0.081729
5425	0.058568
5427	0.050959
5428	-0.002679
5432	-0.004744
5436	-0.003321
5443	-0.043326
5444	0.032393
5458	0.064567
5462	-0.015696
5465	-0.038683
5468	0.052442
5471	-0.031082
5480	-0.016134
5481	0.069928
5485	0.017291
5486	0.040072
5488	-0.025822
5489	-0.058656
5495	0.002083
5513	0.017543
5515	-0.023349
5516	-0.058683
5521	-0.021637
5527	0.026167
5528	0.008054
5536	0.140794
5537	0.045597
5547	0.014817
5565	-0.046819
5573	0.000864
5579	-0.035305
5583	0.090925
5586	0.017791
5589	0.007234
5590	-0.027740
5593	0.021670
5599	0.088894
5604	-0.192722
5605	-0.078087
5606	-0.027579
5625	0.011902
5649	-0.018124
5656	0.045252
5657	0.005539
5658	-0.092598
5686	-0.070113
5695	0.196263
5705	0.030483
5706	0.012474
5716	0.000836
5717	-0.064760
5718	0.115771
5719	-0.030346
5720	0.063096
5724	0.087779
5738	-0.057153
5742	0.084689
5750	-0.042595
5751	0.000373
5756	-0.003431
5761	-0.078789
5768	-0.005302
5773	-0.052398
5792	-0.064650
5793	-0.042939
5794	-0.059454
5806	-0.041682
5811	-0.078956
5812	-0.030677
5813	-0.050592
5814	-0.084543
5821	-0.076826
5823	-0.096341
5825	0.059257
5831	0.005309
5832	-0.040801
5833	0.004163
5847	-0.044748
5849	0.093799
5851	0.053936
5854	0.069081
5858	-0.037174
5862	-0.031899
5875	0.051892
5876	0.013001
5903	-0.061766
5910	-0.123730
5912	-0.188412
5913	-0.043187
5925	-0.050154
5926	0.012614
5927	-0.001366
5928	0.077023
5930	-0.022559
5931	0.077729
5933	-0.009908
5934	0.014043
5937	0.144784
5939	0.017925
5940	-0.085067
5941	0.001067
5943	-0.031623
5963	-0.088761
5964	-0.037425
5965	-0.018139
5966	0.038168
5968	-0.060356
5969	0.087621
5970	0.104858
5971	-0.069985
5975	-0.048491
6006	-0.043071
6011	-0.023767
6017	0.079720
6019	-0.046591
6022	0.087092
6032	0.092048
6095	0.012830
6115	0.011190
6116	0.031656
6119	-0.032465
6127	-0.019762
6128	-0.077088
6130	-0.011541
6140	-0.020279
6141	-0.014523
6147	-0.028760
6148	-0.041939
6163	0.103953
6164	-0.020374
6170	-0.015107
6171	0.008341
6177	-0.002475
6184	0.007489
6200	0.001241
6204	0.091241
6206	-0.019630
6223	0.057716
6240	-0.003643
6245	0.018098
6253	-0.000260
6267	0.039907
6269	-0.040539
6290	0.069177
6303	-0.047119
6317	0.064380
6343	-0.011575
6350	-0.051384
6360	-0.141068
6367	0.052582
6383	0.073653
6389	0.023861
6397	-0.000284
6398	-0.009547
6406	-0.022599
6407	0.045432
6412	-0.081185
6413	-0.030528
6434	0.004264
6435	-0.009046
6460	-0.044854
6463	-0.031450
6464	-0.011679
6489	0.020735
6507	-0.040120
6510	0.147608
6516	0.022270
6518	0.067261
6522	-0.079253
6523	0.105538
6524	-0.023595
6525	0.109585
6531	-0.004325
6536	0.010438
6575	-0.031718
6584	-0.016404
6585	0.037170
6586	0.064595
6594	-0.008234
6595	0.076773
6610	0.015024
6612	-0.038914
6615	0.031209
6624	0.112955
6628	-0.078542
6649	-0.025519
6698	-0.068613
6706	-0.073708
6718	-0.012980
6719	-0.036354
6722	0.040175
6770	-0.092308
6780	0.004617
6781	-0.065826
6794	0.008544
6795	0.122307
6796	-0.013916
6799	-0.007873
6809	-0.081242
6837	-0.045735
6838	0.005138
6839	0.034053
6846	-0.000670
6865	0.065797
6869	-0.063967
6870	0.069423
6871	-0.045286
6873	-0.055999
6876	0.042023
6885	-0.006638
6895	0.021584
6896	0.003762
6897	0.036206
6900	0.130093
6903	0.093625
6906	-0.092404
6916	-0.016374
6917	0.016063
6918	-0.038774
6919	-0.087773
6938	0.054862
6941	-0.054717
6942	-0.025596
6943	0.026586
6944	-0.000103
6948	-0.021473
6953	-0.020859
6957	-0.141385
6958	0.140579
6970	0.039360
6971	-0.018444
6976	0.041409
6977	-0.041345
6990	0.046232
7014	-0.024377
7015	0.035453
7016	-0.007348
7018	-0.026869
7019	-0.040436
7042	-0.068615
7053	-0.102012
7066	0.055583
7067	0.055181
7083	0.012991
7092	0.007894
7100	0.092623
7103	0.039087
7110	0.028078
7111	0.056952
7112	0.086580
7113	-0.004841
7116	0.048552
7119	-0.007450
7120	-0.025372
7121	0.023134
7122	-0.032985
7140	0.110946
7143	-0.099760
7157	-0.043034
7165	-0.047688
7175	-0.024053
7178	0.001948
7206	-0.062917
7207	0.047745
7217	0.022197
7218	0.114515
7221	0.021442
7227	0.072543
7230	-0.115519
7236	-0.039409
7239	0.095225
7242	-0.001704
7260	0.055970
7268	0.049847
7269	-0.020539
7304	0.036642
7326	-0.016230
7327	-0.442630
7336	-0.022586
7342	0.008805
7346	0.038587
7348	0.010773
7355	-0.026608
7361	0.060436
7372	0.018447
7387	0.011549
7422	-0.045038
7423	0.024323
7425	-0.016663
7436	-0.003748
7442	0.110555
7446	-0.011450
7448	0.021125
7453	-0.013488
7463	0.014230
7492	0.139959
7493	0.024900
7494	-0.136673
7495	0.018705
7518	0.073619
7520	0.041329
7540	0.003384
7546	0.010023
7556	-0.012500
7559	0.085201
7560	0.077078
7561	0.044954
7564	-0.014905
7575	0.034861
7583	0.048121
7585	-0.095007
7586	0.063053
7599	0.019320
7600	0.045022
7606	0.028262
7614	0.027183
7617	-0.110212
7622	-0.007882
7629	-0.025941
7637	-0.006193
7640	-0.062627
7657	-0.022765
7665	0.000639
7666	-0.009626
7667	0.019852
7668	-0.035778
7669	0.076425
7670	0.049369
7671	-0.028962
7681	0.131693
7683	-0.021325
7684	-0.034332
7696	-0.018415
7722	0.179148
7723	-0.101286
7799	0.109168
7852	-0.097292
7859	-0.010117
7860	0.073261
7861	0.098382
7865	0.069214
7875	0.000490
7876	-0.043360
7895	-0.039957
7913	0.030969
7917	-0.045107
7952	0.040254
7969	0.114629
7971	0.014390
8000	-0.021639
8002	0.001383
8006	0.086167
8036	0.034428
8056	0.003156
8069	0.031073
8103	0.092117
8107	0.075454
8120	-0.053440
8122	0.022461
8125	-0.018320
8127	-0.085065
8136	0.051627
8149	0.098566
8154	0.115059
8197	0.034302
8208	-0.098548
8223	-0.074215
8232	0.088006
8241	0.014903
8256	-0.020675
8262	-0.010418
8266	0.108495
8267	-0.043215
8268	-0.044092
8269	-0.129081
8271	0.007466
8273	-0.034035
8280	-0.017110
8284	-0.077726
8303	-0.053833
8304	0.102178
8305	0.057736
8308	0.057582
8332	-0.126179
8333	-0.003225
8334	0.053012
8338	-0.104889
8363	0.024120
8370	0.033477
8398	-0.062840
8465	0.040358
8468	0.010515
8469	0.067736
8470	-0.069800
8507	-0.037182
8552	-0.016546
8572	-0.038799
8574	0.010477
8577	0.175493
8586	0.071822
8592	-0.072719
8593	-0.026544
8594	0.018490
8597	0.041173
8599	-0.000485
8606	0.155187
8607	0.013273
8615	-0.003443
8617	-0.035151
8626	0.020925
8636	0.036295
8669	-0.032365
8671	-0.095909
8673	0.060589
8675	0.019350
8790	-0.041619
8791	0.009766
8811	0.006981
8822	-0.122110
8841	0.018995
8849	0.013414
8856	0.001065
8875	-0.015115
8884	0.055384
8906	0.001299
8907	0.014893
8910	0.017711
8911	-0.000829
8912	-0.020574
8913	-0.040217
8934	-0.034734
8935	-0.034393
8954	0.002408
8968	-0.019296
8972	0.013147
9001	-0.071135
9029	0.066400
9032	-0.036401
9058	-0.000724
9059	0.048714
9068	-0.020154
9070	-0.080791
9108	0.037350
9139	0.044558
9140	0.054542
9158	0.003253
9187	-0.061276
9188	-0.052200
9189	-0.106794
9190	-0.043027
9253	0.088260
9259	0.037831
9268	-0.058079
9269	0.096767
9271	0.059462
9312	0.025241
9323	0.075201
9329	0.088432
9330	0.098838
9331	0.125139
9356	0.042991
9376	0.025067
9394	0.023241
9424	-0.004778
9428	0.075894
9429	0.006406
9496	-0.045298
9536	0.008944
9543	0.115004
9589	-0.053260
9614	-0.000994
9615	-0.037975
9617	-0.035416
9631	0.014226
9661	0.108847
9668	-0.041026
9718	0.045992
9728	0.066509
9734	-0.034342
9788	0.031942
9791	0.203416
9793	-0.000739
9804	-0.000374
9809	0.031702
9810	0.052776
9823	-0.230056
9828	0.001461
9907	0.055876
9951	0.064305
9968	0.093585
9969	0.102949
10010	0.074691
10011	0.112384
10012	0.063446
10018	-0.042695
10021	-0.023081
10022	-0.131680
10031	-0.022512
10032	-0.001844
10033	-0.014318
10034	0.001405
10035	-0.010723
10039	0.031036
10044	0.012800
10045	0.051958
10060	-0.002001
10065	-0.039985
10077	-0.025508
10080	-0.046642
10130	0.047618
10131	-0.014003
10149	0.054208
10194	-0.038131
10197	-0.038313
10221	0.021660
10226	-0.036886
10232	-0.126003
10233	0.063457
10263	0.049437
10264	0.048001
10274	0.001174
10286	0.073633
10292	0.320733
10299	-0.016747
10302	-0.052947
10324	0.039606
10355	0.037081
10358	0.002112
10362	0.029261
10366	-0.005380
10368	-0.026953
10370	0.104130
10392	0.047563
10405	0.117183
10406	0.042687
10409	-0.024877
10419	-0.058116
10420	-0.000653
10424	-0.027825
10434	0.039678
10455	0.050001
10478	0.017584
10480	0.033311
10484	0.011907
10510	0.014266
10519	-0.111510
10520	-0.054325
10524	0.012330
10578	0.014927
10630	0.135310
10643	0.050153
10645	-0.008281
10677	-0.046714
10678	-0.002495
10690	-0.044309
10717	-0.047393
10718	-0.121525
10719	0.084334
10721	0.045838
10723	0.001772
10735	0.005434
10736	-0.134034
10829	0.038058
10837	-0.029338
10846	0.037577
10921	0.043059
10922	-0.007788
10923	0.008799
10924	0.054879
10964	0.010798
10978	0.013126
11017	-0.257584
11018	-0.248280
11019	-0.036177
11032	-0.156043
11034	-0.096871
11035	-0.090484
11036	-0.155922
11052	-0.006826
11056	0.095089
11060	0.267139
11063	-0.061238
11064	-0.029721
11068	-0.093256
11069	-0.090522
11090	-0.072433
11098	-0.122209
11099	-0.002176
11100	-0.017949
11105	-0.026720
11109	-0.073073
11122	0.027333
11123	-0.035920
11125	-0.065411
11126	-0.067225
11149	-0.055087
11153	-0.037682
11188	-0.002346
11193	-0.046052
11230	-0.118929
11233	0.033636
11236	-0.190931
11243	-0.045404
11251	-0.004710
11259	0.053079
11263	0.064622
11272	0.151941
11321	0.063289
11322	0.071091
11326	-0.006033
11327	0.070670
11335	-0.089898
11337	-0.033888
11343	0.152086
11390	-0.043764
11444	0.086734
11464	-0.015078
11471	0.053257
11472	0.033556
11473	0.041490
11492	0.024177
11499	0.011137
11500	-0.016187
11505	-0.010121
11527	0.043905
11528	-0.016688
11532	-0.035849
11564	-0.024581
11589	0.052844
11591	-0.058607
11592	-0.047493
11599	0.166079
11605	-0.021333
11617	0.044318
11630	-0.016361
11631	0.016637
11632	0.111634
11656	-0.046875
11657	0.003209
11777	0.023301
11786	-0.012608
11812	0.069443
12020	0.054830
12061	0.007735
12115	-0.162878
12154	0.065333
12155	-0.133272
12156	-0.004013
12159	-0.033592
12174	0.088555
12176	0.077784
12230	-0.074092
12234	-0.034628
12236	-0.008598
12237	0.015130
12250	0.010906
12252	0.023060
12253	0.006909
12315	-0.003598
12381	0.005348
12382	-0.003760
12438	0.111601
12455	-0.077095
12462	0.081134
12478	-0.058205
12603	-0.078495
12711	0.005887
12714	-0.009668
12716	-0.038221
12754	-0.044449
12785	0.054638
12788	-0.010637
12792	0.106212
12898	-0.007627
12944	-0.187637
12949	0.026419
13062	0.001936
13099	-0.108499
13160	0.041131
13198	0.012396
13239	-0.001902
13249	0.132892
13262	0.007888
13263	-0.234182
13272	-0.133759
13273	0.125102
13277	-0.020216
13305	-0.010945
13342	-0.062740
13343	-0.081875
13345	-0.110280
13351	-0.066665
13357	-0.015533
13427	-0.086516
13436	0.061328
13455	0.064723
13528	0.012837
13532	-0.044515
13553	-0.076605
13566	0.001976
13651	0.000509
13653	0.006893
13675	0.001799
13676	0.015295
13677	0.006028
13678	0.043619
13681	-0.008472
13688	0.010949
13697	-0.024049
13705	-0.098157
13708	-0.008155
13737	0.011428
13760	0.000470
13923	0.010926
13927	0.015639
13995	0.011813
14002	-0.070291
14003	-0.017058
14021	0.146052
14034	0.004324
14064	0.019361
14110	-0.102117
14155	0.034092
14203	0.015530
14208	0.030566
14340	0.065412
14356	-0.012807
14389	-0.028880
14499	-0.005667
14625	-0.022983
14632	0.022189
14637	-0.067461
14641	-0.056266
14685	0.055813
14694	0.024960
14695	-0.011165
14699	-0.111522
14700	0.008768
14749	-0.049637
14760	-0.030349
14790	0.040134
14791	-0.008636
14796	-0.059312
14797	0.075727
14891	-0.006179
14927	-0.054995
15099	0.054450
15182	-0.050717
15243	-0.037245
15245	0.017396
15254	0.001535
15322	-0.046485
15327	-0.027416
15463	0.080723
15496	-0.027125
15499	0.104818
15502	-0.075041
15514	0.070056
15566	0.106549
15580	0.095262
15583	-0.017941
15586	0.082617
15601	-0.074654
15621	0.016678
15780	0.052134
15869	-0.021855
16082	0.029817
16281	-0.125303
16293	-0.084794
16300	0.061605
16304	-0.006272
16360	-0.068980
16361	-0.048395
16367	-0.017531
16432	0.032426
16433	-0.015596
16438	-0.135835
16446	-0.214935
16453	-0.144478
16463	-0.083383
16466	-0.067694
16477	-0.059466
16482	-0.112939
16605	0.140123
16606	-0.191741
16635	0.051034
16638	-0.044334
16655	0.022669
16673	-0.073280
16676	-0.108161
16677	-0.023437
16678	-0.089541
16808	0.023552
16829	-0.055541
17150	0.077315
17182	0.004400
17199	-0.001055
17273	0.082010
17431	-0.004618
17466	-0.028242
17472	0.055637
17485	-0.025188
17585	-0.011990
17620	-0.051438
17647	-0.149504
17690	-0.051712
17772	-0.019886
18410	-0.055977
19647	0.136385
21458	0.084426
21885	-0.001274
21973	0.058099
21976	-0.031547
21977	0.020677
22084	0.035328
23475	-0.031985
23754	-0.016526
23764	0.046244
24372	0.073900
24918	-0.093999
24944	-0.108729
25022	0.035233
25140	0.117345
26484	0.008216
27764	-0.031960
28424	0.016135
28845	-0.021532
29861	-0.145623
30684	-0.054269
31288	-0.031915
31704	0.001527
32421	-0.028252
32520	-0.001031
32893	0.002565
34340	0.035610
35227	-0.185674
35334	-0.010816
36499	0.076281
36843	0.070682
36844	0.023790
36955	0.019369
36970	0.023613
39336	0.009789
39353	0.014057
40538	0.098350
40541	0.048211
40542	0.054461
40599	-0.075925
40601	0.034551
40602	0.077794
40656	0.078433
40657	-0.078952
42157	-0.063638
42203	-0.022016
42204	0.057316
42851	-0.016456
43061	0.112839
44144	-0.053189
45195	0.108361
47030	0.049866
47285	-0.106562
47317	-0.046567
47457	0.153451
47460	0.037282
48147	-0.043773
48297	0.196362
48474	-0.051131
48696	-0.039601
49516	-0.007333
49630	0.027758
49927	-0.101028
50199	0.029418
50249	-0.038401
50259	0.023437
50904	0.017559
53231	-0.018864
53471	0.011304
53531	0.022448
53986	0.008704
55057	-0.071522
56431	0.042477
56432	0.035952
56466	-0.090358
56478	-0.075485
56621	0.109188
57644	-0.000905
57756	0.069449
58783	0.139994
59657	-0.012931
59715	-0.051338
64825	0.089660
64947	-0.030401
65950	0.008931
70102	0.073584
75003	0.045249
75099	0.068581
75742	-0.062748
75823	0.006187
75824	0.001161
78157	-0.174000
78181	-0.028067
78191	0.004648
80479	0.059406
80480	0.023570
80715	-0.003338
80719	0.015460
80750	0.060096
81231	0.065963
84436	-0.023543
84780	-0.075109
84844	0.030956
85002	-0.038342
85003	-0.067532
85659	0.040812
85663	0.087801
85710	0.073839
92185	0.158062
96142	0.053468
96144	0.118272
96482	0.007969
98871	0.097510
