# 1342 minima projected onto PC11
Min	PC
3	-0.472150
4	-0.515679
5	-0.793328
6	1.668844
7	-2.265944
9	-1.991367
16	1.531302
17	2.225684
21	-1.145691
23	0.116244
31	0.121171
44	-1.763496
47	-0.872608
48	0.016938
51	-0.091238
52	1.835821
55	0.020006
56	-0.485902
57	-0.968983
58	-0.307310
60	-1.218225
67	-0.276654
68	-0.926334
71	0.260281
72	0.202561
74	-1.271642
79	-0.754978
82	-0.012751
85	-0.381257
86	0.007200
87	-0.106880
88	-1.446269
91	0.778309
92	-1.524884
94	0.165643
95	-0.255776
97	0.243956
104	0.665322
106	1.010066
109	-1.925111
111	-1.648226
115	-2.310950
120	-1.638143
126	-0.850750
129	-0.971625
136	-1.636348
137	-0.228588
188	0.935034
189	1.668546
196	-0.299301
199	-1.570188
200	-0.049815
202	1.006384
211	-0.894233
213	-0.767487
214	-0.427044
219	-2.686930
221	-3.229968
276	0.757978
279	0.370485
283	1.216962
295	0.323769
308	0.205436
312	-0.950236
315	0.727669
318	-2.012792
319	0.295914
321	-2.940642
324	-1.743837
328	-0.016123
334	-0.298937
336	1.141666
338	-0.084674
347	-0.703612
351	0.125227
352	-0.400159
354	-0.626169
357	2.681275
359	0.850784
362	-1.233775
364	-1.613443
365	-1.530843
368	-1.174095
376	0.022658
377	-0.078167
380	0.383598
386	-0.477302
388	-0.750522
390	-0.423429
396	-0.651428
404	0.861459
410	-2.297389
413	1.678280
420	-2.021488
423	-0.190603
424	0.938036
437	0.411347
438	2.152530
444	-1.593236
452	-0.662220
473	-1.389604
474	0.419765
475	1.659576
476	1.060098
478	1.800933
479	1.367957
480	1.530146
483	0.234259
503	-1.701142
508	1.484433
509	-1.110572
530	0.705117
536	-0.326250
556	0.280173
581	0.335115
583	-0.399724
603	-1.977596
606	1.917822
607	-0.532630
620	-2.015230
628	-0.916634
636	-0.256409
637	-0.059038
639	-1.706044
640	-1.893877
644	2.521383
645	2.628485
677	2.096799
678	3.082289
679	2.959138
682	2.723083
698	2.370917
700	3.152973
710	-0.589876
722	0.257922
723	-1.053446
724	-0.407069
725	-1.132281
726	-0.551591
747	0.000249
753	0.225783
755	0.262801
757	0.806114
765	0.605417
782	-0.640791
783	-2.531539
793	1.100523
808	-0.136091
814	-1.536793
840	-3.332900
848	-1.179754
859	-0.111429
864	-0.341385
867	0.134684
878	-0.185562
888	-0.153752
890	-1.743978
892	0.182347
899	-1.019815
918	0.148699
926	0.523883
933	0.484452
934	-0.487905
981	0.965782
1028	-1.909921
1034	-0.535102
1051	-2.228677
1054	-2.025286
1058	-1.519633
1062	-1.979428
1063	0.416603
1064	-2.256118
1066	-0.431306
1068	2.424745
1073	-0.887814
1082	0.204158
1083	0.868304
1086	-1.246149
1089	0.908477
1090	0.368874
1091	-0.830288
1092	-1.542579
1164	0.319199
1165	1.094879
1174	0.477673
1176	0.146271
1184	0.535832
1191	0.055603
1192	-0.279394
1201	-0.123742
1230	-2.051480
1339	-0.279146
1341	-1.056056
1370	-0.189126
1385	0.256944
1405	0.480544
1437	-0.227826
1441	0.650891
1443	-1.837416
1521	-0.257028
1522	-0.084857
1523	0.565027
1524	-0.068291
1525	-0.548971
1541	-1.001156
1542	-0.493928
1550	-0.367373
1551	0.202209
1596	-0.665076
1597	0.761264
1628	-2.497718
1629	-0.995995
1633	-0.761884
1636	0.867173
1637	-0.053502
1765	-1.589483
1766	1.505367
1780	-2.898788
1862	-1.426531
1865	2.417625
1870	-1.291565
1885	-0.180254
1910	-0.160236
1911	2.992301
2007	-1.967394
2060	1.991627
2062	2.696059
2090	-0.378103
2093	-0.162862
2094	0.497986
2095	-0.683968
2096	-0.865509
2100	-0.345311
2101	-2.866156
2102	-2.466192
2103	-3.115303
2104	-2.712005
2105	-1.892056
2128	0.434118
2129	2.553654
2135	-0.198012
2190	-1.848349
2195	-1.609979
2197	1.786301
2198	-1.350685
2199	-1.588944
2200	-1.502694
2201	-1.470982
2202	-1.338745
2205	-0.915467
2217	-1.249192
2218	-0.370522
2221	0.147580
2272	-2.092131
2273	-1.210481
2275	-0.105260
2288	-0.460584
2293	1.315210
2298	1.379791
2299	-0.909079
2300	1.738545
2301	-1.032848
2338	-0.386109
2342	-0.049175
2343	-0.351189
2358	-0.414277
2384	2.357571
2385	-1.158757
2399	-1.456493
2435	-0.754671
2436	-0.650288
2465	2.953602
2467	1.492486
2468	1.722300
2469	2.157198
2470	1.744845
2471	0.326383
2474	1.908001
2620	-0.144474
2650	-1.934992
2651	-1.190844
2685	0.163924
2688	-0.705345
2730	-2.177782
2843	-1.961204
2951	-1.029912
2959	-0.369444
3236	-0.085537
3305	-0.407964
3318	-3.587099
3340	-0.181594
3352	2.880143
3355	2.819441
3356	1.948419
3365	-1.915915
3366	-2.620340
3367	-2.772523
3368	-2.085852
3401	-2.454242
3405	-0.115399
3434	2.489300
3448	0.598679
3454	2.788716
3481	1.376220
3495	1.823123
3504	-2.739868
3532	-3.317850
3540	-2.584239
3549	-3.377706
3550	-3.654394
3569	-0.925296
3595	-1.043148
3596	-3.068584
3603	-0.303053
3621	-1.243257
3622	-0.629730
3647	2.518939
3649	0.557606
3651	-0.244561
3652	-2.324655
3723	0.630768
3757	-3.009433
3772	-0.376834
3787	-0.121482
3798	-2.919210
3799	-1.572038
3889	-2.401824
3897	-0.311377
3898	-2.435694
3904	-1.220661
3945	-0.275203
3990	1.740519
4024	-0.071018
4039	-1.058833
4048	-2.129347
4050	-1.568342
4076	-3.307206
4094	-0.882692
4170	1.067887
4251	-1.146034
4252	-0.240772
4299	-0.824136
4302	-1.451533
4318	-1.056096
4319	0.368187
4320	1.292485
4360	-1.239725
4388	-1.813752
4414	-2.190455
4426	-3.405156
4446	0.263265
4527	3.810520
4545	-2.259381
4546	-1.782929
4554	-2.213469
4564	0.504319
4567	-1.584302
4634	-1.894568
4693	-1.359873
4736	-2.962454
4761	-1.552976
4879	-0.712658
5071	2.135670
5138	-0.504754
5164	1.655571
5182	-0.380022
5183	0.052810
5184	-0.394394
5187	-1.193026
5188	-0.732592
5189	-1.832659
5193	1.663734
5194	-0.820537
5195	1.131459
5197	-0.223520
5203	0.679189
5205	0.848716
5212	-0.145364
5213	-0.694980
5222	-1.433085
5223	-0.499670
5228	-0.010500
5232	-0.176028
5244	-2.183157
5245	-0.245511
5246	-0.243545
5248	-1.292888
5292	0.358789
5293	-0.355478
5299	-0.341640
5300	-1.600021
5315	-0.432577
5316	0.060927
5319	0.689842
5320	0.913840
5321	0.327137
5322	-1.106635
5323	-1.409919
5324	0.603615
5325	1.667832
5329	0.018449
5342	1.641931
5343	0.406496
5374	-0.719875
5376	-0.260763
5378	0.533122
5379	2.184375
5382	0.950944
5390	0.732257
5398	-1.826975
5402	-0.171577
5404	0.007824
5407	-0.050605
5408	0.091529
5409	-0.119395
5411	-1.151149
5412	-0.639177
5413	-1.390992
5416	-0.405372
5418	-0.110948
5422	-0.108203
5425	0.125193
5427	-0.673202
5428	-1.335314
5432	-0.318084
5436	-1.980930
5443	-0.421609
5444	0.922161
5458	-0.318493
5462	0.992577
5465	1.084053
5468	-0.019593
5471	1.384279
5480	1.612560
5481	0.543407
5485	0.316119
5486	-0.691035
5488	-0.275846
5489	0.060476
5495	-1.169145
5513	-0.246371
5515	1.707856
5516	2.360357
5521	-1.266037
5527	0.261168
5528	0.888868
5536	1.418253
5537	2.236264
5547	-0.526978
5565	0.063614
5573	-1.130189
5579	-1.226824
5583	1.952040
5586	-0.683081
5589	-0.961870
5590	0.618786
5593	-0.960052
5599	-1.576798
5604	-0.629404
5605	0.932125
5606	0.523854
5625	-0.657850
5649	-0.949431
5656	-2.225054
5657	-0.749568
5658	3.308945
5686	0.144212
5695	-1.128191
5705	-1.724231
5706	-0.261031
5716	-0.792110
5717	-0.533381
5718	-1.266259
5719	1.814367
5720	-1.484892
5724	-0.635597
5738	0.055198
5742	-1.036676
5750	-0.789578
5751	1.634072
5756	-0.524636
5761	-0.577783
5768	-0.627620
5773	-0.786744
5792	0.425021
5793	0.071999
5794	-0.332813
5806	-0.729840
5811	-1.060524
5812	-1.566967
5813	-2.157982
5814	-1.789323
5821	-0.895439
5823	0.442904
5825	-1.159744
5831	0.563513
5832	0.583555
5833	-2.705120
5847	-1.297584
5849	0.410041
5851	-1.223168
5854	-1.220908
5858	-0.955423
5862	0.529612
5875	1.103563
5876	1.111698
5903	-1.072092
5910	-1.004070
5912	-0.858344
5913	-0.419574
5925	-1.076155
5926	0.669323
5927	-1.876448
5928	-1.769602
5930	-0.203510
5931	-1.006106
5933	0.041383
5934	1.746429
5937	0.478448
5939	0.415795
5940	0.816956
5941	0.669709
5943	1.574587
5963	-1.048426
5964	2.974447
5965	1.550293
5966	1.528734
5968	-0.872524
5969	1.079990
5970	-0.040099
5971	-1.815823
5975	-1.083415
6006	3.392849
6011	2.196723
6017	0.628235
6019	-2.235938
6022	0.464887
6032	-1.317426
6095	-1.566300
6115	-1.034876
6116	2.259209
6119	2.663469
6127	3.292443
6128	5.158443
6130	2.871004
6140	0.490363
6141	1.411415
6147	2.142907
6148	2.122591
6163	2.169880
6164	3.251568
6170	1.608433
6171	0.646797
6177	1.392034
6184	-0.259134
6200	-0.816526
6204	0.282745
6206	-0.123445
6223	-0.056096
6240	1.787406
6245	3.376882
6253	-1.272655
6267	-1.593208
6269	-0.201481
6290	-0.671088
6303	-0.801212
6317	-1.904041
6343	1.064405
6350	1.875942
6360	-0.647867
6367	0.615720
6383	-0.688724
6389	-0.862858
6397	-0.545037
6398	0.343516
6406	1.897002
6407	-0.597118
6412	1.073855
6413	0.687297
6434	1.319373
6435	0.533375
6460	1.288990
6463	2.548030
6464	1.336870
6489	1.418672
6507	2.278544
6510	0.305068
6516	0.400076
6518	-0.272429
6522	-1.062730
6523	-0.509428
6524	-1.719689
6525	1.274955
6531	-1.364874
6536	-2.080912
6575	-2.128200
6584	0.882668
6585	0.362311
6586	0.343444
6594	0.789576
6595	2.021833
6610	0.287992
6612	0.238396
6615	-1.227623
6624	-1.026153
6628	-1.604966
6649	-0.545797
6698	1.550777
6706	-0.970489
6718	2.881243
6719	-0.470115
6722	1.103529
6770	-0.175382
6780	-3.400222
6781	-3.145375
6794	0.864609
6795	0.625664
6796	0.949923
6799	-1.390909
6809	0.380677
6837	-2.483434
6838	-2.401057
6839	0.263713
6846	0.122386
6865	-1.442047
6869	0.456420
6870	-0.446279
6871	0.141653
6873	1.041127
6876	1.555127
6885	-0.074003
6895	0.427134
6896	-0.165279
6897	-0.644851
6900	-0.046094
6903	-1.366933
6906	-1.541618
6916	0.660661
6917	-0.799947
6918	-0.020133
6919	-1.966478
6938	-1.053955
6941	-1.506354
6942	-1.191624
6943	0.800773
6944	1.564265
6948	0.073909
6953	-0.395079
6957	-2.255425
6958	1.684452
6970	0.419539
6971	1.819271
6976	0.174832
6977	-0.463647
6990	3.215299
7014	1.289567
7015	1.654620
7016	-1.145916
7018	-0.707126
7019	-1.897673
7042	0.141676
7053	0.271213
7066	1.089303
7067	2.757730
7083	1.187344
7092	0.732929
7100	0.925355
7103	1.026662
7110	0.844251
7111	-1.405508
7112	-0.297715
7113	-0.508006
7116	-0.059830
7119	-1.945159
7120	-1.350901
7121	-0.590299
7122	-1.902889
7140	0.192100
7143	1.356949
7157	0.709823
7165	-0.866169
7175	2.457379
7178	1.208903
7206	0.097222
7207	0.266449
7217	1.828585
7218	2.108777
7221	3.498211
7227	-1.092829
7230	-0.329323
7236	-0.067926
7239	-1.479384
7242	0.637413
7260	-0.817772
7268	-1.831468
7269	-1.176195
7304	-3.010297
7326	-0.360649
7327	0.722570
7336	-1.297417
7342	-0.419846
7346	0.235545
7348	2.068067
7355	0.552217
7361	-0.626661
7372	0.302052
7387	-2.116260
7422	-1.638823
7423	-2.129952
7425	-0.007541
7436	0.156591
7442	-1.405665
7446	2.266771
7448	-0.471576
7453	-0.669056
7463	0.075372
7492	-0.761073
7493	0.784264
7494	-1.024927
7495	-0.524722
7518	1.243499
7520	0.349092
7540	0.338247
7546	0.266058
7556	-0.622389
7559	1.135925
7560	0.795233
7561	-0.462808
7564	-0.788864
7575	0.666323
7583	0.198705
7585	-0.147931
7586	-0.894672
7599	-0.657608
7600	0.312121
7606	-0.876837
7614	-0.292078
7617	-1.295774
7622	-1.322711
7629	-0.478768
7637	0.066879
7640	-0.081969
7657	0.217318
7665	-0.381137
7666	-0.453655
7667	1.465336
7668	0.664421
7669	1.762234
7670	1.020267
7671	1.590442
7681	-0.230099
7683	0.462433
7684	0.296942
7696	0.697454
7722	2.297475
7723	-1.238883
7799	-0.188437
7852	-2.902274
7859	-2.377141
7860	-2.970087
7861	2.705359
7865	-0.748534
7875	2.905757
7876	0.238497
7895	-1.479332
7913	-0.352605
7917	0.771483
7952	-0.867180
7969	1.384963
7971	1.396890
8000	0.110402
8002	1.374965
8006	0.071980
8036	3.024615
8056	-0.649610
8069	-0.310497
8103	-0.560642
8107	-1.335044
8120	-1.621818
8122	-1.005090
8125	-2.297378
8127	-1.668979
8136	0.742886
8149	0.774628
8154	1.165280
8197	-0.077452
8208	-0.101051
8223	0.016404
8232	-1.747076
8241	-2.199777
8256	-1.727751
8262	-1.801859
8266	2.422365
8267	3.180952
8268	2.977720
8269	2.215733
8271	-1.382195
8273	-0.788221
8280	3.325216
8284	2.242557
8303	0.229938
8304	1.013226
8305	0.929652
8308	0.659484
8332	-1.830451
8333	-1.632256
8334	-1.483189
8338	-2.091862
8363	-0.575659
8370	-1.566078
8398	-1.009690
8465	-1.088669
8468	3.116876
8469	3.663739
8470	3.104825
8507	2.371347
8552	1.879265
8572	0.306100
8574	0.954117
8577	1.475372
8586	2.142575
8592	1.857860
8593	2.677644
8594	3.866887
8597	0.774074
8599	2.979773
8606	0.328541
8607	-0.095487
8615	-1.566664
8617	-1.718343
8626	2.200102
8636	1.136247
8669	0.048301
8671	0.453117
8673	3.928708
8675	-0.607491
8790	0.635585
8791	-0.345723
8811	-0.514251
8822	-0.929093
8841	0.196194
8849	0.574516
8856	0.185374
8875	-1.349824
8884	1.378646
8906	0.012792
8907	1.300803
8910	0.091531
8911	-0.544329
8912	-0.703625
8913	0.764480
8934	-1.020896
8935	-1.692358
8954	-0.868831
8968	3.800967
8972	4.152505
9001	-0.064539
9029	1.929082
9032	2.796800
9058	-0.560219
9059	-2.063524
9068	1.066749
9070	-0.675940
9108	-0.938051
9139	-2.169683
9140	-1.791614
9158	-1.357343
9187	1.651509
9188	3.927774
9189	4.098014
9190	3.705550
9253	-2.441232
9259	-2.428252
9268	-3.106715
9269	-3.315777
9271	-3.641340
9312	-1.618383
9323	-2.173794
9329	-2.411076
9330	-2.688127
9331	-0.617465
9356	-3.407501
9376	-2.494549
9394	-1.660428
9424	3.477651
9428	2.575688
9429	1.687167
9496	-2.081388
9536	4.457667
9543	1.306162
9589	-1.784066
9614	-2.909160
9615	-2.029048
9617	-2.821830
9631	1.731364
9661	2.265808
9668	-1.844388
9718	0.876850
9728	1.584737
9734	-1.866605
9788	-0.028341
9791	1.480809
9793	-1.407674
9804	-2.929837
9809	-3.592082
9810	-3.601674
9823	3.042644
9828	1.125436
9907	0.100044
9951	2.398732
9968	1.936993
9969	1.731616
10010	4.027681
10011	2.232307
10012	3.196683
10018	4.317136
10021	-0.623383
10022	-2.167396
10031	-0.204972
10032	1.537609
10033	2.673139
10034	-1.086531
10035	3.488020
10039	1.485202
10044	3.746509
10045	2.987231
10060	-1.348073
10065	-0.693475
10077	0.492098
10080	-0.282523
10130	1.540641
10131	2.217457
10149	-0.152338
10194	-1.142964
10197	0.067590
10221	0.304291
10226	-1.573881
10232	-0.804111
10233	0.322574
10263	2.880756
10264	2.470194
10274	0.370385
10286	0.444785
10292	0.895075
10299	-2.031440
10302	0.519705
10324	-0.605224
10355	-0.424481
10358	-0.827823
10362	1.311330
10366	2.127668
10368	-0.556367
10370	-0.037529
10392	-2.052003
10405	2.294437
10406	1.206143
10409	1.355915
10419	3.626758
10420	1.860650
10424	3.682446
10434	3.383399
10455	1.489035
10478	0.548389
10480	0.977059
10484	1.760226
10510	3.522705
10519	3.387457
10520	4.167565
10524	3.295480
10578	1.209670
10630	1.624134
10643	1.990049
10645	2.239542
10677	2.676142
10678	2.817164
10690	2.780588
10717	1.920383
10718	1.993210
10719	0.268450
10721	2.339707
10723	0.610265
10735	3.598092
10736	1.739577
10829	1.334667
10837	1.091397
10846	3.386383
10921	-1.502458
10922	-3.184080
10923	1.962114
10924	1.585963
10964	0.088164
10978	-0.217984
11017	-0.800583
11018	-1.750022
11019	1.478767
11032	3.780435
11034	3.145078
11035	3.609526
11036	3.304139
11052	-2.162317
11056	0.867200
11060	3.625458
11063	4.607191
11064	1.574258
11068	3.632475
11069	4.107919
11090	1.039540
11098	4.270182
11099	5.836477
11100	5.250220
11105	4.202727
11109	4.603966
11122	-2.810849
11123	-2.537216
11125	-1.757123
11126	-3.004860
11149	4.087218
11153	1.043338
11188	1.025676
11193	5.430397
11230	0.227931
11233	4.186960
11236	0.097406
11243	0.304845
11251	-0.804256
11259	1.276010
11263	-0.522782
11272	-0.026927
11321	-1.722223
11322	1.580947
11326	1.289567
11327	1.525470
11335	4.085815
11337	1.291554
11343	2.452501
11390	0.778428
11444	2.848889
11464	-2.547883
11471	-1.433784
11472	-1.981751
11473	0.816507
11492	0.799049
11499	1.457261
11500	-0.053832
11505	2.780113
11527	-0.507817
11528	-0.712029
11532	-1.001529
11564	1.183826
11589	-0.504996
11591	-1.847601
11592	-1.281360
11599	-3.008238
11605	-0.044549
11617	-1.484623
11630	-2.077815
11631	-0.196035
11632	2.300469
11656	-0.481309
11657	1.121786
11777	-1.938857
11786	-0.107067
11812	-1.371769
12020	-0.280041
12061	2.244542
12115	0.522391
12154	-2.261780
12155	-0.251308
12156	-0.362853
12159	-0.641141
12174	1.764065
12176	-1.553250
12230	-1.482632
12234	0.489273
12236	-0.189021
12237	1.805870
12250	1.925913
12252	1.188235
12253	-0.616215
12315	-0.324041
12381	2.283994
12382	1.676762
12438	0.697414
12455	2.123920
12462	1.129808
12478	-2.153214
12603	-0.324280
12711	0.129413
12714	-0.497349
12716	4.419408
12754	-0.262307
12785	0.613255
12788	0.410935
12792	-0.377477
12898	-0.742685
12944	-0.552280
12949	-1.071155
13062	-1.305835
13099	-0.209802
13160	0.043805
13198	2.233281
13239	-0.686846
13249	-0.116235
13262	1.073375
13263	1.463835
13272	-0.676849
13273	-1.587324
13277	1.063400
13305	-1.746658
13342	1.486758
13343	0.324745
13345	-1.621412
13351	-0.530090
13357	-0.017671
13427	0.142211
13436	-0.889757
13455	1.907655
13528	-1.102277
13532	0.538704
13553	0.849577
13566	-1.359642
13651	-0.924830
13653	-1.073033
13675	-0.579757
13676	-1.443027
13677	-1.566933
13678	-0.791145
13681	-1.439172
13688	-0.885552
13697	0.022641
13705	0.493342
13708	-0.952805
13737	-0.187436
13760	0.133914
13923	0.175044
13927	0.098168
13995	-0.191707
14002	-1.662642
14003	-2.435192
14021	-0.928113
14034	1.295295
14064	0.508748
14110	-0.480355
14155	0.984585
14203	0.308225
14208	-1.514635
14340	-0.477470
14356	0.948805
14389	-2.836213
14499	0.766366
14625	-0.008429
14632	0.364129
14637	0.473692
14641	0.574974
14685	-0.326635
14694	0.816738
14695	0.150161
14699	1.298816
14700	-0.032543
14749	-0.339738
14760	-0.288609
14790	0.538694
14791	0.714609
14796	3.979862
14797	1.025432
14891	-1.323041
14927	-2.453042
15099	-2.943242
15182	-0.388202
15243	-1.306689
15245	-1.168406
15254	-1.244028
15322	0.352645
15327	-0.293830
15463	-1.701847
15496	0.070705
15499	0.094492
15502	0.290186
15514	-1.230260
15566	-0.523458
15580	-1.147002
15583	-0.872072
15586	-1.606653
15601	-1.321885
15621	-0.893207
15780	-1.250961
15869	0.115936
16082	-1.789955
16281	-2.523649
16293	1.002507
16300	-0.168123
16304	-0.257606
16360	-0.534631
16361	-0.781797
16367	-0.989191
16432	-1.528101
16433	0.193907
16438	-0.825419
16446	-0.662331
16453	-1.770341
16463	1.509447
16466	0.053730
16477	-0.296998
16482	-0.944672
16605	1.467948
16606	1.328338
16635	1.711216
16638	-1.398457
16655	-0.668306
16673	-0.571147
16676	1.844517
16677	1.816519
16678	-0.230735
16808	-0.469792
16829	0.999757
17150	-1.528837
17182	4.102671
17199	-0.155544
17273	-1.680131
17431	-1.200887
17466	-2.587153
17472	0.249426
17485	-0.359029
17585	-1.822400
17620	-1.850070
17647	-1.373946
17690	-0.234516
17772	-0.520786
18410	0.365458
19647	-1.229307
21458	0.621728
21885	0.141782
21973	2.608718
21976	0.415811
21977	0.307594
22084	-0.524235
23475	-0.744367
23754	-0.558552
23764	-1.500477
24372	-0.806332
24918	-0.862499
24944	1.673179
25022	0.759156
25140	0.267859
26484	-0.614995
27764	-0.179544
28424	-0.855200
28845	-1.328538
29861	-0.526416
30684	0.539410
31288	0.122448
31704	0.433904
32421	0.190801
32520	-0.320389
32893	0.496237
34340	0.423750
35227	-0.643078
35334	2.205272
36499	-0.287472
36843	-0.620188
36844	-0.791950
36955	-2.382433
36970	-2.776220
39336	-1.088201
39353	2.415241
40538	0.719891
40541	1.789590
40542	1.342951
40599	-1.018693
40601	2.853143
40602	1.675722
40656	2.277817
40657	1.625064
42157	-0.321464
42203	0.191878
42204	-2.141086
42851	1.225936
43061	2.740099
44144	-2.017170
45195	0.298610
47030	0.362104
47285	-1.314730
47317	0.454831
47457	0.063364
47460	-0.539444
48147	-1.019367
48297	-2.061511
48474	-2.561037
48696	-2.323309
49516	-0.689189
49630	-0.193850
49927	0.565744
50199	-1.290642
50249	-0.326095
50259	0.061006
50904	0.073024
53231	1.424637
53471	2.164747
53531	0.549523
53986	0.981345
55057	0.183900
56431	2.786179
56432	2.550978
56466	-0.897032
56478	-0.794117
56621	1.349510
57644	-0.520246
57756	0.539031
58783	0.136940
59657	-0.825399
59715	-2.645059
64825	-1.139802
64947	-1.502808
65950	1.104744
70102	1.509901
75003	-1.687523
75099	-2.644632
75742	0.671862
75823	-1.517039
75824	-0.961576
78157	-0.101687
78181	-0.063777
78191	-1.326392
80479	1.416394
80480	-0.048312
80715	-3.123936
80719	-3.820220
80750	-1.536184
81231	-1.616979
84436	0.084085
84780	-0.809623
84844	1.159952
85002	-2.085432
85003	-0.557990
85659	-1.659877
85663	-2.542995
85710	-2.602664
92185	-0.509303
96142	1.417379
96144	1.765042
96482	1.413843
98871	-1.598729
