# 1342 minima projected onto PC5
Min	PC
3	2.217057
4	2.132998
5	-2.455685
6	-3.252342
7	-1.059704
9	1.493578
16	1.866786
17	-2.849669
21	-0.557353
23	0.198483
31	0.619647
44	0.893886
47	4.661270
48	-1.750496
51	2.090165
52	2.125503
55	-2.491066
56	2.536995
57	2.568435
58	-2.545744
60	-5.456525
67	-5.202928
68	-4.400899
71	3.209372
72	3.062179
74	-0.542586
79	0.068507
82	0.131032
85	-1.460058
86	3.999380
87	-0.735119
88	1.114592
91	2.616403
92	1.067472
94	1.010571
95	-3.267829
97	-2.097259
104	3.150155
106	4.554944
109	1.548938
111	2.034636
115	1.757202
120	1.138844
126	-0.061097
129	1.621374
136	-2.941654
137	-1.525000
188	0.310166
189	4.184256
196	1.982018
199	-1.810405
200	2.176019
202	-0.051439
211	-0.825616
213	0.142241
214	1.792830
219	0.184946
221	1.665071
276	-1.075146
279	-3.869994
283	1.576563
295	-1.295624
308	0.228036
312	-0.873126
315	-4.648699
318	-0.594535
319	0.984768
321	-0.765623
324	2.024959
328	-0.597477
334	-3.404682
336	-3.975466
338	1.667957
347	4.158378
351	-0.231479
352	2.024714
354	-0.728721
357	-4.532011
359	2.765254
362	2.860684
364	2.133402
365	2.213456
368	3.012986
376	-2.848271
377	-2.319262
380	-0.024154
386	3.236039
388	4.888479
390	2.194414
396	1.638169
404	-2.542087
410	2.733107
413	2.210882
420	4.187927
423	1.119113
424	4.294867
437	4.931732
438	2.202370
444	-2.784173
452	-2.977604
473	-1.711388
474	-0.210668
475	-0.853365
476	0.461795
478	4.364074
479	1.618943
480	1.901273
483	-0.083197
503	2.008205
508	2.316905
509	1.537648
530	-0.977757
536	-2.271825
556	1.473913
581	-3.451637
583	-3.987603
603	-3.844894
606	-3.289533
607	-2.505129
620	-1.078892
628	0.025933
636	-2.777451
637	-3.718283
639	-3.397488
640	-2.222914
644	1.793869
645	1.931096
677	-3.380729
678	-1.832349
679	1.665418
682	-2.374747
698	4.126306
700	-4.355662
710	2.084941
722	-3.391926
723	-0.829335
724	0.170842
725	-3.705373
726	1.474604
747	-2.384953
753	1.952504
755	3.842778
757	3.566240
765	0.244190
782	4.310790
783	0.223622
793	2.464823
808	-1.270957
814	3.073628
840	2.717315
848	-0.096804
859	-3.412082
864	4.779018
867	0.632097
878	6.470350
888	1.751610
890	1.180569
892	-1.678655
899	4.210642
918	2.060850
926	-1.261650
933	2.064101
934	-0.456022
981	-0.941197
1028	4.420299
1034	3.152054
1051	2.946225
1054	5.060410
1058	2.631127
1062	4.148363
1063	-0.233046
1064	5.252567
1066	1.655119
1068	3.515534
1073	2.752535
1082	0.828945
1083	3.554537
1086	1.873008
1089	4.070704
1090	0.736318
1091	0.873747
1092	2.201929
1164	-0.938525
1165	-2.527832
1174	1.482880
1176	4.214019
1184	-1.715418
1191	-0.929259
1192	4.451332
1201	9.047504
1230	-0.183155
1339	2.393061
1341	7.017933
1370	6.259510
1385	0.084253
1405	7.324832
1437	-1.627737
1441	0.277723
1443	1.483424
1521	0.224563
1522	-0.164892
1523	1.726933
1524	4.495212
1525	4.640469
1541	-0.375866
1542	3.358173
1550	3.355827
1551	2.607139
1596	0.138016
1597	-2.155302
1628	-1.007741
1629	-0.863540
1633	-1.836356
1636	-0.126526
1637	-2.634561
1765	2.325966
1766	2.003804
1780	3.427547
1862	1.933341
1865	2.266896
1870	2.070921
1885	-1.393709
1910	-1.123809
1911	-1.319287
2007	-1.288513
2060	-0.435796
2062	-3.288836
2090	-2.947745
2093	-0.670266
2094	-0.622250
2095	-3.833457
2096	-5.799903
2100	4.299594
2101	-1.640641
2102	-1.971635
2103	-1.582984
2104	-1.909435
2105	-3.780231
2128	0.830433
2129	1.586803
2135	2.305959
2190	-2.473271
2195	-4.577663
2197	-2.804352
2198	-1.765926
2199	-6.554510
2200	-3.635498
2201	-5.752579
2202	-1.561740
2205	-3.532707
2217	-3.744213
2218	-3.695762
2221	-2.604975
2272	-0.393013
2273	3.979782
2275	1.728271
2288	-6.178087
2293	-1.254300
2298	-5.857042
2299	-2.312194
2300	-5.620374
2301	-4.489116
2338	-3.221343
2342	-3.555627
2343	-5.977312
2358	-4.103251
2384	2.175534
2385	-3.995897
2399	-3.484936
2435	2.672053
2436	-1.730865
2465	-6.443598
2467	-4.877913
2468	-2.615655
2469	-2.592466
2470	-2.636755
2471	-2.599901
2474	-4.688798
2620	-3.329256
2650	-0.146463
2651	0.945620
2685	3.007276
2688	-3.143828
2730	-4.458612
2843	1.398000
2951	-6.166024
2959	-2.215768
3236	-5.441922
3305	1.486303
3318	2.065101
3340	4.596652
3352	-2.295831
3355	-3.319025
3356	-6.130380
3365	-3.342379
3366	-3.530005
3367	-4.322395
3368	-4.293363
3401	4.746754
3405	-1.326412
3434	3.666315
3448	-0.051392
3454	0.021061
3481	2.233452
3495	2.168498
3504	3.549053
3532	-0.344330
3540	2.021188
3549	2.641525
3550	2.003241
3569	1.348608
3595	1.533402
3596	2.051793
3603	-0.150005
3621	-1.106485
3622	0.332009
3647	4.288446
3649	3.269350
3651	2.082172
3652	4.972586
3723	-3.364475
3757	1.523737
3772	2.702378
3787	-3.521297
3798	-5.061201
3799	-3.882145
3889	-2.657208
3897	3.532882
3898	4.325918
3904	-0.886223
3945	-0.220699
3990	2.339447
4024	1.505082
4039	4.580331
4048	4.326577
4050	1.746505
4076	-3.689569
4094	-3.099176
4170	4.606192
4251	0.099267
4252	-0.031549
4299	-0.430715
4302	-0.410212
4318	-2.204519
4319	-2.164786
4320	-4.817449
4360	3.212884
4388	-2.630782
4414	0.610985
4426	-4.764158
4446	1.705817
4527	1.797401
4545	0.552069
4546	1.952856
4554	-0.738582
4564	5.248530
4567	-0.941828
4634	-0.122182
4693	0.429582
4736	1.577094
4761	1.739355
4879	0.343962
5071	3.225320
5138	-2.740889
5164	-0.628013
5182	-3.017294
5183	-3.140102
5184	0.329578
5187	-2.374250
5188	-1.647457
5189	-1.807474
5193	1.885056
5194	3.015409
5195	-1.860223
5197	2.220618
5203	-1.046993
5205	-0.013849
5212	-6.346557
5213	-6.064318
5222	2.560938
5223	-3.421702
5228	-0.058361
5232	5.074195
5244	1.833689
5245	-0.741264
5246	0.592654
5248	2.009653
5292	1.697834
5293	1.848898
5299	4.078645
5300	6.120940
5315	-3.752539
5316	-3.422752
5319	-1.577596
5320	-1.312727
5321	-1.916400
5322	3.347381
5323	1.676911
5324	2.726665
5325	3.485559
5329	1.908110
5342	-1.148626
5343	-1.499169
5374	-2.321764
5376	-3.745066
5378	2.321452
5379	-2.620402
5382	-1.979669
5390	0.493769
5398	-1.619310
5402	-3.814398
5404	2.835332
5407	0.902094
5408	-3.972638
5409	1.045396
5411	-1.014849
5412	-2.300407
5413	-4.011570
5416	-4.687126
5418	3.029522
5422	2.281508
5425	-3.328616
5427	-2.017025
5428	0.790915
5432	1.702808
5436	-4.783550
5443	5.274502
5444	10.765635
5458	-6.860613
5462	5.783861
5465	-2.408935
5468	1.149870
5471	-2.328042
5480	2.110747
5481	-0.374040
5485	1.709062
5486	2.468386
5488	-0.954187
5489	0.345822
5495	0.024662
5513	4.344295
5515	-0.787902
5516	-3.426487
5521	-1.658432
5527	4.361701
5528	1.447375
5536	-4.641483
5537	0.217384
5547	4.983833
5565	-1.242376
5573	1.519476
5579	4.233371
5583	4.202646
5586	3.670804
5589	0.422130
5590	2.564621
5593	2.428743
5599	-4.771136
5604	2.824881
5605	2.499751
5606	10.340772
5625	-0.457434
5649	-4.023823
5656	-5.529401
5657	-0.461781
5658	-1.908213
5686	-2.511632
5695	6.648843
5705	1.054483
5706	1.917948
5716	-0.773523
5717	-1.780400
5718	4.203253
5719	-2.681247
5720	-1.038226
5724	-5.250528
5738	-4.246199
5742	-2.445416
5750	5.466457
5751	-2.443034
5756	-0.647940
5761	4.974565
5768	4.690769
5773	1.644436
5792	-2.541758
5793	1.868718
5794	-1.803543
5806	0.431196
5811	-3.766044
5812	-2.683964
5813	-2.711047
5814	-3.862575
5821	0.145706
5823	-1.252679
5825	4.219608
5831	3.711649
5832	4.390188
5833	1.820302
5847	4.280958
5849	2.344167
5851	-0.929125
5854	2.552619
5858	1.895602
5862	-3.449710
5875	1.088447
5876	6.800319
5903	-0.351284
5910	2.370020
5912	5.139084
5913	6.253382
5925	-1.000451
5926	-0.630710
5927	-1.468873
5928	-0.053388
5930	-2.140870
5931	0.562963
5933	3.740363
5934	-1.279063
5937	6.127243
5939	10.018990
5940	9.912533
5941	-2.150963
5943	-2.717155
5963	0.209329
5964	-1.913429
5965	-1.249488
5966	1.868093
5968	-3.804057
5969	-0.004628
5970	0.182599
5971	-0.982987
5975	-1.217461
6006	-3.241397
6011	-2.770653
6017	5.396002
6019	2.251393
6022	5.162874
6032	-1.923994
6095	-1.348968
6115	-1.699613
6116	1.753756
6119	-1.882004
6127	-1.743408
6128	-1.869637
6130	2.389635
6140	-1.809419
6141	-3.036309
6147	0.984145
6148	1.026495
6163	-5.782923
6164	-1.746766
6170	-0.012241
6171	-1.240595
6177	-0.862835
6184	-1.753206
6200	-3.034678
6204	-0.133900
6206	-2.554532
6223	2.050172
6240	-2.874870
6245	-4.370311
6253	-3.557831
6267	-2.728004
6269	-2.882209
6290	-2.452878
6303	1.248989
6317	-2.691070
6343	2.532803
6350	1.669369
6360	0.950885
6367	-2.289477
6383	0.444174
6389	-4.021628
6397	-5.659224
6398	3.144941
6406	-2.623856
6407	-2.576664
6412	0.995521
6413	1.193425
6434	-1.073733
6435	-0.243550
6460	2.651704
6463	-0.855045
6464	-0.509020
6489	-2.941434
6507	-2.822343
6510	-6.296549
6516	0.431631
6518	-3.590208
6522	7.090567
6523	6.471600
6524	-1.647594
6525	-1.742758
6531	-2.026001
6536	-2.225048
6575	-2.422679
6584	-1.812891
6585	1.564888
6586	5.647115
6594	0.892951
6595	0.712210
6610	2.772908
6612	0.680712
6615	0.994955
6624	2.940974
6628	2.631540
6649	1.827482
6698	1.301081
6706	4.784379
6718	1.649881
6719	1.662913
6722	0.499988
6770	-10.110172
6780	-2.130188
6781	-3.402193
6794	-3.007808
6795	-7.913415
6796	-3.031668
6799	2.263266
6809	1.604798
6837	-1.337021
6838	-0.851315
6839	1.738992
6846	1.039996
6865	-1.831044
6869	-2.491342
6870	-5.419001
6871	-3.885666
6873	0.481169
6876	-0.890891
6885	1.209143
6895	0.948953
6896	5.618419
6897	2.595962
6900	0.095072
6903	0.261224
6906	2.457930
6916	0.771791
6917	3.140481
6918	5.510757
6919	5.964278
6938	2.034613
6941	7.398132
6942	5.688955
6943	5.157692
6944	4.377949
6948	2.410315
6953	-2.346918
6957	0.642592
6958	-4.718443
6970	0.031163
6971	-1.142911
6976	1.517527
6977	2.309931
6990	-0.915133
7014	0.597396
7015	2.964881
7016	0.914373
7018	3.351616
7019	3.525264
7042	2.315388
7053	1.524825
7066	3.581944
7067	-3.789331
7083	4.026497
7092	2.060587
7100	-4.387607
7103	-3.254673
7110	3.754584
7111	4.749213
7112	4.058058
7113	2.735945
7116	4.401928
7119	0.413123
7120	3.480469
7121	0.261228
7122	2.372497
7140	3.191811
7143	3.953289
7157	-1.780787
7165	-0.127636
7175	-2.885164
7178	3.535280
7206	0.254785
7207	-1.542129
7217	5.815863
7218	4.283962
7221	3.972361
7227	0.233921
7230	-0.946926
7236	2.436351
7239	1.080010
7242	3.704361
7260	1.464328
7268	0.771062
7269	4.611521
7304	-1.742308
7326	4.219293
7327	5.082327
7336	-3.708844
7342	0.041453
7346	1.185867
7348	0.497774
7355	1.406624
7361	-0.147581
7372	-3.485865
7387	-5.422706
7422	-0.159159
7423	5.261102
7425	-4.829943
7436	-4.769444
7442	0.177597
7446	-3.511574
7448	-1.717781
7453	-2.830144
7463	4.303396
7492	-3.937915
7493	-7.271747
7494	-6.921394
7495	-6.524309
7518	-2.699866
7520	-2.323401
7540	-2.356395
7546	-2.264578
7556	-5.002464
7559	-3.399946
7560	-4.317241
7561	0.041008
7564	-1.637561
7575	-1.912158
7583	-2.268375
7585	3.815465
7586	2.042516
7599	-7.263790
7600	-0.062680
7606	-7.003064
7614	-2.411879
7617	5.163513
7622	1.189181
7629	-7.322377
7637	1.209984
7640	4.043145
7657	-2.435024
7665	-2.483543
7666	-4.931361
7667	-2.595478
7668	3.620470
7669	0.199239
7670	6.280391
7671	-2.074627
7681	0.976000
7683	-2.861156
7684	0.011970
7696	-2.122075
7722	3.447224
7723	5.452882
7799	1.146015
7852	-3.488102
7859	4.326891
7860	2.136837
7861	5.654125
7865	1.911670
7875	3.289018
7876	2.771172
7895	3.873871
7913	-2.298442
7917	-2.795251
7952	-2.389899
7969	-4.081618
7971	-2.465638
8000	-5.441342
8002	2.944265
8006	-1.551861
8036	0.871742
8056	1.017508
8069	-2.589999
8103	0.017076
8107	1.950210
8120	3.447410
8122	3.409801
8125	0.607032
8127	0.712618
8136	-1.742058
8149	-1.562318
8154	-1.692897
8197	5.077899
8208	5.048452
8223	-4.531430
8232	3.921661
8241	3.672252
8256	1.729211
8262	1.917911
8266	2.599369
8267	3.441827
8268	3.432931
8269	3.371138
8271	1.367736
8273	2.713093
8280	3.897899
8284	1.238178
8303	1.993377
8304	0.487871
8305	0.281818
8308	2.174362
8332	-0.102203
8333	-0.070914
8334	0.023268
8338	-0.458324
8363	2.337066
8370	4.698848
8398	2.147213
8465	-7.473563
8468	3.285973
8469	-0.280648
8470	-1.946877
8507	-1.977123
8552	1.362686
8572	-1.367000
8574	-2.395530
8577	0.442724
8586	0.072371
8592	-1.375595
8593	-0.719994
8594	-0.083975
8597	3.119571
8599	0.453462
8606	-6.325778
8607	-5.209352
8615	-0.007657
8617	-0.211277
8626	-0.282214
8636	-1.033828
8669	2.141177
8671	2.823204
8673	-1.816127
8675	1.765246
8790	-1.227377
8791	-0.558237
8811	4.643725
8822	2.914011
8841	1.354900
8849	4.947995
8856	3.003628
8875	5.555235
8884	-3.873418
8906	-1.329998
8907	-2.289017
8910	-6.342586
8911	-4.489369
8912	-6.257760
8913	2.340486
8934	-1.500684
8935	-1.697577
8954	2.329823
8968	1.796686
8972	1.999295
9001	0.068672
9029	1.970869
9032	6.938520
9058	2.923910
9059	-1.806816
9068	0.775083
9070	3.289666
9108	0.105725
9139	-5.410419
9140	-5.500200
9158	-0.766331
9187	-2.558996
9188	-2.610395
9189	-2.454176
9190	-2.602797
9253	-1.112106
9259	-4.890346
9268	-1.651005
9269	-5.288376
9271	-0.098271
9312	0.032909
9323	-0.997354
9329	-2.130758
9330	-2.156363
9331	-1.040949
9356	0.031530
9376	1.972147
9394	4.901177
9424	6.593357
9428	5.343345
9429	5.497814
9496	-1.741041
9536	4.630264
9543	1.172189
9589	0.134614
9614	2.725081
9615	0.580167
9617	1.822216
9631	-2.588828
9661	2.217473
9668	1.462154
9718	3.359331
9728	-2.748113
9734	-4.595496
9788	-0.037127
9791	0.961687
9793	0.094350
9804	0.550407
9809	1.170806
9810	0.577076
9823	3.016637
9828	-1.862112
9907	5.930584
9951	-3.061955
9968	1.220520
9969	-3.371705
10010	-2.027993
10011	-1.472580
10012	-1.691832
10018	4.624046
10021	-0.778835
10022	0.534143
10031	-1.886006
10032	-1.322542
10033	-1.660643
10034	-2.471260
10035	-2.011883
10039	-1.697370
10044	4.718791
10045	2.852971
10060	-5.130917
10065	-0.803857
10077	-2.129952
10080	-1.919702
10130	2.398378
10131	1.734290
10149	0.299454
10194	-4.113307
10197	-10.111631
10221	-6.326346
10226	-0.083994
10232	-7.234035
10233	-6.260348
10263	-2.931926
10264	-3.173224
10274	-4.035188
10286	7.908255
10292	3.932477
10299	-3.892661
10302	-1.874966
10324	0.297687
10355	0.919304
10358	-5.194137
10362	4.800418
10366	4.045946
10368	6.868593
10370	6.531534
10392	3.155383
10405	-1.137638
10406	2.818982
10409	-1.423900
10419	0.906295
10420	1.514921
10424	1.086534
10434	0.890972
10455	-0.369536
10478	0.867911
10480	4.697521
10484	-0.690425
10510	-6.676912
10519	3.956987
10520	4.447860
10524	-6.662483
10578	-5.957580
10630	2.938552
10643	5.239026
10645	-0.832608
10677	1.301128
10678	2.294983
10690	1.320418
10717	2.364396
10718	1.523966
10719	7.426610
10721	-1.454248
10723	-1.894252
10735	4.532864
10736	3.630604
10829	4.894032
10837	4.973240
10846	-0.773605
10921	0.975298
10922	-2.195385
10923	-5.514528
10924	-5.758958
10964	-0.088852
10978	1.976506
11017	3.168488
11018	4.159516
11019	1.177939
11032	-4.360097
11034	-5.385853
11035	-5.281605
11036	-4.430829
11052	-2.235871
11056	-1.620321
11060	-1.556440
11063	-2.400089
11064	-2.272802
11068	-2.335011
11069	-2.373996
11090	2.208487
11098	-4.404029
11099	-2.289728
11100	-1.021528
11105	-2.320673
11109	-2.484556
11122	-2.130443
11123	-3.408975
11125	1.593870
11126	-1.745709
11149	-5.341743
11153	-1.760283
11188	10.651281
11193	-2.234521
11230	2.325854
11233	1.976969
11236	7.690506
11243	0.561486
11251	7.051632
11259	4.647786
11263	-5.401490
11272	-3.949999
11321	-1.313887
11322	-1.607675
11326	-3.212715
11327	-1.512052
11335	-2.270320
11337	-1.776911
11343	-1.768163
11390	-1.884426
11444	1.570871
11464	-2.758363
11471	-4.133677
11472	-4.185189
11473	0.611093
11492	0.713627
11499	3.343394
11500	4.022424
11505	6.615621
11527	-3.022677
11528	-3.296280
11532	-0.207222
11564	-4.776173
11589	-5.513396
11591	0.182161
11592	-2.715557
11599	-0.717058
11605	-4.237585
11617	-0.249144
11630	4.467407
11631	-1.096782
11632	1.227024
11656	-0.776847
11657	0.558764
11777	-2.036874
11786	3.236365
11812	1.748908
12020	-5.489309
12061	2.709564
12115	0.167379
12154	3.079477
12155	0.752026
12156	0.456783
12159	-0.034147
12174	-1.186669
12176	2.914377
12230	-1.676014
12234	-3.429331
12236	0.009018
12237	1.459990
12250	-3.323371
12252	2.136534
12253	2.311509
12315	2.366420
12381	-3.417003
12382	-2.935359
12438	2.998722
12455	1.772533
12462	-1.205255
12478	-0.482796
12603	10.901903
12711	-2.755084
12714	-2.807088
12716	-2.329661
12754	-2.807569
12785	6.242274
12788	9.257232
12792	9.875444
12898	1.533993
12944	3.014559
12949	-5.997451
13062	-1.590059
13099	0.184434
13160	2.431716
13198	-3.256471
13239	-0.540982
13249	5.731110
13262	-0.173432
13263	2.524987
13272	3.536355
13273	-2.007320
13277	-1.513550
13305	-1.726834
13342	-1.676915
13343	-0.790501
13345	3.686366
13351	-0.542266
13357	-0.811424
13427	-0.183699
13436	0.986835
13455	-3.375279
13528	2.662851
13532	-5.416959
13553	-1.144838
13566	-7.063922
13651	-2.259113
13653	-4.908737
13675	-4.759632
13676	-2.763710
13677	-5.602185
13678	-4.653055
13681	-5.623675
13688	-0.564161
13697	-2.899722
13705	-3.056067
13708	-4.994986
13737	-5.738153
13760	-1.295796
13923	-3.804589
13927	-3.643673
13995	-4.648930
14002	0.090873
14003	-0.476245
14021	0.226547
14034	2.259862
14064	2.874951
14110	0.527074
14155	-4.400299
14203	1.527392
14208	-0.253128
14340	4.031102
14356	9.396912
14389	-2.920275
14499	-6.036391
14625	-1.110134
14632	2.853473
14637	-1.330516
14641	-1.442093
14685	-0.940889
14694	-6.028394
14695	-5.286743
14699	-1.346172
14700	2.941106
14749	-3.609658
14760	1.379828
14790	-4.440882
14791	-3.443996
14796	-2.323228
14797	-1.588701
14891	-1.244974
14927	4.900224
15099	0.598629
15182	-1.845100
15243	-1.472806
15245	0.252354
15254	3.785537
15322	2.561935
15327	-2.848219
15463	1.726859
15496	4.246521
15499	-1.893095
15502	1.466983
15514	-1.876769
15566	2.109919
15580	4.468535
15583	1.990832
15586	-2.207659
15601	-1.308452
15621	2.289147
15780	-1.717613
15869	-0.429778
16082	-2.962469
16281	0.369148
16293	4.295269
16300	3.386178
16304	1.778752
16360	1.332850
16361	-0.533455
16367	-0.682838
16432	4.424391
16433	7.747142
16438	-0.593341
16446	-0.967207
16453	-0.238598
16463	11.557290
16466	3.803767
16477	9.924131
16482	-1.347684
16605	2.553150
16606	0.819729
16635	4.988461
16638	-0.929025
16655	-1.899461
16673	-1.163594
16676	1.542547
16677	2.277915
16678	-0.602505
16808	4.905038
16829	0.392728
17150	-3.569775
17182	-0.738893
17199	1.743100
17273	6.008519
17431	3.356474
17466	-0.973654
17472	3.719164
17485	-3.070435
17585	5.206446
17620	0.276452
17647	-2.379965
17690	2.551607
17772	4.046867
18410	3.022267
19647	-3.586956
21458	2.223094
21885	-1.620589
21973	-0.657154
21976	-0.114715
21977	-2.022584
22084	1.158845
23475	-4.407959
23754	-5.769071
23764	1.488694
24372	-5.583495
24918	-1.973257
24944	-3.086611
25022	1.828043
25140	-2.071649
26484	3.813178
27764	-4.007784
28424	-5.944232
28845	4.412827
29861	2.458018
30684	-0.194703
31288	-0.268500
31704	0.005911
32421	-0.332014
32520	-1.163767
32893	1.289422
34340	-1.457779
35227	-3.131868
35334	-2.614789
36499	-5.080603
36843	-1.729345
36844	-1.957138
36955	-2.487143
36970	-2.107555
39336	1.052253
39353	0.521016
40538	4.832161
40541	-1.876727
40542	-1.946353
40599	-4.819286
40601	-2.017585
40602	-4.082535
40656	4.481620
40657	4.883564
42157	1.438492
42203	4.433265
42204	-1.920325
42851	-2.195603
43061	-0.507354
44144	-4.139572
45195	0.615229
47030	-1.779251
47285	7.994935
47317	-1.384318
47457	1.754334
47460	1.181919
48147	-2.486492
48297	1.566124
48474	-2.973962
48696	-2.787606
49516	0.307336
49630	-0.154735
49927	-2.151461
50199	1.578348
50249	-6.157239
50259	-2.545977
50904	-1.487604
53231	-2.732943
53471	-6.060391
53531	2.219405
53986	-2.012199
55057	-0.898311
56431	0.237789
56432	0.477527
56466	-1.522419
56478	2.685667
56621	-1.615446
57644	-1.093456
57756	-4.492357
58783	2.068144
59657	-1.212508
59715	4.668841
64825	-1.940943
64947	-2.950418
65950	1.944347
70102	3.715892
75003	0.461675
75099	1.244987
75742	6.971587
75823	2.596568
75824	2.681047
78157	-3.894887
78181	-8.443050
78191	-3.467755
80479	-4.380575
80480	-3.667877
80715	-0.287610
80719	-0.890259
80750	2.032114
81231	-2.053754
84436	2.721256
84780	-1.483222
84844	0.903463
85002	-3.939907
85003	-2.958024
85659	-1.394586
85663	-1.737427
85710	-1.720215
92185	-0.539117
96142	-1.393239
96144	0.925560
96482	-6.143779
98871	-0.574952
