# 1342 minima projected onto PC33
# Min	PC
3	0.035749
4	0.026537
5	0.434044
6	0.321281
7	1.025717
9	0.833223
16	-0.158762
17	0.346106
21	0.227148
23	0.306412
31	0.869486
44	0.332444
47	0.108495
48	0.223931
51	-0.393545
52	-0.733839
55	0.287763
56	0.192845
57	0.117897
58	-0.213660
60	0.349250
67	-0.430325
68	0.251574
71	-0.056750
72	-0.162214
74	0.328063
79	-1.065578
82	0.406871
85	0.218150
86	0.476168
87	0.629867
88	0.362607
91	0.068187
92	0.357787
94	0.470433
95	0.395211
97	-0.549468
104	-1.017979
106	-1.386011
109	0.837405
111	-0.960971
115	-1.840077
120	-0.017547
126	-1.085874
129	-0.170573
136	-0.293132
137	0.122678
188	0.213829
189	0.009554
196	0.356115
199	0.204432
200	-0.375027
202	0.494601
211	0.080103
213	0.067014
214	-0.036670
219	0.780675
221	0.718661
276	-0.287515
279	0.004230
283	0.093212
295	0.320398
308	0.054682
312	-0.081247
315	0.165853
318	0.291156
319	0.432121
321	-0.121969
324	0.391490
328	0.577968
334	0.028262
336	-0.072306
338	-0.636792
347	0.067536
351	-0.371304
352	0.168218
354	0.404347
357	0.259293
359	0.139385
362	-0.068538
364	-0.010987
365	-0.007815
368	0.037034
376	0.306228
377	0.007924
380	0.075894
386	0.575058
388	-0.073634
390	-0.423767
396	0.014500
404	-0.252304
410	0.296049
413	-0.074402
420	0.264992
423	0.814847
424	0.160326
437	-0.087891
438	-0.014134
444	-0.870693
452	-0.243264
473	0.035117
474	-0.002832
475	0.470223
476	-0.185674
478	-0.243007
479	-0.242138
480	-0.150839
483	-0.405282
503	-0.920577
508	0.357759
509	-0.042191
530	-0.547894
536	0.341600
556	0.279402
581	0.370410
583	0.364774
603	-0.259379
606	-0.043797
607	0.084437
620	0.691976
628	0.186581
636	0.692140
637	0.139645
639	0.074342
640	0.525741
644	0.350434
645	-0.067726
677	0.691672
678	0.446376
679	0.347113
682	-0.005702
698	-0.170463
700	0.169983
710	-0.322907
722	0.077583
723	0.242570
724	0.521036
725	0.552036
726	0.126629
747	0.637251
753	-0.211634
755	-2.159372
757	-0.158517
765	0.405304
782	0.229194
783	0.675686
793	0.465067
808	0.433788
814	-1.526899
840	-0.184490
848	0.085372
859	-0.201182
864	-0.235378
867	0.843881
878	-0.193466
888	-0.463139
890	-0.328446
892	-0.237972
899	-0.383724
918	0.091684
926	0.092544
933	-0.144895
934	-0.049094
981	-0.564689
1028	0.066659
1034	0.576817
1051	-0.006699
1054	-0.307913
1058	0.445070
1062	0.385862
1063	0.722853
1064	0.116522
1066	0.364218
1068	0.007767
1073	-0.172213
1082	-0.010000
1083	-0.124741
1086	0.573764
1089	0.505850
1090	0.381431
1091	-0.079157
1092	0.006194
1164	0.085999
1165	-0.552745
1174	-0.221970
1176	0.222250
1184	-0.457384
1191	-0.068012
1192	-0.084526
1201	-0.720086
1230	0.324357
1339	-0.077060
1341	0.134177
1370	-0.440436
1385	1.123704
1405	0.104901
1437	-0.272643
1441	0.376272
1443	-0.178667
1521	0.376915
1522	0.457563
1523	0.560804
1524	0.402923
1525	0.237045
1541	-0.091365
1542	0.344003
1550	0.421812
1551	0.883401
1596	-0.113031
1597	0.145321
1628	0.724994
1629	0.174988
1633	0.222689
1636	0.649635
1637	0.234262
1765	-0.398322
1766	0.015722
1780	-0.135730
1862	-0.014031
1865	0.202499
1870	-0.434815
1885	-0.561414
1910	0.090880
1911	0.226877
2007	0.514223
2060	-0.514656
2062	0.028379
2090	0.085781
2093	0.077586
2094	-0.174229
2095	-0.181676
2096	0.489241
2100	-0.006410
2101	0.190762
2102	-0.220971
2103	0.516103
2104	0.119939
2105	-0.896446
2128	0.173051
2129	0.649201
2135	0.278669
2190	0.218703
2195	0.126567
2197	0.727975
2198	0.577836
2199	-0.276121
2200	-0.112506
2201	-0.481572
2202	0.885369
2205	-0.504884
2217	0.326201
2218	0.444973
2221	-0.018679
2272	0.189811
2273	-0.039323
2275	-0.328683
2288	0.487576
2293	-0.103150
2298	0.448843
2299	-0.273510
2300	0.252489
2301	-0.266576
2338	0.087783
2342	-0.479300
2343	0.225763
2358	-0.569879
2384	0.243820
2385	-0.142671
2399	-0.299597
2435	-0.639048
2436	-0.007055
2465	-0.128634
2467	0.194739
2468	1.082856
2469	0.863204
2470	0.399775
2471	0.216378
2474	-0.037035
2620	0.635499
2650	-0.305368
2651	0.008514
2685	0.227618
2688	-1.124073
2730	-0.396881
2843	-0.098746
2951	0.371591
2959	-0.029416
3236	0.076302
3305	0.286245
3318	-0.828917
3340	0.123275
3352	-0.499804
3355	-0.356352
3356	-0.543235
3365	0.088975
3366	-0.531826
3367	-0.527733
3368	0.141925
3401	0.106043
3405	-0.661371
3434	0.105599
3448	0.285787
3454	-0.302717
3481	0.363322
3495	-0.711882
3504	-0.459666
3532	-0.233764
3540	0.062336
3549	-0.236501
3550	-0.860232
3569	-0.203139
3595	0.058975
3596	-0.015529
3603	0.286776
3621	-0.260863
3622	0.178995
3647	-0.422178
3649	0.416357
3651	0.341132
3652	-0.047238
3723	-0.147667
3757	0.817173
3772	0.177345
3787	-0.016709
3798	-0.525719
3799	-0.436972
3889	0.071203
3897	-0.070176
3898	-0.338103
3904	0.057578
3945	-0.193892
3990	-0.410109
4024	0.349101
4039	-0.017539
4048	-0.012481
4050	0.281840
4076	-0.781170
4094	-0.874983
4170	-0.024638
4251	0.386316
4252	0.097167
4299	0.070757
4302	0.351345
4318	0.664679
4319	0.206304
4320	-0.206775
4360	-0.153044
4388	0.673595
4414	-0.019217
4426	-0.503629
4446	-0.886134
4527	-0.321912
4545	-0.016544
4546	0.363242
4554	-0.179886
4564	-0.190447
4567	0.232187
4634	0.202347
4693	0.708259
4736	0.850510
4761	0.250348
4879	0.405701
5071	0.382980
5138	0.116665
5164	0.762004
5182	0.303299
5183	-0.005069
5184	-0.072040
5187	-0.098596
5188	0.509566
5189	-0.224807
5193	0.238089
5194	0.330911
5195	0.322215
5197	0.166783
5203	0.528176
5205	-0.215656
5212	-0.347124
5213	-0.047616
5222	-0.217423
5223	0.300961
5228	0.294666
5232	-0.063573
5244	0.542088
5245	0.555589
5246	-0.205547
5248	-0.273306
5292	0.126881
5293	0.440879
5299	-0.721557
5300	-0.230242
5315	0.145295
5316	-0.022253
5319	0.213191
5320	0.054632
5321	-0.304734
5322	0.073376
5323	0.034913
5324	0.756657
5325	0.245448
5329	-0.093303
5342	-0.725268
5343	-0.511344
5374	0.704751
5376	0.179300
5378	0.843952
5379	0.195781
5382	0.475037
5390	0.553661
5398	0.068205
5402	-0.191731
5404	0.703603
5407	-0.084143
5408	0.415574
5409	0.141653
5411	0.043784
5412	0.325116
5413	-0.074276
5416	0.593858
5418	-0.278424
5422	-0.274682
5425	0.163218
5427	-0.524263
5428	-0.361070
5432	-1.711429
5436	-0.611095
5443	-0.865018
5444	-0.327421
5458	-0.474261
5462	0.465173
5465	0.647624
5468	0.225831
5471	0.187241
5480	0.607789
5481	0.789115
5485	-0.442580
5486	0.073058
5488	-0.667673
5489	-0.796994
5495	-0.366194
5513	0.361979
5515	0.418800
5516	0.310410
5521	0.344658
5527	-0.092918
5528	-0.016453
5536	-0.021812
5537	-0.226239
5547	-0.455141
5565	0.194004
5573	-0.356137
5579	-0.464194
5583	0.408200
5586	-1.385363
5589	0.508996
5590	-0.056920
5593	0.369332
5599	-1.125222
5604	-0.853967
5605	-0.576410
5606	-0.240850
5625	-0.222354
5649	-0.427661
5656	-0.115811
5657	-0.249359
5658	-0.614356
5686	0.558431
5695	0.223998
5705	-1.118731
5706	0.196760
5716	0.493851
5717	0.477931
5718	-0.466366
5719	-0.359824
5720	0.481082
5724	-0.212978
5738	0.009090
5742	-0.658866
5750	-0.117730
5751	-0.195157
5756	0.195246
5761	0.159611
5768	-0.280564
5773	0.187401
5792	0.095890
5793	-0.394987
5794	0.020869
5806	0.100414
5811	0.114743
5812	0.334155
5813	-0.266001
5814	-0.470641
5821	0.549105
5823	-0.357509
5825	-0.607101
5831	0.217487
5832	-0.119105
5833	0.924373
5847	0.346436
5849	-0.272210
5851	0.201185
5854	1.287389
5858	0.009001
5862	0.119049
5875	0.187309
5876	0.225191
5903	-0.014596
5910	-0.363529
5912	-0.303857
5913	0.462564
5925	0.218825
5926	1.032271
5927	0.055827
5928	-0.126074
5930	-0.590081
5931	-0.176690
5933	-1.635149
5934	0.477732
5937	-0.216398
5939	-0.403027
5940	-0.081587
5941	-0.510833
5943	-0.569534
5963	0.139987
5964	0.614162
5965	0.339199
5966	0.439857
5968	0.144033
5969	0.491317
5970	0.448250
5971	0.148523
5975	0.055164
6006	-0.901806
6011	0.529044
6017	0.334036
6019	0.479494
6022	0.500246
6032	-0.185033
6095	-0.002679
6115	0.565468
6116	0.418677
6119	-0.084233
6127	0.176774
6128	-1.144247
6130	-0.344522
6140	0.698777
6141	0.192181
6147	-0.860052
6148	-0.862402
6163	0.079002
6164	-0.032619
6170	-0.588561
6171	-0.069767
6177	-0.533276
6184	0.652590
6200	0.235742
6204	-0.114522
6206	0.144907
6223	0.066575
6240	-0.182181
6245	-0.138930
6253	-0.270799
6267	-1.206386
6269	-0.392281
6290	-1.109849
6303	-0.974095
6317	-0.782568
6343	0.310375
6350	0.180042
6360	-0.693602
6367	-0.580867
6383	0.093379
6389	0.408406
6397	-0.102176
6398	0.479389
6406	-1.006171
6407	-0.198832
6412	-0.268156
6413	0.345967
6434	0.380773
6435	0.567020
6460	0.192323
6463	0.266626
6464	0.510911
6489	-0.168676
6507	-0.560889
6510	0.279995
6516	-0.138927
6518	-0.349138
6522	-0.464805
6523	-0.305387
6524	-0.474095
6525	0.133761
6531	-0.037810
6536	-0.089858
6575	0.187749
6584	-0.324829
6585	-0.370555
6586	-0.383037
6594	-0.233734
6595	0.209160
6610	0.280212
6612	-0.723702
6615	-0.175400
6624	-0.281745
6628	-0.289014
6649	0.262960
6698	-0.410787
6706	-0.130650
6718	0.286204
6719	0.027771
6722	0.095311
6770	0.357252
6780	0.209337
6781	-0.198640
6794	-0.605172
6795	-0.717495
6796	-0.600892
6799	-0.172012
6809	-0.207987
6837	-0.001085
6838	-0.042854
6839	-1.038737
6846	-1.655595
6865	0.596876
6869	-0.476125
6870	0.299871
6871	-0.359856
6873	-0.035993
6876	-0.035184
6885	0.660654
6895	-0.576094
6896	-0.952631
6897	-0.235853
6900	-0.287745
6903	-0.321470
6906	-0.538626
6916	-0.278511
6917	-0.279522
6918	-0.303771
6919	0.548276
6938	0.086845
6941	-0.026139
6942	-0.580510
6943	-0.257386
6944	-0.843500
6948	0.022922
6953	0.087506
6957	-0.679962
6958	-0.397830
6970	0.743188
6971	0.038630
6976	0.635166
6977	0.697838
6990	-0.014737
7014	-0.643741
7015	-0.560053
7016	-0.222589
7018	-0.736016
7019	-1.039404
7042	0.120893
7053	0.841328
7066	-0.612569
7067	-0.196560
7083	-0.077231
7092	0.413788
7100	-0.317824
7103	-0.469229
7110	-0.188148
7111	-0.319051
7112	-0.774693
7113	-0.316305
7116	-0.049316
7119	-0.117942
7120	0.298174
7121	-0.286976
7122	-0.154213
7140	-0.153496
7143	0.199273
7157	0.429212
7165	-0.438120
7175	0.001867
7178	-0.007824
7206	0.226315
7207	0.333377
7217	0.320006
7218	0.035474
7221	-0.631444
7227	-0.782907
7230	-0.533021
7236	0.323275
7239	-0.395475
7242	0.275884
7260	-0.186239
7268	0.506012
7269	0.173903
7304	0.366355
7326	-0.004505
7327	-0.097337
7336	0.031543
7342	-0.262326
7346	-0.014979
7348	-0.484822
7355	0.365804
7361	0.107733
7372	-0.327120
7387	-0.750959
7422	-0.241692
7423	-1.073111
7425	-0.184199
7436	-0.774373
7442	0.240653
7446	-0.499552
7448	0.080605
7453	0.338090
7463	-0.143882
7492	0.501569
7493	0.661981
7494	0.476043
7495	-0.040139
7518	-0.407297
7520	-0.589627
7540	-0.153583
7546	0.426523
7556	0.084148
7559	0.545337
7560	-0.135457
7561	-0.266288
7564	-0.748979
7575	-0.134972
7583	-0.322708
7585	-0.079951
7586	-0.056660
7599	-0.332698
7600	-0.448909
7606	0.310980
7614	0.081702
7617	0.065505
7622	-0.152380
7629	-0.268737
7637	0.227086
7640	0.007202
7657	0.192642
7665	0.440500
7666	-0.509862
7667	-0.609112
7668	0.328020
7669	-0.078679
7670	0.240110
7671	-0.215741
7681	1.293756
7683	1.246186
7684	-0.565394
7696	0.329803
7722	0.198905
7723	0.293564
7799	-1.008555
7852	-0.549129
7859	-0.089135
7860	-0.425977
7861	0.052330
7865	-0.276875
7875	0.068739
7876	0.519821
7895	0.189878
7913	0.699945
7917	1.474847
7952	-0.465655
7969	-0.508053
7971	0.125926
8000	-0.211166
8002	0.003253
8006	0.471300
8036	0.833646
8056	0.605772
8069	-0.661124
8103	0.364044
8107	0.033456
8120	0.769339
8122	-0.242006
8125	0.687101
8127	0.696949
8136	0.645141
8149	0.932704
8154	0.593513
8197	1.085179
8208	1.374875
8223	-1.645063
8232	-0.148541
8241	-0.519566
8256	-0.078179
8262	0.181691
8266	0.003178
8267	-0.458300
8268	0.158893
8269	0.481024
8271	0.107699
8273	0.227212
8280	-0.156574
8284	0.132065
8303	-0.182681
8304	-0.239490
8305	-0.398580
8308	-0.149110
8332	0.496599
8333	-0.108624
8334	0.076205
8338	0.604624
8363	0.723703
8370	0.052166
8398	-0.163231
8465	0.169578
8468	-0.584395
8469	-0.640797
8470	-0.330243
8507	0.268000
8552	0.657503
8572	0.242793
8574	0.239585
8577	0.461894
8586	0.014760
8592	-0.315963
8593	-0.595254
8594	-0.863319
8597	0.563705
8599	-0.279594
8606	0.462998
8607	-0.700375
8615	-0.459864
8617	0.050955
8626	0.291419
8636	0.458838
8669	0.104567
8671	0.221256
8673	0.230801
8675	0.715320
8790	-0.186258
8791	0.492661
8811	-0.292103
8822	0.803156
8841	0.111767
8849	0.058658
8856	-1.443184
8875	-0.310879
8884	-0.240120
8906	-0.080847
8907	-0.233913
8910	-0.283915
8911	-1.571659
8912	0.316838
8913	0.463400
8934	0.657709
8935	0.048453
8954	1.241600
8968	-0.317203
8972	-0.820456
9001	0.488454
9029	-0.204022
9032	-0.208899
9058	-0.303698
9059	-0.409506
9068	0.444858
9070	0.425112
9108	0.105226
9139	0.165778
9140	0.240155
9158	0.085035
9187	0.597420
9188	-0.206628
9189	0.472625
9190	0.134965
9253	0.071951
9259	0.254799
9268	0.158626
9269	-0.129806
9271	-0.105349
9312	0.050077
9323	-0.197943
9329	-0.491929
9330	-0.149742
9331	0.315114
9356	-0.320184
9376	0.437100
9394	-0.269742
9424	-0.264798
9428	0.142219
9429	0.365080
9496	-0.058852
9536	-0.356368
9543	-0.225538
9589	0.499116
9614	-0.427914
9615	0.026208
9617	-0.263611
9631	1.538027
9661	0.260786
9668	0.343306
9718	-1.393534
9728	-0.101200
9734	-1.234120
9788	-0.199097
9791	0.110541
9793	-0.203703
9804	-0.017902
9809	0.092868
9810	-0.045337
9823	0.137481
9828	0.660198
9907	-0.444116
9951	-0.258254
9968	0.477408
9969	0.158223
10010	-0.418490
10011	0.338576
10012	-0.122940
10018	-0.948357
10021	0.091205
10022	-0.442087
10031	0.095520
10032	0.827096
10033	0.582029
10034	0.042908
10035	0.285958
10039	0.558853
10044	-0.188625
10045	0.486906
10060	-0.672369
10065	-0.111862
10077	0.155400
10080	-0.098723
10130	-0.069264
10131	0.249766
10149	-0.251338
10194	-0.391756
10197	-0.431063
10221	-0.720686
10226	0.145254
10232	-0.208260
10233	-0.686922
10263	-0.050774
10264	0.031821
10274	0.044514
10286	-0.515621
10292	-0.531408
10299	-0.578330
10302	0.719569
10324	0.653063
10355	-0.085567
10358	-0.546541
10362	-0.152211
10366	-0.789528
10368	-0.081438
10370	0.234586
10392	-0.777756
10405	0.215186
10406	0.149299
10409	-0.171535
10419	0.270512
10420	0.861513
10424	0.438324
10434	0.387720
10455	0.301230
10478	0.142355
10480	0.502458
10484	-0.309038
10510	-0.135174
10519	-0.213596
10520	-0.692538
10524	0.224476
10578	0.500801
10630	0.219438
10643	0.173167
10645	-0.381238
10677	0.529625
10678	-0.317135
10690	0.438157
10717	-0.115772
10718	0.659321
10719	0.630018
10721	0.177065
10723	0.459502
10735	0.031179
10736	0.360564
10829	-0.249274
10837	0.421753
10846	-0.448941
10921	0.641376
10922	-0.112548
10923	-0.429181
10924	-0.220048
10964	-0.070102
10978	0.739960
11017	0.450947
11018	0.439816
11019	-0.450078
11032	-0.090515
11034	0.395520
11035	0.170842
11036	0.143819
11052	0.507497
11056	0.468651
11060	0.021506
11063	-0.712006
11064	0.252825
11068	0.327588
11069	0.113913
11090	0.091549
11098	-0.875660
11099	-1.020909
11100	-0.721789
11105	0.142787
11109	-0.361460
11122	0.797642
11123	0.388129
11125	0.312047
11126	-0.339663
11149	-0.605817
11153	0.654801
11188	-0.035350
11193	-0.199835
11230	0.309535
11233	-0.839900
11236	-0.008523
11243	-0.244900
11251	0.319824
11259	-1.912579
11263	1.012001
11272	0.499502
11321	0.175726
11322	0.313870
11326	-0.147867
11327	0.837503
11335	0.798656
11337	0.353099
11343	-0.022144
11390	0.415212
11444	-0.160847
11464	0.784182
11471	0.385629
11472	-0.165677
11473	0.482582
11492	1.228283
11499	0.499962
11500	0.104211
11505	-0.146658
11527	0.475843
11528	0.265525
11532	-0.158110
11564	-0.613024
11589	0.456926
11591	0.309736
11592	-0.054990
11599	-0.068634
11605	0.338232
11617	-0.629935
11630	0.184065
11631	-0.291999
11632	0.073237
11656	-0.297845
11657	0.704768
11777	0.292666
11786	-0.128912
11812	-0.690639
12020	-0.015976
12061	0.211725
12115	-0.384780
12154	-0.522712
12155	-0.130011
12156	-0.424825
12159	-0.707101
12174	0.293222
12176	-0.391727
12230	-0.176733
12234	-0.274947
12236	-0.141911
12237	-0.648564
12250	-0.207574
12252	0.379373
12253	0.114481
12315	-0.249440
12381	-0.933367
12382	-0.472178
12438	0.247899
12455	0.015387
12462	0.103739
12478	-0.115482
12603	-0.004333
12711	0.039925
12714	-0.534298
12716	-0.184060
12754	-0.811285
12785	-0.299213
12788	-0.232911
12792	0.011190
12898	0.337201
12944	-0.600537
12949	-0.022417
13062	-0.406674
13099	-0.079396
13160	0.405814
13198	-0.323030
13239	0.243919
13249	-0.625973
13262	-0.087133
13263	-0.193749
13272	-0.365754
13273	-0.671422
13277	-0.243737
13305	0.353211
13342	-0.670253
13343	0.061072
13345	-1.517669
13351	0.202772
13357	0.371641
13427	1.727163
13436	-0.738328
13455	-0.069090
13528	-1.058261
13532	-0.042885
13553	0.204877
13566	0.878990
13651	-0.261502
13653	-0.040928
13675	-0.479088
13676	-0.133481
13677	0.031942
13678	-0.192942
13681	-0.579856
13688	0.530264
13697	0.072514
13705	-0.360347
13708	-0.680974
13737	0.653555
13760	-0.022744
13923	-0.180639
13927	-0.293325
13995	-0.446983
14002	0.557392
14003	-0.049830
14021	0.861385
14034	1.174644
14064	1.342406
14110	-0.174827
14155	-0.385370
14203	0.411948
14208	-0.528846
14340	-0.338707
14356	-0.097120
14389	0.209985
14499	-0.078350
14625	0.235007
14632	-1.871228
14637	-0.277442
14641	-0.466746
14685	1.428025
14694	-0.517491
14695	0.103845
14699	-0.310777
14700	0.161651
14749	-0.136522
14760	-0.034576
14790	0.406632
14791	0.170787
14796	-0.479523
14797	0.617120
14891	-0.630479
14927	0.415821
15099	-0.057774
15182	0.218118
15243	-0.379049
15245	-0.135955
15254	-0.292497
15322	0.041470
15327	-0.549869
15463	-0.056490
15496	0.018455
15499	-0.012607
15502	0.308268
15514	-0.106657
15566	-0.134480
15580	-0.015069
15583	0.033992
15586	0.141592
15601	0.501289
15621	-0.385090
15780	-0.148691
15869	-0.431972
16082	-0.117792
16281	0.507514
16293	0.805723
16300	0.139430
16304	0.608363
16360	0.064404
16361	0.157555
16367	1.215967
16432	0.268129
16433	0.120839
16438	0.815716
16446	0.160267
16453	-0.506124
16463	1.379038
16466	0.672418
16477	-0.755602
16482	0.266351
16605	0.448792
16606	0.016197
16635	0.505193
16638	-1.586977
16655	-1.052990
16673	-1.636814
16676	0.683982
16677	-0.118153
16678	-0.064423
16808	0.484179
16829	0.403198
17150	-0.524510
17182	0.012208
17199	0.438369
17273	-0.209705
17431	-0.000387
17466	0.395518
17472	0.952586
17485	-0.799173
17585	-0.278581
17620	0.375688
17647	0.434460
17690	-0.067172
17772	0.269438
18410	-0.277175
19647	-0.910763
21458	0.035463
21885	0.531135
21973	-0.026745
21976	0.268583
21977	0.467663
22084	0.085080
23475	-0.007151
23754	0.355517
23764	-0.335519
24372	0.361420
24918	0.382518
24944	0.914323
25022	0.716157
25140	-0.025479
26484	0.068935
27764	0.064139
28424	-0.287810
28845	0.439975
29861	1.179014
30684	0.098778
31288	0.188564
31704	0.495956
32421	-0.464207
32520	0.329858
32893	0.020248
34340	-0.759363
35227	0.258137
35334	-0.791890
36499	0.402556
36843	0.470672
36844	0.382136
36955	0.686579
36970	0.810295
39336	-0.650150
39353	-0.802680
40538	0.394134
40541	0.644214
40542	0.892226
40599	-0.323703
40601	0.499229
40602	-0.327912
40656	0.588917
40657	1.194124
42157	-0.445538
42203	-0.211355
42204	0.047605
42851	-0.835278
43061	0.088671
44144	-0.245356
45195	1.121063
47030	0.641705
47285	0.015806
47317	-0.222152
47457	-0.279255
47460	-0.307096
48147	0.120253
48297	-0.074152
48474	-0.033413
48696	0.539954
49516	-0.515039
49630	-0.024123
49927	0.269404
50199	-1.649650
50249	0.013718
50259	0.229477
50904	0.760654
53231	0.419645
53471	-1.493465
53531	0.264336
53986	-0.886768
55057	0.829357
56431	-0.504371
56432	-0.338100
56466	0.098670
56478	-0.611811
56621	0.645719
57644	-0.284150
57756	0.040697
58783	-0.038588
59657	-0.159264
59715	-1.621019
64825	0.008315
64947	0.265155
65950	-0.570973
70102	-0.313192
75003	-0.198653
75099	0.092975
75742	0.351126
75823	-0.249828
75824	0.078365
78157	-0.700286
78181	-0.438161
78191	0.366747
80479	0.284150
80480	0.122497
80715	-0.449611
80719	-0.515514
80750	0.768935
81231	0.084848
84436	0.904519
84780	0.436319
84844	-0.627912
85002	0.081012
85003	-0.185930
85659	0.288006
85663	-0.076516
85710	-0.277429
92185	0.775839
96142	-0.296768
96144	-0.140840
96482	-0.185009
98871	-0.263569
