# 1342 minima projected onto PC62
Min	PC
3	-0.110366
4	-0.113691
5	0.016926
6	0.009047
7	-0.191132
9	0.143743
16	-0.109718
17	-0.130435
21	0.054790
23	-0.115969
31	0.118422
44	-0.002969
47	-0.098110
48	-0.007062
51	-0.162007
52	-0.172053
55	0.259922
56	-0.210223
57	-0.130328
58	-0.035886
60	0.169618
67	-0.152364
68	0.031267
71	0.044304
72	0.093520
74	0.031885
79	0.359803
82	-0.129754
85	0.011146
86	-0.087529
87	-0.088171
88	0.107488
91	0.108819
92	0.097656
94	0.036715
95	0.065188
97	-0.091531
104	-0.127117
106	-0.011989
109	0.153910
111	1.024087
115	-0.488227
120	0.021524
126	0.387124
129	0.018644
136	0.286459
137	0.035722
188	0.064904
189	-0.051561
196	0.445163
199	0.062331
200	-0.153301
202	-0.212223
211	0.131260
213	-0.067528
214	-0.062975
219	0.026684
221	0.204838
276	0.001520
279	0.082342
283	0.048638
295	-0.022747
308	-0.127967
312	-0.058616
315	-0.060390
318	0.197160
319	0.039465
321	-0.003013
324	0.002060
328	-0.074122
334	0.079921
336	0.158544
338	0.081296
347	0.128973
351	-0.170262
352	0.121315
354	-0.040690
357	-0.108078
359	0.066684
362	0.131116
364	0.077868
365	0.076480
368	0.085391
376	0.024274
377	-0.128041
380	0.013386
386	-0.476595
388	-0.102561
390	-0.188509
396	-0.084392
404	0.105386
410	0.068884
413	-0.126282
420	-0.155435
423	-0.025120
424	0.105814
437	0.032297
438	-0.193376
444	0.088897
452	-0.006908
473	0.089397
474	0.027562
475	0.007712
476	0.096795
478	-0.049105
479	0.056936
480	-0.108547
483	-0.188172
503	1.029359
508	-0.076742
509	0.016490
530	-0.007555
536	-0.084077
556	0.050918
581	0.125664
583	0.087858
603	0.048636
606	-0.007400
607	-0.018356
620	-0.217902
628	-0.099245
636	0.054570
637	-0.062679
639	-0.031656
640	0.114074
644	0.082512
645	0.127963
677	0.081151
678	0.128181
679	-0.009165
682	0.046919
698	0.018113
700	0.024214
710	-0.196361
722	-0.030718
723	0.105836
724	0.023170
725	-0.012409
726	-0.063624
747	-0.245472
753	0.067555
755	-0.002684
757	-0.063431
765	0.094900
782	0.073133
783	0.043125
793	0.065392
808	0.145977
814	0.448980
840	-0.060024
848	0.037139
859	0.025429
864	-0.074972
867	0.129657
878	-0.103038
888	0.120245
890	-0.014110
892	0.044949
899	-0.082513
918	0.098143
926	-0.087560
933	0.140731
934	-0.001358
981	-0.030005
1028	-0.152610
1034	-0.453395
1051	0.091372
1054	-0.062026
1058	-0.142120
1062	0.088871
1063	-0.034457
1064	-0.070972
1066	-0.008588
1068	0.088214
1073	-0.112556
1082	0.001368
1083	-0.022174
1086	-0.037182
1089	-0.123987
1090	-0.054544
1091	0.060601
1092	0.087980
1164	0.224690
1165	0.059831
1174	-0.004091
1176	-0.080684
1184	-0.238744
1191	-0.053025
1192	0.054966
1201	-0.283912
1230	0.003287
1339	0.136040
1341	-0.001446
1370	-0.029500
1385	-0.128592
1405	0.244755
1437	-0.012292
1441	0.112136
1443	0.094208
1521	0.038540
1522	-0.099448
1523	-0.139833
1524	-0.156369
1525	-0.117663
1541	-0.079827
1542	-0.136181
1550	-0.134850
1551	-0.153788
1596	0.036570
1597	-0.108762
1628	-0.132201
1629	-0.032046
1633	-0.010373
1636	-0.230770
1637	-0.354469
1765	0.236696
1766	0.148557
1780	-0.161789
1862	-0.137353
1865	-0.142549
1870	-0.093614
1885	-0.142831
1910	0.001199
1911	-0.050853
2007	-0.200439
2060	-0.680002
2062	0.343982
2090	0.308615
2093	0.052537
2094	0.002128
2095	0.031679
2096	0.182280
2100	0.137959
2101	-0.113897
2102	-0.174055
2103	-0.105339
2104	-0.163364
2105	-0.007006
2128	0.090382
2129	-0.056581
2135	-0.075861
2190	0.032843
2195	0.073401
2197	-0.033923
2198	0.028192
2199	-0.056324
2200	0.022817
2201	-0.104450
2202	0.037304
2205	-0.035690
2217	0.097772
2218	0.329256
2221	0.296016
2272	-0.009709
2273	-0.114654
2275	-0.110033
2288	-0.361993
2293	0.008099
2298	-0.020987
2299	-0.036415
2300	-0.019325
2301	0.030314
2338	-0.084615
2342	-0.035846
2343	0.113815
2358	-0.120370
2384	-0.144221
2385	0.044779
2399	-0.040482
2435	-1.046753
2436	0.031432
2465	-0.182279
2467	-0.079746
2468	-0.037023
2469	-0.042608
2470	-0.022249
2471	0.014747
2474	-0.100850
2620	-0.008330
2650	0.053993
2651	0.054819
2685	-0.184004
2688	-0.968641
2730	-0.031869
2843	0.086258
2951	-0.153031
2959	-0.014180
3236	0.043234
3305	0.361184
3318	-0.132719
3340	-0.074714
3352	0.103027
3355	0.379270
3356	-0.025620
3365	0.122580
3366	0.075882
3367	0.017658
3368	0.050664
3401	-0.106314
3405	-0.132570
3434	0.036229
3448	0.006256
3454	0.062286
3481	-0.078957
3495	-0.169687
3504	-0.136479
3532	0.020060
3540	-0.080492
3549	-0.054924
3550	-0.128704
3569	0.070550
3595	0.025335
3596	0.033488
3603	0.075059
3621	0.058314
3622	0.049971
3647	0.024897
3649	0.021513
3651	0.425089
3652	-0.118899
3723	0.017375
3757	0.113896
3772	0.129421
3787	0.033072
3798	0.152102
3799	0.058307
3889	-0.022873
3897	-0.094083
3898	-0.151286
3904	0.060750
3945	0.058302
3990	-0.105530
4024	0.028974
4039	0.090117
4048	0.061336
4050	0.060726
4076	0.057192
4094	-0.866805
4170	0.112195
4251	0.043854
4252	0.064048
4299	-0.054192
4302	-0.007683
4318	0.027540
4319	0.191920
4320	0.081967
4360	0.044746
4388	0.020952
4414	-0.038285
4426	0.116343
4446	0.082197
4527	-0.093487
4545	-0.049654
4546	-0.004961
4554	0.000252
4564	0.019272
4567	-0.011532
4634	0.024291
4693	0.064434
4736	0.133699
4761	-0.009165
4879	0.032675
5071	0.168482
5138	0.056349
5164	-0.092208
5182	0.033166
5183	0.166991
5184	-0.067115
5187	-0.016098
5188	0.002049
5189	0.030022
5193	0.051696
5194	0.170998
5195	-0.078256
5197	0.053785
5203	-0.004066
5205	-0.082877
5212	0.143900
5213	0.211545
5222	0.088640
5223	-0.033903
5228	0.036183
5232	-0.017980
5244	-0.091309
5245	0.016180
5246	-0.059426
5248	0.150309
5292	0.120060
5293	0.026543
5299	-0.518203
5300	-0.566426
5315	0.023056
5316	-0.109831
5319	0.009123
5320	-0.038805
5321	-0.178778
5322	0.277371
5323	0.122839
5324	0.152128
5325	0.144245
5329	0.274969
5342	-0.213266
5343	-0.076899
5374	0.253008
5376	0.102655
5378	0.020989
5379	-0.023805
5382	-0.235116
5390	0.034536
5398	0.038807
5402	-0.001336
5404	-0.067722
5407	-0.113564
5408	0.096846
5409	-0.098151
5411	-0.078941
5412	-0.129344
5413	0.003861
5416	-0.058492
5418	-0.131326
5422	-0.179397
5425	-0.003854
5427	-0.073375
5428	-0.020545
5432	-0.040349
5436	0.074299
5443	0.764358
5444	0.177097
5458	-0.232675
5462	-0.573759
5465	-0.092183
5468	-0.022955
5471	-0.124485
5480	0.048744
5481	0.001480
5485	0.133400
5486	0.173652
5488	0.119514
5489	0.074715
5495	0.145243
5513	-0.039448
5515	0.019843
5516	0.069761
5521	0.057953
5527	-0.122448
5528	-0.052255
5536	-0.059975
5537	-0.074114
5547	0.019345
5565	0.090749
5573	0.023475
5579	0.917788
5583	0.140165
5586	0.084910
5589	-0.006346
5590	-0.078079
5593	-0.017796
5599	0.910437
5604	0.147281
5605	-0.140045
5606	0.197042
5625	-0.302874
5649	0.007135
5656	0.033106
5657	-0.301714
5658	0.051676
5686	-0.059093
5695	0.123305
5705	0.137857
5706	-0.064410
5716	-0.070698
5717	-0.037235
5718	0.112548
5719	-0.011451
5720	0.085284
5724	-0.055339
5738	0.008720
5742	0.215368
5750	-0.052300
5751	0.090042
5756	-0.135199
5761	0.080619
5768	0.022639
5773	-0.216942
5792	-0.077710
5793	-0.093259
5794	-0.075811
5806	0.066063
5811	0.043319
5812	-0.007770
5813	-0.052764
5814	-0.004398
5821	0.072976
5823	-0.175232
5825	0.037265
5831	-0.061519
5832	0.025640
5833	-0.284577
5847	0.087814
5849	0.079065
5851	0.020293
5854	-0.140339
5858	-0.193208
5862	0.079509
5875	-0.081324
5876	0.141499
5903	-0.014549
5910	-0.086997
5912	0.092786
5913	0.332712
5925	-0.070772
5926	0.016251
5927	0.002711
5928	0.073984
5930	0.063319
5931	0.042963
5933	-0.048712
5934	0.005871
5937	0.034381
5939	0.255011
5940	0.278866
5941	0.041585
5943	0.080507
5963	-0.017434
5964	-0.152266
5965	-0.057599
5966	-0.062945
5968	-0.007771
5969	-0.006378
5970	0.031135
5971	-0.016999
5975	0.379844
6006	0.010840
6011	-0.042421
6017	-0.043417
6019	-0.076861
6022	-0.028977
6032	-0.029556
6095	-0.146919
6115	0.117449
6116	0.018115
6119	0.010389
6127	-0.188892
6128	-0.076574
6130	-0.211160
6140	0.124658
6141	0.047560
6147	0.598155
6148	0.600660
6163	0.120216
6164	0.173852
6170	0.062767
6171	0.123653
6177	-0.026559
6184	-0.117440
6200	-0.192022
6204	-0.134727
6206	-0.084757
6223	0.185391
6240	0.181009
6245	-0.008113
6253	-0.067502
6267	0.236072
6269	0.360459
6290	0.183498
6303	-0.010895
6317	0.249076
6343	0.146233
6350	0.169007
6360	-1.022276
6367	0.345165
6383	0.011816
6389	-0.390275
6397	-0.011669
6398	0.144298
6406	0.057869
6407	0.431712
6412	-0.109950
6413	-0.073694
6434	0.060908
6435	0.099140
6460	0.028917
6463	-0.208818
6464	-0.135091
6489	0.028518
6507	-0.003080
6510	-0.407029
6516	-0.185832
6518	0.008674
6522	-0.066464
6523	-0.044526
6524	0.065665
6525	-0.030628
6531	-0.035111
6536	0.018671
6575	-0.006558
6584	-0.104252
6585	-0.078527
6586	0.003407
6594	0.039284
6595	-0.048332
6610	-0.099747
6612	0.084530
6615	-0.021246
6624	-0.116971
6628	-0.049742
6649	-0.170462
6698	0.158287
6706	0.040361
6718	-0.108403
6719	-0.186808
6722	0.001220
6770	-0.201189
6780	0.048062
6781	-0.053216
6794	0.078308
6795	-0.047575
6796	0.165446
6799	0.153800
6809	0.029889
6837	-0.028904
6838	-0.026341
6839	-0.126217
6846	0.182615
6865	0.010579
6869	0.010320
6870	0.213862
6871	0.074845
6873	0.002195
6876	0.006734
6885	-0.102861
6895	0.019691
6896	-0.111152
6897	-0.029976
6900	0.109082
6903	0.164992
6906	-0.062057
6916	-0.015849
6917	-0.026980
6918	-0.070148
6919	0.103708
6938	-0.036675
6941	-0.022702
6942	-0.067117
6943	0.021907
6944	0.003333
6948	-0.150093
6953	-0.179705
6957	0.011019
6958	-0.062943
6970	-0.125347
6971	-0.113942
6976	-0.103275
6977	-0.009493
6990	-0.103342
7014	0.027430
7015	0.118988
7016	-0.210367
7018	-0.084507
7019	-0.007965
7042	0.080271
7053	-0.172299
7066	-0.043461
7067	0.080132
7083	-0.124795
7092	0.188711
7100	-0.064178
7103	-0.106287
7110	0.130839
7111	0.054642
7112	0.084667
7113	-0.033243
7116	-0.075627
7119	0.192137
7120	-0.088197
7121	0.013812
7122	-0.085335
7140	0.106764
7143	0.205708
7157	0.079822
7165	-0.071846
7175	-0.156191
7178	0.029362
7206	0.163080
7207	0.093583
7217	0.027183
7218	0.082995
7221	-0.056030
7227	0.134340
7230	-0.897029
7236	-0.218133
7239	-0.023309
7242	0.151883
7260	-0.101304
7268	0.083511
7269	0.099125
7304	-0.192877
7326	0.174274
7327	0.078250
7336	-0.072127
7342	0.015460
7346	-0.105229
7348	-0.034209
7355	-0.180306
7361	0.197234
7372	-0.143057
7387	0.064223
7422	0.028747
7423	0.004645
7425	-0.076326
7436	-0.071765
7442	0.181764
7446	0.055919
7448	0.027891
7453	0.025660
7463	0.127585
7492	0.136310
7493	0.077566
7494	0.278164
7495	0.091392
7518	-0.221292
7520	-0.137245
7540	0.003568
7546	-0.001306
7556	-0.026324
7559	-0.345839
7560	-0.012944
7561	0.156931
7564	0.094650
7575	-0.056569
7583	-0.098626
7585	-0.031322
7586	0.168383
7599	0.443880
7600	0.017332
7606	0.441234
7614	0.018192
7617	0.012956
7622	0.027472
7629	-0.175693
7637	-0.124944
7640	-0.113619
7657	-0.023870
7665	0.000783
7666	-0.012631
7667	-0.270843
7668	-0.068748
7669	-0.130250
7670	0.186379
7671	-0.079900
7681	0.031024
7683	0.161486
7684	0.054703
7696	-0.028364
7722	-0.140988
7723	-0.080952
7799	0.069432
7852	-0.065300
7859	0.106396
7860	0.079085
7861	-0.068354
7865	0.007123
7875	0.120801
7876	0.201081
7895	-0.102588
7913	0.016947
7917	0.090304
7952	0.172445
7969	0.177868
7971	0.125268
8000	0.002851
8002	0.106603
8006	0.186112
8036	0.006711
8056	-0.059311
8069	0.405930
8103	0.212888
8107	0.057103
8120	-0.081130
8122	-0.022113
8125	0.158549
8127	-0.037870
8136	0.028261
8149	0.043221
8154	-0.060437
8197	-0.065271
8208	-0.150494
8223	-0.085973
8232	0.136715
8241	0.069668
8256	-0.010203
8262	-0.000891
8266	0.073344
8267	0.009781
8268	0.071267
8269	0.119446
8271	0.034679
8273	-0.042684
8280	-0.023342
8284	-0.001723
8303	0.062015
8304	0.082313
8305	0.088151
8308	0.136202
8332	0.245373
8333	0.016322
8334	0.177875
8338	0.156138
8363	-0.301865
8370	0.097256
8398	-0.190468
8465	0.014736
8468	0.049318
8469	-0.138762
8470	0.102111
8507	0.054957
8552	-0.054774
8572	-0.052373
8574	-0.068460
8577	0.134210
8586	0.099092
8592	0.007885
8593	-0.029937
8594	-0.197413
8597	0.156407
8599	-0.012721
8606	-0.308906
8607	-0.203560
8615	0.054547
8617	0.036646
8626	-0.092184
8636	0.040888
8669	0.108257
8671	0.111224
8673	-0.028693
8675	0.008983
8790	-0.098638
8791	-0.092921
8811	0.013147
8822	0.060016
8841	-0.088377
8849	0.008139
8856	0.288602
8875	-0.058062
8884	0.280254
8906	-0.081684
8907	-0.099491
8910	-0.226105
8911	-0.020896
8912	-0.116966
8913	-0.040537
8934	0.152766
8935	0.105132
8954	-0.320762
8968	-0.088647
8972	-0.127409
9001	0.214018
9029	-0.044603
9032	0.275366
9058	0.176085
9059	-0.018200
9068	-0.013880
9070	0.065724
9108	-0.068778
9139	0.187582
9140	0.253147
9158	0.081228
9187	-0.052775
9188	0.030356
9189	-0.007923
9190	0.064820
9253	-0.062083
9259	0.309945
9268	0.087191
9269	0.257714
9271	-0.033700
9312	0.043501
9323	-0.123291
9329	-0.103722
9330	-0.074101
9331	-0.061080
9356	-0.109393
9376	-0.274293
9394	-0.194847
9424	0.196391
9428	-0.052633
9429	0.045487
9496	0.001115
9536	0.045260
9543	-0.093381
9589	-0.083144
9614	-0.030651
9615	0.143989
9617	0.233538
9631	0.065395
9661	0.060957
9668	-0.034738
9718	-0.094295
9728	0.034347
9734	0.081346
9788	-0.054546
9791	-0.080585
9793	-0.069364
9804	-0.096205
9809	0.166176
9810	0.103966
9823	0.034943
9828	0.085383
9907	0.009820
9951	0.058341
9968	-0.018977
9969	0.058025
10010	0.043398
10011	0.005562
10012	0.026316
10018	-0.083714
10021	-0.060160
10022	0.028139
10031	-0.014485
10032	0.080489
10033	0.088901
10034	0.027489
10035	0.108969
10039	-0.006174
10044	-0.029763
10045	0.047627
10060	0.064467
10065	-0.075517
10077	0.179828
10080	-0.019205
10130	0.001365
10131	0.106088
10149	0.043763
10194	-0.010709
10197	-0.071962
10221	-0.235111
10226	-0.003807
10232	0.293418
10233	0.140181
10263	-0.156989
10264	-0.050707
10274	0.076942
10286	0.192565
10292	0.481888
10299	-0.134219
10302	0.093173
10324	-0.105780
10355	-0.076369
10358	-0.042484
10362	0.063781
10366	0.040714
10368	-0.020063
10370	-0.017454
10392	-0.082290
10405	0.054910
10406	-0.156700
10409	0.024566
10419	-0.024905
10420	-0.045109
10424	-0.020826
10434	-0.020886
10455	0.058709
10478	-0.037826
10480	0.244900
10484	-0.025977
10510	-0.031590
10519	0.049949
10520	-0.080355
10524	-0.012577
10578	0.044043
10630	0.093131
10643	-0.063328
10645	0.052786
10677	-0.021163
10678	-0.213866
10690	-0.023402
10717	-0.121916
10718	0.058692
10719	0.101017
10721	0.003510
10723	-0.131572
10735	-0.022766
10736	0.091736
10829	-0.011690
10837	0.181757
10846	-0.101685
10921	-0.009984
10922	0.012526
10923	-0.002123
10924	0.012075
10964	-0.010246
10978	-0.028259
11017	0.096115
11018	0.138153
11019	0.079632
11032	-0.047761
11034	0.063979
11035	0.024722
11036	0.007765
11052	-0.008390
11056	0.066875
11060	0.080018
11063	-0.040452
11064	-0.027460
11068	0.040538
11069	0.015767
11090	0.085375
11098	-0.101233
11099	-0.216221
11100	-0.078030
11105	-0.077899
11109	-0.061137
11122	0.085110
11123	-0.026071
11125	-0.027886
11126	0.098505
11149	-0.026064
11153	-0.012328
11188	0.189252
11193	-0.169003
11230	0.145505
11233	-0.133919
11236	-0.039480
11243	-0.132194
11251	0.120828
11259	-0.003443
11263	-0.041573
11272	0.178460
11321	-0.231314
11322	0.045491
11326	-0.026170
11327	0.006833
11335	-0.005550
11337	-0.068664
11343	-0.179293
11390	0.042022
11444	0.106302
11464	0.102620
11471	-0.006990
11472	-0.035561
11473	0.191311
11492	-0.085157
11499	-0.031827
11500	0.110426
11505	0.301238
11527	-0.133376
11528	-0.112378
11532	-0.064741
11564	-0.092108
11589	-0.004731
11591	-0.090126
11592	0.030952
11599	-0.029295
11605	-0.016569
11617	-0.023520
11630	0.000966
11631	-0.178226
11632	0.634233
11656	0.013525
11657	-0.085469
11777	-0.010881
11786	-0.081434
11812	-0.064356
12020	-0.014246
12061	-0.194490
12115	-0.053639
12154	-0.008313
12155	-0.059009
12156	0.031220
12159	0.043506
12174	0.215449
12176	0.238181
12230	0.050480
12234	-0.045116
12236	0.021169
12237	0.131139
12250	0.097072
12252	0.027606
12253	0.123554
12315	0.060388
12381	0.060073
12382	0.110915
12438	-0.246258
12455	0.054265
12462	0.114900
12478	0.038346
12603	-0.135156
12711	0.094133
12714	0.064501
12716	-0.121952
12754	0.019140
12785	0.051645
12788	-0.209299
12792	-0.709648
12898	-0.139085
12944	0.251172
12949	0.449828
13062	0.050492
13099	-0.081038
13160	0.124004
13198	0.052996
13239	0.077758
13249	-0.043775
13262	-0.165919
13263	-0.049376
13272	0.099530
13273	0.040020
13277	-0.036501
13305	0.189981
13342	-0.154909
13343	-0.173129
13345	0.174305
13351	-0.177499
13357	-0.060639
13427	0.103681
13436	0.053246
13455	-0.000672
13528	-0.063015
13532	0.016776
13553	-0.034873
13566	-0.059947
13651	0.045564
13653	0.003768
13675	0.011669
13676	0.038545
13677	0.009887
13678	0.045413
13681	0.033269
13688	-0.081581
13697	-0.235074
13705	-0.310670
13708	0.012337
13737	-0.066084
13760	-0.053640
13923	0.125973
13927	-0.003008
13995	-0.151298
14002	0.123100
14003	0.029335
14021	-0.082747
14034	0.425842
14064	0.430922
14110	0.161903
14155	-0.061934
14203	0.014782
14208	-0.012110
14340	0.117952
14356	-0.025154
14389	0.004879
14499	-0.009050
14625	-0.063944
14632	0.079670
14637	-0.157972
14641	-0.149805
14685	0.132712
14694	-0.207005
14695	-0.025730
14699	-0.145217
14700	0.010480
14749	0.042190
14760	-0.075018
14790	0.074930
14791	0.034937
14796	-0.019617
14797	0.078453
14891	0.012279
14927	-0.107683
15099	0.099989
15182	-0.118747
15243	-0.057867
15245	0.017484
15254	-0.058574
15322	0.058327
15327	-0.051527
15463	-0.115999
15496	-0.063081
15499	-0.009326
15502	0.058290
15514	0.007703
15566	0.056577
15580	-0.209987
15583	-0.257863
15586	0.055929
15601	0.146794
15621	-0.134911
15780	0.009661
15869	-0.779295
16082	0.250729
16281	-0.154252
16293	-0.134253
16300	-0.647845
16304	-0.469385
16360	-0.018799
16361	-0.116828
16367	-0.184213
16432	0.114017
16433	0.101146
16438	0.043659
16446	0.086202
16453	0.108570
16463	0.035567
16466	-0.075499
16477	0.041034
16482	-0.012865
16605	0.084314
16606	0.760553
16635	-0.052715
16638	0.134443
16655	0.091639
16673	0.139902
16676	0.065213
16677	-0.125445
16678	-0.015733
16808	0.033263
16829	-0.098350
17150	-0.012377
17182	-0.036380
17199	-0.486136
17273	0.123509
17431	-0.008526
17466	-0.293055
17472	-0.056749
17485	-0.060012
17585	-0.018922
17620	-0.117512
17647	-0.241734
17690	0.075740
17772	0.162672
18410	-0.141800
19647	-0.031917
21458	0.341510
21885	-0.115245
21973	0.060223
21976	0.055827
21977	-0.058324
22084	0.018514
23475	-0.016223
23754	0.152249
23764	-0.059101
24372	-0.185933
24918	0.495970
24944	0.075540
25022	0.020302
25140	-0.334531
26484	0.016841
27764	0.057794
28424	0.011565
28845	-0.062098
29861	-0.094981
30684	0.029218
31288	0.188049
31704	0.049670
32421	-0.772110
32520	-0.060707
32893	-0.042885
34340	-0.267687
35227	-0.364666
35334	-0.037323
36499	0.095137
36843	-0.015427
36844	-0.012107
36955	0.028936
36970	0.063030
39336	1.014242
39353	-0.092495
40538	-0.053723
40541	-0.006365
40542	0.003871
40599	-0.149342
40601	-0.043972
40602	-0.064486
40656	-0.076564
40657	0.028075
42157	0.080141
42203	-0.067828
42204	-0.094209
42851	-0.024777
43061	0.053696
44144	-0.140428
45195	0.182563
47030	-0.059089
47285	0.173980
47317	0.359819
47457	-0.083463
47460	-0.088187
48147	0.024555
48297	0.004936
48474	-0.030690
48696	0.069291
49516	0.136224
49630	-0.042832
49927	0.345947
50199	-0.020556
50249	0.042064
50259	0.042115
50904	-0.108223
53231	0.106491
53471	-0.003542
53531	-0.079792
53986	0.008991
55057	0.344096
56431	-0.096349
56432	-0.084461
56466	-0.006066
56478	-0.074622
56621	-0.063306
57644	-0.136149
57756	0.054948
58783	0.417648
59657	-0.005080
59715	-0.685676
64825	0.064064
64947	0.019099
65950	-0.143131
70102	-0.026318
75003	-1.386727
75099	-1.501717
75742	0.026198
75823	-0.039755
75824	-0.022806
78157	-0.196747
78181	-0.148431
78191	-0.071926
80479	0.033344
80480	0.155848
80715	-0.086081
80719	-0.047443
80750	0.086942
81231	0.065552
84436	-0.356292
84780	0.095294
84844	0.027104
85002	-0.151263
85003	0.173422
85659	0.102194
85663	-0.068457
85710	-0.084160
92185	-0.221946
96142	0.708600
96144	0.443191
96482	0.096964
98871	-0.219335
