# 1342 minima projected onto PC113
# Min	PC
3	-0.001462
4	-0.003350
5	-0.007151
6	0.002604
7	-0.008367
9	0.011654
16	-0.003966
17	-0.005942
21	-0.010471
23	-0.030070
31	-0.002710
44	0.010428
47	0.007224
48	0.019604
51	-0.002392
52	-0.000431
55	0.012586
56	0.015960
57	0.021881
58	-0.012852
60	0.002344
67	0.016205
68	0.010853
71	0.022260
72	0.014755
74	-0.011877
79	0.028059
82	-0.025285
85	-0.008698
86	-0.003414
87	-0.033073
88	0.012120
91	0.007710
92	0.010892
94	-0.006576
95	-0.006439
97	-0.018349
104	-0.047849
106	-0.004083
109	0.015116
111	-0.007425
115	-0.053303
120	0.015098
126	0.022670
129	-0.004315
136	-0.004494
137	-0.009446
188	0.014181
189	0.013092
196	-0.007063
199	-0.000143
200	-0.000859
202	-0.042950
211	-0.005380
213	-0.011171
214	-0.004325
219	0.006698
221	0.004139
276	-0.009129
279	-0.021370
283	0.031810
295	-0.004831
308	-0.012384
312	-0.009986
315	0.006656
318	-0.031065
319	-0.009431
321	-0.020949
324	0.008980
328	-0.032270
334	0.006288
336	0.013687
338	-0.061330
347	0.011174
351	-0.011100
352	-0.004901
354	0.016247
357	0.022808
359	0.013742
362	0.010187
364	-0.001103
365	-0.000149
368	0.018128
376	-0.012831
377	-0.019387
380	-0.004953
386	-0.025992
388	0.010430
390	0.002723
396	0.003839
404	-0.012460
410	0.002562
413	0.016944
420	-0.012084
423	-0.010983
424	0.000058
437	0.011530
438	0.012486
444	-0.041048
452	-0.013630
473	-0.007246
474	0.000673
475	-0.020084
476	0.011129
478	0.010591
479	0.027273
480	-0.001340
483	-0.008668
503	-0.008051
508	-0.000353
509	-0.001291
530	-0.010175
536	-0.011633
556	0.000582
581	0.001349
583	0.000867
603	0.009184
606	-0.007463
607	-0.015049
620	-0.016885
628	-0.001909
636	-0.003580
637	0.092527
639	0.000855
640	-0.012132
644	0.003188
645	-0.002225
677	0.015007
678	0.013843
679	-0.002712
682	0.014412
698	0.010183
700	-0.006405
710	0.009841
722	-0.009037
723	0.006434
724	0.002816
725	0.022118
726	0.021712
747	0.006168
753	-0.001556
755	0.004639
757	-0.005115
765	-0.000619
782	0.022694
783	-0.000583
793	-0.017487
808	-0.007260
814	-0.014945
840	0.009746
848	0.011461
859	0.005146
864	-0.009359
867	-0.000756
878	0.051580
888	-0.039685
890	0.002694
892	0.018107
899	-0.001411
918	0.031019
926	-0.002524
933	0.011512
934	0.023507
981	-0.009338
1028	-0.007266
1034	-0.004803
1051	0.001783
1054	-0.007548
1058	-0.037153
1062	0.001561
1063	-0.001679
1064	-0.006444
1066	-0.015866
1068	0.008969
1073	0.017361
1082	-0.010619
1083	-0.027360
1086	0.001109
1089	-0.002127
1090	0.014243
1091	-0.026088
1092	-0.003148
1164	0.029850
1165	-0.013874
1174	-0.047260
1176	0.000697
1184	0.004707
1191	-0.001834
1192	-0.001979
1201	0.018857
1230	0.017064
1339	0.003043
1341	0.047410
1370	0.039834
1385	-0.018022
1405	0.005847
1437	-0.010539
1441	0.000215
1443	-0.001107
1521	-0.006355
1522	-0.016060
1523	-0.032306
1524	-0.019906
1525	-0.021366
1541	-0.014055
1542	-0.003031
1550	0.000447
1551	-0.025909
1596	0.015620
1597	0.016047
1628	0.011398
1629	-0.003204
1633	-0.010785
1636	-0.037664
1637	-0.009961
1765	-0.065490
1766	-0.070327
1780	0.002114
1862	0.020617
1865	-0.006888
1870	0.010942
1885	-0.011796
1910	-0.004747
1911	0.007423
2007	-0.003827
2060	-0.005810
2062	-0.002626
2090	0.001011
2093	-0.031868
2094	-0.030697
2095	-0.006102
2096	0.013703
2100	-0.011410
2101	-0.015835
2102	-0.016921
2103	-0.005230
2104	-0.006552
2105	0.016035
2128	0.008396
2129	0.016675
2135	0.001996
2190	0.010822
2195	0.008709
2197	0.005956
2198	-0.010575
2199	0.012299
2200	0.018449
2201	0.016593
2202	-0.004299
2205	0.015704
2217	0.010128
2218	0.061564
2221	-0.003077
2272	0.006820
2273	0.001993
2275	0.010106
2288	0.033338
2293	-0.004919
2298	-0.005783
2299	-0.005614
2300	-0.001191
2301	0.003251
2338	-0.009675
2342	-0.014507
2343	0.009146
2358	-0.003494
2384	-0.004109
2385	0.004491
2399	-0.010079
2435	-0.012753
2436	0.006249
2465	0.009440
2467	0.021302
2468	0.011381
2469	0.020951
2470	0.015157
2471	-0.009415
2474	0.031277
2620	-0.006576
2650	0.006259
2651	0.005572
2685	-0.008811
2688	0.015271
2730	0.019010
2843	0.005292
2951	-0.009855
2959	-0.004807
3236	0.016843
3305	-0.003427
3318	0.001908
3340	0.012908
3352	0.007314
3355	-0.019463
3356	-0.026154
3365	-0.010997
3366	-0.012460
3367	0.004082
3368	0.004364
3401	0.017271
3405	-0.026492
3434	0.014975
3448	-0.001619
3454	-0.009483
3481	0.000480
3495	0.002884
3504	-0.000315
3532	-0.000254
3540	-0.003480
3549	0.004887
3550	-0.001478
3569	0.003537
3595	0.012646
3596	0.004566
3603	0.012323
3621	0.016467
3622	0.018917
3647	0.007759
3649	0.001945
3651	-0.003885
3652	0.021050
3723	0.019346
3757	0.005712
3772	0.024354
3787	0.016613
3798	-0.014360
3799	0.000926
3889	-0.008309
3897	-0.003899
3898	-0.000898
3904	0.019888
3945	0.012280
3990	0.007006
4024	-0.005433
4039	0.002028
4048	0.023598
4050	0.008649
4076	0.024299
4094	0.016475
4170	0.005637
4251	0.015045
4252	0.015917
4299	-0.005295
4302	-0.005582
4318	-0.015789
4319	0.027634
4320	-0.008292
4360	0.019710
4388	-0.008796
4414	-0.006826
4426	0.014452
4446	-0.033610
4527	-0.012398
4545	-0.006488
4546	0.006542
4554	-0.007744
4564	0.016021
4567	-0.009678
4634	0.008324
4693	-0.023361
4736	0.010629
4761	0.005118
4879	-0.019754
5071	0.008951
5138	-0.001669
5164	-0.034595
5182	-0.019196
5183	-0.030881
5184	-0.001611
5187	0.003139
5188	-0.003286
5189	-0.004967
5193	-0.039603
5194	-0.042202
5195	0.004735
5197	0.005801
5203	-0.014602
5205	-0.023142
5212	0.017776
5213	0.028500
5222	0.005318
5223	0.018603
5228	0.016280
5232	0.040321
5244	-0.000821
5245	-0.012772
5246	-0.016149
5248	-0.005930
5292	0.003654
5293	-0.003448
5299	-0.008229
5300	-0.023267
5315	0.015659
5316	0.016290
5319	-0.005552
5320	-0.003147
5321	-0.000227
5322	-0.071704
5323	-0.013241
5324	0.002246
5325	0.015305
5329	0.008935
5342	-0.013661
5343	-0.013546
5374	0.013742
5376	-0.054784
5378	-0.019664
5379	0.023225
5382	-0.003359
5390	0.010660
5398	0.005526
5402	0.014984
5404	-0.008476
5407	-0.005542
5408	0.019860
5409	0.015193
5411	-0.001045
5412	0.016512
5413	-0.001656
5416	0.060230
5418	0.009220
5422	-0.002829
5425	-0.014507
5427	-0.006515
5428	0.010885
5432	-0.003198
5436	-0.016306
5443	0.003859
5444	-0.049856
5458	0.029196
5462	0.027889
5465	-0.016835
5468	0.007431
5471	-0.012978
5480	-0.016011
5481	0.008047
5485	-0.017121
5486	-0.008909
5488	0.008168
5489	0.003634
5495	0.024297
5513	-0.012561
5515	-0.021009
5516	0.004002
5521	0.004438
5527	-0.012388
5528	-0.024575
5536	0.043811
5537	-0.001166
5547	0.009945
5565	-0.005864
5573	0.011540
5579	-0.015937
5583	0.006188
5586	-0.014121
5589	-0.014157
5590	-0.004210
5593	-0.007171
5599	0.021438
5604	0.004224
5605	-0.006715
5606	0.022427
5625	0.028896
5649	0.000938
5656	-0.014355
5657	0.024607
5658	0.005795
5686	0.005664
5695	0.039919
5705	0.005020
5706	-0.008172
5716	0.001814
5717	-0.010702
5718	-0.017982
5719	0.003906
5720	-0.001299
5724	0.001064
5738	0.005621
5742	-0.014129
5750	0.031264
5751	-0.004421
5756	0.000271
5761	0.024020
5768	0.005238
5773	-0.056555
5792	0.007970
5793	0.000055
5794	-0.005507
5806	-0.014186
5811	0.009131
5812	-0.016455
5813	-0.016499
5814	0.007864
5821	-0.016901
5823	-0.015680
5825	-0.012380
5831	0.006338
5832	0.047100
5833	0.014976
5847	-0.004068
5849	0.011853
5851	-0.004616
5854	-0.008317
5858	0.013911
5862	-0.000766
5875	0.011240
5876	0.023914
5903	-0.011840
5910	0.000877
5912	0.012632
5913	-0.052777
5925	0.008845
5926	0.005128
5927	0.000952
5928	0.015732
5930	-0.011459
5931	-0.001761
5933	-0.010113
5934	0.009703
5937	0.035674
5939	0.050639
5940	0.044855
5941	0.007335
5943	0.010381
5963	-0.021585
5964	-0.030120
5965	0.009819
5966	0.008225
5968	0.010064
5969	-0.010053
5970	-0.003303
5971	0.008504
5975	0.007351
6006	0.017427
6011	0.013293
6017	0.025581
6019	0.002866
6022	0.019456
6032	-0.037334
6095	0.013770
6115	-0.034681
6116	-0.000345
6119	0.005028
6127	-0.023733
6128	0.014604
6130	-0.007864
6140	-0.025257
6141	-0.007117
6147	-0.010090
6148	-0.009013
6163	-0.020632
6164	0.004974
6170	-0.015475
6171	-0.003629
6177	-0.016527
6184	0.004307
6200	-0.001115
6204	0.013319
6206	0.038884
6223	0.021486
6240	-0.017697
6245	-0.010230
6253	0.008124
6267	0.003886
6269	-0.011766
6290	-0.014615
6303	0.013516
6317	0.005291
6343	0.008822
6350	0.006765
6360	0.017214
6367	-0.012113
6383	0.006062
6389	0.018935
6397	-0.000642
6398	0.009094
6406	0.018412
6407	0.007721
6412	0.009127
6413	0.010153
6434	-0.002304
6435	-0.004872
6460	-0.001189
6463	-0.018688
6464	0.001567
6489	0.003869
6507	0.010853
6510	-0.029764
6516	-0.004341
6518	0.010282
6522	0.016357
6523	0.055456
6524	0.008347
6525	0.020865
6531	-0.026014
6536	0.015087
6575	0.005354
6584	0.003528
6585	-0.011136
6586	0.034544
6594	0.009427
6595	0.000595
6610	-0.000702
6612	-0.005765
6615	0.013489
6624	0.035404
6628	0.011881
6649	0.005959
6698	-0.014143
6706	-0.007194
6718	0.022995
6719	-0.027295
6722	0.011074
6770	0.004349
6780	-0.009418
6781	-0.016686
6794	-0.012508
6795	-0.031557
6796	-0.015978
6799	-0.039393
6809	-0.000853
6837	-0.020149
6838	0.003480
6839	0.009049
6846	0.003865
6865	-0.013769
6869	-0.008632
6870	0.008273
6871	0.000077
6873	0.000866
6876	-0.003096
6885	-0.003498
6895	-0.010427
6896	-0.005701
6897	0.001686
6900	0.026252
6903	0.022013
6906	-0.026566
6916	0.024289
6917	-0.002595
6918	0.026060
6919	-0.030698
6938	0.000371
6941	0.010360
6942	-0.022135
6943	0.004638
6944	-0.001455
6948	0.004685
6953	0.019688
6957	-0.017547
6958	0.042049
6970	-0.000567
6971	0.005547
6976	-0.020053
6977	-0.001857
6990	0.004276
7014	0.001953
7015	-0.013570
7016	0.003202
7018	-0.007694
7019	-0.004077
7042	0.000102
7053	0.008762
7066	-0.033349
7067	-0.002578
7083	0.003195
7092	0.005881
7100	0.003323
7103	0.020202
7110	-0.030848
7111	-0.001224
7112	-0.035352
7113	-0.000545
7116	-0.017801
7119	-0.012008
7120	0.012679
7121	-0.007603
7122	0.003015
7140	0.010288
7143	-0.039893
7157	-0.025598
7165	-0.006805
7175	-0.015936
7178	0.027566
7206	0.003953
7207	-0.045567
7217	0.021834
7218	0.001331
7221	-0.011846
7227	0.026571
7230	-0.007080
7236	-0.047608
7239	0.009750
7242	-0.026384
7260	0.003223
7268	0.003513
7269	0.003485
7304	0.019712
7326	0.007945
7327	0.032102
7336	-0.001734
7342	-0.010474
7346	0.005177
7348	0.011781
7355	-0.027350
7361	-0.023804
7372	0.017352
7387	-0.012631
7422	0.012663
7423	-0.012336
7425	-0.009607
7436	-0.013892
7442	-0.032204
7446	0.019778
7448	-0.002541
7453	0.007114
7463	0.006051
7492	0.017425
7493	-0.023207
7494	-0.014723
7495	-0.011868
7518	0.019180
7520	0.014764
7540	0.000857
7546	-0.019134
7556	-0.014941
7559	-0.013020
7560	-0.014906
7561	0.001824
7564	0.049791
7575	0.005096
7583	0.011553
7585	-0.016255
7586	0.017399
7599	0.002265
7600	-0.053699
7606	-0.003462
7614	-0.010619
7617	-0.027262
7622	-0.003860
7629	0.011489
7637	-0.006811
7640	-0.008149
7657	-0.018698
7665	-0.029380
7666	-0.021215
7667	0.019153
7668	-0.032276
7669	-0.008594
7670	-0.052904
7671	0.012917
7681	-0.045434
7683	0.020461
7684	-0.013280
7696	-0.007487
7722	0.005772
7723	-0.009599
7799	-0.029723
7852	-0.027871
7859	0.002839
7860	-0.002308
7861	0.020495
7865	0.012756
7875	0.003975
7876	0.001669
7895	-0.021165
7913	-0.029707
7917	0.024396
7952	0.027974
7969	-0.008360
7971	-0.001222
8000	0.020598
8002	-0.009319
8006	-0.047893
8036	0.026197
8056	-0.006723
8069	0.008718
8103	-0.015354
8107	0.009315
8120	0.017955
8122	-0.003492
8125	-0.014588
8127	0.012353
8136	0.003434
8149	0.013189
8154	0.013907
8197	0.001307
8208	0.040546
8223	-0.021696
8232	0.002661
8241	-0.001095
8256	-0.021817
8262	0.012477
8266	0.015501
8267	0.016933
8268	0.009013
8269	0.014902
8271	0.017941
8273	0.004146
8280	-0.009249
8284	0.014060
8303	0.002760
8304	-0.001441
8305	0.000166
8308	-0.010472
8332	0.007077
8333	-0.015067
8334	-0.037832
8338	0.007874
8363	-0.006942
8370	0.004397
8398	0.023562
8465	0.035278
8468	0.011457
8469	0.000703
8470	0.004561
8507	0.008784
8552	-0.007945
8572	0.001212
8574	0.006738
8577	0.013949
8586	-0.016338
8592	-0.000716
8593	0.004189
8594	0.009605
8597	0.011474
8599	-0.003066
8606	0.025756
8607	0.020601
8615	-0.008654
8617	-0.014283
8626	0.012051
8636	-0.002082
8669	-0.002932
8671	-0.017729
8673	-0.008833
8675	0.021429
8790	0.004506
8791	0.011321
8811	0.079606
8822	-0.009182
8841	-0.003830
8849	0.005177
8856	-0.026107
8875	-0.024885
8884	0.024956
8906	0.039630
8907	0.008310
8910	0.002752
8911	-0.002871
8912	0.014197
8913	-0.038481
8934	-0.002666
8935	-0.004513
8954	-0.001905
8968	-0.007904
8972	-0.001871
9001	0.006401
9029	0.029431
9032	0.006961
9058	-0.085707
9059	0.002683
9068	-0.038088
9070	-0.016588
9108	-0.007987
9139	-0.004793
9140	0.006870
9158	0.012219
9187	0.031150
9188	-0.024294
9189	-0.011089
9190	-0.016632
9253	0.010551
9259	0.023795
9268	0.009617
9269	-0.005279
9271	0.029486
9312	0.018399
9323	0.006606
9329	-0.011117
9330	-0.007023
9331	0.015861
9356	0.023338
9376	0.012485
9394	-0.009446
9424	0.014968
9428	0.016605
9429	0.018349
9496	0.009621
9536	0.003996
9543	0.030483
9589	0.002673
9614	0.024425
9615	-0.017861
9617	-0.055892
9631	0.001966
9661	0.006378
9668	0.009585
9718	-0.043045
9728	-0.009480
9734	-0.014714
9788	-0.006110
9791	0.014425
9793	-0.004672
9804	-0.000198
9809	-0.005349
9810	-0.018316
9823	-0.008527
9828	-0.033412
9907	0.037782
9951	-0.006409
9968	0.009788
9969	0.005946
10010	-0.009504
10011	-0.001866
10012	-0.010700
10018	0.013555
10021	0.000351
10022	0.013098
10031	0.002506
10032	-0.000498
10033	-0.014456
10034	-0.001102
10035	-0.013753
10039	-0.010532
10044	0.008722
10045	-0.018343
10060	0.000728
10065	-0.018024
10077	0.025017
10080	-0.000915
10130	-0.012221
10131	-0.025378
10149	-0.000219
10194	-0.002564
10197	0.022423
10221	0.010600
10226	-0.020341
10232	-0.005280
10233	0.026407
10263	0.025886
10264	0.012835
10274	0.017360
10286	-0.003243
10292	-0.001794
10299	0.014848
10302	-0.009244
10324	0.000694
10355	0.001755
10358	0.011566
10362	0.001909
10366	0.002752
10368	-0.007102
10370	0.013175
10392	0.006413
10405	0.020063
10406	0.001288
10409	-0.003218
10419	-0.016684
10420	0.013230
10424	-0.011078
10434	0.032704
10455	-0.002776
10478	-0.013026
10480	-0.011934
10484	-0.003264
10510	0.017484
10519	0.053745
10520	0.016119
10524	0.016856
10578	-0.042697
10630	0.013014
10643	-0.022629
10645	0.017520
10677	-0.010245
10678	-0.004859
10690	-0.013605
10717	-0.000729
10718	-0.011439
10719	0.003241
10721	-0.001696
10723	0.021648
10735	0.010202
10736	0.022139
10829	0.009279
10837	-0.004722
10846	0.016403
10921	-0.012840
10922	-0.014794
10923	0.004079
10924	-0.002651
10964	-0.017254
10978	-0.008650
11017	0.035416
11018	0.000435
11019	0.001579
11032	0.017704
11034	-0.020111
11035	-0.000764
11036	-0.004317
11052	0.015772
11056	0.018496
11060	0.015151
11063	0.008499
11064	0.039722
11068	-0.018312
11069	0.001144
11090	-0.003880
11098	0.024843
11099	-0.004877
11100	-0.007819
11105	-0.018589
11109	-0.002257
11122	-0.010115
11123	-0.016983
11125	0.013223
11126	0.017178
11149	0.004904
11153	-0.008318
11188	-0.036422
11193	-0.014726
11230	-0.003922
11233	-0.007279
11236	0.024312
11243	-0.003279
11251	0.004821
11259	-0.001189
11263	0.009437
11272	-0.025820
11321	-0.011992
11322	0.007060
11326	0.014586
11327	-0.005421
11335	-0.007486
11337	-0.012689
11343	0.002354
11390	-0.015008
11444	-0.033886
11464	0.027537
11471	0.009566
11472	0.011239
11473	0.019105
11492	-0.002064
11499	0.010161
11500	0.000922
11505	0.006592
11527	0.013111
11528	0.014899
11532	-0.006730
11564	-0.018342
11589	0.002786
11591	-0.025100
11592	0.011186
11599	-0.024002
11605	0.050435
11617	0.007619
11630	0.035177
11631	-0.017362
11632	0.053238
11656	-0.039347
11657	0.008053
11777	-0.021415
11786	0.008418
11812	0.015584
12020	0.004157
12061	-0.003418
12115	-0.017590
12154	0.007373
12155	0.001809
12156	-0.003103
12159	-0.037702
12174	0.010642
12176	-0.021109
12230	-0.002182
12234	-0.019257
12236	-0.012845
12237	-0.024528
12250	-0.000293
12252	0.009731
12253	-0.004356
12315	-0.002901
12381	0.037643
12382	0.012550
12438	0.020543
12455	-0.002588
12462	-0.055761
12478	-0.007921
12603	-0.031372
12711	-0.027786
12714	-0.023854
12716	-0.025292
12754	-0.023072
12785	0.015924
12788	0.033764
12792	-0.085762
12898	-0.020581
12944	0.019056
12949	0.070462
13062	0.008060
13099	-0.018543
13160	0.025639
13198	0.008589
13239	0.011885
13249	0.018153
13262	0.013953
13263	0.121615
13272	-0.002372
13273	0.013730
13277	-0.025043
13305	-0.018053
13342	-0.022586
13343	0.003444
13345	0.009042
13351	-0.002839
13357	-0.007219
13427	0.001835
13436	-0.041293
13455	0.005153
13528	-0.003120
13532	-0.064890
13553	-0.001747
13566	0.015368
13651	0.010703
13653	-0.016019
13675	0.002494
13676	0.009017
13677	-0.010386
13678	0.006996
13681	-0.012575
13688	-0.011561
13697	0.018474
13705	0.011471
13708	-0.016697
13737	-0.064291
13760	-0.023149
13923	0.001684
13927	0.019611
13995	0.018109
14002	0.012485
14003	0.000539
14021	0.009016
14034	0.007635
14064	0.009193
14110	-0.012488
14155	-0.018439
14203	-0.033832
14208	-0.004263
14340	-0.028650
14356	0.013258
14389	0.022227
14499	-0.007579
14625	-0.003812
14632	-0.029106
14637	-0.001264
14641	-0.021355
14685	0.017500
14694	-0.008743
14695	-0.024445
14699	0.003061
14700	-0.004738
14749	-0.047532
14760	-0.014986
14790	0.013918
14791	0.019493
14796	-0.006864
14797	0.006373
14891	-0.023369
14927	-0.009947
15099	-0.019962
15182	0.015462
15243	0.002357
15245	0.010691
15254	0.004161
15322	-0.017523
15327	0.017267
15463	-0.005826
15496	0.022985
15499	-0.004296
15502	0.002251
15514	0.016180
15566	0.037910
15580	-0.022225
15583	-0.012492
15586	0.013166
15601	-0.001336
15621	-0.051425
15780	0.019214
15869	-0.024580
16082	-0.004279
16281	0.024028
16293	0.022132
16300	0.018750
16304	0.013385
16360	0.025664
16361	-0.047600
16367	0.001697
16432	-0.017795
16433	-0.012383
16438	-0.025974
16446	-0.031284
16453	-0.018316
16463	0.001596
16466	-0.024559
16477	0.019344
16482	0.015556
16605	0.004274
16606	-0.035386
16635	-0.037641
16638	0.005928
16655	0.009723
16673	0.010289
16676	-0.007207
16677	0.000482
16678	-0.009366
16808	0.014980
16829	0.032438
17150	-0.002907
17182	-0.050636
17199	-0.020049
17273	0.016631
17431	0.028410
17466	-0.009104
17472	-0.003191
17485	-0.002380
17585	-0.023286
17620	0.015748
17647	0.024177
17690	-0.059565
17772	0.001697
18410	-0.003058
19647	0.085929
21458	0.029413
21885	0.034081
21973	0.014136
21976	0.005402
21977	0.008506
22084	-0.007803
23475	0.015855
23754	-0.014518
23764	0.004380
24372	0.006436
24918	0.029007
24944	-0.000616
25022	0.020434
25140	-0.027650
26484	-0.013953
27764	-0.003419
28424	-0.014518
28845	-0.005954
29861	0.000034
30684	-0.018853
31288	0.005667
31704	0.013276
32421	-0.024754
32520	0.037296
32893	-0.025094
34340	-0.024480
35227	-0.030063
35334	0.007404
36499	0.005618
36843	-0.003773
36844	0.007054
36955	-0.013001
36970	-0.025978
39336	-0.000416
39353	0.012882
40538	0.010350
40541	-0.015733
40542	-0.020887
40599	-0.052407
40601	-0.028577
40602	0.001700
40656	-0.018266
40657	-0.031444
42157	0.022847
42203	0.020734
42204	-0.024591
42851	0.020785
43061	0.006253
44144	0.008394
45195	0.021170
47030	0.008160
47285	0.020990
47317	-0.001993
47457	0.037559
47460	0.015829
48147	-0.002423
48297	0.025887
48474	0.021945
48696	0.029256
49516	0.019722
49630	0.012406
49927	0.015265
50199	0.028139
50249	-0.013247
50259	0.023559
50904	0.042965
53231	-0.017780
53471	0.020290
53531	-0.020848
53986	0.012852
55057	-0.035895
56431	0.000291
56432	-0.000965
56466	0.051707
56478	-0.022187
56621	0.031955
57644	-0.006741
57756	0.001767
58783	-0.003854
59657	0.014948
59715	0.023847
64825	0.047994
64947	-0.003889
65950	-0.051059
70102	-0.058342
75003	0.013052
75099	0.021114
75742	0.027612
75823	0.007411
75824	-0.011334
78157	0.003219
78181	-0.005354
78191	0.005815
80479	-0.013667
80480	-0.001681
80715	-0.000193
80719	-0.003069
80750	0.001742
81231	0.014981
84436	0.019908
84780	-0.000032
84844	0.015014
85002	0.018585
85003	0.035275
85659	-0.009124
85663	-0.002842
85710	-0.011746
92185	-0.002258
96142	-0.005149
96144	-0.018397
96482	-0.037537
98871	0.024126
