# 1342 minima projected onto PC91
Min	PC
3	0.008893
4	0.013660
5	-0.041684
6	0.021641
7	0.000520
9	-0.068941
16	0.009974
17	-0.021566
21	-0.002953
23	-0.016099
31	-0.035287
44	-0.046794
47	0.011283
48	-0.004181
51	0.029982
52	0.043981
55	0.003488
56	0.020288
57	0.047916
58	-0.005345
60	0.079717
67	0.008352
68	0.019694
71	-0.007107
72	-0.032782
74	-0.004707
79	-0.072025
82	0.001751
85	-0.005589
86	0.002334
87	0.035380
88	-0.019554
91	-0.051264
92	-0.027278
94	0.067446
95	0.036084
97	-0.032511
104	0.032486
106	-0.057705
109	-0.059376
111	-0.019821
115	0.061858
120	-0.056594
126	-0.109694
129	-0.012001
136	0.005413
137	-0.013203
188	-0.038315
189	0.043434
196	0.058794
199	0.011392
200	0.023982
202	0.058439
211	-0.022363
213	-0.054503
214	-0.000635
219	-0.001276
221	-0.062836
276	-0.000424
279	-0.005419
283	-0.000550
295	-0.026293
308	0.056739
312	0.035546
315	0.008070
318	-0.039254
319	0.055000
321	0.071830
324	-0.007099
328	0.030597
334	0.053162
336	0.014956
338	0.036162
347	-0.029301
351	-0.019377
352	0.034521
354	-0.051864
357	0.075517
359	-0.030508
362	-0.067971
364	0.012827
365	0.005894
368	-0.043148
376	-0.001968
377	-0.064652
380	-0.015110
386	-0.043223
388	0.025390
390	-0.102411
396	0.014170
404	-0.035408
410	0.031779
413	0.070686
420	-0.004031
423	0.027464
424	0.067261
437	0.058928
438	0.028302
444	0.098299
452	-0.070485
473	0.001074
474	0.016678
475	0.042555
476	-0.064459
478	0.046423
479	-0.028574
480	0.019173
483	0.007033
503	-0.001030
508	0.026133
509	0.000413
530	0.006608
536	-0.057507
556	-0.027958
581	0.082577
583	0.048202
603	0.005360
606	-0.003219
607	-0.035221
620	0.008969
628	-0.032677
636	-0.013992
637	-0.134675
639	-0.056397
640	-0.090889
644	0.053047
645	0.030299
677	0.053302
678	-0.063077
679	0.021825
682	-0.025281
698	0.026123
700	0.049746
710	-0.088162
722	0.002318
723	-0.007444
724	0.051138
725	-0.027389
726	0.001607
747	0.006912
753	0.006147
755	0.055328
757	-0.016095
765	-0.006653
782	0.004435
783	0.000283
793	-0.028050
808	-0.009243
814	0.120247
840	0.052603
848	0.048988
859	0.055769
864	0.015962
867	-0.018649
878	0.076242
888	0.044271
890	0.012257
892	0.018038
899	0.062184
918	-0.055963
926	-0.031700
933	0.022888
934	-0.061266
981	0.008900
1028	0.018574
1034	-0.014487
1051	0.024266
1054	0.030801
1058	-0.060389
1062	0.031552
1063	-0.014594
1064	0.002758
1066	0.040975
1068	-0.037519
1073	0.030248
1082	-0.015459
1083	-0.034916
1086	0.060343
1089	0.017065
1090	0.068477
1091	0.033479
1092	0.073819
1164	-0.051362
1165	-0.054591
1174	0.136038
1176	0.020619
1184	0.017228
1191	0.052399
1192	0.026061
1201	-0.029468
1230	0.020472
1339	0.036920
1341	0.049517
1370	0.060708
1385	-0.002454
1405	0.051582
1437	-0.048912
1441	0.006248
1443	-0.003478
1521	0.034316
1522	0.026627
1523	0.027852
1524	0.011535
1525	-0.000094
1541	0.005760
1542	0.047546
1550	0.047807
1551	0.042057
1596	0.015343
1597	0.037630
1628	0.069123
1629	0.028099
1633	-0.021662
1636	0.078541
1637	0.207004
1765	-0.066694
1766	-0.105831
1780	0.034483
1862	0.080301
1865	-0.004779
1870	0.058296
1885	-0.165807
1910	0.021256
1911	0.032563
2007	0.039147
2060	0.059159
2062	-0.036641
2090	-0.006699
2093	0.019380
2094	0.018275
2095	-0.056955
2096	-0.001536
2100	-0.041945
2101	-0.058436
2102	-0.011278
2103	-0.033926
2104	0.019555
2105	-0.077736
2128	-0.010456
2129	0.017037
2135	-0.018656
2190	0.006594
2195	0.017031
2197	0.021877
2198	-0.005080
2199	0.008886
2200	-0.000825
2201	-0.002798
2202	-0.003147
2205	-0.033988
2217	-0.000659
2218	-0.017950
2221	0.005870
2272	-0.021646
2273	0.057169
2275	0.037432
2288	-0.094281
2293	-0.011001
2298	0.052040
2299	0.009668
2300	-0.023155
2301	-0.030739
2338	0.053589
2342	-0.096838
2343	0.007864
2358	-0.011610
2384	0.008849
2385	0.005725
2399	-0.082577
2435	-0.055028
2436	-0.009390
2465	0.041665
2467	0.028988
2468	0.054300
2469	0.039508
2470	0.106417
2471	-0.005268
2474	-0.020362
2620	-0.068539
2650	-0.043344
2651	-0.059888
2685	0.020565
2688	-0.028211
2730	0.021464
2843	0.008806
2951	0.080192
2959	0.004990
3236	0.033645
3305	-0.010736
3318	0.040006
3340	-0.014625
3352	-0.014739
3355	-0.042997
3356	-0.024681
3365	-0.093501
3366	-0.068088
3367	-0.020918
3368	-0.038966
3401	0.041270
3405	-0.190575
3434	-0.009356
3448	0.013495
3454	0.191756
3481	0.032489
3495	0.051296
3504	0.052452
3532	0.017781
3540	0.037036
3549	0.051812
3550	0.040620
3569	0.058295
3595	-0.002439
3596	0.055691
3603	-0.047878
3621	0.108209
3622	-0.000894
3647	0.027839
3649	0.002722
3651	0.046142
3652	0.053977
3723	-0.040556
3757	-0.040341
3772	0.060659
3787	-0.008065
3798	-0.033936
3799	-0.169610
3889	-0.031464
3897	0.055380
3898	0.108904
3904	0.094409
3945	0.040802
3990	0.041993
4024	0.032644
4039	-0.075809
4048	0.019430
4050	-0.003508
4076	-0.006975
4094	0.007510
4170	0.064080
4251	0.030655
4252	0.030026
4299	0.024732
4302	0.017697
4318	0.036802
4319	-0.138228
4320	-0.006672
4360	0.026364
4388	-0.027186
4414	0.004450
4426	0.023673
4446	0.061441
4527	-0.065587
4545	0.003617
4546	-0.006985
4554	-0.029168
4564	0.056461
4567	0.032616
4634	0.017227
4693	0.067496
4736	-0.025289
4761	-0.005567
4879	0.079616
5071	-0.008085
5138	-0.038271
5164	0.026937
5182	-0.018392
5183	-0.004245
5184	-0.051684
5187	-0.010970
5188	-0.014058
5189	-0.072551
5193	-0.113506
5194	-0.081543
5195	-0.051301
5197	0.066105
5203	0.011459
5205	0.004980
5212	0.008591
5213	0.021090
5222	0.077057
5223	-0.023347
5228	0.015480
5232	-0.000540
5244	0.021767
5245	0.060045
5246	0.028067
5248	0.049083
5292	0.021930
5293	0.060537
5299	0.188694
5300	0.140486
5315	0.034517
5316	0.001261
5319	0.007180
5320	0.034831
5321	-0.007159
5322	-0.056324
5323	0.043148
5324	-0.045224
5325	0.001436
5329	0.087427
5342	-0.005020
5343	-0.057877
5374	0.016264
5376	-0.059825
5378	-0.080695
5379	0.070419
5382	0.056411
5390	-0.041206
5398	-0.056660
5402	0.045509
5404	-0.038003
5407	-0.024401
5408	0.024542
5409	-0.006650
5411	-0.001494
5412	-0.012925
5413	0.011861
5416	-0.135447
5418	-0.041686
5422	0.028875
5425	0.020803
5427	0.023009
5428	-0.018589
5432	-0.141084
5436	-0.057862
5443	0.001654
5444	0.007526
5458	-0.107485
5462	0.073009
5465	-0.017708
5468	0.013593
5471	-0.012614
5480	-0.109216
5481	0.012833
5485	-0.085358
5486	-0.042156
5488	-0.134989
5489	-0.102317
5495	-0.079575
5513	0.024530
5515	0.044744
5516	0.033873
5521	0.016220
5527	0.030214
5528	0.057031
5536	-0.004484
5537	-0.039502
5547	0.039445
5565	-0.011048
5573	-0.012969
5579	-0.009609
5583	0.029680
5586	0.064308
5589	0.039027
5590	0.009772
5593	-0.026072
5599	0.047423
5604	0.142108
5605	-0.000287
5606	-0.012069
5625	-0.163387
5649	-0.001848
5656	0.065002
5657	-0.160380
5658	0.054057
5686	-0.027589
5695	0.013314
5705	0.154161
5706	0.070796
5716	-0.042843
5717	-0.032656
5718	-0.018954
5719	0.017132
5720	-0.052110
5724	0.035715
5738	0.104467
5742	0.039885
5750	0.074850
5751	-0.078215
5756	-0.014008
5761	-0.019876
5768	0.036641
5773	-0.046256
5792	-0.041077
5793	0.018325
5794	-0.037996
5806	0.066769
5811	0.003350
5812	-0.029666
5813	-0.031423
5814	0.011999
5821	0.069748
5823	-0.092679
5825	0.036676
5831	-0.018273
5832	0.023641
5833	0.048474
5847	0.035814
5849	-0.051713
5851	-0.022603
5854	0.009510
5858	0.051708
5862	0.083020
5875	-0.026580
5876	0.003582
5903	0.050981
5910	0.062761
5912	0.126464
5913	0.049416
5925	0.029012
5926	0.029101
5927	0.035980
5928	0.021878
5930	0.026851
5931	-0.010217
5933	0.020863
5934	-0.043338
5937	-0.062920
5939	-0.071082
5940	-0.106813
5941	-0.001157
5943	0.013932
5963	-0.073109
5964	-0.039618
5965	-0.059591
5966	-0.023942
5968	-0.041989
5969	0.001958
5970	0.013884
5971	0.066186
5975	0.031837
6006	-0.000589
6011	0.001265
6017	-0.042963
6019	-0.020236
6022	-0.068258
6032	-0.038850
6095	-0.005639
6115	-0.041962
6116	-0.049543
6119	-0.039558
6127	-0.037009
6128	-0.027601
6130	0.026908
6140	0.012609
6141	-0.002394
6147	0.059704
6148	0.060583
6163	0.013159
6164	-0.055564
6170	0.017730
6171	-0.000280
6177	-0.021994
6184	0.047176
6200	-0.069041
6204	-0.033176
6206	0.010633
6223	-0.016649
6240	0.010729
6245	0.028723
6253	-0.001775
6267	0.064484
6269	-0.006174
6290	0.053241
6303	-0.030954
6317	0.061280
6343	-0.087415
6350	-0.075337
6360	-0.109503
6367	0.065646
6383	-0.007259
6389	-0.053767
6397	0.007237
6398	-0.085313
6406	0.000264
6407	0.065494
6412	0.005268
6413	0.007028
6434	-0.014351
6435	-0.003220
6460	-0.016816
6463	-0.050321
6464	-0.024940
6489	0.011501
6507	0.053178
6510	-0.154008
6516	0.080239
6518	0.002398
6522	-0.005476
6523	0.058665
6524	-0.045257
6525	-0.057821
6531	0.019884
6536	0.029191
6575	-0.024836
6584	0.043743
6585	-0.011604
6586	-0.007113
6594	-0.021276
6595	-0.056165
6610	-0.038209
6612	-0.123976
6615	-0.019855
6624	-0.036197
6628	0.034342
6649	0.004883
6698	-0.145261
6706	-0.124516
6718	-0.006332
6719	-0.006907
6722	-0.048719
6770	-0.110254
6780	-0.090709
6781	-0.059521
6794	0.042099
6795	0.083223
6796	0.042153
6799	-0.069917
6809	0.016035
6837	0.117337
6838	-0.017563
6839	-0.160809
6846	-0.137376
6865	-0.064178
6869	-0.035801
6870	0.045354
6871	-0.097045
6873	-0.029480
6876	-0.029943
6885	0.041166
6895	-0.047738
6896	-0.116426
6897	0.035298
6900	-0.010869
6903	-0.035959
6906	0.024440
6916	0.023306
6917	-0.018689
6918	-0.012009
6919	0.024283
6938	0.051838
6941	-0.037431
6942	-0.023869
6943	0.043511
6944	0.008494
6948	-0.009475
6953	0.009375
6957	0.072483
6958	-0.007048
6970	-0.020768
6971	-0.047952
6976	-0.062630
6977	-0.104261
6990	0.036059
7014	-0.065017
7015	-0.086320
7016	-0.034912
7018	0.012641
7019	0.055681
7042	-0.012698
7053	0.081029
7066	-0.069512
7067	0.177052
7083	-0.017413
7092	-0.063597
7100	-0.054307
7103	-0.054580
7110	0.026823
7111	-0.026688
7112	-0.081145
7113	-0.079384
7116	0.012515
7119	0.055295
7120	-0.004014
7121	0.067398
7122	0.040914
7140	-0.006648
7143	0.083866
7157	0.009716
7165	0.004753
7175	-0.057270
7178	-0.001178
7206	-0.100914
7207	0.059064
7217	0.034550
7218	0.024114
7221	0.025557
7227	-0.047385
7230	-0.086061
7236	-0.109228
7239	-0.022094
7242	0.040663
7260	0.027706
7268	0.069002
7269	0.035262
7304	0.018549
7326	-0.027835
7327	-0.280952
7336	-0.046367
7342	0.029779
7346	0.035166
7348	0.122414
7355	-0.070171
7361	0.035918
7372	-0.003261
7387	0.103347
7422	-0.043215
7423	-0.022309
7425	0.037683
7436	0.086182
7442	-0.107763
7446	0.022313
7448	0.026555
7453	-0.023789
7463	0.063876
7492	0.123128
7493	-0.075230
7494	-0.083193
7495	-0.061239
7518	0.041433
7520	0.047148
7540	-0.044566
7546	-0.042666
7556	0.057304
7559	-0.041440
7560	0.010573
7561	-0.017947
7564	-0.011919
7575	0.014911
7583	0.040128
7585	-0.042423
7586	-0.014808
7599	-0.033224
7600	0.234029
7606	-0.045267
7614	-0.058548
7617	-0.077422
7622	-0.024376
7629	0.079050
7637	-0.026561
7640	-0.007891
7657	-0.036878
7665	-0.061912
7666	0.102726
7667	0.059547
7668	-0.057310
7669	-0.045784
7670	-0.062142
7671	0.029305
7681	0.056812
7683	0.041364
7684	0.003423
7696	-0.084389
7722	-0.086668
7723	-0.016655
7799	0.029644
7852	-0.092610
7859	0.017612
7860	0.043597
7861	-0.017556
7865	-0.062791
7875	-0.036342
7876	-0.032367
7895	-0.065441
7913	-0.072158
7917	-0.131403
7952	0.028889
7969	-0.084066
7971	-0.059247
8000	0.026602
8002	-0.056543
8006	0.083542
8036	-0.015848
8056	0.070974
8069	0.066145
8103	0.038666
8107	0.025568
8120	0.003652
8122	0.007534
8125	0.025290
8127	-0.006486
8136	-0.044163
8149	-0.040487
8154	-0.045931
8197	-0.032804
8208	0.121270
8223	-0.075398
8232	0.041956
8241	0.055178
8256	-0.014342
8262	0.001013
8266	-0.073734
8267	0.013703
8268	-0.012010
8269	0.013721
8271	-0.008549
8273	-0.058878
8280	0.044832
8284	0.063517
8303	0.014943
8304	-0.065350
8305	-0.045929
8308	0.007503
8332	0.207097
8333	0.014392
8334	-0.053387
8338	0.313796
8363	0.020066
8370	-0.018649
8398	0.026033
8465	0.028702
8468	-0.012177
8469	0.120986
8470	0.065290
8507	-0.042086
8552	-0.007697
8572	0.071075
8574	0.004562
8577	0.171589
8586	0.169605
8592	0.114549
8593	0.127028
8594	0.135947
8597	-0.031243
8599	0.106284
8606	-0.126814
8607	-0.001625
8615	0.051786
8617	0.068418
8626	0.021336
8636	-0.010379
8669	-0.037418
8671	0.047138
8673	0.010824
8675	-0.089816
8790	0.062588
8791	0.021546
8811	0.045444
8822	0.028772
8841	0.027185
8849	0.056901
8856	0.083727
8875	-0.006984
8884	-0.056908
8906	-0.082450
8907	-0.005794
8910	0.128587
8911	0.012874
8912	0.158260
8913	-0.006533
8934	-0.032240
8935	-0.017410
8954	0.026035
8968	-0.056083
8972	-0.033646
9001	-0.037802
9029	0.005756
9032	0.040995
9058	-0.018707
9059	0.019137
9068	-0.056801
9070	0.072469
9108	-0.013180
9139	-0.029229
9140	0.011880
9158	-0.032313
9187	-0.027440
9188	-0.020602
9189	0.014244
9190	-0.015253
9253	0.010945
9259	0.031114
9268	-0.024200
9269	0.001398
9271	0.003667
9312	-0.055740
9323	0.044670
9329	0.004238
9330	0.003599
9331	-0.015790
9356	0.051087
9376	0.046448
9394	0.048517
9424	-0.048638
9428	-0.019821
9429	0.030120
9496	0.040663
9536	-0.084015
9543	0.038367
9589	0.045583
9614	-0.132545
9615	0.098562
9617	0.020059
9631	-0.114987
9661	-0.084716
9668	0.031556
9718	0.028959
9728	-0.005323
9734	-0.011636
9788	-0.015212
9791	-0.019331
9793	-0.105790
9804	0.012632
9809	0.007645
9810	0.030907
9823	0.125918
9828	0.075605
9907	0.043039
9951	-0.011682
9968	-0.006588
9969	-0.046266
10010	-0.029318
10011	-0.017766
10012	-0.032081
10018	0.034462
10021	0.042815
10022	0.098611
10031	0.025267
10032	0.030484
10033	-0.005051
10034	0.025132
10035	0.000690
10039	-0.036479
10044	-0.068331
10045	-0.116329
10060	0.048330
10065	0.019677
10077	-0.121984
10080	0.005595
10130	-0.006261
10131	-0.081404
10149	-0.029193
10194	0.000131
10197	-0.133142
10221	0.131532
10226	0.011458
10232	-0.052581
10233	-0.007213
10263	-0.003517
10264	0.031484
10274	0.034647
10286	-0.062663
10292	-0.074677
10299	0.010526
10302	-0.029368
10324	-0.063178
10355	-0.012615
10358	-0.062205
10362	0.041837
10366	0.004638
10368	-0.055838
10370	0.027314
10392	0.019048
10405	-0.050653
10406	0.010353
10409	0.008426
10419	-0.006904
10420	-0.000892
10424	-0.025103
10434	-0.036712
10455	-0.028005
10478	0.063439
10480	-0.045884
10484	-0.021436
10510	0.012006
10519	0.006726
10520	0.033426
10524	0.048946
10578	0.055224
10630	-0.065870
10643	-0.009233
10645	-0.089613
10677	0.047645
10678	0.043993
10690	0.034105
10717	0.050740
10718	0.072968
10719	-0.000970
10721	-0.049030
10723	-0.000965
10735	-0.074142
10736	0.027230
10829	-0.036426
10837	0.029523
10846	0.028398
10921	-0.055772
10922	-0.051666
10923	0.020074
10924	0.087355
10964	0.050716
10978	-0.044265
11017	0.002853
11018	-0.044555
11019	-0.065708
11032	-0.021030
11034	-0.026896
11035	-0.036766
11036	-0.025507
11052	-0.006518
11056	-0.045720
11060	-0.136958
11063	0.096592
11064	0.081140
11068	0.063579
11069	0.080330
11090	-0.005545
11098	-0.009108
11099	0.024880
11100	0.026234
11105	-0.048630
11109	0.025799
11122	-0.085628
11123	-0.052008
11125	0.008990
11126	-0.014868
11149	-0.025320
11153	-0.056081
11188	-0.095220
11193	0.009145
11230	0.035063
11233	-0.041914
11236	-0.090135
11243	-0.075647
11251	0.049382
11259	0.000528
11263	0.064315
11272	-0.062387
11321	0.043998
11322	-0.021508
11326	-0.051507
11327	-0.026898
11335	0.048724
11337	-0.025157
11343	-0.058334
11390	0.008525
11444	-0.157615
11464	0.034298
11471	0.061054
11472	0.038882
11473	-0.042787
11492	-0.052249
11499	0.000751
11500	0.064977
11505	-0.022151
11527	0.061375
11528	0.033082
11532	-0.094986
11564	0.012965
11589	-0.022220
11591	0.013875
11592	0.035515
11599	0.059222
11605	-0.078273
11617	0.043990
11630	0.054705
11631	0.101324
11632	-0.074557
11656	-0.092496
11657	-0.058975
11777	0.041964
11786	0.045660
11812	0.025527
12020	0.001055
12061	-0.015222
12115	0.112612
12154	-0.003115
12155	0.122875
12156	-0.008895
12159	-0.038107
12174	-0.020350
12176	0.003161
12230	-0.017052
12234	-0.029440
12236	-0.015245
12237	0.051701
12250	-0.100132
12252	-0.013487
12253	0.022185
12315	0.024000
12381	0.065314
12382	0.018494
12438	-0.060524
12455	-0.020004
12462	-0.116272
12478	-0.021190
12603	0.085633
12711	-0.025270
12714	-0.032419
12716	-0.060468
12754	-0.047356
12785	-0.014206
12788	0.028126
12792	0.134383
12898	-0.034832
12944	0.184048
12949	-0.001979
13062	-0.143360
13099	0.131992
13160	-0.085523
13198	0.010541
13239	0.027673
13249	-0.010120
13262	0.010845
13263	0.226894
13272	-0.047402
13273	-0.068443
13277	-0.049676
13305	-0.038052
13342	-0.064719
13343	0.019311
13345	0.058307
13351	0.021570
13357	-0.006697
13427	0.054053
13436	-0.027476
13455	-0.044508
13528	-0.125451
13532	0.074973
13553	0.038041
13566	0.025878
13651	-0.128590
13653	-0.011508
13675	-0.023443
13676	-0.061247
13677	0.086062
13678	-0.032303
13681	0.118505
13688	-0.009563
13697	0.026005
13705	0.043941
13708	0.022366
13737	0.072961
13760	-0.035177
13923	0.032492
13927	0.002175
13995	-0.055181
14002	-0.164726
14003	-0.088709
14021	0.008561
14034	0.033368
14064	0.062703
14110	-0.004497
14155	0.024024
14203	-0.021280
14208	0.033203
14340	-0.052645
14356	-0.035254
14389	0.018660
14499	0.048653
14625	0.051437
14632	-0.007253
14637	0.034369
14641	-0.038402
14685	-0.058887
14694	0.067925
14695	0.050073
14699	0.004324
14700	-0.035494
14749	0.051991
14760	-0.054846
14790	-0.029302
14791	-0.034860
14796	0.090393
14797	-0.010447
14891	-0.093287
14927	-0.084895
15099	0.026132
15182	-0.076398
15243	0.061080
15245	0.003819
15254	0.035921
15322	-0.039505
15327	0.026865
15463	0.003713
15496	0.091129
15499	-0.027460
15502	-0.011903
15514	-0.030424
15566	-0.030684
15580	-0.080134
15583	0.000378
15586	0.000317
15601	-0.021032
15621	-0.019935
15780	0.044934
15869	0.030557
16082	0.006645
16281	0.079006
16293	0.048939
16300	-0.053019
16304	-0.024701
16360	0.025530
16361	-0.035465
16367	0.041470
16432	-0.109642
16433	-0.000850
16438	0.012204
16446	0.088369
16453	0.072245
16463	0.122251
16466	0.046569
16477	-0.011511
16482	0.059120
16605	-0.076931
16606	0.205591
16635	-0.048205
16638	-0.077968
16655	-0.070739
16673	-0.095495
16676	0.081718
16677	0.060192
16678	0.028818
16808	0.033265
16829	0.059446
17150	-0.107448
17182	-0.047099
17199	-0.068223
17273	-0.000244
17431	0.055970
17466	0.058609
17472	0.016508
17485	-0.066351
17585	-0.067255
17620	-0.017073
17647	0.047643
17690	-0.060296
17772	-0.058107
18410	0.044580
19647	-0.044758
21458	0.062698
21885	0.078787
21973	-0.011707
21976	0.014854
21977	0.012381
22084	0.062650
23475	0.019378
23754	0.062246
23764	-0.011718
24372	0.060133
24918	-0.052440
24944	0.051522
25022	-0.013508
25140	0.104272
26484	-0.030340
27764	0.040096
28424	0.053861
28845	-0.241873
29861	0.004753
30684	0.063515
31288	-0.023937
31704	0.011301
32421	0.026405
32520	0.076247
32893	-0.014876
34340	0.117358
35227	0.211681
35334	-0.006474
36499	0.045800
36843	-0.016335
36844	0.003608
36955	-0.001269
36970	-0.029640
39336	-0.036138
39353	0.099130
40538	-0.096440
40541	0.020839
40542	0.012185
40599	-0.017962
40601	-0.014925
40602	0.125819
40656	-0.086057
40657	-0.014837
42157	-0.110156
42203	0.095016
42204	0.010055
42851	0.070994
43061	-0.040454
44144	-0.063520
45195	0.026771
47030	0.008505
47285	-0.139727
47317	0.006553
47457	-0.001374
47460	0.023508
48147	-0.149239
48297	0.030913
48474	0.050851
48696	0.071163
49516	-0.106860
49630	-0.068841
49927	-0.069112
50199	-0.126388
50249	-0.073478
50259	-0.030835
50904	0.094528
53231	0.003952
53471	0.126077
53531	0.046137
53986	-0.008390
55057	-0.034399
56431	-0.034285
56432	-0.032808
56466	0.150360
56478	0.222175
56621	0.046830
57644	-0.133725
57756	-0.027591
58783	0.092064
59657	-0.062511
59715	-0.091173
64825	0.183368
64947	-0.095507
65950	-0.023067
70102	-0.140085
75003	-0.118561
75099	-0.105780
75742	-0.042982
75823	0.025390
75824	-0.055316
78157	-0.138523
78181	0.061524
78191	-0.039305
80479	0.041511
80480	0.020217
80715	-0.082653
80719	-0.052703
80750	-0.081105
81231	0.076968
84436	0.003215
84780	-0.034786
84844	0.103061
85002	-0.043132
85003	-0.195960
85659	0.004320
85663	0.103993
85710	0.060139
92185	0.031792
96142	0.032558
96144	-0.008364
96482	0.081546
98871	-0.124604
