# 1342 minima projected onto PC108
# Min	PC
3	0.012507
4	-0.002107
5	0.006871
6	-0.002024
7	0.017639
9	-0.037035
16	-0.018562
17	0.007326
21	0.002682
23	-0.014973
31	-0.027714
44	0.020838
47	0.029005
48	0.011383
51	-0.017134
52	-0.052015
55	0.056111
56	-0.003754
57	-0.003385
58	0.001320
60	-0.005875
67	0.036997
68	0.010652
71	0.015048
72	0.016366
74	-0.011370
79	0.010781
82	-0.033423
85	-0.011221
86	0.021181
87	0.016627
88	0.005969
91	-0.008798
92	-0.004713
94	-0.002386
95	0.015761
97	0.027193
104	-0.015018
106	0.002645
109	-0.029092
111	0.013466
115	0.003006
120	0.035401
126	0.008260
129	0.044782
136	-0.017572
137	0.001408
188	-0.008451
189	0.005046
196	-0.027987
199	-0.013938
200	-0.001674
202	-0.030761
211	0.017649
213	-0.045212
214	-0.006246
219	-0.002409
221	-0.033569
276	-0.009723
279	-0.006233
283	-0.012703
295	0.045504
308	0.022856
312	0.018234
315	0.033486
318	-0.014983
319	0.009683
321	-0.019912
324	0.012780
328	0.026313
334	0.009619
336	0.026058
338	0.002215
347	0.028352
351	-0.020383
352	0.018766
354	0.031075
357	-0.000385
359	-0.006584
362	-0.019715
364	-0.000004
365	0.014105
368	-0.018863
376	-0.013311
377	0.012222
380	-0.012889
386	0.010363
388	0.037704
390	0.008329
396	-0.023604
404	0.010495
410	0.011746
413	-0.036630
420	0.025024
423	0.028360
424	-0.000358
437	0.012638
438	-0.029776
444	0.032804
452	0.026740
473	-0.011306
474	-0.003151
475	-0.018980
476	0.007554
478	0.012996
479	0.007714
480	-0.002408
483	-0.011408
503	-0.000807
508	0.015928
509	0.029767
530	-0.039053
536	0.014781
556	-0.026367
581	-0.005258
583	0.008088
603	0.014605
606	-0.002683
607	0.005615
620	0.015575
628	-0.064618
636	-0.013186
637	-0.123461
639	-0.012888
640	-0.017770
644	0.001909
645	0.018658
677	-0.022767
678	-0.004051
679	-0.000207
682	0.002983
698	0.005011
700	-0.007064
710	-0.008104
722	-0.010465
723	0.002330
724	-0.017635
725	-0.037540
726	-0.015271
747	0.040713
753	-0.009064
755	-0.012755
757	0.003558
765	0.003867
782	0.023029
783	0.007539
793	0.033206
808	0.025067
814	0.007243
840	-0.016179
848	0.029228
859	-0.004000
864	0.012581
867	-0.016238
878	0.021696
888	-0.005605
890	0.038856
892	0.002222
899	-0.001885
918	-0.031628
926	0.036951
933	0.028732
934	0.041127
981	-0.017410
1028	0.030994
1034	0.025274
1051	0.031097
1054	0.024881
1058	-0.083213
1062	0.022609
1063	-0.023729
1064	0.049208
1066	-0.004298
1068	0.028407
1073	0.017633
1082	0.011785
1083	0.016465
1086	0.002121
1089	0.022093
1090	0.020860
1091	-0.000193
1092	0.024474
1164	0.023070
1165	0.005908
1174	-0.113202
1176	0.025705
1184	0.006138
1191	-0.012339
1192	-0.019265
1201	0.025085
1230	0.024094
1339	0.015475
1341	-0.000747
1370	0.030187
1385	0.054388
1405	0.052619
1437	0.010211
1441	0.014818
1443	0.028380
1521	-0.006192
1522	-0.046271
1523	-0.035486
1524	0.023162
1525	0.020455
1541	0.003221
1542	-0.012839
1550	0.012172
1551	0.027658
1596	0.039571
1597	0.064872
1628	-0.019260
1629	0.041908
1633	0.013163
1636	-0.047592
1637	0.023743
1765	-0.017494
1766	0.022229
1780	0.008372
1862	-0.016342
1865	0.020083
1870	-0.003869
1885	-0.005855
1910	-0.001972
1911	-0.042848
2007	0.032833
2060	-0.017019
2062	0.026868
2090	0.020898
2093	-0.028773
2094	-0.018913
2095	-0.041435
2096	-0.012026
2100	-0.013134
2101	0.000017
2102	0.016536
2103	0.002907
2104	0.019643
2105	-0.026484
2128	0.046340
2129	-0.004328
2135	-0.004549
2190	-0.078980
2195	-0.030876
2197	0.006652
2198	0.012727
2199	-0.074359
2200	-0.023608
2201	-0.061688
2202	-0.015175
2205	-0.012936
2217	0.023448
2218	-0.141104
2221	0.053461
2272	-0.021859
2273	-0.005291
2275	-0.037447
2288	0.025075
2293	-0.018415
2298	0.045632
2299	0.002957
2300	0.011233
2301	-0.027804
2338	0.038814
2342	-0.030068
2343	-0.014886
2358	-0.026568
2384	0.001939
2385	0.014552
2399	-0.012762
2435	-0.017941
2436	0.012470
2465	-0.006936
2467	-0.006947
2468	-0.020836
2469	-0.050457
2470	0.004045
2471	-0.029734
2474	-0.030985
2620	0.025530
2650	-0.016476
2651	-0.018891
2685	-0.022119
2688	-0.024146
2730	-0.002561
2843	0.014445
2951	-0.016245
2959	-0.024331
3236	0.016567
3305	-0.039844
3318	-0.026471
3340	-0.025335
3352	-0.005174
3355	0.029540
3356	-0.005637
3365	0.035503
3366	0.022285
3367	0.013933
3368	0.023456
3401	0.015601
3405	0.017274
3434	0.027200
3448	-0.037632
3454	-0.044339
3481	-0.001914
3495	-0.035148
3504	0.009015
3532	0.001961
3540	-0.002101
3549	-0.028037
3550	-0.038873
3569	0.010188
3595	0.020467
3596	0.001213
3603	0.028811
3621	0.049728
3622	0.013559
3647	0.011482
3649	-0.026234
3651	-0.012922
3652	0.027674
3723	0.016847
3757	-0.013474
3772	-0.013400
3787	0.010476
3798	-0.042265
3799	0.025933
3889	0.001938
3897	-0.013619
3898	-0.011873
3904	0.024574
3945	0.033598
3990	-0.016270
4024	0.041275
4039	-0.027689
4048	0.024005
4050	0.019941
4076	-0.036987
4094	-0.020594
4170	-0.004945
4251	0.003665
4252	0.006762
4299	0.004319
4302	-0.008831
4318	-0.001639
4319	-0.025655
4320	0.004025
4360	0.007411
4388	0.010396
4414	0.013683
4426	-0.052610
4446	-0.019997
4527	0.000324
4545	0.001675
4546	-0.000650
4554	-0.001946
4564	0.009002
4567	-0.001018
4634	0.034879
4693	-0.036756
4736	-0.007819
4761	-0.005031
4879	-0.020399
5071	0.014146
5138	-0.023437
5164	0.029447
5182	0.000464
5183	-0.003505
5184	0.010102
5187	-0.061041
5188	-0.018258
5189	0.007988
5193	0.000100
5194	-0.000382
5195	0.028658
5197	-0.006095
5203	-0.020404
5205	0.008951
5212	-0.018832
5213	-0.016213
5222	0.023699
5223	0.016168
5228	-0.037857
5232	-0.028076
5244	0.010074
5245	-0.011150
5246	0.002680
5248	0.027211
5292	0.031925
5293	-0.000928
5299	-0.030371
5300	0.041768
5315	0.020575
5316	0.022494
5319	-0.014951
5320	-0.025907
5321	0.018675
5322	0.045050
5323	0.028571
5324	-0.019020
5325	0.036495
5329	-0.055863
5342	0.001735
5343	0.017784
5374	0.047951
5376	-0.016480
5378	-0.005428
5379	-0.019321
5382	0.021993
5390	0.034329
5398	-0.024635
5402	0.010524
5404	-0.025379
5407	0.019797
5408	0.004169
5409	0.000200
5411	0.031866
5412	0.025341
5413	0.013801
5416	-0.080355
5418	-0.022848
5422	-0.018658
5425	0.016479
5427	-0.003851
5428	-0.001395
5432	0.033601
5436	-0.011235
5443	-0.018284
5444	-0.072513
5458	0.042861
5462	0.053196
5465	0.018819
5468	0.029278
5471	0.005192
5480	-0.027242
5481	0.053780
5485	0.023919
5486	0.014776
5488	-0.012977
5489	0.045393
5495	-0.049823
5513	0.000815
5515	-0.006838
5516	-0.022170
5521	0.009348
5527	-0.006658
5528	-0.077647
5536	0.016214
5537	0.013456
5547	0.017792
5565	0.016316
5573	0.014356
5579	-0.005055
5583	-0.055211
5586	-0.053750
5589	-0.012315
5590	0.011976
5593	0.015541
5599	0.022992
5604	0.003813
5605	0.026284
5606	0.030936
5625	-0.037231
5649	0.002526
5656	0.032644
5657	-0.021161
5658	0.015614
5686	0.034495
5695	0.018299
5705	-0.075420
5706	-0.017028
5716	0.011077
5717	0.022270
5718	-0.033952
5719	-0.006745
5720	0.002123
5724	0.021349
5738	-0.010102
5742	0.009367
5750	0.011333
5751	-0.004161
5756	0.001869
5761	-0.093318
5768	0.019861
5773	-0.039201
5792	0.019362
5793	-0.015606
5794	0.010313
5806	0.010058
5811	0.009205
5812	0.008341
5813	-0.000401
5814	0.000739
5821	0.020985
5823	-0.012250
5825	-0.039733
5831	-0.015933
5832	-0.035519
5833	-0.011588
5847	-0.028219
5849	-0.034319
5851	-0.006233
5854	-0.021033
5858	-0.016211
5862	-0.017468
5875	-0.060330
5876	0.024394
5903	-0.007205
5910	-0.040031
5912	-0.072269
5913	-0.048975
5925	0.016129
5926	0.004136
5927	0.005477
5928	0.017880
5930	-0.037274
5931	-0.009659
5933	-0.003418
5934	-0.007509
5937	0.058916
5939	-0.043572
5940	0.027328
5941	0.004100
5943	0.003499
5963	0.002720
5964	0.006743
5965	0.023835
5966	-0.010155
5968	-0.035609
5969	-0.013570
5970	-0.027408
5971	0.018089
5975	0.028902
6006	-0.023806
6011	-0.017798
6017	0.002479
6019	-0.000926
6022	-0.009915
6032	-0.094204
6095	0.075557
6115	-0.006110
6116	0.001319
6119	0.014589
6127	-0.001134
6128	0.018442
6130	0.001787
6140	-0.005586
6141	-0.024687
6147	-0.018250
6148	-0.002845
6163	-0.026028
6164	-0.009705
6170	0.015457
6171	0.023869
6177	0.007576
6184	-0.027137
6200	0.006454
6204	-0.035023
6206	0.068424
6223	0.020070
6240	-0.012638
6245	-0.017622
6253	-0.004171
6267	0.021333
6269	0.013443
6290	0.006660
6303	0.012355
6317	0.027433
6343	-0.006186
6350	0.003937
6360	0.053656
6367	-0.044765
6383	0.056852
6389	0.014524
6397	0.004899
6398	-0.021614
6406	-0.007349
6407	-0.029796
6412	-0.008557
6413	-0.012937
6434	0.010468
6435	0.013337
6460	-0.010853
6463	0.013339
6464	-0.015255
6489	0.034631
6507	-0.056446
6510	0.003978
6516	0.010285
6518	-0.001509
6522	0.034089
6523	0.049074
6524	0.005444
6525	0.027663
6531	-0.048888
6536	0.029923
6575	0.035487
6584	-0.042896
6585	-0.004244
6586	0.013325
6594	0.035268
6595	-0.009887
6610	-0.045647
6612	0.039115
6615	-0.019214
6624	0.000537
6628	-0.071132
6649	-0.026728
6698	-0.017467
6706	-0.014887
6718	-0.013602
6719	-0.004430
6722	0.022811
6770	-0.031645
6780	-0.013216
6781	-0.006521
6794	-0.017238
6795	0.042298
6796	0.015882
6799	-0.031691
6809	-0.030740
6837	0.046143
6838	-0.018516
6839	0.011037
6846	0.018205
6865	-0.000235
6869	0.018187
6870	0.002651
6871	-0.033065
6873	0.026122
6876	-0.019467
6885	0.018260
6895	0.006508
6896	0.012738
6897	0.024027
6900	-0.008647
6903	0.048571
6906	-0.046831
6916	0.002534
6917	-0.026550
6918	-0.053518
6919	0.007534
6938	-0.003722
6941	-0.008101
6942	-0.030366
6943	-0.024174
6944	-0.047869
6948	-0.011320
6953	0.011954
6957	0.000330
6958	0.010532
6970	0.025142
6971	0.012746
6976	-0.008026
6977	0.038380
6990	-0.047951
7014	0.018923
7015	0.002536
7016	-0.001024
7018	0.008234
7019	0.010991
7042	-0.021988
7053	0.049687
7066	0.016910
7067	-0.000487
7083	0.009487
7092	-0.006944
7100	-0.001049
7103	0.029406
7110	-0.000392
7111	0.006687
7112	0.021651
7113	-0.020584
7116	0.001540
7119	0.014816
7120	-0.015915
7121	0.011370
7122	0.007151
7140	0.005170
7143	-0.136914
7157	-0.013266
7165	0.010050
7175	0.005631
7178	-0.016190
7206	0.052170
7207	-0.002473
7217	-0.031330
7218	-0.048272
7221	-0.007497
7227	0.033926
7230	-0.009220
7236	-0.055566
7239	0.037753
7242	0.001378
7260	-0.020641
7268	-0.010443
7269	-0.033422
7304	0.000662
7326	0.016646
7327	0.031125
7336	-0.000392
7342	0.024847
7346	0.027290
7348	0.018849
7355	-0.000875
7361	-0.019811
7372	0.010471
7387	0.024725
7422	0.028773
7423	-0.064466
7425	-0.012312
7436	-0.012135
7442	-0.012773
7446	-0.021604
7448	-0.001781
7453	-0.032373
7463	0.004502
7492	0.084603
7493	-0.004261
7494	-0.034227
7495	-0.009395
7518	0.000561
7520	-0.030734
7540	0.002913
7546	-0.037588
7556	-0.018874
7559	0.004320
7560	-0.004899
7561	0.004230
7564	-0.027248
7575	-0.029209
7583	-0.015080
7585	0.027097
7586	0.024531
7599	0.009792
7600	-0.048525
7606	0.013728
7614	-0.004798
7617	-0.002633
7622	0.024105
7629	-0.046611
7637	0.025025
7640	0.024352
7657	-0.004806
7665	-0.008915
7666	-0.019849
7667	-0.014519
7668	-0.005439
7669	-0.077453
7670	0.033632
7671	-0.044797
7681	-0.123404
7683	0.014333
7684	0.032596
7696	-0.045494
7722	-0.027031
7723	-0.013107
7799	-0.018169
7852	-0.008850
7859	-0.029541
7860	0.016670
7861	-0.020566
7865	0.010076
7875	0.007878
7876	0.013696
7895	-0.000554
7913	-0.040020
7917	0.005356
7952	-0.046971
7969	0.048924
7971	-0.000451
8000	0.003243
8002	0.009517
8006	0.008197
8036	0.015495
8056	0.009358
8069	-0.038346
8103	-0.061122
8107	0.024272
8120	-0.007951
8122	-0.005131
8125	-0.008560
8127	-0.046188
8136	0.027937
8149	-0.008760
8154	-0.008569
8197	0.024022
8208	0.077443
8223	0.021433
8232	0.006044
8241	-0.006081
8256	0.012159
8262	-0.013360
8266	-0.017665
8267	0.031969
8268	0.008573
8269	0.015261
8271	0.001750
8273	-0.009701
8280	-0.008020
8284	0.003274
8303	0.004320
8304	0.013268
8305	0.028943
8308	0.000817
8332	-0.005025
8333	0.041654
8334	-0.001796
8338	-0.007043
8363	-0.023324
8370	0.002561
8398	0.000803
8465	0.003945
8468	0.034422
8469	0.013556
8470	0.021794
8507	0.025096
8552	0.015989
8572	0.032441
8574	0.010826
8577	-0.042647
8586	-0.050569
8592	-0.001409
8593	-0.015479
8594	0.002062
8597	-0.025308
8599	-0.009949
8606	0.016538
8607	0.023685
8615	0.024733
8617	0.035028
8626	-0.018809
8636	-0.005758
8669	-0.026293
8671	0.003808
8673	-0.036818
8675	0.030818
8790	0.016771
8791	-0.042045
8811	0.014934
8822	-0.000035
8841	0.011652
8849	-0.029001
8856	-0.058358
8875	-0.035163
8884	0.063758
8906	0.011126
8907	-0.005042
8910	0.010912
8911	-0.038808
8912	0.023866
8913	-0.021314
8934	0.050908
8935	0.036650
8954	-0.012887
8968	0.015835
8972	-0.018432
9001	0.034033
9029	-0.015490
9032	0.035992
9058	0.046996
9059	-0.005278
9068	0.001502
9070	-0.008997
9108	0.000499
9139	-0.018831
9140	-0.017586
9158	0.007764
9187	-0.022833
9188	0.022706
9189	-0.004872
9190	0.023391
9253	0.005087
9259	-0.043146
9268	-0.023898
9269	-0.067222
9271	0.001290
9312	0.004349
9323	-0.003236
9329	0.005398
9330	0.017477
9331	-0.021463
9356	-0.007230
9376	-0.020098
9394	0.007352
9424	0.008949
9428	-0.016349
9429	-0.026798
9496	0.015573
9536	0.018256
9543	-0.014603
9589	-0.016581
9614	0.063776
9615	-0.002273
9617	-0.074847
9631	-0.007711
9661	-0.011958
9668	0.048895
9718	-0.003138
9728	0.024733
9734	-0.017070
9788	0.005460
9791	-0.004801
9793	-0.003713
9804	-0.038468
9809	-0.018602
9810	-0.005022
9823	-0.005309
9828	-0.013909
9907	0.033432
9951	0.025352
9968	-0.002039
9969	0.019140
10010	0.017048
10011	0.013990
10012	0.014609
10018	0.013562
10021	0.003306
10022	-0.027510
10031	0.013920
10032	0.016247
10033	0.024897
10034	0.005980
10035	0.028842
10039	0.004667
10044	0.021639
10045	0.054706
10060	-0.087921
10065	0.024496
10077	-0.008687
10080	0.031191
10130	0.018605
10131	-0.012913
10149	-0.004030
10194	0.004292
10197	-0.008641
10221	0.002580
10226	0.038308
10232	-0.028862
10233	0.064173
10263	0.015599
10264	0.015397
10274	-0.005083
10286	-0.017346
10292	-0.036647
10299	0.010509
10302	-0.002769
10324	0.021517
10355	0.011076
10358	-0.057862
10362	-0.023431
10366	-0.050608
10368	-0.020987
10370	-0.041342
10392	-0.018131
10405	0.026004
10406	-0.046873
10409	-0.008960
10419	0.020814
10420	-0.003149
10424	0.007152
10434	0.002688
10455	0.021246
10478	-0.030778
10480	0.040298
10484	-0.028015
10510	-0.019857
10519	-0.024762
10520	0.002879
10524	-0.010377
10578	0.061537
10630	-0.025289
10643	0.018204
10645	0.024837
10677	0.005847
10678	-0.017621
10690	0.020611
10717	0.000486
10718	0.024332
10719	-0.033629
10721	0.010319
10723	-0.041416
10735	0.011626
10736	0.035285
10829	-0.048534
10837	0.018409
10846	-0.028320
10921	0.010996
10922	-0.014318
10923	-0.000337
10924	0.032046
10964	-0.059902
10978	0.008633
11017	-0.026624
11018	-0.019654
11019	-0.015883
11032	-0.017410
11034	0.019892
11035	0.005206
11036	-0.008298
11052	0.006571
11056	0.023804
11060	0.028941
11063	-0.017202
11064	-0.028472
11068	0.004836
11069	-0.005555
11090	0.017151
11098	-0.027825
11099	0.001452
11100	-0.024086
11105	0.020744
11109	-0.017600
11122	-0.002563
11123	0.005525
11125	-0.025635
11126	0.004563
11149	0.000537
11153	-0.002163
11188	-0.047938
11193	0.016713
11230	0.009466
11233	-0.034244
11236	-0.013324
11243	-0.019986
11251	0.040990
11259	0.011655
11263	0.006526
11272	0.013538
11321	0.030520
11322	0.003392
11326	-0.006897
11327	-0.026991
11335	-0.036079
11337	-0.004429
11343	0.026759
11390	-0.004116
11444	0.029097
11464	0.021195
11471	0.013866
11472	0.006736
11473	-0.022767
11492	0.034043
11499	0.021429
11500	0.006852
11505	0.024480
11527	-0.025315
11528	-0.037959
11532	-0.002233
11564	0.028512
11589	-0.013523
11591	0.005319
11592	0.018456
11599	-0.028060
11605	-0.077888
11617	0.000884
11630	0.015873
11631	0.027069
11632	-0.105063
11656	-0.045143
11657	0.010387
11777	-0.063402
11786	-0.003160
11812	0.006511
12020	-0.013637
12061	-0.024966
12115	0.029112
12154	-0.014387
12155	0.008917
12156	0.019229
12159	0.005727
12174	0.008139
12176	-0.003092
12230	0.028329
12234	-0.012638
12236	-0.008448
12237	-0.022503
12250	0.013506
12252	-0.002363
12253	0.029097
12315	0.020403
12381	-0.012469
12382	-0.007720
12438	-0.041192
12455	-0.000203
12462	0.003015
12478	0.003089
12603	0.049813
12711	0.019143
12714	0.011978
12716	0.018557
12754	0.006670
12785	-0.028227
12788	-0.000827
12792	-0.015106
12898	0.006620
12944	-0.000115
12949	-0.002922
13062	0.005995
13099	0.035036
13160	0.013048
13198	0.035261
13239	0.025691
13249	0.051987
13262	-0.030540
13263	-0.070772
13272	-0.012379
13273	0.014770
13277	-0.020292
13305	-0.018017
13342	0.036176
13343	0.039274
13345	0.053024
13351	0.014304
13357	-0.015248
13427	-0.013343
13436	0.020039
13455	0.006258
13528	0.032694
13532	0.012502
13553	-0.041151
13566	-0.007943
13651	0.000261
13653	0.005871
13675	0.012761
13676	0.024474
13677	0.033147
13678	0.021570
13681	0.027648
13688	-0.037912
13697	-0.028766
13705	0.023671
13708	-0.000285
13737	0.037313
13760	-0.034642
13923	-0.034158
13927	-0.020569
13995	-0.021020
14002	-0.004029
14003	-0.022664
14021	-0.012444
14034	-0.027483
14064	-0.035417
14110	0.027275
14155	-0.015557
14203	-0.000643
14208	0.051988
14340	0.015724
14356	-0.004252
14389	0.014608
14499	-0.011407
14625	-0.026672
14632	-0.013104
14637	0.024699
14641	0.020670
14685	0.000173
14694	0.010387
14695	-0.024315
14699	0.010611
14700	-0.029903
14749	-0.017719
14760	-0.017816
14790	-0.036317
14791	-0.018027
14796	-0.009280
14797	0.002149
14891	-0.026309
14927	-0.017017
15099	-0.037498
15182	-0.082308
15243	-0.021779
15245	0.028565
15254	0.018276
15322	-0.005821
15327	-0.011387
15463	0.012669
15496	-0.007525
15499	-0.000142
15502	-0.011393
15514	0.027043
15566	-0.005191
15580	0.043068
15583	0.023012
15586	0.028478
15601	0.038007
15621	0.025841
15780	0.010339
15869	0.032111
16082	-0.027803
16281	0.010249
16293	0.103837
16300	-0.058123
16304	-0.028592
16360	-0.006167
16361	-0.044918
16367	-0.009565
16432	-0.005363
16433	0.009563
16438	-0.040395
16446	0.021909
16453	0.043182
16463	0.031895
16466	-0.026805
16477	0.024623
16482	0.040458
16605	-0.019852
16606	0.069721
16635	0.014657
16638	0.048856
16655	0.032023
16673	0.055717
16676	0.008946
16677	-0.018740
16678	-0.002057
16808	0.022856
16829	0.045231
17150	-0.016744
17182	0.019683
17199	-0.012020
17273	0.010517
17431	0.002682
17466	0.041542
17472	0.035655
17485	0.010509
17585	0.002253
17620	0.003695
17647	-0.043807
17690	-0.003784
17772	0.011984
18410	-0.033143
19647	-0.064280
21458	-0.031556
21885	0.030409
21973	0.032744
21976	0.038194
21977	0.042005
22084	0.020193
23475	-0.004964
23754	-0.024967
23764	-0.006032
24372	0.025615
24918	-0.003089
24944	0.041029
25022	-0.010973
25140	0.051678
26484	0.019664
27764	-0.002322
28424	-0.018361
28845	-0.001489
29861	-0.009670
30684	0.019696
31288	0.080768
31704	0.019261
32421	0.043880
32520	0.035086
32893	-0.007120
34340	0.034849
35227	0.034402
35334	-0.020890
36499	-0.002335
36843	0.019096
36844	0.034047
36955	0.026353
36970	0.004008
39336	0.017328
39353	0.015362
40538	-0.043495
40541	-0.019331
40542	-0.015590
40599	0.028842
40601	-0.006518
40602	-0.028068
40656	-0.011379
40657	-0.004372
42157	0.008275
42203	0.002877
42204	-0.007909
42851	0.051957
43061	0.016902
44144	0.016823
45195	0.030470
47030	0.022339
47285	-0.062842
47317	0.064363
47457	-0.052751
47460	-0.006545
48147	0.002265
48297	0.024859
48474	0.003025
48696	0.010312
49516	-0.008463
49630	-0.012500
49927	0.017028
50199	0.051943
50249	-0.054956
50259	0.046396
50904	0.008941
53231	-0.006550
53471	0.009545
53531	0.002941
53986	-0.006364
55057	0.018179
56431	0.000773
56432	-0.004940
56466	0.029827
56478	0.008548
56621	0.009767
57644	-0.008747
57756	-0.005581
58783	-0.035222
59657	-0.020838
59715	-0.011827
64825	0.023819
64947	0.027682
65950	0.022367
70102	0.001786
75003	-0.030335
75099	-0.027288
75742	0.025980
75823	0.002888
75824	0.035838
78157	0.016926
78181	0.028280
78191	-0.023355
80479	-0.021928
80480	-0.003942
80715	0.001021
80719	0.027468
80750	0.031377
81231	0.012999
84436	-0.020941
84780	0.042183
84844	0.021564
85002	-0.006798
85003	-0.037713
85659	-0.027221
85663	-0.015612
85710	0.006419
92185	0.001860
96142	0.002354
96144	0.005820
96482	0.054386
98871	0.050869
