# 1342 minima projected onto PC92
Min	PC
3	-0.005038
4	-0.008432
5	-0.009693
6	-0.034106
7	0.088184
9	-0.036937
16	-0.012909
17	-0.044551
21	-0.048087
23	0.061458
31	-0.062087
44	-0.017202
47	0.001079
48	-0.016514
51	0.005041
52	0.021172
55	-0.029903
56	0.007974
57	-0.010605
58	-0.009214
60	0.018011
67	0.006350
68	0.031849
71	-0.056137
72	-0.015762
74	-0.075310
79	0.039203
82	0.038741
85	-0.076628
86	-0.005722
87	-0.010812
88	-0.031110
91	-0.011052
92	-0.039729
94	0.000927
95	-0.000036
97	0.004563
104	0.073967
106	-0.007850
109	-0.032031
111	0.000238
115	0.132415
120	0.006008
126	0.061395
129	0.068698
136	-0.025355
137	-0.046301
188	-0.010888
189	-0.017931
196	-0.095303
199	0.000326
200	0.007153
202	0.138618
211	-0.004252
213	0.109266
214	0.103758
219	-0.043842
221	-0.095726
276	-0.023031
279	0.037356
283	-0.043720
295	-0.015612
308	0.029146
312	0.037115
315	-0.043394
318	-0.052431
319	0.020831
321	-0.008610
324	-0.014379
328	0.004871
334	-0.004718
336	0.039312
338	-0.081292
347	0.048562
351	0.026421
352	-0.009270
354	-0.036529
357	0.048044
359	-0.041939
362	-0.027588
364	-0.014939
365	-0.010252
368	-0.065449
376	-0.034659
377	-0.040200
380	-0.092850
386	-0.000462
388	-0.010809
390	0.113962
396	0.079624
404	-0.018138
410	0.020704
413	-0.012707
420	0.054509
423	-0.009256
424	0.012720
437	0.034656
438	0.002062
444	0.124263
452	-0.000437
473	0.051200
474	-0.073937
475	-0.012859
476	0.036304
478	-0.009177
479	-0.014290
480	-0.015918
483	0.015203
503	-0.024102
508	0.017090
509	0.049381
530	-0.152046
536	-0.018243
556	-0.015886
581	-0.006061
583	0.027099
603	0.020677
606	-0.050384
607	-0.044467
620	0.042583
628	0.082535
636	0.005160
637	-0.324568
639	0.002128
640	-0.011698
644	-0.020972
645	0.033749
677	-0.014724
678	-0.056619
679	-0.014359
682	-0.026316
698	-0.012980
700	-0.044275
710	0.103228
722	-0.006608
723	-0.033325
724	0.049402
725	0.022587
726	0.004434
747	-0.067617
753	-0.024900
755	-0.075615
757	-0.034834
765	-0.055055
782	-0.006804
783	-0.024482
793	0.049507
808	-0.026492
814	-0.007074
840	-0.036916
848	-0.012701
859	-0.013403
864	-0.020468
867	-0.056074
878	-0.041409
888	-0.034808
890	0.088719
892	-0.003882
899	-0.009223
918	-0.007811
926	-0.015985
933	0.006689
934	-0.004447
981	-0.028118
1028	0.037335
1034	-0.011591
1051	0.036130
1054	-0.055529
1058	0.069978
1062	-0.022802
1063	-0.041794
1064	-0.012582
1066	0.052738
1068	0.047844
1073	0.013329
1082	-0.057818
1083	0.001621
1086	-0.019305
1089	0.040419
1090	0.014803
1091	-0.007241
1092	0.016431
1164	0.044973
1165	-0.008642
1174	-0.001037
1176	-0.013625
1184	-0.009398
1191	-0.002230
1192	0.103249
1201	-0.098314
1230	-0.040699
1339	-0.002974
1341	-0.019431
1370	0.031991
1385	-0.139843
1405	0.149516
1437	0.012048
1441	-0.046186
1443	0.042010
1521	0.081569
1522	-0.131795
1523	-0.140646
1524	-0.031411
1525	-0.041892
1541	-0.001690
1542	-0.062374
1550	-0.053909
1551	-0.063037
1596	-0.017227
1597	0.029310
1628	-0.004792
1629	-0.039448
1633	0.028162
1636	0.113137
1637	-0.011295
1765	0.030666
1766	-0.049366
1780	-0.044200
1862	-0.043149
1865	0.041448
1870	0.019490
1885	-0.084849
1910	0.028622
1911	-0.008960
2007	0.088548
2060	-0.032363
2062	0.002177
2090	-0.080358
2093	-0.016387
2094	0.017384
2095	0.017665
2096	0.046820
2100	0.136477
2101	0.029321
2102	0.036120
2103	0.051321
2104	0.053195
2105	-0.013053
2128	-0.065158
2129	-0.017365
2135	-0.026590
2190	0.035518
2195	0.029741
2197	-0.025214
2198	0.008437
2199	0.023906
2200	-0.004121
2201	-0.002043
2202	0.014291
2205	-0.003946
2217	0.031162
2218	0.134184
2221	0.009289
2272	-0.027750
2273	-0.041163
2275	0.099110
2288	0.136998
2293	-0.095473
2298	0.002252
2299	0.028160
2300	-0.063642
2301	0.009532
2338	0.003569
2342	0.002323
2343	0.023880
2358	-0.032208
2384	0.019979
2385	0.026587
2399	-0.012258
2435	-0.015108
2436	0.038384
2465	-0.019255
2467	-0.033660
2468	-0.029879
2469	-0.075906
2470	-0.036692
2471	0.013403
2474	-0.104574
2620	-0.030126
2650	0.039516
2651	-0.016259
2685	-0.080208
2688	0.022054
2730	0.035145
2843	0.022911
2951	-0.034441
2959	-0.082957
3236	0.011927
3305	0.032669
3318	0.044764
3340	0.004629
3352	0.015375
3355	0.053912
3356	0.137301
3365	-0.001857
3366	-0.002987
3367	0.034899
3368	0.050778
3401	0.023062
3405	-0.054400
3434	0.015301
3448	-0.034495
3454	-0.018436
3481	-0.001112
3495	0.012722
3504	-0.027269
3532	-0.005804
3540	-0.024760
3549	-0.035108
3550	0.042352
3569	-0.072756
3595	-0.094193
3596	-0.032983
3603	-0.022154
3621	-0.046173
3622	-0.007166
3647	-0.002255
3649	-0.038819
3651	-0.087625
3652	0.003953
3723	0.036206
3757	-0.042048
3772	0.034466
3787	0.054140
3798	0.035485
3799	-0.017351
3889	0.001890
3897	-0.027739
3898	0.021727
3904	-0.046886
3945	-0.024348
3990	0.029537
4024	0.017541
4039	0.023698
4048	0.069516
4050	0.037849
4076	0.016098
4094	0.010353
4170	0.016465
4251	-0.009173
4252	-0.018301
4299	0.027790
4302	0.010639
4318	0.027334
4319	0.014720
4320	0.028336
4360	0.025596
4388	0.011645
4414	-0.010470
4426	0.050544
4446	-0.011274
4527	0.004571
4545	-0.020325
4546	-0.018034
4554	0.002598
4564	0.013974
4567	0.016559
4634	-0.020292
4693	-0.012302
4736	-0.038792
4761	0.087780
4879	0.015359
5071	0.061829
5138	0.043824
5164	-0.002114
5182	0.037948
5183	0.056061
5184	-0.077836
5187	0.021747
5188	0.034479
5189	0.017842
5193	-0.063524
5194	-0.066633
5195	0.086360
5197	-0.013513
5203	-0.032212
5205	0.001912
5212	0.013933
5213	0.017451
5222	0.010851
5223	0.078559
5228	0.048568
5232	-0.016571
5244	-0.019767
5245	-0.067764
5246	0.070038
5248	0.042417
5292	-0.007522
5293	-0.025860
5299	-0.252371
5300	-0.148098
5315	0.006888
5316	-0.032424
5319	0.001801
5320	-0.023700
5321	0.016263
5322	-0.046188
5323	0.022177
5324	-0.004448
5325	0.037121
5329	0.084024
5342	-0.013850
5343	0.029949
5374	0.158702
5376	0.018296
5378	0.054251
5379	-0.076799
5382	0.034492
5390	-0.025003
5398	0.021616
5402	-0.017477
5404	0.007486
5407	-0.043315
5408	0.019094
5409	-0.023484
5411	-0.078687
5412	-0.006530
5413	0.023705
5416	-0.103595
5418	0.049366
5422	0.015163
5425	-0.021465
5427	0.010689
5428	-0.031694
5432	-0.024676
5436	0.020893
5443	0.069798
5444	0.004088
5458	0.076119
5462	-0.013624
5465	0.020621
5468	-0.071799
5471	-0.016860
5480	0.010388
5481	-0.053136
5485	-0.055439
5486	-0.056393
5488	-0.041701
5489	-0.067776
5495	-0.033569
5513	0.030019
5515	0.001960
5516	-0.033348
5521	0.013690
5527	-0.040344
5528	-0.171782
5536	0.009335
5537	-0.053443
5547	0.059620
5565	-0.027344
5573	0.000010
5579	0.043609
5583	-0.050954
5586	0.000459
5589	0.001909
5590	0.007531
5593	0.029034
5599	-0.004981
5604	0.138590
5605	-0.022995
5606	0.003853
5625	-0.121008
5649	0.029982
5656	0.070616
5657	-0.112404
5658	0.005389
5686	0.001672
5695	0.018475
5705	-0.050052
5706	0.024810
5716	-0.022095
5717	0.005700
5718	0.143754
5719	0.081028
5720	-0.030927
5724	0.063434
5738	-0.135708
5742	0.078815
5750	-0.013685
5751	-0.006190
5756	-0.063696
5761	-0.090459
5768	0.064875
5773	-0.056648
5792	-0.031219
5793	0.121822
5794	-0.032751
5806	-0.080254
5811	0.020103
5812	-0.020234
5813	-0.032008
5814	0.009036
5821	-0.073292
5823	0.003702
5825	0.117642
5831	0.008593
5832	-0.006106
5833	0.035651
5847	-0.021049
5849	0.047217
5851	-0.071821
5854	0.010290
5858	-0.042014
5862	-0.013154
5875	-0.010089
5876	0.113899
5903	-0.060376
5910	-0.017729
5912	0.031220
5913	0.061587
5925	-0.039663
5926	-0.017588
5927	0.026155
5928	-0.011506
5930	-0.035107
5931	0.000004
5933	-0.098140
5934	-0.015724
5937	-0.087221
5939	0.039184
5940	0.080774
5941	0.076497
5943	0.056125
5963	0.007897
5964	0.117763
5965	-0.046150
5966	-0.035889
5968	-0.000852
5969	-0.065173
5970	-0.080533
5971	-0.107174
5975	0.032461
6006	0.018829
6011	-0.071702
6017	-0.068190
6019	0.055936
6022	-0.050676
6032	-0.147036
6095	-0.030886
6115	0.008463
6116	-0.043279
6119	-0.076704
6127	0.067968
6128	-0.041044
6130	0.060427
6140	0.001886
6141	0.011753
6147	-0.022435
6148	-0.018367
6163	0.150271
6164	-0.014401
6170	0.110185
6171	-0.030357
6177	0.026659
6184	-0.022550
6200	-0.000988
6204	-0.015257
6206	0.044033
6223	-0.074487
6240	0.051148
6245	-0.037395
6253	-0.020427
6267	-0.022815
6269	-0.022437
6290	0.016904
6303	-0.043821
6317	0.036730
6343	-0.040175
6350	-0.040361
6360	0.036202
6367	0.018871
6383	-0.071977
6389	-0.103840
6397	0.088320
6398	0.006444
6406	0.018841
6407	0.030278
6412	-0.071274
6413	-0.025445
6434	-0.026590
6435	-0.010686
6460	-0.082000
6463	0.033999
6464	-0.038852
6489	-0.038816
6507	-0.017679
6510	0.122012
6516	0.013360
6518	0.033586
6522	-0.027714
6523	-0.020452
6524	0.029862
6525	0.103282
6531	-0.130764
6536	0.037620
6575	0.039575
6584	0.026770
6585	0.018093
6586	-0.002866
6594	-0.108957
6595	-0.054284
6610	-0.051827
6612	-0.042406
6615	0.002149
6624	0.024164
6628	-0.075510
6649	-0.004381
6698	-0.031763
6706	0.018654
6718	-0.057106
6719	-0.016592
6722	-0.071348
6770	-0.018771
6780	-0.027904
6781	0.013889
6794	-0.023430
6795	0.016561
6796	-0.067032
6799	0.021938
6809	-0.006761
6837	0.051568
6838	-0.024256
6839	-0.005274
6846	-0.045617
6865	-0.002807
6869	-0.030489
6870	-0.016830
6871	-0.010445
6873	-0.068556
6876	-0.023142
6885	-0.022209
6895	-0.040031
6896	0.012386
6897	0.028007
6900	-0.031106
6903	-0.019258
6906	-0.072354
6916	0.027990
6917	0.060645
6918	0.036125
6919	-0.021125
6938	-0.017036
6941	-0.039036
6942	0.051605
6943	0.082272
6944	0.113537
6948	-0.071104
6953	-0.031813
6957	-0.071340
6958	-0.008537
6970	0.020604
6971	-0.077050
6976	0.001304
6977	0.132090
6990	-0.027493
7014	-0.046688
7015	-0.014415
7016	-0.032571
7018	0.020386
7019	-0.002608
7042	-0.002195
7053	0.059171
7066	0.025412
7067	-0.125889
7083	0.058975
7092	-0.080815
7100	0.050973
7103	0.064728
7110	0.047402
7111	0.048875
7112	0.027572
7113	-0.046603
7116	0.044582
7119	0.040904
7120	0.028923
7121	0.035617
7122	0.039586
7140	0.033082
7143	0.342849
7157	0.001656
7165	-0.012640
7175	-0.051580
7178	0.113069
7206	0.006969
7207	0.041310
7217	-0.002677
7218	-0.037090
7221	0.006255
7227	-0.082118
7230	0.018707
7236	0.021116
7239	-0.103391
7242	0.030079
7260	-0.032570
7268	-0.075644
7269	-0.025428
7304	-0.023484
7326	0.017307
7327	0.227048
7336	-0.005907
7342	0.047375
7346	-0.115526
7348	0.009372
7355	-0.043051
7361	-0.005420
7372	-0.042661
7387	0.053568
7422	0.015040
7423	0.033585
7425	-0.031161
7436	-0.028808
7442	-0.020798
7446	-0.044634
7448	-0.006354
7453	-0.004186
7463	0.028007
7492	-0.082751
7493	0.041042
7494	-0.050562
7495	0.029925
7518	0.035140
7520	0.017057
7540	0.022168
7546	-0.010007
7556	0.006831
7559	-0.025107
7560	0.040592
7561	0.015635
7564	-0.107344
7575	0.056691
7583	0.037890
7585	0.011672
7586	-0.035253
7599	-0.018906
7600	-0.105595
7606	-0.002920
7614	0.020831
7617	0.000165
7622	-0.032113
7629	0.046383
7637	-0.014147
7640	-0.006928
7657	0.002430
7665	0.005455
7666	-0.004151
7667	0.013572
7668	0.037979
7669	0.038973
7670	0.030705
7671	0.013219
7681	-0.181631
7683	0.098274
7684	0.057452
7696	0.065112
7722	0.038765
7723	-0.028433
7799	-0.015764
7852	0.002573
7859	-0.020715
7860	0.014732
7861	0.016003
7865	-0.061382
7875	0.067381
7876	-0.015986
7895	0.033613
7913	-0.008946
7917	0.078898
7952	-0.023883
7969	0.070415
7971	-0.015703
8000	0.018643
8002	-0.040859
8006	0.058057
8036	0.040999
8056	-0.067055
8069	-0.015129
8103	0.018569
8107	-0.045384
8120	0.017327
8122	0.056903
8125	0.016908
8127	0.026849
8136	0.055083
8149	0.063023
8154	0.097480
8197	0.059789
8208	0.079043
8223	-0.015630
8232	-0.027524
8241	0.027561
8256	0.006740
8262	0.018672
8266	0.024094
8267	0.033860
8268	0.040773
8269	0.033466
8271	-0.015436
8273	-0.065318
8280	-0.012534
8284	-0.054483
8303	-0.028101
8304	0.011774
8305	-0.025797
8308	0.012541
8332	-0.034259
8333	0.032954
8334	-0.013165
8338	0.073170
8363	0.005762
8370	0.036954
8398	-0.050883
8465	0.025560
8468	0.068366
8469	0.013567
8470	-0.001225
8507	-0.048741
8552	-0.054695
8572	-0.017120
8574	-0.024595
8577	-0.061840
8586	-0.014569
8592	0.009522
8593	-0.005944
8594	0.007404
8597	-0.008841
8599	0.048019
8606	0.100582
8607	0.012504
8615	-0.042232
8617	-0.048659
8626	-0.042913
8636	-0.069330
8669	0.018017
8671	-0.086797
8673	-0.010211
8675	0.011311
8790	-0.055718
8791	-0.023211
8811	0.146827
8822	0.016999
8841	-0.014882
8849	0.069182
8856	-0.003619
8875	0.046480
8884	0.070539
8906	0.088905
8907	-0.057689
8910	0.017943
8911	0.047381
8912	0.050462
8913	-0.028489
8934	-0.034051
8935	-0.022156
8954	-0.004487
8968	0.003875
8972	0.011758
9001	-0.018209
9029	-0.020089
9032	0.139224
9058	-0.026125
9059	0.036775
9068	-0.034536
9070	0.035292
9108	-0.079894
9139	-0.028616
9140	-0.073793
9158	0.062771
9187	0.055724
9188	0.022318
9189	-0.013262
9190	0.040816
9253	-0.007922
9259	0.112742
9268	0.025195
9269	0.120141
9271	-0.000518
9312	0.023134
9323	-0.053318
9329	-0.024720
9330	0.014583
9331	-0.009440
9356	-0.046901
9376	0.034026
9394	0.006147
9424	0.087394
9428	0.032106
9429	0.021141
9496	-0.027158
9536	0.005527
9543	0.023880
9589	-0.022526
9614	-0.018081
9615	-0.044605
9617	-0.025465
9631	0.115377
9661	0.014741
9668	-0.025378
9718	0.101428
9728	0.019519
9734	0.013111
9788	-0.093291
9791	-0.098188
9793	-0.047268
9804	0.033207
9809	0.007172
9810	0.038686
9823	0.038066
9828	-0.004410
9907	-0.020584
9951	0.037803
9968	-0.080321
9969	-0.012961
10010	0.012786
10011	0.006529
10012	0.004226
10018	-0.001471
10021	-0.013379
10022	-0.066165
10031	-0.012691
10032	-0.000918
10033	-0.000223
10034	0.029175
10035	0.011290
10039	0.002508
10044	-0.010855
10045	0.014230
10060	0.081379
10065	-0.051078
10077	0.025517
10080	-0.057839
10130	0.073364
10131	-0.046213
10149	0.024953
10194	0.016837
10197	0.001398
10221	0.013375
10226	0.011672
10232	-0.068895
10233	-0.045069
10263	-0.054865
10264	0.007848
10274	-0.005554
10286	0.127747
10292	0.068093
10299	-0.009971
10302	0.033358
10324	-0.070534
10355	-0.011688
10358	-0.006221
10362	0.100218
10366	0.122309
10368	-0.013547
10370	-0.007520
10392	-0.023091
10405	-0.081341
10406	-0.018009
10409	-0.071683
10419	-0.048437
10420	-0.014144
10424	0.002945
10434	-0.002019
10455	0.009390
10478	-0.004282
10480	0.073846
10484	-0.026853
10510	0.001363
10519	-0.028081
10520	-0.013714
10524	-0.022659
10578	-0.015168
10630	-0.002918
10643	0.060421
10645	0.027328
10677	0.079384
10678	0.040381
10690	0.108319
10717	0.030616
10718	0.089188
10719	0.009120
10721	-0.008973
10723	-0.044493
10735	-0.016813
10736	0.002192
10829	-0.006314
10837	0.031837
10846	-0.074266
10921	-0.040140
10922	-0.089957
10923	-0.067742
10924	-0.007711
10964	-0.093396
10978	0.020116
11017	0.054334
11018	-0.028822
11019	-0.061246
11032	-0.059426
11034	0.051735
11035	-0.033135
11036	0.011073
11052	0.036274
11056	0.065688
11060	0.103396
11063	-0.018429
11064	0.045551
11068	0.017538
11069	-0.016776
11090	0.056446
11098	-0.057591
11099	0.006541
11100	0.070043
11105	-0.006532
11109	-0.012498
11122	-0.017592
11123	0.031387
11125	0.068489
11126	0.031157
11149	-0.029275
11153	-0.016545
11188	0.065460
11193	0.017667
11230	0.047280
11233	0.017200
11236	-0.062952
11243	-0.051789
11251	0.154630
11259	-0.014803
11263	0.045021
11272	0.070602
11321	0.046838
11322	0.015776
11326	-0.020986
11327	0.008638
11335	-0.009844
11337	-0.054176
11343	0.016423
11390	-0.015917
11444	-0.045871
11464	-0.000447
11471	0.036721
11472	0.023617
11473	0.066750
11492	0.005477
11499	0.012829
11500	0.010054
11505	0.178642
11527	-0.014792
11528	0.062610
11532	0.012110
11564	0.029307
11589	-0.032187
11591	-0.048997
11592	-0.027492
11599	-0.034346
11605	-0.099774
11617	0.004499
11630	0.009267
11631	-0.153439
11632	0.007201
11656	0.078886
11657	-0.056820
11777	-0.135621
11786	-0.014408
11812	-0.007296
12020	-0.060232
12061	-0.002307
12115	-0.006429
12154	0.021892
12155	-0.005443
12156	0.075007
12159	0.121193
12174	-0.060144
12176	0.035910
12230	-0.025243
12234	-0.022402
12236	0.001844
12237	-0.028305
12250	-0.037368
12252	0.015124
12253	-0.041189
12315	-0.087513
12381	-0.037306
12382	-0.026127
12438	0.136176
12455	-0.079207
12462	0.013012
12478	0.011658
12603	-0.043699
12711	0.021490
12714	0.010011
12716	-0.017226
12754	0.016053
12785	0.095935
12788	-0.083343
12792	-0.011269
12898	-0.039153
12944	0.193661
12949	0.198304
13062	-0.074336
13099	-0.002228
13160	-0.044779
13198	-0.023477
13239	0.030461
13249	-0.114983
13262	-0.119568
13263	0.072871
13272	0.037474
13273	-0.067122
13277	-0.004899
13305	0.095667
13342	0.038827
13343	0.052080
13345	0.005175
13351	0.069757
13357	0.011826
13427	0.072023
13436	0.049237
13455	-0.019429
13528	0.013385
13532	-0.031266
13553	-0.043465
13566	0.015173
13651	-0.046490
13653	-0.025877
13675	0.018258
13676	-0.006938
13677	0.013151
13678	0.020424
13681	-0.013581
13688	0.033566
13697	0.049786
13705	0.095416
13708	-0.055642
13737	0.039264
13760	-0.013754
13923	0.054784
13927	0.028828
13995	0.027917
14002	-0.073384
14003	0.001247
14021	0.164889
14034	-0.049772
14064	-0.006169
14110	-0.010288
14155	0.028260
14203	-0.037391
14208	0.083799
14340	0.009796
14356	0.014675
14389	0.038248
14499	0.063804
14625	-0.028513
14632	-0.034407
14637	0.023852
14641	0.029010
14685	0.059658
14694	0.062719
14695	0.072852
14699	0.005201
14700	-0.059334
14749	0.087615
14760	0.028563
14790	0.011381
14791	-0.016226
14796	0.017252
14797	0.003387
14891	-0.016864
14927	0.053772
15099	-0.001841
15182	-0.021658
15243	-0.029958
15245	-0.048695
15254	-0.039166
15322	-0.021518
15327	0.009628
15463	-0.003427
15496	0.002092
15499	0.002519
15502	-0.015886
15514	-0.030722
15566	0.024948
15580	-0.091570
15583	0.032591
15586	-0.032179
15601	0.038831
15621	-0.018697
15780	-0.062482
15869	-0.016153
16082	-0.056518
16281	-0.073946
16293	0.085137
16300	0.084606
16304	-0.004508
16360	-0.065860
16361	0.053280
16367	0.047289
16432	-0.036576
16433	-0.080869
16438	0.077346
16446	0.088122
16453	0.011759
16463	-0.226003
16466	0.033464
16477	-0.103072
16482	-0.093995
16605	-0.006515
16606	-0.094278
16635	0.095004
16638	-0.081631
16655	-0.026736
16673	-0.068992
16676	0.055716
16677	0.012989
16678	-0.044239
16808	0.022159
16829	0.013399
17150	0.022742
17182	0.061205
17199	0.012703
17273	0.123003
17431	-0.021650
17466	0.025893
17472	0.032735
17485	-0.019767
17585	-0.014578
17620	0.056658
17647	-0.090833
17690	-0.042521
17772	0.023828
18410	-0.049176
19647	0.131520
21458	-0.095433
21885	0.005966
21973	0.019699
21976	0.001806
21977	0.035764
22084	-0.000079
23475	0.033220
23754	0.054284
23764	-0.005667
24372	0.018846
24918	-0.123038
24944	0.060134
25022	-0.015737
25140	-0.075048
26484	-0.013678
27764	0.031228
28424	0.047308
28845	-0.061070
29861	-0.080091
30684	-0.087293
31288	-0.215198
31704	0.031868
32421	-0.000984
32520	-0.007945
32893	-0.088492
34340	-0.124447
35227	-0.135853
35334	0.049375
36499	0.081910
36843	0.091753
36844	0.046400
36955	0.052093
36970	0.027198
39336	-0.047211
39353	-0.030003
40538	-0.115474
40541	-0.004995
40542	0.007844
40599	0.094379
40601	0.020099
40602	-0.032212
40656	-0.026016
40657	-0.030937
42157	0.010527
42203	0.002194
42204	0.026992
42851	0.024755
43061	0.067500
44144	0.007139
45195	0.012327
47030	0.071686
47285	-0.071609
47317	-0.183055
47457	0.080167
47460	-0.086189
48147	-0.060561
48297	-0.092267
48474	-0.001630
48696	-0.044350
49516	0.075400
49630	-0.055387
49927	-0.079411
50199	-0.086658
50249	0.121248
50259	0.043249
50904	0.056002
53231	0.089831
53471	-0.085743
53531	-0.062278
53986	0.037706
55057	0.021743
56431	-0.067933
56432	-0.096538
56466	-0.051456
56478	0.145759
56621	0.024320
57644	-0.079029
57756	0.052908
58783	-0.108748
59657	0.009311
59715	0.212626
64825	0.186822
64947	-0.009062
65950	-0.057775
70102	0.020254
75003	0.112913
75099	0.121482
75742	0.189068
75823	-0.119069
75824	-0.017957
78157	-0.022585
78181	-0.008142
78191	-0.003475
80479	0.086532
80480	0.083684
80715	0.005988
80719	-0.034723
80750	0.023726
81231	-0.058022
84436	0.076792
84780	-0.036663
84844	0.012745
85002	0.000940
85003	-0.021828
85659	-0.041313
85663	0.016280
85710	-0.023969
92185	0.147145
96142	-0.009090
96144	0.053045
96482	-0.037337
98871	-0.067651
