# 1342 minima projected onto PC100
Min	PC
3	-0.030824
4	-0.026640
5	-0.016957
6	0.020276
7	0.009668
9	-0.029330
16	0.008126
17	-0.019845
21	-0.059005
23	0.049173
31	0.027366
44	0.000458
47	0.010310
48	0.040453
51	-0.020713
52	0.014233
55	-0.000951
56	0.015029
57	0.052155
58	-0.010352
60	0.061477
67	-0.017261
68	-0.055200
71	-0.014318
72	-0.010192
74	-0.057041
79	-0.019973
82	0.036262
85	-0.048075
86	0.025328
87	-0.023400
88	-0.031656
91	-0.019725
92	-0.032406
94	-0.014837
95	0.007786
97	-0.002912
104	0.003220
106	0.098747
109	-0.033475
111	0.005301
115	0.022397
120	0.009685
126	-0.026820
129	0.051479
136	0.018264
137	-0.046258
188	0.010132
189	0.005368
196	-0.009938
199	-0.030828
200	-0.025125
202	0.041688
211	-0.016664
213	0.044329
214	0.003971
219	-0.002622
221	-0.052996
276	-0.029202
279	-0.023901
283	0.018639
295	0.008817
308	-0.022104
312	-0.019472
315	0.097916
318	-0.050728
319	-0.009148
321	-0.054051
324	-0.025540
328	-0.013447
334	0.020392
336	-0.017211
338	0.044185
347	-0.009127
351	0.034434
352	0.019074
354	0.034029
357	-0.118100
359	-0.015944
362	-0.010284
364	-0.023736
365	-0.024851
368	-0.010981
376	0.006718
377	-0.040669
380	-0.007010
386	0.033326
388	0.021259
390	-0.017948
396	-0.000916
404	0.009454
410	0.012216
413	0.065831
420	0.012358
423	0.026222
424	-0.015477
437	0.013112
438	0.019528
444	0.114978
452	-0.002494
473	-0.024921
474	-0.018385
475	0.004855
476	0.018729
478	0.012313
479	0.023237
480	0.007493
483	0.049649
503	-0.003362
508	-0.012770
509	0.041659
530	-0.045323
536	-0.046399
556	0.005307
581	0.031848
583	0.039603
603	0.035001
606	0.018383
607	-0.016304
620	0.000274
628	0.031673
636	0.008146
637	-0.082168
639	0.036973
640	0.018291
644	0.020844
645	0.025309
677	0.053508
678	-0.029791
679	-0.020953
682	-0.002687
698	-0.005247
700	-0.003716
710	-0.026812
722	-0.032396
723	-0.024837
724	-0.008156
725	0.054798
726	0.022667
747	-0.000711
753	0.009398
755	0.014640
757	-0.028115
765	0.026503
782	-0.020812
783	-0.000391
793	-0.042219
808	0.005629
814	-0.168768
840	-0.044927
848	-0.055436
859	0.039251
864	-0.031172
867	0.034235
878	-0.032156
888	0.037116
890	0.082977
892	0.060093
899	0.005546
918	-0.012136
926	0.023512
933	0.001550
934	0.043825
981	-0.026556
1028	0.021251
1034	-0.009469
1051	0.013138
1054	-0.045502
1058	-0.022409
1062	-0.016731
1063	0.037157
1064	-0.010995
1066	-0.015187
1068	0.017926
1073	0.058532
1082	-0.038903
1083	-0.022399
1086	-0.020100
1089	-0.034569
1090	-0.021807
1091	0.006844
1092	0.039125
1164	0.014082
1165	0.031623
1174	0.006687
1176	0.036772
1184	-0.051510
1191	-0.037930
1192	-0.035913
1201	-0.015793
1230	-0.004534
1339	0.010639
1341	0.009856
1370	-0.021944
1385	-0.110745
1405	0.010500
1437	-0.025028
1441	0.034944
1443	0.028239
1521	0.000203
1522	0.034080
1523	0.029126
1524	-0.019919
1525	-0.037982
1541	-0.049451
1542	-0.001756
1550	0.013858
1551	-0.023235
1596	-0.017512
1597	-0.051876
1628	-0.008654
1629	-0.038624
1633	0.011776
1636	0.027961
1637	-0.036972
1765	-0.013016
1766	0.034526
1780	0.010516
1862	0.052880
1865	-0.001611
1870	0.059704
1885	-0.109773
1910	-0.031334
1911	-0.016432
2007	0.007017
2060	0.020981
2062	-0.057099
2090	-0.029693
2093	0.021672
2094	0.046066
2095	-0.036649
2096	0.011984
2100	0.001537
2101	0.011172
2102	0.018324
2103	0.016941
2104	0.021698
2105	0.013460
2128	-0.009225
2129	0.042556
2135	0.004990
2190	-0.047246
2195	-0.063035
2197	0.014478
2198	-0.012602
2199	-0.001429
2200	-0.029391
2201	0.039420
2202	-0.027709
2205	-0.021013
2217	0.001862
2218	-0.085325
2221	0.001298
2272	0.003794
2273	-0.003101
2275	-0.000003
2288	0.114216
2293	0.008070
2298	-0.026828
2299	-0.010488
2300	0.007312
2301	-0.051653
2338	0.011896
2342	-0.023835
2343	0.025322
2358	0.030742
2384	-0.007622
2385	0.037524
2399	0.039027
2435	-0.010391
2436	-0.008865
2465	-0.029942
2467	0.025175
2468	-0.006108
2469	0.018085
2470	0.000266
2471	0.039909
2474	0.049370
2620	0.064071
2650	0.012102
2651	-0.036781
2685	-0.000347
2688	0.034099
2730	-0.016029
2843	0.022138
2951	-0.047953
2959	0.003799
3236	-0.020105
3305	0.012131
3318	-0.044616
3340	0.016951
3352	0.015605
3355	-0.054137
3356	-0.066323
3365	0.002539
3366	0.025895
3367	0.034927
3368	0.008574
3401	0.000816
3405	-0.095429
3434	0.017266
3448	0.065874
3454	-0.015278
3481	-0.015482
3495	0.011893
3504	0.013009
3532	-0.007519
3540	-0.007345
3549	-0.035898
3550	-0.038664
3569	0.032317
3595	-0.038081
3596	0.025622
3603	0.020807
3621	-0.043998
3622	-0.009638
3647	0.001720
3649	-0.019594
3651	-0.011128
3652	0.012032
3723	-0.042647
3757	-0.010413
3772	0.020262
3787	-0.042546
3798	0.044531
3799	0.026310
3889	-0.029740
3897	0.005515
3898	-0.015546
3904	-0.046807
3945	-0.040348
3990	0.075422
4024	0.034041
4039	-0.031380
4048	0.001489
4050	0.025090
4076	0.018066
4094	0.007694
4170	-0.017780
4251	-0.050266
4252	-0.037911
4299	-0.025452
4302	-0.044679
4318	-0.024995
4319	-0.018691
4320	-0.012292
4360	-0.013009
4388	-0.060568
4414	-0.035059
4426	-0.027913
4446	0.037073
4527	0.000286
4545	-0.034373
4546	-0.017748
4554	-0.070611
4564	0.010665
4567	-0.033951
4634	0.000291
4693	0.005922
4736	-0.022127
4761	-0.015456
4879	0.023454
5071	0.016503
5138	-0.030194
5164	0.000216
5182	-0.046083
5183	-0.025825
5184	0.038803
5187	-0.037061
5188	-0.004556
5189	0.048932
5193	0.004195
5194	-0.010830
5195	-0.008299
5197	-0.029467
5203	-0.029167
5205	-0.036875
5212	0.017712
5213	-0.021500
5222	0.031274
5223	0.052255
5228	0.060712
5232	0.014289
5244	0.029558
5245	0.023470
5246	0.004701
5248	0.040160
5292	0.010190
5293	-0.020251
5299	-0.007103
5300	0.090545
5315	0.033925
5316	0.028288
5319	-0.030364
5320	-0.033675
5321	-0.043193
5322	0.053738
5323	0.049808
5324	0.025306
5325	0.027197
5329	-0.061650
5342	-0.033019
5343	-0.001691
5374	-0.056841
5376	-0.013464
5378	-0.010515
5379	0.026280
5382	0.030882
5390	-0.039494
5398	0.030859
5402	0.050304
5404	0.010796
5407	0.010149
5408	0.037216
5409	0.028933
5411	0.016323
5412	-0.009103
5413	0.049761
5416	-0.019940
5418	0.043172
5422	0.016246
5425	-0.005844
5427	-0.011008
5428	-0.023635
5432	0.050208
5436	-0.027119
5443	0.078912
5444	0.026092
5458	0.037252
5462	-0.153031
5465	-0.005130
5468	-0.000542
5471	-0.013200
5480	-0.011814
5481	-0.038306
5485	0.085147
5486	0.070721
5488	-0.018293
5489	0.023885
5495	-0.017994
5513	-0.047459
5515	0.016891
5516	0.049964
5521	-0.028026
5527	-0.035879
5528	0.016808
5536	0.036400
5537	-0.039363
5547	0.034735
5565	0.019741
5573	0.051342
5579	-0.017211
5583	-0.072671
5586	-0.020995
5589	0.011812
5590	0.006328
5593	-0.009118
5599	-0.099671
5604	-0.059787
5605	0.014252
5606	0.025405
5625	-0.040557
5649	0.058324
5656	-0.068570
5657	-0.065732
5658	0.074479
5686	0.012687
5695	0.061600
5705	-0.017164
5706	-0.026046
5716	-0.003107
5717	0.024966
5718	-0.021576
5719	0.006004
5720	0.013211
5724	0.008729
5738	-0.089065
5742	0.040227
5750	-0.010744
5751	0.013962
5756	0.002070
5761	0.186653
5768	0.039272
5773	0.023870
5792	0.007715
5793	0.009965
5794	0.023364
5806	-0.007368
5811	0.018696
5812	-0.055744
5813	-0.025990
5814	0.050722
5821	-0.035054
5823	0.027003
5825	-0.058278
5831	0.004966
5832	-0.010586
5833	0.034136
5847	-0.005398
5849	0.030703
5851	0.028707
5854	0.005254
5858	0.022372
5862	0.051801
5875	-0.058307
5876	0.062316
5903	0.015491
5910	0.003580
5912	-0.007645
5913	0.094655
5925	0.024366
5926	-0.011755
5927	0.027109
5928	-0.004780
5930	0.017789
5931	0.042499
5933	0.023623
5934	0.009680
5937	0.068998
5939	0.037497
5940	0.065899
5941	0.020521
5943	0.026523
5963	0.021617
5964	0.032557
5965	0.020479
5966	0.031792
5968	0.051168
5969	0.000555
5970	-0.003392
5971	-0.028308
5975	0.019598
6006	0.016834
6011	0.044969
6017	0.012859
6019	-0.021548
6022	-0.003124
6032	0.074652
6095	-0.039566
6115	0.008152
6116	0.037083
6119	0.008940
6127	0.027216
6128	0.081987
6130	-0.011475
6140	0.027375
6141	0.000804
6147	-0.019231
6148	-0.012819
6163	-0.031193
6164	-0.008995
6170	0.045850
6171	-0.002294
6177	-0.010590
6184	0.025826
6200	-0.056067
6204	-0.053809
6206	-0.069495
6223	0.011499
6240	0.009790
6245	0.018417
6253	0.060354
6267	-0.006840
6269	-0.027048
6290	0.014552
6303	0.034873
6317	0.019489
6343	0.006688
6350	0.019267
6360	-0.026120
6367	0.001485
6383	0.061465
6389	0.055855
6397	-0.080423
6398	0.002908
6406	0.019962
6407	0.006984
6412	-0.013865
6413	-0.005918
6434	-0.013383
6435	-0.032464
6460	-0.008918
6463	0.012540
6464	0.008571
6489	-0.042855
6507	-0.042037
6510	0.062093
6516	-0.028516
6518	-0.013409
6522	-0.034727
6523	0.032407
6524	0.029055
6525	-0.030492
6531	0.039543
6536	-0.007204
6575	0.007986
6584	-0.050519
6585	0.011833
6586	0.038066
6594	0.015586
6595	-0.012431
6610	0.006933
6612	0.029720
6615	0.021455
6624	0.003788
6628	-0.043711
6649	0.008407
6698	0.078007
6706	-0.052731
6718	0.066220
6719	-0.007167
6722	-0.023787
6770	-0.004682
6780	-0.021889
6781	0.002790
6794	0.007069
6795	-0.057714
6796	-0.031627
6799	-0.033909
6809	0.004323
6837	-0.078776
6838	-0.078258
6839	0.074214
6846	0.034842
6865	0.026202
6869	-0.006306
6870	0.064063
6871	-0.027057
6873	-0.053624
6876	-0.033898
6885	-0.021099
6895	-0.018195
6896	-0.000288
6897	-0.026351
6900	-0.021118
6903	-0.008477
6906	-0.046745
6916	-0.023036
6917	0.009456
6918	-0.066912
6919	0.002281
6938	-0.009921
6941	-0.052155
6942	-0.022191
6943	0.001462
6944	-0.055393
6948	0.035407
6953	0.003539
6957	-0.015456
6958	0.049742
6970	-0.029953
6971	0.024118
6976	-0.012289
6977	0.057306
6990	-0.010471
7014	-0.034303
7015	-0.038838
7016	0.015132
7018	0.010532
7019	0.016825
7042	0.009307
7053	-0.066858
7066	0.009947
7067	0.128696
7083	-0.027482
7092	-0.013552
7100	-0.028010
7103	-0.025122
7110	-0.042386
7111	-0.058338
7112	-0.042382
7113	0.026091
7116	-0.021448
7119	-0.029178
7120	0.055189
7121	0.002171
7122	-0.034478
7140	0.009709
7143	0.144427
7157	0.043496
7165	-0.016521
7175	-0.016352
7178	-0.020052
7206	0.038308
7207	0.144465
7217	-0.000237
7218	-0.037924
7221	0.004259
7227	-0.017542
7230	-0.018910
7236	0.029569
7239	0.064071
7242	-0.067801
7260	0.048726
7268	0.064637
7269	-0.009014
7304	-0.011037
7326	0.018312
7327	0.063512
7336	0.079187
7342	-0.044877
7346	0.036551
7348	-0.037406
7355	0.067065
7361	0.015414
7372	0.051899
7387	-0.102298
7422	0.011488
7423	-0.048363
7425	0.040034
7436	0.015240
7442	-0.041728
7446	-0.000802
7448	-0.027100
7453	-0.040859
7463	-0.005905
7492	0.000622
7493	0.009966
7494	0.014532
7495	0.035301
7518	-0.018660
7520	0.096941
7540	0.004865
7546	0.007489
7556	0.008552
7559	-0.068358
7560	0.001156
7561	0.006003
7564	0.078314
7575	-0.033664
7583	0.072285
7585	0.007871
7586	0.021650
7599	0.016159
7600	0.007021
7606	0.013094
7614	-0.026351
7617	-0.017634
7622	-0.012082
7629	0.022964
7637	0.021985
7640	0.006940
7657	0.036541
7665	-0.001759
7666	-0.024494
7667	-0.034393
7668	-0.051968
7669	-0.071169
7670	0.032148
7671	-0.058725
7681	-0.033673
7683	0.005382
7684	-0.017605
7696	0.063750
7722	0.022978
7723	-0.028449
7799	0.048593
7852	0.007170
7859	0.002229
7860	0.028281
7861	0.012242
7865	0.047940
7875	0.009739
7876	0.015154
7895	-0.024666
7913	-0.030065
7917	-0.014713
7952	-0.022899
7969	0.007003
7971	-0.009015
8000	-0.006610
8002	-0.063636
8006	0.128600
8036	0.026982
8056	0.014298
8069	-0.004167
8103	-0.021645
8107	-0.008713
8120	0.043781
8122	0.005975
8125	-0.021731
8127	-0.020031
8136	-0.042491
8149	-0.065551
8154	-0.031961
8197	-0.000935
8208	-0.048669
8223	-0.051237
8232	-0.057361
8241	0.008398
8256	-0.023964
8262	-0.005219
8266	0.017750
8267	0.004899
8268	0.014640
8269	0.021097
8271	0.011534
8273	0.009880
8280	-0.023540
8284	0.009796
8303	0.008277
8304	0.002783
8305	-0.041062
8308	0.000359
8332	0.184511
8333	0.024973
8334	-0.018002
8338	0.090249
8363	0.030957
8370	-0.088952
8398	-0.028546
8465	0.022266
8468	0.006103
8469	-0.013637
8470	0.054141
8507	0.004375
8552	-0.047882
8572	0.035370
8574	0.002797
8577	-0.060995
8586	-0.008389
8592	-0.030063
8593	-0.058380
8594	-0.012798
8597	0.017994
8599	0.020636
8606	0.120026
8607	-0.001601
8615	-0.005455
8617	-0.030173
8626	0.040575
8636	-0.018771
8669	0.000688
8671	0.023793
8673	-0.035844
8675	0.068930
8790	0.035017
8791	0.020195
8811	-0.076733
8822	0.019892
8841	-0.012036
8849	0.004675
8856	-0.043103
8875	0.007225
8884	-0.042522
8906	0.045469
8907	0.003044
8910	0.026290
8911	-0.074118
8912	0.033744
8913	-0.013331
8934	0.010423
8935	0.031429
8954	0.020698
8968	-0.000298
8972	0.007005
9001	0.065443
9029	-0.007011
9032	-0.019152
9058	0.059605
9059	-0.008316
9068	-0.085862
9070	0.017190
9108	0.003447
9139	0.063722
9140	0.058119
9158	-0.001437
9187	0.120310
9188	-0.012392
9189	0.036418
9190	-0.012206
9253	0.004138
9259	0.029817
9268	0.055322
9269	-0.004478
9271	0.018123
9312	0.020110
9323	0.015874
9329	0.035059
9330	0.023814
9331	0.022471
9356	0.027895
9376	0.037384
9394	-0.053952
9424	-0.000682
9428	0.008732
9429	-0.003548
9496	-0.017892
9536	-0.014816
9543	0.013672
9589	0.011118
9614	0.016245
9615	0.047146
9617	0.083566
9631	-0.021074
9661	0.026362
9668	0.044678
9718	0.023565
9728	-0.008756
9734	-0.051556
9788	0.014007
9791	-0.006065
9793	0.070559
9804	-0.004881
9809	-0.024030
9810	-0.002500
9823	0.014199
9828	0.027709
9907	-0.019592
9951	-0.015818
9968	0.015009
9969	0.059995
10010	-0.006593
10011	0.001663
10012	0.005315
10018	0.023906
10021	0.021337
10022	-0.032918
10031	0.026944
10032	-0.007385
10033	0.007332
10034	0.022124
10035	-0.001274
10039	-0.009789
10044	-0.002371
10045	-0.047668
10060	-0.023229
10065	0.014117
10077	-0.001727
10080	0.011713
10130	-0.045151
10131	0.025997
10149	0.040287
10194	0.072041
10197	0.002638
10221	0.045042
10226	0.004372
10232	0.005354
10233	0.055439
10263	0.020926
10264	0.035006
10274	0.052984
10286	-0.030543
10292	0.030291
10299	0.046623
10302	0.002625
10324	0.013170
10355	0.006636
10358	-0.009009
10362	0.000476
10366	-0.062678
10368	-0.072286
10370	-0.028386
10392	0.014913
10405	0.035995
10406	-0.022465
10409	0.005914
10419	-0.027906
10420	-0.012702
10424	0.013131
10434	0.031878
10455	-0.034271
10478	-0.029685
10480	0.006245
10484	-0.030952
10510	0.001017
10519	-0.044166
10520	0.011056
10524	-0.018300
10578	0.012789
10630	0.024132
10643	0.030978
10645	0.033322
10677	0.020975
10678	-0.017278
10690	0.031336
10717	-0.016174
10718	0.019968
10719	-0.008169
10721	-0.005567
10723	0.003941
10735	-0.012237
10736	0.025656
10829	-0.033751
10837	-0.024217
10846	0.042108
10921	-0.010456
10922	-0.026633
10923	-0.026304
10924	-0.063982
10964	0.062164
10978	0.027174
11017	-0.045379
11018	-0.036497
11019	0.036400
11032	0.047327
11034	0.001442
11035	0.021553
11036	0.034257
11052	-0.010514
11056	-0.056812
11060	-0.134508
11063	0.016638
11064	0.111603
11068	0.000124
11069	0.016313
11090	0.010735
11098	0.054821
11099	-0.040873
11100	-0.015473
11105	-0.052177
11109	0.036080
11122	-0.053998
11123	-0.026593
11125	-0.022052
11126	0.048887
11149	0.029861
11153	-0.040697
11188	0.012249
11193	-0.036555
11230	-0.005525
11233	0.007881
11236	-0.119838
11243	-0.060586
11251	0.024458
11259	0.080285
11263	0.019948
11272	-0.068239
11321	0.000793
11322	-0.030581
11326	-0.038478
11327	-0.027286
11335	0.010379
11337	-0.037360
11343	-0.026008
11390	0.001924
11444	-0.030635
11464	0.008763
11471	-0.005726
11472	0.016729
11473	-0.002042
11492	-0.034931
11499	-0.059001
11500	-0.002364
11505	0.009038
11527	0.068043
11528	0.061233
11532	-0.014740
11564	-0.010358
11589	-0.044947
11591	0.013729
11592	-0.022836
11599	-0.043122
11605	-0.014272
11617	0.009272
11630	-0.014474
11631	0.109470
11632	0.099865
11656	0.049889
11657	-0.059738
11777	0.019929
11786	-0.001579
11812	-0.027946
12020	-0.049021
12061	-0.008692
12115	-0.053329
12154	-0.016767
12155	-0.075043
12156	-0.020726
12159	0.024787
12174	0.053307
12176	0.038342
12230	0.044901
12234	-0.032257
12236	-0.035555
12237	0.063482
12250	-0.016588
12252	0.051387
12253	-0.041617
12315	-0.015560
12381	-0.032431
12382	-0.072730
12438	0.051036
12455	0.011848
12462	-0.003600
12478	-0.003542
12603	-0.040027
12711	0.018731
12714	0.037723
12716	-0.049203
12754	0.056958
12785	0.035821
12788	-0.005853
12792	-0.002324
12898	0.000840
12944	-0.045578
12949	-0.207417
13062	-0.026603
13099	-0.067720
13160	0.011444
13198	-0.051462
13239	-0.054015
13249	-0.008089
13262	-0.016538
13263	-0.020956
13272	-0.014553
13273	0.031169
13277	-0.016032
13305	-0.062522
13342	0.020885
13343	-0.003011
13345	0.057591
13351	-0.013344
13357	-0.025066
13427	-0.027987
13436	-0.040934
13455	0.079799
13528	0.053792
13532	-0.023174
13553	-0.031225
13566	0.012702
13651	0.026535
13653	0.050622
13675	0.028169
13676	-0.035550
13677	-0.012029
13678	0.000625
13681	-0.055676
13688	-0.029602
13697	-0.025656
13705	0.000719
13708	0.008796
13737	-0.020105
13760	-0.066463
13923	-0.042237
13927	-0.035733
13995	0.011687
14002	0.045395
14003	0.033290
14021	0.003883
14034	0.045048
14064	0.038543
14110	-0.019246
14155	0.027895
14203	0.042377
14208	-0.016040
14340	-0.078284
14356	-0.023616
14389	0.015860
14499	-0.030571
14625	-0.078472
14632	0.007897
14637	-0.051112
14641	-0.035895
14685	-0.010396
14694	-0.007114
14695	-0.037313
14699	0.000239
14700	-0.008211
14749	0.034293
14760	-0.032720
14790	-0.050891
14791	-0.030666
14796	0.010234
14797	-0.035314
14891	0.001338
14927	-0.030561
15099	0.073924
15182	0.001029
15243	-0.058872
15245	-0.035302
15254	-0.016434
15322	0.041251
15327	-0.047383
15463	0.004178
15496	0.014197
15499	-0.014295
15502	0.001085
15514	0.005717
15566	-0.011792
15580	0.041897
15583	-0.044525
15586	-0.022355
15601	0.013855
15621	0.002936
15780	-0.013233
15869	-0.035718
16082	0.014499
16281	0.028827
16293	-0.016409
16300	0.015713
16304	0.070956
16360	-0.042743
16361	0.018201
16367	-0.011021
16432	0.039429
16433	0.115860
16438	-0.011465
16446	0.008645
16453	0.023628
16463	-0.032911
16466	-0.038023
16477	-0.039744
16482	-0.018890
16605	0.031147
16606	-0.081238
16635	0.016349
16638	0.056598
16655	0.095116
16673	0.058755
16676	0.009148
16677	-0.018825
16678	0.016310
16808	0.104643
16829	-0.016302
17150	-0.013671
17182	-0.014781
17199	0.081510
17273	0.034383
17431	-0.023649
17466	0.005856
17472	0.060021
17485	0.018913
17585	-0.126254
17620	-0.026548
17647	-0.037731
17690	-0.014487
17772	0.004072
18410	0.013932
19647	-0.025176
21458	-0.062843
21885	-0.028038
21973	-0.063568
21976	-0.024110
21977	-0.054689
22084	0.020878
23475	-0.045582
23754	-0.011651
23764	0.016763
24372	-0.007383
24918	0.057114
24944	0.046585
25022	0.094611
25140	-0.016440
26484	-0.018691
27764	0.061406
28424	-0.036127
28845	-0.019490
29861	0.023687
30684	-0.008749
31288	-0.018267
31704	0.015513
32421	-0.027132
32520	-0.002724
32893	0.058913
34340	0.074339
35227	-0.077010
35334	0.013059
36499	0.027308
36843	-0.028466
36844	-0.087591
36955	0.014854
36970	0.014798
39336	0.013182
39353	0.008402
40538	-0.029957
40541	-0.016907
40542	-0.049930
40599	0.034323
40601	-0.002530
40602	-0.033672
40656	-0.033879
40657	-0.036796
42157	0.044485
42203	0.020549
42204	0.001497
42851	-0.079559
43061	-0.013918
44144	0.063630
45195	0.009604
47030	-0.009809
47285	-0.177289
47317	-0.079650
47457	0.018672
47460	-0.042122
48147	0.053124
48297	-0.071958
48474	0.025340
48696	0.018562
49516	-0.037686
49630	-0.028982
49927	0.043470
50199	0.006440
50249	-0.170878
50259	-0.079183
50904	-0.020041
53231	-0.017566
53471	0.015798
53531	-0.061352
53986	0.016722
55057	0.000349
56431	-0.028699
56432	-0.038549
56466	0.016265
56478	0.104494
56621	0.023634
57644	-0.028126
57756	-0.047130
58783	-0.007408
59657	0.020687
59715	-0.116106
64825	0.018946
64947	-0.011608
65950	0.068592
70102	-0.143798
75003	-0.018637
75099	0.053820
75742	0.135172
75823	0.108792
75824	0.070473
78157	0.062186
78181	-0.022918
78191	0.063973
80479	-0.017287
80480	-0.045175
80715	-0.022539
80719	0.010890
80750	0.069583
81231	-0.041431
84436	-0.032980
84780	0.024757
84844	-0.006875
85002	0.048749
85003	0.013260
85659	0.055097
85663	0.031640
85710	0.031505
92185	-0.007096
96142	-0.005415
96144	-0.014092
96482	-0.038246
98871	-0.103381
