# 1342 minima projected onto PC104
Min	PC
3	0.001450
4	-0.005007
5	-0.000919
6	0.023111
7	-0.027257
9	0.060563
16	-0.024340
17	0.010985
21	-0.009333
23	-0.014533
31	0.018991
44	-0.019442
47	0.031901
48	0.057375
51	-0.005573
52	-0.021007
55	-0.000726
56	0.007829
57	0.005271
58	0.014863
60	-0.015436
67	0.014149
68	0.002358
71	-0.022043
72	0.015927
74	-0.016806
79	-0.017468
82	-0.023327
85	-0.010130
86	0.014614
87	-0.004090
88	0.030184
91	0.026976
92	0.027095
94	0.017490
95	-0.004260
97	0.019207
104	-0.006445
106	0.054178
109	0.060568
111	0.000794
115	-0.007524
120	-0.001600
126	0.019855
129	0.004126
136	0.002222
137	0.003302
188	-0.060725
189	0.006037
196	0.006041
199	-0.044137
200	0.005715
202	-0.033348
211	-0.021494
213	-0.014985
214	-0.011920
219	-0.024825
221	0.064764
276	0.014523
279	0.001147
283	-0.095552
295	-0.007578
308	0.000450
312	0.029550
315	-0.002078
318	0.000976
319	0.026784
321	-0.026719
324	-0.001222
328	0.009554
334	0.021185
336	-0.003831
338	-0.013039
347	0.018882
351	0.050573
352	0.003873
354	0.019811
357	-0.015658
359	-0.007428
362	0.037400
364	0.025946
365	0.026183
368	-0.002960
376	-0.028041
377	-0.024324
380	-0.035457
386	0.012037
388	0.024130
390	-0.017105
396	-0.027923
404	0.003159
410	-0.006924
413	-0.019856
420	-0.000296
423	0.029635
424	-0.000232
437	0.006195
438	-0.005576
444	-0.062103
452	-0.011609
473	-0.022225
474	-0.024663
475	-0.003715
476	-0.022502
478	0.014019
479	-0.051024
480	-0.010463
483	0.021274
503	-0.027582
508	0.006236
509	0.008391
530	0.029077
536	-0.008507
556	-0.024876
581	0.022510
583	0.049526
603	0.023161
606	0.011466
607	-0.022178
620	-0.040902
628	-0.033646
636	-0.004569
637	0.091478
639	-0.019001
640	0.017447
644	-0.015853
645	0.006175
677	0.026109
678	0.041953
679	0.000054
682	0.049050
698	0.000823
700	0.038921
710	-0.019175
722	0.015978
723	-0.039725
724	-0.008565
725	0.012443
726	0.032016
747	-0.001213
753	0.005176
755	0.034323
757	0.018839
765	-0.010133
782	-0.033139
783	-0.015350
793	0.036213
808	-0.014744
814	-0.018427
840	0.027334
848	0.017016
859	0.011387
864	0.011880
867	0.024622
878	-0.048897
888	0.001150
890	-0.024090
892	0.033758
899	0.024257
918	0.013113
926	-0.005052
933	-0.001663
934	0.030667
981	0.006543
1028	-0.011522
1034	0.004918
1051	0.005423
1054	-0.019395
1058	-0.208057
1062	-0.015548
1063	0.048941
1064	-0.020678
1066	-0.003276
1068	0.013312
1073	0.026223
1082	0.007355
1083	-0.007223
1086	0.005358
1089	0.008109
1090	0.006739
1091	0.035865
1092	0.030734
1164	0.024791
1165	0.013534
1174	-0.109562
1176	-0.000738
1184	-0.015025
1191	-0.003329
1192	0.002882
1201	0.075091
1230	-0.047105
1339	-0.012610
1341	-0.020948
1370	-0.015137
1385	-0.059218
1405	-0.035526
1437	-0.025516
1441	0.002249
1443	0.015167
1521	0.010235
1522	0.027972
1523	0.008357
1524	-0.010952
1525	0.027179
1541	-0.013644
1542	0.007586
1550	-0.006923
1551	-0.007439
1596	-0.003268
1597	0.037898
1628	-0.027796
1629	0.014477
1633	0.002071
1636	-0.039673
1637	0.001699
1765	0.036169
1766	0.044570
1780	-0.005940
1862	-0.031828
1865	-0.003199
1870	0.001653
1885	0.032042
1910	0.017382
1911	0.032764
2007	-0.036778
2060	0.021784
2062	-0.008070
2090	0.002908
2093	-0.010125
2094	0.009997
2095	0.050720
2096	0.006366
2100	0.002699
2101	0.033479
2102	-0.005281
2103	0.035627
2104	-0.005938
2105	-0.003682
2128	-0.019365
2129	0.025380
2135	0.012368
2190	0.028313
2195	-0.012434
2197	-0.002521
2198	-0.018447
2199	-0.016290
2200	-0.014241
2201	-0.016639
2202	-0.030988
2205	0.009082
2217	0.024810
2218	-0.060570
2221	0.015588
2272	-0.050657
2273	0.017947
2275	-0.029098
2288	-0.080513
2293	-0.026686
2298	0.027048
2299	0.028998
2300	0.025104
2301	0.010530
2338	0.006956
2342	0.064358
2343	0.024393
2358	0.017210
2384	-0.011459
2385	0.045280
2399	-0.025542
2435	-0.032252
2436	0.015636
2465	-0.015611
2467	0.007586
2468	-0.021116
2469	-0.030915
2470	0.007077
2471	0.016997
2474	0.006475
2620	0.013578
2650	-0.020291
2651	-0.038361
2685	0.021241
2688	-0.002879
2730	0.011988
2843	0.000832
2951	-0.043570
2959	0.060302
3236	0.015463
3305	-0.029798
3318	0.034276
3340	0.004030
3352	0.052844
3355	0.029115
3356	0.011743
3365	-0.002166
3366	-0.001760
3367	0.045855
3368	0.043467
3401	0.045036
3405	0.063524
3434	-0.025375
3448	0.016343
3454	0.075259
3481	0.002708
3495	-0.005418
3504	-0.002894
3532	-0.001675
3540	-0.006916
3549	0.033418
3550	0.038517
3569	0.029543
3595	0.033330
3596	-0.025397
3603	-0.015023
3621	0.038514
3622	-0.010949
3647	0.006720
3649	-0.009263
3651	0.000687
3652	0.042460
3723	-0.000480
3757	-0.003052
3772	-0.048351
3787	0.006118
3798	0.006850
3799	0.011062
3889	-0.005244
3897	0.006871
3898	0.042833
3904	0.030767
3945	0.001920
3990	0.018184
4024	0.023273
4039	-0.010821
4048	0.009683
4050	-0.006926
4076	0.003890
4094	0.001896
4170	-0.008314
4251	0.010257
4252	-0.007343
4299	-0.009021
4302	-0.037544
4318	-0.034914
4319	0.041507
4320	0.016369
4360	-0.005262
4388	-0.006790
4414	-0.003204
4426	-0.002784
4446	0.012837
4527	-0.052751
4545	-0.010735
4546	-0.006291
4554	-0.044607
4564	-0.001070
4567	-0.000084
4634	-0.032481
4693	-0.015044
4736	-0.000778
4761	-0.020010
4879	0.016598
5071	0.021815
5138	-0.017642
5164	-0.014455
5182	-0.004121
5183	0.016045
5184	0.003642
5187	0.057696
5188	-0.014772
5189	-0.025144
5193	-0.015791
5194	-0.024062
5195	-0.009946
5197	-0.049012
5203	-0.021059
5205	-0.012759
5212	0.003718
5213	-0.015058
5222	0.015801
5223	0.033906
5228	-0.020414
5232	-0.027735
5244	0.002476
5245	-0.055045
5246	-0.001650
5248	-0.042233
5292	0.013613
5293	-0.029329
5299	0.020963
5300	0.025923
5315	0.000044
5316	-0.002455
5319	0.008058
5320	-0.010070
5321	0.004197
5322	0.064187
5323	-0.033310
5324	0.024241
5325	0.016500
5329	-0.058889
5342	-0.007086
5343	-0.011208
5374	0.046988
5376	-0.018186
5378	0.017635
5379	0.003588
5382	-0.000472
5390	-0.022598
5398	-0.048282
5402	-0.011334
5404	-0.024419
5407	-0.033450
5408	-0.022050
5409	-0.019564
5411	-0.026266
5412	0.022050
5413	-0.018274
5416	-0.001040
5418	-0.000524
5422	-0.029659
5425	0.019158
5427	0.019014
5428	-0.036632
5432	0.035913
5436	0.013776
5443	0.004821
5444	-0.041723
5458	0.013827
5462	-0.030981
5465	0.010542
5468	0.012397
5471	0.011754
5480	0.001157
5481	0.004457
5485	-0.020761
5486	-0.004401
5488	0.036118
5489	0.001239
5495	0.036216
5513	0.010655
5515	0.015372
5516	0.012173
5521	-0.005994
5527	-0.019104
5528	-0.038166
5536	0.006054
5537	-0.059340
5547	-0.009164
5565	-0.014297
5573	-0.004227
5579	0.004436
5583	0.034715
5586	-0.054917
5589	0.003576
5590	-0.025077
5593	0.006135
5599	-0.016237
5604	-0.073327
5605	-0.030137
5606	-0.087827
5625	0.020328
5649	0.039450
5656	0.033402
5657	0.034333
5658	-0.012368
5686	-0.003388
5695	-0.015037
5705	-0.071408
5706	-0.025461
5716	0.000944
5717	0.003496
5718	0.003091
5719	-0.007626
5720	0.012806
5724	0.006000
5738	-0.062365
5742	0.019179
5750	0.007775
5751	0.002858
5756	-0.002778
5761	-0.019572
5768	-0.007143
5773	0.003761
5792	-0.002305
5793	-0.010927
5794	0.004517
5806	-0.009004
5811	0.017696
5812	-0.022516
5813	-0.021531
5814	0.015185
5821	0.015436
5823	0.020450
5825	0.006621
5831	-0.005234
5832	-0.056269
5833	0.017969
5847	0.032319
5849	0.002797
5851	0.013060
5854	-0.012200
5858	-0.009973
5862	0.011934
5875	0.006005
5876	-0.001271
5903	-0.014469
5910	-0.077418
5912	0.056934
5913	0.072075
5925	-0.018485
5926	0.002898
5927	0.008953
5928	0.007953
5930	0.054310
5931	0.012014
5933	0.055504
5934	0.001024
5937	-0.020668
5939	0.067993
5940	-0.137844
5941	-0.004488
5943	-0.001635
5963	-0.001102
5964	-0.004672
5965	-0.007885
5966	0.018935
5968	-0.001040
5969	-0.008147
5970	0.009985
5971	-0.029452
5975	0.022787
6006	0.016985
6011	-0.006931
6017	0.055755
6019	-0.010037
6022	0.079963
6032	-0.012858
6095	0.012821
6115	0.013979
6116	0.014066
6119	-0.000656
6127	-0.006732
6128	-0.027931
6130	0.004584
6140	-0.005828
6141	0.014135
6147	0.042813
6148	0.064592
6163	0.014925
6164	0.050776
6170	-0.020896
6171	0.006137
6177	-0.008543
6184	-0.022615
6200	0.029848
6204	0.015047
6206	0.041899
6223	0.004551
6240	0.028769
6245	0.035475
6253	0.008929
6267	-0.000496
6269	0.029401
6290	0.043080
6303	-0.005465
6317	-0.021444
6343	-0.007775
6350	0.021983
6360	0.007090
6367	0.053676
6383	0.001341
6389	0.003355
6397	0.013655
6398	-0.011466
6406	0.002777
6407	-0.006397
6412	0.028433
6413	0.031214
6434	0.004585
6435	-0.010230
6460	-0.002142
6463	-0.012199
6464	-0.014728
6489	-0.029966
6507	0.103004
6510	-0.066605
6516	-0.017225
6518	0.041369
6522	0.011141
6523	-0.031706
6524	-0.007660
6525	0.006893
6531	-0.000856
6536	0.012952
6575	-0.001168
6584	-0.013080
6585	0.003649
6586	-0.008870
6594	-0.011428
6595	-0.013385
6610	-0.003613
6612	-0.026041
6615	-0.013285
6624	0.014403
6628	0.028347
6649	0.022651
6698	0.077099
6706	0.006870
6718	0.033802
6719	0.029498
6722	-0.015240
6770	0.009882
6780	0.012553
6781	-0.032454
6794	0.014927
6795	-0.048224
6796	-0.015559
6799	-0.014468
6809	-0.033423
6837	0.028134
6838	-0.061454
6839	0.042228
6846	0.020817
6865	-0.017227
6869	0.005028
6870	-0.020631
6871	0.045792
6873	0.013147
6876	0.011374
6885	0.016250
6895	0.002692
6896	0.035567
6897	0.023848
6900	0.002899
6903	-0.028446
6906	0.049881
6916	0.005499
6917	0.021779
6918	0.051155
6919	0.066990
6938	-0.004451
6941	0.032826
6942	0.040764
6943	0.025405
6944	0.025114
6948	0.020097
6953	0.005210
6957	0.045796
6958	-0.000435
6970	0.000373
6971	-0.008646
6976	0.000315
6977	0.036421
6990	0.030024
7014	0.008466
7015	-0.011137
7016	0.021459
7018	-0.029556
7019	-0.032492
7042	-0.014981
7053	0.014155
7066	-0.005882
7067	-0.070995
7083	0.006245
7092	0.000700
7100	0.008001
7103	0.004035
7110	0.013983
7111	-0.018483
7112	-0.040171
7113	0.008775
7116	0.002985
7119	0.002797
7120	0.016755
7121	-0.004847
7122	0.020964
7140	0.016208
7143	0.116545
7157	-0.004788
7165	-0.025409
7175	0.005243
7178	0.000384
7206	0.036459
7207	-0.016236
7217	-0.000231
7218	0.025324
7221	0.008525
7227	-0.021491
7230	-0.026573
7236	0.025156
7239	0.019520
7242	0.019961
7260	0.003944
7268	0.027908
7269	0.018704
7304	-0.015925
7326	0.015474
7327	-0.021116
7336	0.003929
7342	0.033245
7346	0.019395
7348	-0.030697
7355	-0.034947
7361	-0.024985
7372	-0.007286
7387	0.022065
7422	-0.012882
7423	0.006828
7425	0.008452
7436	0.001525
7442	0.039403
7446	-0.087125
7448	-0.009878
7453	-0.042134
7463	-0.021823
7492	-0.064870
7493	0.034696
7494	0.006695
7495	0.019828
7518	0.003063
7520	0.035458
7540	0.032262
7546	0.006923
7556	-0.015777
7559	0.008389
7560	0.027997
7561	-0.007301
7564	0.046360
7575	0.010610
7583	0.045862
7585	-0.027792
7586	0.020986
7599	0.052775
7600	-0.003298
7606	0.076643
7614	0.012311
7617	0.025484
7622	-0.012046
7629	-0.042543
7637	-0.019828
7640	-0.005228
7657	0.023948
7665	0.007171
7666	-0.020321
7667	-0.018310
7668	-0.026256
7669	0.009024
7670	-0.084078
7671	-0.026510
7681	-0.041098
7683	0.060698
7684	0.047668
7696	0.057494
7722	0.005629
7723	0.029282
7799	-0.002468
7852	-0.033136
7859	0.017138
7860	-0.001517
7861	-0.001570
7865	0.067936
7875	0.015942
7876	-0.002672
7895	0.003541
7913	-0.007152
7917	0.014256
7952	0.002976
7969	0.010830
7971	-0.005816
8000	0.000020
8002	-0.009643
8006	-0.033744
8036	0.003488
8056	-0.003683
8069	0.008582
8103	-0.056504
8107	0.008654
8120	0.022086
8122	-0.024036
8125	0.001497
8127	0.024218
8136	-0.015196
8149	-0.033558
8154	-0.030378
8197	0.026561
8208	0.045406
8223	-0.000113
8232	-0.020935
8241	-0.018997
8256	0.050026
8262	0.035530
8266	0.000741
8267	-0.018836
8268	-0.020634
8269	-0.016778
8271	-0.007066
8273	0.011923
8280	0.013516
8284	0.009997
8303	0.012222
8304	0.012301
8305	-0.018836
8308	0.017822
8332	-0.069470
8333	0.007941
8334	0.036817
8338	-0.021223
8363	-0.028967
8370	-0.010983
8398	-0.024694
8465	0.025554
8468	0.017478
8469	0.021310
8470	-0.014974
8507	-0.000201
8552	0.000814
8572	0.019156
8574	0.015087
8577	0.085891
8586	0.035281
8592	0.037948
8593	0.045686
8594	0.003046
8597	-0.009505
8599	0.011265
8606	-0.079411
8607	0.001078
8615	0.004801
8617	0.022633
8626	0.009100
8636	-0.003342
8669	0.012814
8671	-0.026101
8673	0.012602
8675	-0.021153
8790	0.016195
8791	0.010200
8811	0.015094
8822	0.023839
8841	0.009496
8849	0.035625
8856	-0.050696
8875	0.032618
8884	0.009571
8906	-0.015088
8907	0.013297
8910	0.033984
8911	-0.049108
8912	0.060409
8913	-0.004965
8934	0.008633
8935	0.009527
8954	-0.019897
8968	-0.035207
8972	-0.029222
9001	0.009170
9029	0.028481
9032	-0.028174
9058	0.056693
9059	0.003326
9068	-0.021791
9070	0.055526
9108	0.019920
9139	-0.041367
9140	-0.038506
9158	0.013998
9187	0.030236
9188	-0.025100
9189	-0.040309
9190	-0.003581
9253	-0.012257
9259	-0.021878
9268	-0.007694
9269	-0.020450
9271	0.002140
9312	-0.022156
9323	-0.012355
9329	-0.020285
9330	-0.024751
9331	-0.017562
9356	0.001547
9376	0.008952
9394	0.045311
9424	0.018624
9428	0.012534
9429	0.018499
9496	-0.006854
9536	-0.018123
9543	0.023155
9589	-0.002510
9614	0.030609
9615	0.014208
9617	0.021085
9631	0.030956
9661	0.028319
9668	0.016311
9718	-0.006185
9728	0.007096
9734	-0.000776
9788	0.005800
9791	0.015470
9793	-0.001436
9804	0.023287
9809	0.003477
9810	-0.007938
9823	0.011682
9828	-0.012248
9907	-0.038990
9951	0.004182
9968	0.009822
9969	-0.022964
10010	0.010031
10011	-0.017645
10012	0.006182
10018	-0.001499
10021	0.001932
10022	0.011033
10031	-0.014596
10032	0.005755
10033	-0.007626
10034	-0.002355
10035	-0.003246
10039	-0.008929
10044	-0.010937
10045	0.010127
10060	-0.112973
10065	0.005399
10077	0.039962
10080	-0.033301
10130	0.053964
10131	-0.009765
10149	0.024387
10194	-0.019345
10197	-0.046135
10221	0.016381
10226	-0.008443
10232	-0.025519
10233	-0.098426
10263	-0.005444
10264	-0.017367
10274	-0.032271
10286	-0.010710
10292	0.041902
10299	0.026980
10302	0.012416
10324	-0.003661
10355	-0.002414
10358	0.051496
10362	-0.000330
10366	0.013433
10368	0.030458
10370	-0.025243
10392	0.010876
10405	-0.031693
10406	-0.008846
10409	-0.006573
10419	-0.044419
10420	0.013880
10424	-0.016883
10434	0.013733
10455	-0.014036
10478	-0.027942
10480	-0.069616
10484	0.004282
10510	0.016525
10519	0.043891
10520	-0.005735
10524	0.024512
10578	0.043655
10630	-0.010964
10643	0.032329
10645	0.003891
10677	0.015751
10678	-0.007178
10690	0.020517
10717	0.015168
10718	0.020473
10719	-0.067177
10721	0.003705
10723	0.021461
10735	-0.013569
10736	-0.024419
10829	-0.001199
10837	-0.101197
10846	0.012445
10921	-0.026121
10922	-0.016778
10923	0.017354
10924	0.021503
10964	0.009665
10978	-0.011776
11017	0.083645
11018	0.147966
11019	0.006353
11032	-0.028449
11034	-0.029511
11035	-0.009675
11036	-0.046342
11052	-0.023958
11056	0.000895
11060	0.007352
11063	-0.011653
11064	0.039668
11068	-0.045182
11069	-0.030241
11090	0.020761
11098	-0.006817
11099	-0.015586
11100	0.002037
11105	-0.003130
11109	-0.020271
11122	0.009828
11123	-0.038495
11125	-0.032526
11126	0.016613
11149	0.013594
11153	0.013634
11188	-0.108046
11193	-0.032772
11230	0.029774
11233	-0.050072
11236	-0.012091
11243	-0.004629
11251	-0.049176
11259	0.049905
11263	0.002948
11272	0.003831
11321	-0.050586
11322	0.007278
11326	0.003835
11327	-0.024914
11335	-0.059094
11337	-0.016762
11343	-0.019670
11390	-0.020633
11444	0.016808
11464	0.031176
11471	-0.012703
11472	-0.012517
11473	0.046386
11492	-0.017402
11499	-0.004973
11500	-0.021171
11505	-0.008135
11527	0.010671
11528	0.014928
11532	-0.003394
11564	0.017975
11589	0.010759
11591	0.019704
11592	-0.027144
11599	-0.032803
11605	0.005558
11617	-0.015782
11630	-0.043279
11631	0.057849
11632	0.084720
11656	-0.087481
11657	0.004796
11777	-0.021957
11786	-0.016012
11812	0.008930
12020	-0.022159
12061	-0.026015
12115	-0.002070
12154	0.006102
12155	-0.033230
12156	0.033598
12159	0.062399
12174	-0.047276
12176	0.011667
12230	0.012233
12234	0.009614
12236	-0.001564
12237	-0.002954
12250	0.082219
12252	0.018878
12253	-0.015365
12315	-0.008868
12381	-0.084731
12382	-0.029023
12438	0.026422
12455	0.031026
12462	0.030902
12478	-0.008985
12603	0.069750
12711	0.018820
12714	0.024450
12716	-0.021541
12754	0.036063
12785	0.053068
12788	0.078060
12792	0.094260
12898	0.003743
12944	-0.095184
12949	0.074964
13062	-0.090146
13099	-0.020639
13160	-0.010795
13198	-0.038260
13239	-0.043873
13249	0.002412
13262	-0.036180
13263	0.027763
13272	0.002433
13273	-0.120448
13277	-0.001889
13305	-0.011654
13342	0.034439
13343	0.017912
13345	-0.142664
13351	-0.030825
13357	-0.008930
13427	0.052344
13436	0.016383
13455	-0.033147
13528	-0.091744
13532	0.054009
13553	-0.033687
13566	0.077914
13651	0.006618
13653	0.001612
13675	0.007187
13676	0.032247
13677	0.016922
13678	0.013897
13681	0.008582
13688	-0.054564
13697	-0.029914
13705	-0.002693
13708	-0.001678
13737	0.067662
13760	-0.041356
13923	-0.007538
13927	-0.012064
13995	0.003545
14002	-0.054872
14003	-0.047492
14021	0.017205
14034	-0.038220
14064	-0.045336
14110	0.029271
14155	0.020805
14203	0.039315
14208	0.043456
14340	-0.041338
14356	-0.093524
14389	0.014957
14499	0.036749
14625	-0.041958
14632	-0.075224
14637	-0.013902
14641	-0.009563
14685	0.012560
14694	0.067095
14695	0.063862
14699	-0.001976
14700	-0.022912
14749	0.000650
14760	-0.053933
14790	-0.016049
14791	-0.017000
14796	-0.026536
14797	-0.010101
14891	-0.035165
14927	0.026511
15099	0.016184
15182	0.001829
15243	-0.033883
15245	-0.010122
15254	-0.010301
15322	-0.002457
15327	-0.027250
15463	-0.001201
15496	0.012408
15499	-0.016028
15502	-0.012557
15514	-0.004839
15566	0.002468
15580	-0.030352
15583	0.011504
15586	-0.003002
15601	0.018213
15621	-0.005851
15780	-0.022089
15869	0.008327
16082	-0.003658
16281	-0.002431
16293	0.050978
16300	0.012565
16304	0.011538
16360	-0.042738
16361	-0.100467
16367	-0.012578
16432	-0.045637
16433	-0.046161
16438	0.030636
16446	-0.020850
16453	-0.036490
16463	0.006423
16466	0.031607
16477	0.051002
16482	-0.025721
16605	0.017511
16606	-0.084821
16635	0.066507
16638	0.016674
16655	-0.010827
16673	0.019246
16676	0.017597
16677	0.007923
16678	-0.006851
16808	-0.001570
16829	0.003276
17150	-0.013538
17182	-0.038714
17199	0.006271
17273	0.008888
17431	-0.046401
17466	0.053721
17472	-0.034751
17485	-0.007362
17585	0.024316
17620	0.007279
17647	-0.047220
17690	-0.026045
17772	0.034626
18410	-0.003004
19647	-0.029566
21458	-0.007853
21885	0.010376
21973	-0.061391
21976	-0.049435
21977	-0.078622
22084	0.008868
23475	-0.017341
23754	-0.003792
23764	-0.012905
24372	-0.015581
24918	0.006478
24944	0.008004
25022	-0.004775
25140	0.021856
26484	-0.011541
27764	0.042097
28424	-0.016061
28845	-0.084287
29861	-0.066227
30684	0.006309
31288	0.008416
31704	-0.030901
32421	0.020980
32520	0.022964
32893	0.049309
34340	0.044755
35227	0.025648
35334	0.000529
36499	0.009373
36843	-0.034803
36844	-0.065812
36955	-0.004957
36970	-0.023722
39336	0.014682
39353	-0.014196
40538	0.028899
40541	0.046351
40542	0.037012
40599	0.021385
40601	0.031287
40602	0.025521
40656	-0.006444
40657	0.021505
42157	-0.000292
42203	0.022780
42204	-0.007873
42851	0.003691
43061	-0.020940
44144	0.019955
45195	0.020181
47030	-0.053926
47285	-0.009034
47317	-0.027333
47457	-0.023025
47460	0.022708
48147	-0.003949
48297	0.083467
48474	-0.002717
48696	0.011414
49516	-0.003802
49630	-0.014718
49927	-0.019936
50199	0.040524
50249	-0.049583
50259	-0.090592
50904	0.006743
53231	-0.015093
53471	-0.087532
53531	-0.014448
53986	-0.000054
55057	-0.019159
56431	-0.060841
56432	-0.047610
56466	-0.017180
56478	0.021041
56621	-0.041125
57644	0.017825
57756	0.007393
58783	0.007593
59657	0.011379
59715	0.021788
64825	0.038672
64947	0.024951
65950	-0.021402
70102	-0.013061
75003	0.010282
75099	-0.014778
75742	-0.010174
75823	-0.063489
75824	-0.059288
78157	0.008525
78181	-0.021783
78191	-0.008115
80479	0.016196
80480	0.011096
80715	0.025860
80719	-0.009426
80750	-0.021486
81231	-0.018869
84436	0.007736
84780	0.012449
84844	-0.001190
85002	-0.001447
85003	-0.101626
85659	-0.003776
85663	-0.034639
85710	-0.039111
92185	0.024444
96142	0.038508
96144	0.003468
96482	0.037435
98871	0.046244
