# 1342 minima projected onto PC53
Min	PC
3	0.049904
4	-0.012426
5	-0.153728
6	-0.105544
7	-0.050887
9	0.005466
16	0.068914
17	0.072290
21	-0.019549
23	0.635486
31	0.032562
44	-0.084819
47	-0.077389
48	-0.163951
51	0.061099
52	0.204084
55	-0.412892
56	-0.083568
57	0.130604
58	-0.166368
60	-0.131994
67	0.224639
68	-0.045591
71	-0.004882
72	-0.045064
74	-0.117306
79	-0.348672
82	0.568175
85	0.062700
86	-0.152114
87	0.074824
88	-0.034942
91	-0.253243
92	-0.119555
94	-0.257889
95	-0.061954
97	0.038696
104	0.141853
106	0.398176
109	0.093731
111	0.428493
115	0.432825
120	-0.103450
126	-0.427111
129	-0.018446
136	0.066820
137	0.158327
188	-0.058828
189	0.003868
196	0.937334
199	-0.151102
200	0.126366
202	0.569835
211	-0.050946
213	0.705130
214	0.072122
219	-0.129328
221	-0.181063
276	-0.114771
279	-0.096653
283	-0.446344
295	0.130665
308	0.051832
312	-0.093039
315	0.228440
318	0.173579
319	-0.194017
321	0.143560
324	0.010041
328	0.128050
334	-0.046801
336	0.480891
338	-0.949434
347	-0.099991
351	-0.415358
352	0.042738
354	0.152983
357	-0.188031
359	-0.211118
362	-0.175069
364	-0.284554
365	-0.223914
368	-0.123579
376	-0.175308
377	0.015819
380	-0.069286
386	-0.438032
388	-0.095718
390	-0.022406
396	-0.012362
404	-0.075580
410	-0.017282
413	0.224913
420	0.037028
423	0.028429
424	-0.224683
437	0.083696
438	0.020398
444	0.251679
452	0.066256
473	-0.011942
474	0.080053
475	0.046361
476	-0.076626
478	-0.011382
479	-0.459115
480	0.151795
483	-0.346008
503	0.354726
508	0.152881
509	-0.082728
530	0.158006
536	-0.011846
556	0.054664
581	-0.147838
583	-0.202729
603	0.105502
606	-0.091333
607	-0.121649
620	-0.005966
628	0.618840
636	-0.205421
637	0.121748
639	-0.106379
640	-0.239322
644	-0.065692
645	-0.091719
677	-0.134071
678	0.010786
679	-0.216432
682	-0.135491
698	-0.008971
700	-0.052385
710	-0.096427
722	0.077272
723	-0.145726
724	-0.253245
725	-0.092983
726	0.108912
747	-0.544155
753	-0.146137
755	0.351208
757	0.170960
765	-0.050884
782	-0.063174
783	-0.035625
793	-0.331266
808	-0.092790
814	0.463168
840	-0.412779
848	-0.007759
859	0.035489
864	-0.097595
867	0.119385
878	0.346690
888	-0.924882
890	0.046016
892	-0.159387
899	0.020480
918	0.039924
926	0.133923
933	0.095434
934	0.131323
981	-0.074515
1028	0.029040
1034	-0.291668
1051	-0.035041
1054	-0.047068
1058	0.013935
1062	-0.153180
1063	-0.083532
1064	0.003398
1066	-0.057012
1068	-0.119333
1073	0.121285
1082	0.069071
1083	0.135578
1086	-0.072660
1089	0.060501
1090	0.057217
1091	0.225460
1092	0.180432
1164	-0.167948
1165	-0.063998
1174	0.084315
1176	-0.176841
1184	0.217563
1191	-0.007305
1192	-0.021031
1201	0.147245
1230	-0.165600
1339	0.013938
1341	0.135319
1370	0.337037
1385	-0.369875
1405	-0.000786
1437	-0.047897
1441	0.042226
1443	-0.248306
1521	-0.168370
1522	-0.095623
1523	0.015720
1524	-0.156279
1525	-0.052096
1541	-0.122711
1542	-0.045001
1550	0.075692
1551	0.091223
1596	0.075375
1597	0.209373
1628	0.135695
1629	-0.225437
1633	-0.169128
1636	0.508746
1637	0.005559
1765	-0.255027
1766	-0.052168
1780	0.149068
1862	0.072337
1865	0.101352
1870	0.107447
1885	0.765136
1910	-0.074385
1911	0.066998
2007	-0.135635
2060	-0.183031
2062	-0.419046
2090	-0.308490
2093	0.090018
2094	0.190604
2095	-0.135068
2096	-0.185207
2100	-0.128828
2101	-0.114408
2102	-0.130530
2103	-0.152814
2104	-0.167682
2105	0.126849
2128	-0.048789
2129	-0.055211
2135	0.004273
2190	-0.176672
2195	-0.110885
2197	-0.035071
2198	-0.225322
2199	0.011515
2200	0.046112
2201	0.184900
2202	-0.205004
2205	0.112923
2217	0.205770
2218	-0.649512
2221	-0.406887
2272	0.009175
2273	0.015515
2275	0.074049
2288	-0.455751
2293	0.156702
2298	0.055329
2299	-0.030846
2300	0.078635
2301	-0.022661
2338	0.073564
2342	0.036974
2343	-0.309049
2358	-0.106121
2384	0.045810
2385	-0.099301
2399	-0.073077
2435	-0.222114
2436	-0.134645
2465	0.191474
2467	0.247093
2468	-0.004214
2469	-0.024417
2470	0.032124
2471	-0.223833
2474	0.270894
2620	0.201350
2650	0.028053
2651	-0.136269
2685	-0.198697
2688	-0.068373
2730	0.106070
2843	-0.328176
2951	-0.206736
2959	-0.053885
3236	0.007893
3305	0.887440
3318	0.046718
3340	-0.024416
3352	-0.117046
3355	-0.392402
3356	-0.278584
3365	0.025969
3366	-0.015749
3367	0.093749
3368	0.163149
3401	-0.149329
3405	0.823666
3434	-0.081413
3448	-0.098172
3454	-0.033237
3481	0.092581
3495	0.294231
3504	0.173480
3532	-0.280181
3540	-0.192188
3549	-0.489693
3550	-0.028641
3569	0.087523
3595	0.049496
3596	-0.022747
3603	0.080161
3621	-0.205635
3622	0.097325
3647	-0.036503
3649	-0.007401
3651	0.980861
3652	-0.173321
3723	0.267356
3757	-0.115189
3772	0.060437
3787	0.127657
3798	0.236708
3799	-0.309237
3889	-0.070551
3897	-0.043631
3898	0.001455
3904	-0.173059
3945	-0.188097
3990	0.222453
4024	-0.033653
4039	0.355463
4048	-0.215456
4050	-0.068584
4076	0.094816
4094	-0.117907
4170	-0.283919
4251	0.023692
4252	-0.161111
4299	-0.099979
4302	-0.165834
4318	-0.146033
4319	-0.040422
4320	-0.034450
4360	0.054677
4388	0.031658
4414	0.098499
4426	-0.021831
4446	-0.851337
4527	0.069369
4545	0.015098
4546	-0.072091
4554	0.313056
4564	0.030916
4567	-0.188562
4634	-0.069803
4693	-0.060176
4736	-0.000017
4761	0.094403
4879	-0.005329
5071	-0.151649
5138	0.156504
5164	0.177598
5182	-0.033986
5183	0.240865
5184	0.168013
5187	-0.067536
5188	-0.150554
5189	-0.175898
5193	0.020920
5194	-0.209584
5195	0.113313
5197	-0.448514
5203	-0.001828
5205	0.035607
5212	-0.259739
5213	-0.145041
5222	0.146834
5223	0.014239
5228	0.109984
5232	-0.069171
5244	0.350118
5245	-0.029640
5246	-0.104045
5248	-0.068371
5292	0.134031
5293	-0.417413
5299	-0.036018
5300	-0.046239
5315	-0.238199
5316	-0.025346
5319	-0.140541
5320	-0.076557
5321	0.152987
5322	-0.263784
5323	-0.050794
5324	0.095657
5325	0.043315
5329	0.370501
5342	0.171751
5343	0.071666
5374	-0.350469
5376	-0.107787
5378	-0.151533
5379	0.012204
5382	-0.037309
5390	-0.033585
5398	-0.159944
5402	-0.183756
5404	0.136595
5407	-0.017408
5408	-0.227770
5409	0.012829
5411	-0.029137
5412	0.091808
5413	-0.160574
5416	-0.059697
5418	0.012863
5422	0.132780
5425	-0.087483
5427	0.058729
5428	-0.046151
5432	-0.041865
5436	-0.041821
5443	0.181765
5444	0.106788
5458	0.090465
5462	-0.269149
5465	0.077664
5468	0.146097
5471	0.079374
5480	-0.259128
5481	0.161419
5485	0.346705
5486	0.265345
5488	0.116975
5489	0.130706
5495	0.125327
5513	0.061916
5515	0.124711
5516	-0.126120
5521	-0.177958
5527	-0.227144
5528	-0.028700
5536	-0.153976
5537	0.018233
5547	-0.048933
5565	-0.086858
5573	0.126153
5579	0.297216
5583	0.009654
5586	0.052038
5589	0.088439
5590	0.129198
5593	-0.111271
5599	0.164705
5604	-0.198543
5605	0.101755
5606	0.113426
5625	0.401191
5649	-0.002082
5656	-0.085979
5657	0.515429
5658	-0.099363
5686	0.055809
5695	0.122832
5705	-0.089868
5706	-0.024208
5716	0.069595
5717	0.103663
5718	-0.032620
5719	-0.045359
5720	0.183235
5724	-0.228012
5738	0.011589
5742	-0.406047
5750	-0.094137
5751	-0.184719
5756	0.077175
5761	-0.283821
5768	-0.014360
5773	0.070074
5792	0.061393
5793	0.143168
5794	0.101209
5806	-0.231065
5811	0.289285
5812	0.050147
5813	-0.051037
5814	0.190267
5821	-0.102881
5823	-0.065174
5825	0.080249
5831	-0.134448
5832	-0.218705
5833	0.511863
5847	0.131415
5849	-0.107891
5851	0.189047
5854	0.249582
5858	-0.146517
5862	-0.065922
5875	-0.053454
5876	0.147693
5903	0.034418
5910	-0.097932
5912	0.078175
5913	0.222999
5925	0.036793
5926	-0.075900
5927	0.091839
5928	-0.077831
5930	-0.003461
5931	-0.056505
5933	0.486401
5934	0.145287
5937	-0.196878
5939	-0.083833
5940	0.119444
5941	-0.217492
5943	-0.224183
5963	0.030476
5964	0.089590
5965	0.143194
5966	0.041111
5968	-0.068598
5969	-0.194773
5970	-0.022340
5971	-0.011260
5975	-0.018297
6006	-0.155894
6011	-0.052591
6017	-0.098492
6019	0.092617
6022	-0.052891
6032	0.087578
6095	-0.062779
6115	0.312349
6116	0.101848
6119	0.150136
6127	0.065433
6128	0.126053
6130	0.192784
6140	-0.150976
6141	-0.161361
6147	-0.574751
6148	-0.495650
6163	0.009293
6164	0.026079
6170	-0.111453
6171	-0.274802
6177	0.075108
6184	0.250035
6200	0.022184
6204	0.132628
6206	0.198425
6223	-0.197240
6240	0.137655
6245	0.027333
6253	-0.041039
6267	-0.349393
6269	-0.217716
6290	-0.326902
6303	0.126609
6317	-0.428845
6343	-0.057948
6350	0.004892
6360	0.146180
6367	-0.341826
6383	0.044891
6389	0.271131
6397	0.099053
6398	-0.038280
6406	-0.264742
6407	-0.428246
6412	0.133560
6413	0.139116
6434	0.214374
6435	0.044341
6460	-0.034250
6463	0.068401
6464	0.108381
6489	0.017848
6507	-0.054738
6510	-0.344877
6516	0.088174
6518	0.108262
6522	0.216680
6523	0.299765
6524	-0.137368
6525	0.141749
6531	0.132893
6536	-0.100257
6575	-0.148047
6584	0.086335
6585	-0.010216
6586	0.310728
6594	-0.070786
6595	0.029363
6610	0.111535
6612	0.200317
6615	-0.023453
6624	-0.092576
6628	-0.010982
6649	0.129900
6698	-0.730985
6706	0.304943
6718	-0.095936
6719	0.102881
6722	-0.058001
6770	-0.269061
6780	-0.177621
6781	0.004029
6794	-0.363057
6795	-0.418418
6796	-0.425481
6799	-0.164131
6809	0.029599
6837	0.222755
6838	0.213103
6839	-0.258733
6846	-0.129899
6865	-0.019294
6869	-0.190244
6870	-0.176999
6871	-0.178413
6873	0.257667
6876	-0.158220
6885	0.234817
6895	-0.059689
6896	0.393168
6897	-0.286873
6900	-0.032810
6903	0.107942
6906	-0.036580
6916	-0.067297
6917	-0.140741
6918	0.053381
6919	-0.270818
6938	-0.186077
6941	0.014862
6942	-0.003103
6943	-0.200849
6944	-0.116150
6948	-0.026136
6953	0.133475
6957	-0.097467
6958	-0.108938
6970	0.144017
6971	0.142283
6976	0.384520
6977	0.145787
6990	0.139526
7014	0.134625
7015	-0.121848
7016	0.507662
7018	-0.013769
7019	-0.086497
7042	-0.311239
7053	0.430410
7066	0.000439
7067	-0.131151
7083	-0.060855
7092	-0.233150
7100	0.329067
7103	0.376039
7110	-0.120314
7111	-0.062169
7112	-0.008177
7113	0.299265
7116	-0.059656
7119	-0.147485
7120	0.201926
7121	-0.066318
7122	-0.069635
7140	-0.114241
7143	-0.124511
7157	-0.136008
7165	-0.088056
7175	0.079672
7178	-0.119743
7206	0.335538
7207	0.496801
7217	0.152059
7218	-0.117786
7221	-0.152694
7227	0.111079
7230	-0.296667
7236	0.056252
7239	0.146215
7242	0.007793
7260	0.416178
7268	0.330628
7269	0.086611
7304	0.206309
7326	0.967175
7327	0.618836
7336	-0.120409
7342	-0.087067
7346	0.151757
7348	0.195269
7355	-0.109966
7361	0.154363
7372	0.018042
7387	-0.009473
7422	-0.046139
7423	0.312970
7425	0.137555
7436	0.197931
7442	-0.120109
7446	-0.404554
7448	-0.239089
7453	0.037791
7463	-0.318568
7492	0.163035
7493	-0.078133
7494	-0.166995
7495	-0.112308
7518	0.234777
7520	0.048321
7540	0.039799
7546	0.076366
7556	0.008810
7559	-0.379341
7560	0.005825
7561	0.096627
7564	0.269002
7575	0.032175
7583	0.046047
7585	0.153399
7586	-0.168877
7599	1.022000
7600	0.851576
7606	1.001160
7614	-0.023687
7617	0.145414
7622	-0.229294
7629	0.226827
7637	0.082618
7640	0.152250
7657	0.015798
7665	-0.055123
7666	0.080975
7667	0.279171
7668	0.024417
7669	0.092481
7670	0.199139
7671	0.043467
7681	0.044290
7683	-0.214029
7684	0.015075
7696	-0.161159
7722	-0.152833
7723	0.152020
7799	0.125119
7852	0.028233
7859	0.069880
7860	-0.002029
7861	0.034951
7865	0.239686
7875	-0.307345
7876	-0.098312
7895	0.269233
7913	0.008702
7917	-0.193791
7952	0.166964
7969	0.501587
7971	-0.199317
8000	0.065250
8002	0.014484
8006	0.523680
8036	-0.187170
8056	-0.042108
8069	-0.372874
8103	0.175884
8107	0.010706
8120	0.315213
8122	0.009112
8125	0.012671
8127	-0.210716
8136	-0.008334
8149	0.002285
8154	0.124338
8197	0.393505
8208	0.392984
8223	-0.064394
8232	-0.214766
8241	-0.097442
8256	-0.147637
8262	-0.119251
8266	0.015982
8267	0.081259
8268	-0.274782
8269	-0.116864
8271	-0.201548
8273	0.420820
8280	-0.018859
8284	-0.087987
8303	-0.062015
8304	-0.196224
8305	-0.206387
8308	0.042190
8332	-0.111695
8333	0.022392
8334	-0.105387
8338	-0.013746
8363	0.191591
8370	0.059479
8398	0.010598
8465	-0.032632
8468	0.061100
8469	0.068111
8470	-0.104501
8507	0.159696
8552	-0.049104
8572	0.050260
8574	0.211696
8577	-0.037467
8586	-0.065994
8592	-0.167618
8593	-0.128506
8594	0.101492
8597	0.050909
8599	-0.072487
8606	-0.475942
8607	0.280765
8615	-0.131394
8617	-0.004523
8626	-0.051963
8636	0.115902
8669	-0.364283
8671	-0.114226
8673	-0.056043
8675	0.147602
8790	0.034577
8791	0.043458
8811	-1.181344
8822	-0.072013
8841	0.141538
8849	-0.198110
8856	0.021353
8875	-0.016430
8884	0.658765
8906	0.014283
8907	0.192670
8910	0.062806
8911	-0.169741
8912	-0.169647
8913	-0.185585
8934	0.020936
8935	-0.040423
8954	0.307472
8968	0.168845
8972	0.277028
9001	0.344092
9029	-0.148981
9032	0.099991
9058	-0.117266
9059	0.111361
9068	-0.079491
9070	-0.181438
9108	0.087983
9139	-0.049846
9140	-0.191586
9158	-0.010041
9187	0.076020
9188	-0.077983
9189	-0.053980
9190	-0.088240
9253	0.076756
9259	-0.002772
9268	-0.244348
9269	0.113957
9271	-0.193916
9312	-0.018331
9323	0.082037
9329	0.234049
9330	0.227577
9331	0.047909
9356	-0.177497
9376	0.412246
9394	-0.214372
9424	0.290616
9428	0.101201
9429	0.222609
9496	0.049850
9536	-0.090350
9543	-0.100314
9589	0.052686
9614	-0.789755
9615	-0.227365
9617	-0.103075
9631	-0.198809
9661	0.072536
9668	0.242360
9718	0.078229
9728	0.058723
9734	0.041874
9788	-0.093154
9791	0.072706
9793	0.040150
9804	-0.136908
9809	-0.070572
9810	0.051012
9823	-0.038499
9828	-0.303110
9907	0.283094
9951	0.176710
9968	0.175222
9969	-0.055904
10010	0.063725
10011	-0.062504
10012	-0.056920
10018	-0.038717
10021	0.187599
10022	-0.019531
10031	0.139058
10032	-0.017091
10033	0.054096
10034	0.171183
10035	0.176885
10039	-0.247888
10044	-0.038669
10045	-0.311694
10060	-0.290665
10065	0.119582
10077	-0.000166
10080	0.075059
10130	-0.102110
10131	-0.062191
10149	0.154470
10194	-0.106090
10197	-0.236860
10221	0.098077
10226	0.132337
10232	-0.132819
10233	0.234980
10263	-0.044567
10264	-0.170563
10274	-0.176800
10286	0.079763
10292	0.272002
10299	0.078201
10302	-0.064868
10324	0.156744
10355	-0.093550
10358	-0.102069
10362	-0.286363
10366	-0.160966
10368	-0.092479
10370	-0.093691
10392	-0.111152
10405	0.237888
10406	0.134499
10409	0.297462
10419	0.105653
10420	-0.006650
10424	0.117194
10434	-0.236676
10455	-0.098645
10478	-0.173456
10480	-0.342612
10484	-0.119748
10510	0.107027
10519	-0.532784
10520	-0.016053
10524	0.059187
10578	0.140592
10630	-0.102329
10643	-0.161841
10645	0.225842
10677	-0.234220
10678	0.137496
10690	-0.175204
10717	0.222367
10718	-0.103587
10719	-0.115924
10721	0.136087
10723	0.115737
10735	-0.015599
10736	0.082813
10829	0.045784
10837	-0.290265
10846	-0.017011
10921	-0.055433
10922	-0.146415
10923	0.146709
10924	0.122255
10964	-0.075879
10978	-0.052405
11017	-0.189891
11018	-0.165347
11019	-0.561922
11032	0.309264
11034	0.106944
11035	0.134972
11036	0.284868
11052	-0.130324
11056	0.029342
11060	0.021205
11063	-0.000698
11064	0.123549
11068	0.028655
11069	0.021379
11090	-0.262929
11098	0.282346
11099	0.272596
11100	0.109067
11105	0.089151
11109	-0.076604
11122	-0.072023
11123	0.121651
11125	0.021917
11126	-0.202150
11149	0.098924
11153	0.070216
11188	0.112726
11193	0.290147
11230	-0.183582
11233	0.167334
11236	-0.158809
11243	-0.074924
11251	0.295698
11259	0.235627
11263	-0.006718
11272	0.019672
11321	-0.095066
11322	-0.211919
11326	0.042066
11327	-0.229206
11335	-0.020874
11337	0.098155
11343	0.122723
11390	-0.034251
11444	-0.632575
11464	-0.029316
11471	0.164878
11472	0.058623
11473	-0.298207
11492	0.047645
11499	-0.009219
11500	-0.275739
11505	0.042830
11527	-0.515643
11528	-0.474298
11532	-0.027400
11564	0.138643
11589	-0.022707
11591	-0.025613
11592	0.124185
11599	0.006341
11605	0.020283
11617	0.059179
11630	-0.169735
11631	-0.062826
11632	0.445799
11656	-0.090369
11657	0.020555
11777	0.076935
11786	0.025901
11812	-0.054893
12020	-0.012919
12061	-0.020821
12115	0.211818
12154	-0.091434
12155	0.271951
12156	0.096653
12159	-0.077328
12174	0.062128
12176	-0.231314
12230	-0.034455
12234	0.084268
12236	0.217114
12237	-0.861658
12250	-0.790566
12252	-0.187269
12253	-0.195097
12315	-0.213867
12381	-0.329865
12382	-0.381719
12438	-0.154242
12455	0.028769
12462	0.037029
12478	0.020234
12603	-0.282164
12711	0.264032
12714	0.146455
12716	0.098664
12754	0.152385
12785	0.304112
12788	0.140927
12792	-0.278481
12898	0.069850
12944	-0.124354
12949	0.977529
13062	-0.055489
13099	0.117627
13160	0.139514
13198	0.144892
13239	-0.136103
13249	-0.225780
13262	0.097348
13263	-0.228305
13272	1.017522
13273	-0.079161
13277	0.094367
13305	0.497517
13342	0.072586
13343	-0.002797
13345	-0.265691
13351	0.009804
13357	0.005343
13427	-0.137325
13436	-0.239199
13455	0.020947
13528	-0.218695
13532	-0.031448
13553	-0.041818
13566	-0.027359
13651	-0.045422
13653	0.018181
13675	-0.116746
13676	-0.083396
13677	-0.092231
13678	-0.208469
13681	-0.016171
13688	-0.001379
13697	0.269362
13705	0.278538
13708	0.090486
13737	-0.127352
13760	0.013314
13923	0.096760
13927	0.233600
13995	0.221706
14002	-0.208119
14003	-0.000467
14021	-0.012521
14034	-0.304218
14064	-0.292345
14110	-0.161312
14155	0.080084
14203	0.202077
14208	-0.121168
14340	0.124725
14356	0.181913
14389	-0.031210
14499	0.020143
14625	-0.059916
14632	0.057345
14637	-0.035600
14641	0.015184
14685	-0.204830
14694	0.280493
14695	0.011754
14699	-0.029336
14700	-0.133192
14749	-0.222163
14760	0.241247
14790	-0.098888
14791	0.011074
14796	0.018054
14797	-0.246300
14891	0.123724
14927	0.301132
15099	-0.102353
15182	0.271823
15243	0.114358
15245	0.244542
15254	0.117487
15322	-0.089164
15327	-0.008236
15463	0.120508
15496	-0.126658
15499	0.217548
15502	0.166483
15514	-0.088910
15566	-0.182687
15580	-0.557930
15583	-0.540261
15586	-0.220127
15601	0.504905
15621	-0.405422
15780	-0.087896
15869	-0.117867
16082	-0.044530
16281	0.338221
16293	0.450468
16300	-0.332392
16304	-0.388706
16360	-0.061814
16361	0.005157
16367	0.036892
16432	-0.062875
16433	-0.145994
16438	0.022470
16446	0.035454
16453	0.051493
16463	-0.942460
16466	0.108518
16477	-0.022547
16482	0.123239
16605	-0.056588
16606	0.123765
16635	-0.081565
16638	-0.138378
16655	-0.363696
16673	0.087613
16676	-0.167224
16677	0.160268
16678	0.259369
16808	0.080088
16829	0.114480
17150	-0.082111
17182	0.165198
17199	-0.407846
17273	0.354987
17431	0.106109
17466	0.196764
17472	0.105668
17485	-0.009650
17585	-0.151255
17620	0.192929
17647	0.645160
17690	-0.037421
17772	0.983452
18410	-0.209730
19647	-0.440001
21458	0.994728
21885	0.352890
21973	-0.149354
21976	-0.160269
21977	0.116740
22084	-0.043660
23475	0.010448
23754	-0.020767
23764	0.059831
24372	-0.238767
24918	0.044185
24944	-0.150554
25022	0.194058
25140	0.155854
26484	0.029428
27764	-0.102704
28424	-0.156349
28845	0.109428
29861	0.321615
30684	-0.061012
31288	0.060176
31704	-0.140235
32421	-0.059494
32520	0.060640
32893	0.196346
34340	0.002370
35227	0.087182
35334	-0.088037
36499	-0.015877
36843	0.102806
36844	0.082785
36955	0.233761
36970	0.210885
39336	0.413197
39353	0.158483
40538	0.218135
40541	-0.019809
40542	-0.012014
40599	-0.015913
40601	-0.158907
40602	0.207674
40656	-0.059007
40657	-0.041163
42157	-0.763172
42203	-0.144860
42204	0.281198
42851	-0.309571
43061	-0.142669
44144	0.009421
45195	-0.079558
47030	0.123921
47285	-0.482508
47317	-0.075434
47457	-0.466200
47460	0.064065
48147	-0.078256
48297	0.110698
48474	0.007090
48696	0.008625
49516	0.021161
49630	0.088689
49927	-0.012555
50199	-0.183552
50249	-0.159912
50259	0.109235
50904	0.392554
53231	-0.091582
53471	-0.146344
53531	-0.018389
53986	-0.256615
55057	1.002237
56431	0.060031
56432	0.062760
56466	0.252082
56478	0.193556
56621	0.345707
57644	-0.008866
57756	0.176066
58783	1.110157
59657	0.255362
59715	0.154949
64825	0.103840
64947	-0.117146
65950	-0.265936
70102	0.094870
75003	0.202954
75099	0.193654
75742	0.044675
75823	-0.037970
75824	0.253186
78157	-0.561068
78181	-0.018326
78191	-0.096150
80479	-0.109496
80480	-0.007458
80715	-0.058983
80719	-0.092540
80750	0.027624
81231	-0.217505
84436	0.081823
84780	0.024215
84844	-0.042729
85002	0.030037
85003	0.161719
85659	0.291807
85663	0.184045
85710	0.070072
92185	-0.556248
96142	0.221386
96144	0.260103
96482	0.169510
98871	-0.145162
