# 1342 minima projected onto PC36
Min	PC
3	-0.062273
4	-0.144881
5	-0.271537
6	-0.393200
7	0.041595
9	-0.292286
16	-0.237564
17	-0.062847
21	-0.070025
23	-1.027304
31	-0.438741
44	-0.065998
47	-0.442164
48	-0.044862
51	-0.473793
52	-0.649313
55	-0.437508
56	-0.119463
57	-0.214240
58	0.016834
60	0.370237
67	-0.175854
68	0.311239
71	-0.135130
72	-0.267000
74	-0.082949
79	-0.674978
82	-1.046141
85	-0.076816
86	-0.002032
87	0.222763
88	-0.776577
91	0.070444
92	-0.834348
94	0.121178
95	-0.292859
97	0.140719
104	0.657167
106	0.805830
109	-0.233834
111	0.957755
115	1.576381
120	-0.014069
126	-0.749474
129	-0.287755
136	-0.341195
137	-0.046606
188	0.248110
189	-0.204535
196	-0.340862
199	0.178853
200	-0.379310
202	-0.568800
211	-0.227975
213	-0.432616
214	0.441937
219	-0.080976
221	-0.657879
276	-0.166293
279	0.823014
283	0.746272
295	-0.154464
308	-0.535982
312	-0.453045
315	-0.735256
318	0.255264
319	0.182306
321	0.027666
324	0.581113
328	0.258563
334	-0.255513
336	-0.790850
338	-0.027167
347	-0.186840
351	-0.231842
352	-0.422808
354	0.122875
357	0.960434
359	0.197412
362	-0.212149
364	-0.083352
365	-0.003646
368	-0.081756
376	-0.006858
377	-0.124071
380	-0.135005
386	0.087338
388	-0.314006
390	0.802260
396	0.346447
404	0.182803
410	-0.059523
413	-0.095016
420	-0.270082
423	0.333197
424	-0.067464
437	-0.198615
438	0.000557
444	-1.856250
452	-0.412551
473	0.196384
474	-0.118298
475	0.221493
476	0.235378
478	-0.131373
479	0.733283
480	-0.154154
483	-0.177634
503	0.933200
508	0.101733
509	-0.307777
530	-0.407243
536	-0.050856
556	0.407397
581	0.280604
583	0.515366
603	-0.036327
606	-0.505412
607	-0.336515
620	-0.013164
628	-0.443608
636	0.084326
637	-0.683848
639	-0.257133
640	-0.570433
644	0.462795
645	0.441838
677	0.209302
678	0.957904
679	0.594011
682	0.227507
698	-0.152533
700	-0.045754
710	0.756241
722	0.004971
723	-0.196189
724	0.556489
725	0.485867
726	0.644238
747	-0.084489
753	-0.196449
755	1.095193
757	-0.035936
765	-0.893351
782	-0.015528
783	-0.059338
793	-0.132567
808	-0.226334
814	0.345769
840	0.533561
848	0.268072
859	-0.386431
864	-0.531249
867	-0.411444
878	0.398235
888	0.053090
890	0.168659
892	-0.025565
899	0.119639
918	0.291140
926	-0.258488
933	-0.100477
934	0.121814
981	-0.300339
1028	-0.146610
1034	0.212671
1051	0.029378
1054	-0.329781
1058	-0.062669
1062	-0.087058
1063	0.647059
1064	-0.409169
1066	-0.133368
1068	-0.215772
1073	-0.145859
1082	-0.149263
1083	0.090345
1086	-0.695414
1089	-0.402537
1090	-0.476881
1091	0.356782
1092	0.038753
1164	-0.326192
1165	0.013685
1174	-0.026435
1176	0.098707
1184	-0.522185
1191	-0.395824
1192	-0.181454
1201	-0.128778
1230	-0.527376
1339	-0.257081
1341	-0.167712
1370	0.184189
1385	0.006379
1405	-0.038344
1437	0.349357
1441	-0.854920
1443	0.253252
1521	0.559265
1522	1.061337
1523	0.365449
1524	-0.234643
1525	-0.598347
1541	-0.226431
1542	0.584042
1550	-0.279811
1551	0.079587
1596	0.187488
1597	-0.095313
1628	-0.011919
1629	-0.432225
1633	-0.019106
1636	-0.571347
1637	-0.065653
1765	0.062716
1766	-0.309610
1780	0.132255
1862	0.156375
1865	-0.167586
1870	0.132621
1885	-0.732270
1910	-0.296808
1911	-0.020135
2007	-0.592039
2060	0.212048
2062	-0.186210
2090	-0.137327
2093	-0.007463
2094	-0.122094
2095	0.346311
2096	0.574479
2100	-0.199687
2101	-0.036191
2102	-0.576245
2103	0.104857
2104	-0.423304
2105	-0.095890
2128	-0.203428
2129	-0.075662
2135	-0.394483
2190	0.001373
2195	0.005503
2197	0.256425
2198	0.207737
2199	-0.547500
2200	-0.184231
2201	-0.806320
2202	0.248944
2205	-0.371718
2217	0.558580
2218	-0.381942
2221	-0.443396
2272	0.299902
2273	0.067648
2275	0.092213
2288	0.015643
2293	-0.199247
2298	0.265699
2299	-0.222879
2300	0.129801
2301	-0.174099
2338	-0.419359
2342	0.327171
2343	0.676088
2358	-0.653022
2384	-0.226678
2385	-0.219909
2399	-0.430354
2435	0.594183
2436	-0.644067
2465	0.325751
2467	-0.012829
2468	0.346603
2469	0.160354
2470	-0.187367
2471	0.317737
2474	-0.175725
2620	0.341652
2650	0.249038
2651	-0.109230
2685	-0.094777
2688	0.401359
2730	0.123829
2843	0.207632
2951	-0.356905
2959	0.334776
3236	0.094840
3305	0.206074
3318	0.134427
3340	-0.620728
3352	0.188789
3355	-0.248973
3356	-0.470940
3365	0.132352
3366	-0.446405
3367	-0.094729
3368	0.470017
3401	0.110100
3405	-0.722946
3434	-0.088486
3448	0.706761
3454	0.069961
3481	0.031834
3495	-0.539274
3504	0.156289
3532	0.188860
3540	0.373750
3549	0.428987
3550	0.052999
3569	0.013300
3595	-0.458686
3596	0.268286
3603	-0.525283
3621	-0.507714
3622	0.221699
3647	-0.079824
3649	-0.132659
3651	-0.237120
3652	0.241217
3723	-0.186852
3757	0.036629
3772	0.430643
3787	0.053051
3798	0.163241
3799	0.576286
3889	0.047281
3897	0.574651
3898	0.664939
3904	-0.429151
3945	-0.008662
3990	-0.085487
4024	0.365386
4039	0.039722
4048	0.231725
4050	0.184080
4076	-0.122379
4094	0.546560
4170	0.082864
4251	0.328499
4252	0.018478
4299	-0.281412
4302	0.004213
4318	0.270085
4319	0.351173
4320	0.669600
4360	0.301994
4388	0.611042
4414	-0.026173
4426	0.064414
4446	-0.280454
4527	0.070271
4545	-0.077761
4546	0.492947
4554	0.205167
4564	-0.002084
4567	-0.166574
4634	-0.521759
4693	-0.454284
4736	0.108630
4761	1.126162
4879	-0.782515
5071	0.120491
5138	0.372570
5164	0.303734
5182	0.199734
5183	0.269152
5184	-0.461315
5187	-0.264577
5188	0.006614
5189	0.047678
5193	-0.185155
5194	0.115542
5195	-0.084334
5197	-0.113845
5203	-0.148523
5205	-0.616444
5212	0.519781
5213	0.449556
5222	0.209293
5223	0.313417
5228	-0.433771
5232	-0.305377
5244	0.028850
5245	-0.294402
5246	-0.948050
5248	-0.128840
5292	-0.237186
5293	-0.262446
5299	0.736239
5300	0.657660
5315	-0.407456
5316	-0.050144
5319	-0.022339
5320	-0.098001
5321	-0.456588
5322	-0.053718
5323	-0.241763
5324	-0.264870
5325	-0.005644
5329	0.359889
5342	-0.146772
5343	0.296584
5374	-0.946098
5376	-0.121399
5378	-0.143940
5379	-0.393615
5382	-0.600149
5390	0.398637
5398	0.070989
5402	-0.498188
5404	0.368919
5407	-0.228379
5408	0.140375
5409	-0.118780
5411	-0.218944
5412	-0.413158
5413	-0.144896
5416	-0.367056
5418	0.089097
5422	-0.316644
5425	0.433306
5427	-0.416553
5428	0.096157
5432	-0.153984
5436	0.250916
5443	0.887141
5444	0.292618
5458	0.161182
5462	0.132551
5465	0.104140
5468	-0.047880
5471	-0.210463
5480	0.212980
5481	0.370152
5485	-0.050107
5486	-0.464354
5488	0.133911
5489	0.099204
5495	-0.150551
5513	-0.450695
5515	0.252496
5516	0.085301
5521	-0.391037
5527	-0.197044
5528	0.352835
5536	-0.324477
5537	-0.138328
5547	0.208861
5565	-0.347569
5573	-0.114266
5579	0.564844
5583	-0.081567
5586	-0.056633
5589	-0.223818
5590	0.266520
5593	-0.461410
5599	0.739024
5604	-0.750505
5605	0.115005
5606	0.099614
5625	-0.913818
5649	-0.428718
5656	0.455272
5657	-0.745628
5658	0.203480
5686	0.560572
5695	-0.220491
5705	-0.257623
5706	-0.175093
5716	0.001291
5717	0.434554
5718	0.123207
5719	1.289878
5720	0.296311
5724	-0.587905
5738	-0.915221
5742	-0.698983
5750	0.684563
5751	0.567037
5756	-0.189699
5761	0.016910
5768	0.048289
5773	-0.423176
5792	0.154269
5793	0.152966
5794	0.043043
5806	-0.457295
5811	0.434064
5812	0.529604
5813	-0.028575
5814	-0.163384
5821	-0.626672
5823	-0.098301
5825	0.102276
5831	-0.462168
5832	-0.148449
5833	-0.268468
5847	-0.075262
5849	0.171272
5851	0.101849
5854	1.589478
5858	0.285147
5862	0.133164
5875	-0.074061
5876	0.462297
5903	-0.603408
5910	-0.138366
5912	0.024989
5913	-0.165390
5925	-0.201455
5926	0.069829
5927	0.220558
5928	0.023189
5930	0.237014
5931	-0.243488
5933	1.031996
5934	-0.008769
5937	0.878794
5939	0.262937
5940	-0.175228
5941	0.631749
5943	0.844986
5963	0.001625
5964	-0.058473
5965	0.008128
5966	-0.355381
5968	0.287720
5969	-0.605330
5970	-0.196420
5971	-0.243847
5975	-0.532288
6006	1.178778
6011	0.079775
6017	-0.148212
6019	-0.192877
6022	-0.344336
6032	1.606160
6095	-0.232619
6115	0.773601
6116	-0.036538
6119	-0.271498
6127	-0.329159
6128	0.045838
6130	-0.596340
6140	0.025627
6141	0.212015
6147	-0.145796
6148	-0.062963
6163	0.683136
6164	0.927581
6170	-0.857167
6171	-0.412449
6177	-0.337989
6184	-0.160641
6200	0.218939
6204	0.301640
6206	0.280378
6223	-0.014864
6240	0.148556
6245	-0.243388
6253	-1.107162
6267	-0.541791
6269	-0.237468
6290	-1.067189
6303	-0.365865
6317	-0.079090
6343	-0.064066
6350	-0.237565
6360	0.724952
6367	-0.665244
6383	0.070462
6389	0.600244
6397	-0.060637
6398	-0.066707
6406	0.497909
6407	0.248712
6412	0.475287
6413	0.683130
6434	0.039642
6435	0.132045
6460	-0.189239
6463	-0.248089
6464	0.069184
6489	-0.077881
6507	0.414609
6510	0.053155
6516	-0.593680
6518	0.051006
6522	-0.426177
6523	-0.636177
6524	-0.521493
6525	-0.751712
6531	1.805638
6536	-0.194424
6575	0.284861
6584	-0.277014
6585	-0.144663
6586	0.082119
6594	-0.373586
6595	-0.004663
6610	0.086770
6612	0.257190
6615	0.205765
6624	0.360060
6628	-0.250944
6649	-0.082104
6698	0.122692
6706	0.058748
6718	-0.248724
6719	-0.252398
6722	0.184157
6770	1.206053
6780	-0.304082
6781	0.082914
6794	0.271280
6795	-0.310552
6796	-0.239982
6799	0.201288
6809	-0.172263
6837	0.387195
6838	0.207585
6839	-0.308914
6846	0.073971
6865	-0.143602
6869	0.059729
6870	0.541185
6871	0.373851
6873	0.096749
6876	0.346355
6885	-0.438393
6895	-0.110659
6896	0.092973
6897	-0.306798
6900	-0.367450
6903	0.133043
6906	-0.496910
6916	-0.493147
6917	-0.064549
6918	-0.235944
6919	0.185763
6938	-0.617628
6941	-0.016057
6942	0.000781
6943	-0.188509
6944	0.198519
6948	-0.515051
6953	-0.445800
6957	-0.857442
6958	-0.464937
6970	-0.035161
6971	-0.202879
6976	2.116554
6977	1.795965
6990	-0.201343
7014	0.095700
7015	0.353571
7016	0.418370
7018	0.134505
7019	-0.008927
7042	0.563482
7053	2.214220
7066	0.179591
7067	-0.509172
7083	-0.366479
7092	0.563060
7100	-0.291996
7103	-0.451275
7110	-0.369043
7111	-0.236193
7112	0.327405
7113	0.255047
7116	-0.322294
7119	0.140413
7120	-0.285279
7121	-0.121090
7122	-0.060218
7140	0.013334
7143	-0.574418
7157	-0.115624
7165	-0.686235
7175	-0.171741
7178	0.109957
7206	0.108126
7207	-0.268643
7217	0.212911
7218	0.092852
7221	0.321930
7227	-0.179144
7230	0.417572
7236	-1.039336
7239	0.064042
7242	-0.436815
7260	0.345760
7268	0.101974
7269	0.108897
7304	-0.060072
7326	-0.546375
7327	-0.054972
7336	-0.610491
7342	-0.210982
7346	-0.170095
7348	1.061471
7355	-0.453839
7361	0.127432
7372	-0.149873
7387	0.157389
7422	0.392146
7423	0.231797
7425	-0.033290
7436	-0.221673
7442	0.133577
7446	1.505463
7448	-0.011661
7453	0.419271
7463	0.392516
7492	0.106285
7493	0.048136
7494	0.323989
7495	0.300509
7518	-0.207533
7520	0.130415
7540	-0.389934
7546	0.322546
7556	0.030531
7559	0.175249
7560	-0.114100
7561	-0.405547
7564	-0.269349
7575	-0.149884
7583	0.228599
7585	-0.264329
7586	0.252892
7599	-0.062210
7600	-0.285763
7606	0.102819
7614	-0.275091
7617	-0.020026
7622	-0.209264
7629	-0.285194
7637	-0.431227
7640	-0.271421
7657	0.260801
7665	0.353294
7666	-0.153662
7667	-0.307998
7668	0.182376
7669	-0.049930
7670	-0.220955
7671	0.003023
7681	0.558565
7683	-1.038876
7684	-0.367465
7696	-0.724178
7722	-0.025171
7723	0.041568
7799	-0.193283
7852	-0.082977
7859	0.335229
7860	0.247561
7861	-0.054332
7865	0.420819
7875	-0.150126
7876	-0.577609
7895	-0.138434
7913	0.434389
7917	-0.738653
7952	-0.168349
7969	-1.082105
7971	0.746124
8000	-0.085470
8002	0.326794
8006	-0.204793
8036	0.222444
8056	0.782870
8069	-0.188938
8103	0.179448
8107	-0.023984
8120	-0.363034
8122	0.258518
8125	0.036493
8127	0.122965
8136	0.211341
8149	0.238554
8154	-0.071425
8197	1.845637
8208	2.025237
8223	-0.857493
8232	-0.061873
8241	0.138241
8256	-0.173794
8262	-0.001312
8266	-0.187762
8267	-0.397928
8268	-0.013113
8269	0.261482
8271	-0.084231
8273	0.202332
8280	0.166045
8284	-0.138058
8303	-0.109557
8304	-0.130319
8305	-0.189602
8308	0.136903
8332	0.050387
8333	0.432559
8334	0.188589
8338	0.021837
8363	-0.221642
8370	-0.392534
8398	0.017150
8465	0.655397
8468	-0.540857
8469	0.200103
8470	0.340773
8507	-0.017750
8552	-0.056991
8572	-0.161840
8574	0.188127
8577	-0.344507
8586	0.235400
8592	0.423246
8593	0.565719
8594	0.119612
8597	-0.038342
8599	0.234658
8606	0.226355
8607	-0.336484
8615	-0.410528
8617	-0.481882
8626	0.233707
8636	0.011932
8669	0.461344
8671	-0.626670
8673	0.165870
8675	-0.177690
8790	-0.411253
8791	-0.114391
8811	-0.302829
8822	-0.413223
8841	-0.413965
8849	-0.233333
8856	0.045681
8875	-0.004719
8884	-0.201149
8906	-0.194154
8907	-0.110017
8910	-0.209702
8911	-0.156673
8912	-0.159235
8913	-0.244594
8934	0.470183
8935	-0.118376
8954	-0.258763
8968	0.152007
8972	-0.201073
9001	0.131895
9029	-0.252172
9032	0.083756
9058	-0.433009
9059	-0.168309
9068	-0.392406
9070	-0.116237
9108	-0.334027
9139	0.676638
9140	0.856809
9158	0.287676
9187	0.131046
9188	-0.109957
9189	0.290946
9190	-0.037631
9253	0.155099
9259	0.450837
9268	0.302752
9269	0.335984
9271	0.119244
9312	0.423828
9323	-0.034691
9329	0.014415
9330	0.342592
9331	0.412089
9356	-0.016477
9376	-0.193379
9394	-0.053846
9424	0.448187
9428	-0.277858
9429	-0.019679
9496	0.198678
9536	0.146159
9543	-0.387965
9589	-0.024475
9614	0.717992
9615	-0.076738
9617	-0.067941
9631	-1.105243
9661	-0.372388
9668	-0.201594
9718	0.762211
9728	-0.124009
9734	-0.045255
9788	-0.608213
9791	-0.544690
9793	-0.214475
9804	0.236241
9809	-0.213135
9810	0.014662
9823	0.337243
9828	-0.072865
9907	0.215575
9951	-0.032685
9968	0.195747
9969	0.092040
10010	-0.283962
10011	-0.281126
10012	-0.183913
10018	0.246249
10021	-0.262328
10022	-0.640410
10031	-0.212458
10032	-0.155150
10033	0.139186
10034	0.198920
10035	0.027360
10039	0.372323
10044	0.144514
10045	0.105954
10060	0.654285
10065	-0.355011
10077	0.395557
10080	-0.254193
10130	-0.337558
10131	-0.070299
10149	0.000066
10194	-0.312119
10197	0.943907
10221	-0.358333
10226	0.399232
10232	0.169808
10233	0.505670
10263	-0.104357
10264	-0.291746
10274	0.017994
10286	-0.270004
10292	-0.996237
10299	-0.847077
10302	-0.229824
10324	-0.042806
10355	-0.145378
10358	-0.222807
10362	0.075300
10366	0.518473
10368	-0.158042
10370	-0.206303
10392	-0.335315
10405	0.305010
10406	0.106869
10409	-0.164654
10419	0.057859
10420	0.031681
10424	0.121943
10434	-0.006954
10455	0.064315
10478	-0.335923
10480	0.050965
10484	0.234345
10510	0.234664
10519	-0.247114
10520	0.141599
10524	0.482727
10578	0.645068
10630	-0.209555
10643	-0.461945
10645	0.230120
10677	-0.052074
10678	-0.663697
10690	0.003117
10717	-0.293122
10718	0.188839
10719	-0.116503
10721	-0.064784
10723	-0.185187
10735	0.035219
10736	0.126352
10829	0.273554
10837	0.116434
10846	-0.059927
10921	-0.084082
10922	-0.344398
10923	-0.120411
10924	0.028193
10964	1.023769
10978	0.172928
11017	-0.125270
11018	0.183612
11019	0.734091
11032	-0.008642
11034	0.406552
11035	0.244245
11036	0.166422
11052	0.367195
11056	-0.444141
11060	-0.387082
11063	-0.237988
11064	-0.212521
11068	0.029840
11069	-0.196605
11090	-0.254038
11098	-0.040818
11099	-0.107180
11100	0.164718
11105	0.195421
11109	0.260587
11122	0.246823
11123	0.613749
11125	1.050766
11126	-0.350276
11149	0.221975
11153	-0.065453
11188	-0.780725
11193	-0.080761
11230	0.011699
11233	-0.307609
11236	-0.016199
11243	-1.182046
11251	0.080626
11259	1.047204
11263	0.575085
11272	0.666547
11321	-0.656868
11322	-0.257577
11326	-0.015058
11327	0.400693
11335	0.354907
11337	-0.087727
11343	-0.123511
11390	-0.242515
11444	0.227413
11464	0.158929
11471	0.522424
11472	0.009924
11473	0.540857
11492	0.497983
11499	-0.138635
11500	0.292059
11505	-0.132799
11527	0.006358
11528	0.152371
11532	0.082941
11564	0.393755
11589	-0.217066
11591	-0.119974
11592	0.199997
11599	0.007584
11605	-0.517883
11617	-0.144266
11630	0.420055
11631	0.460339
11632	-0.084539
11656	-0.509735
11657	0.154373
11777	1.958799
11786	-0.269648
11812	-0.192367
12020	-0.344000
12061	-0.417153
12115	-0.642420
12154	-0.247934
12155	-0.730012
12156	-0.470084
12159	-0.158338
12174	0.203447
12176	0.799853
12230	-0.235987
12234	-0.114773
12236	-0.160505
12237	-0.026653
12250	0.211724
12252	-0.040870
12253	-0.087897
12315	-0.206227
12381	0.978085
12382	0.406953
12438	-0.315566
12455	-0.409867
12462	0.176781
12478	0.286815
12603	0.730266
12711	1.125527
12714	0.557177
12716	0.126968
12754	0.393545
12785	1.080636
12788	0.631463
12792	0.608198
12898	-0.455325
12944	0.050301
12949	0.106563
13062	-1.237648
13099	-0.531037
13160	0.534346
13198	0.013546
13239	0.529565
13249	0.878972
13262	-0.607693
13263	-0.361396
13272	-0.047019
13273	0.068534
13277	0.196991
13305	0.869600
13342	-0.316583
13343	-0.969253
13345	-0.007603
13351	-0.710604
13357	-0.516907
13427	-1.287397
13436	0.023234
13455	-0.036280
13528	-0.044932
13532	-0.270376
13553	-0.331013
13566	0.892845
13651	-0.183873
13653	0.545497
13675	-0.266462
13676	-0.090373
13677	0.501241
13678	-0.051848
13681	0.213910
13688	-0.239630
13697	-0.769777
13705	-1.349806
13708	0.228490
13737	0.089215
13760	0.313484
13923	-0.041014
13927	-0.003979
13995	-0.766072
14002	0.036889
14003	-0.164640
14021	-0.303542
14034	-0.799746
14064	-0.774011
14110	-0.808431
14155	-0.260295
14203	0.551473
14208	0.028415
14340	0.206708
14356	0.072470
14389	-0.347942
14499	0.286309
14625	-0.174487
14632	0.453849
14637	-0.786785
14641	-0.218822
14685	-0.992706
14694	0.067159
14695	0.419791
14699	-0.931955
14700	-0.172597
14749	-0.865345
14760	-0.048308
14790	0.302492
14791	0.157165
14796	-0.038741
14797	-0.023965
14891	0.504938
14927	0.071506
15099	-0.441027
15182	-1.212339
15243	-0.046326
15245	0.155880
15254	0.119754
15322	-0.112452
15327	-0.253709
15463	-0.104219
15496	0.270480
15499	0.200458
15502	0.491367
15514	-0.021241
15566	0.513062
15580	-0.818744
15583	-0.454817
15586	0.130631
15601	0.541354
15621	-0.481242
15780	0.157494
15869	0.206167
16082	-0.318508
16281	-0.059013
16293	2.498252
16300	0.423695
16304	0.145822
16360	0.256692
16361	0.056106
16367	-0.543960
16432	0.683931
16433	0.604899
16438	0.230554
16446	0.095415
16453	0.451466
16463	0.695409
16466	-0.042863
16477	-0.284835
16482	0.184071
16605	-0.423055
16606	-0.791101
16635	-0.742737
16638	-0.283784
16655	-0.382781
16673	0.053329
16676	0.130301
16677	-0.371549
16678	-0.319382
16808	-0.350328
16829	-0.054713
17150	-0.021654
17182	0.508351
17199	-0.023176
17273	0.411974
17431	0.454451
17466	-1.217111
17472	-0.012303
17485	-0.422270
17585	-0.138543
17620	1.999515
17647	-0.687008
17690	-0.228638
17772	-0.675785
18410	-0.071217
19647	-0.546586
21458	-0.513151
21885	-0.262210
21973	0.135479
21976	0.064788
21977	0.220932
22084	0.694311
23475	0.158889
23754	0.578701
23764	0.127184
24372	-0.519736
24918	0.156839
24944	-0.346898
25022	0.316830
25140	-0.239585
26484	0.785621
27764	0.291370
28424	-0.574409
28845	-0.359567
29861	2.255368
30684	-0.113794
31288	-0.735866
31704	0.150695
32421	0.255147
32520	-1.029433
32893	0.234273
34340	0.071951
35227	0.720774
35334	1.026077
36499	0.484905
36843	0.527644
36844	0.529168
36955	-0.000749
36970	0.233672
39336	0.967432
39353	0.905094
40538	0.205195
40541	0.673856
40542	0.897372
40599	0.849284
40601	0.250602
40602	0.184279
40656	-0.277314
40657	-0.189940
42157	0.835848
42203	0.350012
42204	0.579555
42851	0.721022
43061	0.159801
44144	-0.464727
45195	-0.997036
47030	0.259583
47285	0.047883
47317	-0.769062
47457	-0.554257
47460	0.529368
48147	0.323189
48297	-0.004386
48474	-0.369755
48696	0.115407
49516	0.523657
49630	-0.132218
49927	-0.203834
50199	0.273211
50249	-0.236867
50259	-0.173861
50904	-0.109355
53231	0.376621
53471	1.221775
53531	0.042401
53986	0.335957
55057	0.141794
56431	-0.308902
56432	-0.288303
56466	-0.841499
56478	-0.998158
56621	0.271639
57644	0.404499
57756	-0.051524
58783	-0.509449
59657	0.496853
59715	1.042655
64825	0.099981
64947	0.397712
65950	-0.594611
70102	-0.307886
75003	-0.247642
75099	-0.436813
75742	-0.977582
75823	0.554234
75824	0.201199
78157	0.388556
78181	0.273043
78191	-0.548104
80479	0.533415
80480	0.025171
80715	0.545930
80719	0.201367
80750	-0.280245
81231	0.280231
84436	-0.228311
84780	0.358924
84844	0.377829
85002	-0.363580
85003	-0.392285
85659	0.191869
85663	-0.017343
85710	-0.040903
92185	0.050632
96142	-1.111828
96144	-0.643900
96482	0.326948
98871	0.284196
