# 1342 minima projected onto PC131
Min	PC
3	0.001254
4	0.004040
5	0.001817
6	-0.000125
7	0.006893
9	-0.002726
16	0.008103
17	0.006426
21	-0.001728
23	-0.000929
31	-0.000307
44	0.000520
47	-0.002169
48	0.003516
51	0.002986
52	0.007052
55	-0.016629
56	-0.009722
57	-0.000032
58	0.004493
60	-0.005197
67	-0.000546
68	0.000037
71	-0.001338
72	-0.000558
74	0.000084
79	-0.012035
82	-0.000018
85	-0.001473
86	0.000817
87	0.003558
88	-0.006185
91	-0.004287
92	-0.002887
94	0.002349
95	-0.005562
97	0.001789
104	-0.000168
106	0.005895
109	-0.005891
111	-0.009817
115	-0.020645
120	0.001148
126	-0.012793
129	-0.002374
136	-0.007704
137	-0.003767
188	-0.001995
189	-0.004785
196	0.012115
199	-0.002576
200	-0.001003
202	0.003031
211	-0.001216
213	-0.002062
214	0.000299
219	-0.000868
221	-0.002291
276	0.002396
279	-0.000861
283	0.023735
295	0.005697
308	0.001188
312	-0.002182
315	-0.011560
318	0.007607
319	0.001012
321	-0.006177
324	0.001619
328	0.001680
334	0.002142
336	-0.003555
338	0.006304
347	-0.001624
351	0.020720
352	0.000399
354	0.001289
357	0.006696
359	-0.004095
362	-0.003116
364	0.002017
365	0.000743
368	-0.003265
376	-0.000261
377	0.003193
380	-0.000429
386	0.000576
388	-0.001527
390	-0.001559
396	0.001746
404	0.002372
410	0.002589
413	-0.002390
420	-0.000908
423	0.006312
424	0.000953
437	0.000520
438	-0.010183
444	-0.011443
452	-0.001092
473	-0.003182
474	-0.004738
475	0.000512
476	-0.000614
478	-0.004171
479	0.027573
480	0.003528
483	0.020466
503	-0.008613
508	0.001558
509	-0.001545
530	-0.002590
536	0.006331
556	0.009224
581	0.004768
583	0.001196
603	0.001956
606	-0.002420
607	0.000349
620	0.005657
628	-0.001016
636	0.000517
637	0.003596
639	-0.004625
640	-0.001818
644	0.001752
645	0.001181
677	-0.002610
678	-0.005790
679	0.005559
682	0.002459
698	-0.003607
700	-0.002091
710	0.000386
722	0.005596
723	-0.000001
724	-0.002909
725	-0.005951
726	-0.008013
747	0.004208
753	0.007174
755	0.005408
757	-0.001745
765	0.000024
782	-0.001727
783	-0.003244
793	-0.002814
808	0.003419
814	0.033813
840	0.001931
848	-0.006741
859	0.001797
864	-0.001919
867	-0.003921
878	0.000254
888	-0.000312
890	-0.004837
892	0.000549
899	-0.003470
918	0.010597
926	0.002589
933	0.002212
934	0.000812
981	-0.000497
1028	-0.000825
1034	-0.005562
1051	0.002936
1054	-0.002021
1058	-0.009789
1062	0.001431
1063	-0.002131
1064	-0.001370
1066	0.000705
1068	-0.000462
1073	0.001519
1082	0.000808
1083	0.003705
1086	0.000752
1089	-0.001881
1090	-0.003579
1091	0.007636
1092	0.006274
1164	0.014027
1165	0.000524
1174	0.020070
1176	0.000501
1184	-0.008621
1191	-0.003121
1192	-0.002810
1201	-0.023356
1230	-0.001062
1339	0.000435
1341	0.000516
1370	-0.002895
1385	0.001554
1405	0.003378
1437	-0.003591
1441	-0.004354
1443	-0.002519
1521	-0.004062
1522	0.000099
1523	-0.000447
1524	0.003255
1525	-0.000346
1541	0.000256
1542	-0.001986
1550	0.002730
1551	0.009012
1596	-0.008116
1597	-0.001412
1628	-0.005616
1629	0.003127
1633	-0.000356
1636	0.003499
1637	-0.007339
1765	0.002098
1766	-0.001898
1780	0.001149
1862	-0.001171
1865	-0.000198
1870	0.000049
1885	0.004326
1910	-0.000399
1911	-0.005774
2007	0.007803
2060	-0.002061
2062	-0.022064
2090	-0.013140
2093	-0.005780
2094	-0.002458
2095	0.002535
2096	0.002964
2100	-0.001452
2101	0.000896
2102	0.000699
2103	0.003796
2104	0.003839
2105	0.000952
2128	-0.000888
2129	0.002462
2135	0.004312
2190	0.002339
2195	-0.000908
2197	-0.002403
2198	0.003765
2199	0.000855
2200	0.000001
2201	0.001896
2202	0.006115
2205	-0.002262
2217	-0.001178
2218	-0.022514
2221	-0.017972
2272	-0.001995
2273	-0.003638
2275	0.002085
2288	-0.002380
2293	-0.002609
2298	-0.002131
2299	0.000111
2300	0.000478
2301	-0.001767
2338	-0.004879
2342	0.005156
2343	0.003860
2358	0.005948
2384	0.001101
2385	-0.001209
2399	-0.006199
2435	-0.005044
2436	0.002551
2465	0.018990
2467	-0.001572
2468	-0.002498
2469	-0.000414
2470	-0.004177
2471	-0.006776
2474	0.000171
2620	0.004103
2650	-0.002036
2651	0.004767
2685	0.000026
2688	0.003487
2730	0.000515
2843	-0.001094
2951	0.005760
2959	0.003089
3236	-0.000527
3305	0.001556
3318	-0.001051
3340	0.000824
3352	0.000427
3355	-0.021631
3356	-0.003140
3365	-0.002366
3366	-0.000577
3367	-0.000845
3368	-0.004238
3401	-0.007128
3405	0.002440
3434	-0.000157
3448	-0.004469
3454	-0.000168
3481	0.003252
3495	0.001314
3504	0.001054
3532	0.000315
3540	0.001601
3549	0.003755
3550	0.000659
3569	0.005442
3595	-0.002854
3596	0.003839
3603	0.003066
3621	0.003799
3622	-0.011161
3647	-0.003020
3649	-0.004017
3651	0.005992
3652	-0.006107
3723	0.001384
3757	-0.001985
3772	-0.004748
3787	-0.012553
3798	-0.007257
3799	-0.008463
3889	0.006793
3897	-0.002254
3898	-0.005625
3904	-0.000586
3945	-0.005700
3990	-0.000410
4024	0.004877
4039	-0.004190
4048	-0.002421
4050	-0.000970
4076	-0.004356
4094	0.001274
4170	0.000793
4251	-0.011090
4252	-0.009883
4299	-0.004717
4302	-0.002472
4318	-0.006058
4319	0.001118
4320	-0.001384
4360	0.000840
4388	0.005412
4414	0.002048
4426	-0.003926
4446	-0.002309
4527	0.010257
4545	0.005250
4546	0.005293
4554	0.005156
4564	0.001663
4567	0.001288
4634	-0.003408
4693	-0.002722
4736	-0.007436
4761	0.002728
4879	-0.002924
5071	-0.004127
5138	-0.008418
5164	0.004357
5182	-0.000958
5183	0.002885
5184	-0.003154
5187	0.000969
5188	0.003336
5189	0.001844
5193	-0.002967
5194	-0.000551
5195	-0.001229
5197	0.001616
5203	-0.003079
5205	0.000227
5212	0.008096
5213	0.010531
5222	0.006576
5223	0.001076
5228	-0.009068
5232	0.001361
5244	0.005517
5245	-0.008778
5246	-0.003739
5248	0.001807
5292	0.002110
5293	0.002197
5299	0.014431
5300	-0.008673
5315	-0.001079
5316	0.004453
5319	0.001617
5320	-0.000168
5321	-0.003464
5322	0.001464
5323	0.001332
5324	0.001013
5325	-0.000880
5329	-0.008410
5342	-0.000360
5343	-0.002426
5374	-0.001042
5376	0.002330
5378	-0.004181
5379	-0.001367
5382	0.009025
5390	-0.004009
5398	0.004512
5402	-0.003499
5404	-0.006099
5407	0.005185
5408	-0.002487
5409	0.002643
5411	-0.001815
5412	0.014363
5413	-0.004232
5416	-0.002218
5418	0.002489
5422	0.001204
5425	0.001420
5427	-0.002380
5428	0.001432
5432	0.003105
5436	0.001747
5443	-0.001726
5444	0.014077
5458	0.031525
5462	0.014330
5465	-0.003165
5468	-0.000058
5471	-0.000754
5480	0.003653
5481	-0.003166
5485	-0.005308
5486	-0.005863
5488	0.004886
5489	0.005950
5495	0.003665
5513	0.000486
5515	-0.002438
5516	-0.004380
5521	0.004727
5527	0.000126
5528	-0.011560
5536	0.000163
5537	0.001269
5547	-0.000573
5565	0.001507
5573	-0.004938
5579	-0.011532
5583	-0.002282
5586	-0.001439
5589	-0.003139
5590	0.007114
5593	0.002148
5599	0.010410
5604	0.005178
5605	0.004219
5606	0.007872
5625	0.001179
5649	-0.001473
5656	0.000604
5657	-0.004140
5658	0.001154
5686	-0.002621
5695	0.002456
5705	-0.003418
5706	-0.003014
5716	-0.000394
5717	-0.002327
5718	-0.000088
5719	-0.003358
5720	0.007546
5724	0.002509
5738	0.002003
5742	-0.004613
5750	-0.001634
5751	0.001518
5756	-0.001345
5761	0.000422
5768	-0.001883
5773	-0.007548
5792	-0.000557
5793	0.000428
5794	-0.001138
5806	0.006729
5811	-0.003510
5812	0.002963
5813	0.004433
5814	0.000078
5821	0.008879
5823	0.017411
5825	-0.000516
5831	-0.002338
5832	-0.004875
5833	0.002094
5847	0.001076
5849	0.004499
5851	0.004376
5854	-0.005993
5858	-0.008249
5862	0.005447
5875	-0.002213
5876	0.013802
5903	-0.004338
5910	-0.004660
5912	0.003250
5913	-0.020501
5925	-0.004967
5926	0.003466
5927	-0.004548
5928	-0.004663
5930	-0.000583
5931	-0.005002
5933	0.007017
5934	-0.004123
5937	-0.001598
5939	0.008182
5940	0.004276
5941	-0.005227
5943	-0.005509
5963	0.003152
5964	-0.002891
5965	-0.000788
5966	0.001002
5968	-0.006062
5969	0.001063
5970	0.000588
5971	-0.001978
5975	0.006964
6006	-0.003272
6011	-0.001302
6017	-0.002250
6019	-0.000409
6022	-0.003153
6032	0.009131
6095	0.001267
6115	0.009287
6116	0.000662
6119	-0.003226
6127	-0.001306
6128	-0.002933
6130	-0.002741
6140	0.005501
6141	-0.004570
6147	0.001951
6148	-0.001470
6163	-0.003631
6164	-0.006582
6170	-0.008553
6171	0.004543
6177	0.006374
6184	-0.003844
6200	-0.002359
6204	0.002110
6206	-0.004743
6223	0.000219
6240	-0.000787
6245	-0.002146
6253	0.010548
6267	0.007792
6269	-0.011650
6290	-0.002229
6303	-0.003669
6317	0.005537
6343	0.001071
6350	-0.001146
6360	-0.007084
6367	0.012314
6383	-0.003692
6389	-0.006156
6397	0.005214
6398	-0.001354
6406	-0.004081
6407	0.018924
6412	-0.001465
6413	-0.003413
6434	-0.002700
6435	-0.001894
6460	-0.001347
6463	-0.001873
6464	-0.002257
6489	-0.009627
6507	0.003409
6510	0.004403
6516	-0.003965
6518	0.004794
6522	0.006185
6523	0.008074
6524	0.004112
6525	0.003491
6531	0.002696
6536	0.002626
6575	0.002993
6584	-0.001368
6585	0.007561
6586	-0.000359
6594	-0.000460
6595	0.002468
6610	-0.003963
6612	-0.003926
6615	0.002180
6624	0.001771
6628	0.004463
6649	0.001181
6698	-0.001439
6706	-0.002005
6718	0.001629
6719	0.003882
6722	-0.001128
6770	-0.008876
6780	0.004051
6781	0.000841
6794	-0.004374
6795	0.013986
6796	-0.008782
6799	0.002914
6809	0.004069
6837	-0.003891
6838	0.007074
6839	0.000657
6846	0.002333
6865	0.002206
6869	0.002728
6870	-0.005795
6871	0.002450
6873	0.001109
6876	-0.000070
6885	0.005843
6895	-0.001678
6896	0.005198
6897	0.003573
6900	-0.001609
6903	-0.007769
6906	0.006600
6916	-0.004856
6917	-0.002312
6918	-0.005198
6919	0.008191
6938	-0.001945
6941	0.004086
6942	0.000952
6943	0.005540
6944	0.005375
6948	0.001519
6953	0.009760
6957	0.000598
6958	-0.001848
6970	-0.002206
6971	-0.002697
6976	-0.005653
6977	0.000141
6990	-0.008043
7014	-0.001030
7015	-0.001729
7016	-0.001234
7018	-0.000813
7019	-0.002439
7042	-0.000231
7053	-0.006677
7066	0.001883
7067	-0.003729
7083	-0.003478
7092	0.000749
7100	0.000811
7103	-0.001536
7110	0.001163
7111	-0.002365
7112	0.002645
7113	-0.003553
7116	-0.002342
7119	-0.007212
7120	-0.008337
7121	-0.005599
7122	0.002026
7140	0.000127
7143	0.012254
7157	0.004284
7165	-0.007971
7175	0.002365
7178	-0.000078
7206	0.006364
7207	-0.003148
7217	0.000697
7218	-0.006289
7221	-0.002888
7227	-0.003795
7230	0.001901
7236	-0.006818
7239	0.003635
7242	0.002709
7260	0.009739
7268	0.002964
7269	0.000613
7304	-0.004505
7326	-0.002833
7327	-0.014071
7336	0.010200
7342	0.000651
7346	-0.001918
7348	0.000718
7355	-0.007176
7361	-0.020386
7372	-0.000337
7387	0.003330
7422	-0.005318
7423	-0.003448
7425	-0.000900
7436	0.000473
7442	-0.006697
7446	-0.002760
7448	-0.001300
7453	-0.007673
7463	-0.000698
7492	-0.010773
7493	0.001458
7494	0.002215
7495	-0.003412
7518	-0.001913
7520	0.006717
7540	0.001862
7546	0.001696
7556	-0.000794
7559	0.002643
7560	0.002244
7561	-0.022064
7564	0.003366
7575	0.001011
7583	0.004208
7585	-0.001445
7586	0.001184
7599	0.001853
7600	-0.001064
7606	-0.002132
7614	0.004773
7617	-0.002599
7622	0.005777
7629	0.001375
7637	0.007751
7640	0.001152
7657	-0.000677
7665	0.004444
7666	0.001473
7667	-0.007178
7668	0.002055
7669	-0.001949
7670	0.001909
7671	-0.000419
7681	0.008339
7683	0.002240
7684	0.001409
7696	0.000996
7722	-0.001265
7723	0.000015
7799	0.015411
7852	-0.002174
7859	0.000261
7860	0.004501
7861	-0.001910
7865	0.003718
7875	-0.003437
7876	-0.000407
7895	0.000122
7913	0.005830
7917	0.000331
7952	-0.009820
7969	-0.002399
7971	0.002246
8000	-0.000684
8002	-0.001321
8006	-0.003594
8036	-0.006358
8056	0.006520
8069	0.020996
8103	-0.021500
8107	-0.001469
8120	-0.007393
8122	0.001295
8125	-0.004467
8127	-0.006426
8136	0.003076
8149	0.005897
8154	0.002955
8197	-0.007007
8208	-0.001266
8223	-0.011806
8232	-0.001327
8241	-0.001778
8256	0.003308
8262	0.002549
8266	0.004170
8267	0.002395
8268	-0.002456
8269	-0.003333
8271	0.005354
8273	-0.002925
8280	-0.000086
8284	-0.001611
8303	0.004328
8304	0.003344
8305	0.001045
8308	0.001797
8332	-0.002993
8333	-0.000368
8334	-0.009716
8338	-0.008142
8363	0.008298
8370	0.000955
8398	0.002181
8465	-0.005960
8468	0.002556
8469	0.002603
8470	0.002851
8507	-0.001870
8552	0.002450
8572	-0.004728
8574	-0.006098
8577	0.001761
8586	-0.002111
8592	0.000662
8593	-0.002749
8594	-0.002444
8597	0.000262
8599	0.001551
8606	-0.006458
8607	-0.002169
8615	0.009719
8617	0.011730
8626	-0.000109
8636	-0.000404
8669	-0.000563
8671	-0.005037
8673	-0.004236
8675	-0.000084
8790	-0.004027
8791	-0.006139
8811	-0.001465
8822	0.000989
8841	0.003407
8849	0.005436
8856	-0.000374
8875	-0.000728
8884	-0.001851
8906	-0.003198
8907	-0.004253
8910	-0.005640
8911	-0.015100
8912	0.002238
8913	-0.006037
8934	0.005028
8935	0.005296
8954	0.008420
8968	0.004252
8972	0.002044
9001	0.004478
9029	0.000609
9032	0.011962
9058	0.003571
9059	-0.004787
9068	-0.005625
9070	0.000140
9108	-0.003081
9139	0.002238
9140	-0.003034
9158	-0.007196
9187	-0.001016
9188	0.004975
9189	-0.001172
9190	0.007490
9253	-0.007840
9259	0.017511
9268	0.000179
9269	0.001548
9271	-0.006651
9312	-0.009127
9323	-0.010422
9329	-0.006638
9330	-0.005463
9331	-0.009451
9356	-0.009543
9376	-0.000516
9394	-0.002077
9424	0.018179
9428	-0.002461
9429	0.000220
9496	-0.004874
9536	-0.003456
9543	-0.005972
9589	0.006779
9614	0.003997
9615	0.004174
9617	-0.016814
9631	-0.000325
9661	0.004613
9668	0.006587
9718	0.000073
9728	-0.010103
9734	0.003409
9788	-0.001842
9791	-0.004344
9793	-0.001077
9804	-0.003337
9809	-0.003827
9810	-0.002791
9823	0.004062
9828	-0.000291
9907	-0.000675
9951	-0.010548
9968	-0.001714
9969	0.001624
10010	-0.005481
10011	0.000028
10012	-0.005610
10018	-0.000896
10021	0.000055
10022	-0.003236
10031	-0.004646
10032	0.002696
10033	-0.004564
10034	-0.004368
10035	-0.004553
10039	-0.003357
10044	-0.004702
10045	-0.001240
10060	0.027003
10065	0.003102
10077	0.003013
10080	-0.002386
10130	-0.006786
10131	-0.002730
10149	-0.004057
10194	-0.008060
10197	-0.009360
10221	-0.005181
10226	0.001722
10232	0.007989
10233	0.002440
10263	0.004297
10264	0.002782
10274	-0.004519
10286	0.039668
10292	0.000627
10299	0.009768
10302	0.005631
10324	0.006997
10355	0.001769
10358	0.003843
10362	0.001137
10366	0.001244
10368	0.008273
10370	-0.001629
10392	0.001663
10405	0.004878
10406	-0.000799
10409	-0.006401
10419	0.001486
10420	0.001323
10424	0.003225
10434	-0.003418
10455	-0.002449
10478	0.000504
10480	-0.008623
10484	-0.002495
10510	0.000145
10519	0.011118
10520	-0.001863
10524	-0.000423
10578	0.004505
10630	0.001259
10643	-0.000630
10645	-0.006491
10677	0.000102
10678	-0.000803
10690	-0.000468
10717	-0.000558
10718	0.002375
10719	0.007806
10721	-0.008440
10723	-0.007471
10735	-0.005469
10736	-0.000756
10829	-0.007782
10837	-0.010952
10846	-0.002502
10921	0.009298
10922	0.003375
10923	0.002053
10924	-0.000106
10964	-0.005028
10978	0.001417
11017	0.009565
11018	0.015415
11019	0.003506
11032	-0.000528
11034	-0.001470
11035	0.000077
11036	-0.000719
11052	0.003820
11056	0.006068
11060	0.001368
11063	0.000682
11064	-0.002527
11068	-0.001712
11069	-0.000750
11090	-0.000448
11098	0.001580
11099	-0.002879
11100	-0.002800
11105	0.013127
11109	0.000657
11122	0.002964
11123	-0.000126
11125	0.004591
11126	-0.000297
11149	0.002159
11153	0.009103
11188	0.001561
11193	-0.004789
11230	0.001300
11233	0.009580
11236	-0.012594
11243	-0.004891
11251	0.002886
11259	0.006087
11263	0.005271
11272	-0.003764
11321	0.006085
11322	-0.000229
11326	-0.005517
11327	0.000957
11335	0.000452
11337	0.007835
11343	-0.006597
11390	0.005399
11444	0.010345
11464	0.004589
11471	0.001581
11472	0.003336
11473	0.009930
11492	-0.008960
11499	-0.003794
11500	-0.001249
11505	0.008903
11527	-0.016092
11528	0.002176
11532	-0.000086
11564	0.005590
11589	0.008153
11591	0.009886
11592	-0.004738
11599	-0.002871
11605	-0.001851
11617	-0.003788
11630	-0.002927
11631	-0.003126
11632	0.001634
11656	-0.009553
11657	-0.004390
11777	0.002860
11786	-0.000386
11812	0.003133
12020	0.009170
12061	-0.003407
12115	0.007313
12154	0.003027
12155	0.003911
12156	-0.000022
12159	0.002053
12174	0.003460
12176	-0.002910
12230	0.002261
12234	0.002414
12236	0.002734
12237	0.000648
12250	0.006596
12252	-0.003799
12253	0.001555
12315	0.001683
12381	-0.001803
12382	-0.001914
12438	0.001143
12455	-0.005503
12462	-0.010790
12478	0.002432
12603	-0.005603
12711	0.004015
12714	0.005747
12716	0.009230
12754	0.002309
12785	0.035938
12788	-0.030564
12792	-0.030201
12898	-0.004088
12944	0.002584
12949	0.000706
13062	0.011237
13099	0.006858
13160	0.003710
13198	-0.010320
13239	0.000615
13249	0.000056
13262	-0.005883
13263	-0.001927
13272	-0.013154
13273	0.011057
13277	0.001762
13305	-0.002629
13342	0.003150
13343	-0.000945
13345	-0.012402
13351	0.000923
13357	-0.002401
13427	0.008886
13436	-0.010906
13455	0.001225
13528	-0.008292
13532	0.002726
13553	0.003386
13566	-0.007244
13651	0.005948
13653	-0.000755
13675	-0.006101
13676	0.003331
13677	-0.005148
13678	-0.005693
13681	-0.001561
13688	-0.002163
13697	0.007827
13705	0.010987
13708	0.002931
13737	-0.005804
13760	-0.000039
13923	-0.016606
13927	-0.017145
13995	0.010043
14002	-0.001134
14003	-0.006303
14021	0.004591
14034	-0.005582
14064	-0.009309
14110	-0.001202
14155	0.002082
14203	0.001398
14208	0.000080
14340	0.004905
14356	0.002838
14389	0.009664
14499	-0.002443
14625	-0.000611
14632	0.002484
14637	0.002470
14641	0.003021
14685	-0.000846
14694	-0.003218
14695	-0.002303
14699	0.005633
14700	-0.002432
14749	-0.005665
14760	-0.004276
14790	-0.002265
14791	-0.002171
14796	-0.001193
14797	0.002464
14891	-0.000428
14927	-0.004054
15099	-0.007910
15182	0.003830
15243	0.001367
15245	0.003808
15254	0.001821
15322	-0.000511
15327	-0.004948
15463	0.001890
15496	-0.009945
15499	-0.005997
15502	0.003531
15514	-0.002343
15566	0.002277
15580	-0.005770
15583	-0.005681
15586	0.002763
15601	0.003925
15621	0.000861
15780	-0.002438
15869	0.001117
16082	-0.006141
16281	0.009443
16293	0.003945
16300	0.014862
16304	0.001184
16360	0.003508
16361	0.000295
16367	0.008258
16432	0.000301
16433	0.000759
16438	0.001529
16446	0.013880
16453	0.018398
16463	0.009108
16466	-0.003389
16477	-0.006278
16482	-0.001937
16605	0.001678
16606	-0.000955
16635	0.000012
16638	-0.004399
16655	0.002562
16673	-0.003906
16676	0.002814
16677	0.001800
16678	-0.003281
16808	0.003098
16829	-0.008370
17150	0.002584
17182	-0.001291
17199	0.001890
17273	0.014860
17431	-0.000835
17466	-0.010159
17472	0.008694
17485	0.000387
17585	-0.000226
17620	0.006811
17647	0.005452
17690	-0.001172
17772	-0.005653
18410	-0.002647
19647	-0.001880
21458	0.023334
21885	-0.002751
21973	-0.001778
21976	0.003226
21977	-0.000391
22084	0.005161
23475	-0.000172
23754	-0.002168
23764	0.002792
24372	0.006806
24918	0.010065
24944	0.003698
25022	-0.002627
25140	-0.003889
26484	0.006249
27764	0.002289
28424	0.000680
28845	-0.010264
29861	-0.002296
30684	0.010378
31288	0.002502
31704	0.003650
32421	-0.001580
32520	-0.000765
32893	0.001891
34340	-0.003623
35227	-0.000286
35334	-0.002743
36499	0.000163
36843	0.003072
36844	0.001707
36955	-0.000121
36970	0.003182
39336	-0.010628
39353	-0.000062
40538	-0.004550
40541	-0.004670
40542	0.002130
40599	-0.002842
40601	-0.004015
40602	-0.004541
40656	-0.005636
40657	-0.001112
42157	0.008404
42203	-0.009323
42204	-0.003496
42851	-0.001295
43061	0.000197
44144	0.010846
45195	0.005240
47030	-0.000229
47285	-0.015106
47317	-0.003136
47457	0.009135
47460	0.005089
48147	0.005293
48297	0.003642
48474	0.006767
48696	0.002042
49516	-0.026199
49630	0.000674
49927	0.013927
50199	0.001963
50249	0.000518
50259	0.002168
50904	-0.006326
53231	-0.002573
53471	-0.001731
53531	0.005391
53986	-0.004438
55057	-0.001920
56431	0.001494
56432	0.001184
56466	-0.004533
56478	0.002057
56621	-0.002507
57644	-0.001014
57756	0.002811
58783	0.004479
59657	-0.003363
59715	-0.008602
64825	-0.005920
64947	0.004578
65950	0.005970
70102	0.003250
75003	-0.006937
75099	0.009885
75742	-0.003477
75823	0.005181
75824	-0.004384
78157	-0.002850
78181	0.017840
78191	0.012075
80479	0.004331
80480	-0.013456
80715	0.001173
80719	0.001326
80750	0.003067
81231	0.003770
84436	0.003022
84780	0.001671
84844	-0.001730
85002	0.011521
85003	0.005406
85659	0.002120
85663	-0.015541
85710	-0.009973
92185	-0.005287
96142	-0.003303
96144	0.002265
96482	0.009493
98871	0.002348
