# 1342 minima projected onto PC32
Min	PC
3	0.149722
4	0.244698
5	0.076186
6	-0.076616
7	-1.523048
9	-1.312170
16	0.161461
17	0.035565
21	0.168066
23	0.586363
31	-1.614654
44	0.257522
47	0.127911
48	0.420141
51	-0.008459
52	-0.053904
55	-0.187432
56	0.069745
57	-0.110101
58	-0.148805
60	-0.421969
67	-0.018409
68	0.257445
71	-0.340220
72	-0.148339
74	0.108719
79	0.051807
82	0.530961
85	-0.162314
86	0.077369
87	-0.051557
88	-1.720639
91	0.070005
92	-1.692602
94	0.011473
95	-0.435998
97	-0.028897
104	-0.207893
106	-0.091233
109	-1.348710
111	-0.835151
115	-0.849162
120	0.378882
126	0.087335
129	1.003391
136	0.152752
137	-0.086740
188	0.286321
189	0.267022
196	0.344126
199	0.145288
200	-0.124179
202	0.774290
211	-0.100098
213	0.518778
214	0.036702
219	-1.610384
221	-1.452060
276	-0.176609
279	-0.107603
283	1.272925
295	0.257389
308	0.242748
312	0.485169
315	-0.372125
318	-0.199907
319	0.010085
321	-0.171670
324	-0.048368
328	-0.051129
334	-0.295010
336	-0.635877
338	1.086904
347	0.403589
351	0.789657
352	0.383972
354	-0.193205
357	1.217867
359	-0.072511
362	0.432085
364	0.814684
365	0.735947
368	0.242990
376	0.152752
377	0.490783
380	0.185913
386	-0.039884
388	0.097720
390	0.220771
396	0.014385
404	-0.533077
410	0.288209
413	-0.294481
420	0.443737
423	-0.131729
424	0.463623
437	0.514929
438	-0.099361
444	-1.164608
452	-0.087176
473	0.280719
474	0.180611
475	0.086405
476	0.479134
478	0.282915
479	1.423890
480	0.051475
483	0.786650
503	-0.783628
508	0.148036
509	0.926627
530	-0.131830
536	0.138471
556	-0.032556
581	-0.396466
583	-0.273624
603	-0.287245
606	0.345645
607	0.452555
620	-1.142218
628	0.422077
636	-0.220515
637	-1.010953
639	-0.053757
640	0.227066
644	-0.166222
645	-0.054112
677	-0.080878
678	0.575555
679	0.069461
682	0.421260
698	0.175722
700	-0.474552
710	0.147934
722	-0.082546
723	-0.241779
724	-0.045073
725	-0.036202
726	-0.281512
747	-0.139843
753	0.622135
755	-0.127936
757	0.384219
765	-1.903252
782	0.174969
783	-1.499792
793	-0.403576
808	0.162625
814	-0.669123
840	0.352562
848	0.167117
859	-0.042261
864	0.290492
867	-1.622803
878	-0.021460
888	0.684410
890	1.108131
892	0.735435
899	0.035045
918	-0.184243
926	0.492812
933	0.364045
934	-0.020831
981	0.096900
1028	0.436034
1034	-0.194276
1051	0.331325
1054	0.804029
1058	1.040842
1062	0.577617
1063	0.424492
1064	0.661678
1066	0.302549
1068	-0.046434
1073	-0.057099
1082	-0.125487
1083	0.008217
1086	0.404209
1089	0.052755
1090	-0.273283
1091	-0.416638
1092	-0.022050
1164	-0.265089
1165	-0.198163
1174	0.950792
1176	0.079584
1184	0.008973
1191	0.132850
1192	-0.312089
1201	-0.883102
1230	-1.854842
1339	0.289283
1341	-0.220678
1370	0.354908
1385	0.220657
1405	-0.872300
1437	0.020786
1441	-1.899672
1443	0.811351
1521	0.056580
1522	0.107687
1523	-0.574510
1524	-0.191189
1525	0.084626
1541	-0.172636
1542	-0.104070
1550	-0.156826
1551	-0.769874
1596	0.278856
1597	0.242085
1628	-0.047104
1629	-0.087412
1633	-0.096909
1636	0.685482
1637	0.421484
1765	-0.172640
1766	-0.003719
1780	0.242493
1862	-0.317753
1865	-0.046141
1870	-0.111769
1885	-0.889111
1910	0.031864
1911	0.226125
2007	-1.795289
2060	0.056119
2062	-0.268643
2090	-0.388977
2093	-0.139527
2094	-0.010216
2095	-0.217795
2096	-0.287520
2100	-0.122899
2101	-1.288873
2102	-1.545598
2103	-1.777923
2104	-2.033147
2105	-0.118059
2128	-0.055701
2129	0.536977
2135	0.534810
2190	0.468695
2195	0.114926
2197	0.315612
2198	-0.063300
2199	-0.798455
2200	0.123782
2201	-0.802352
2202	0.230536
2205	0.112091
2217	-0.170718
2218	-0.396087
2221	0.073706
2272	-0.137406
2273	-0.100076
2275	-0.255143
2288	0.268412
2293	-0.171809
2298	0.229102
2299	0.088573
2300	0.337008
2301	0.108902
2338	0.129360
2342	-0.078945
2343	-0.562574
2358	-0.668823
2384	0.027086
2385	-0.235331
2399	0.454179
2435	-0.086720
2436	0.092950
2465	0.469876
2467	0.298639
2468	0.534533
2469	0.662245
2470	0.408549
2471	0.478119
2474	0.410081
2620	-0.498443
2650	0.193643
2651	0.402609
2685	-0.005679
2688	-0.591913
2730	-0.013256
2843	0.789488
2951	-1.535357
2959	0.183924
3236	-0.436054
3305	0.112537
3318	0.421906
3340	0.434577
3352	0.775418
3355	0.041789
3356	-0.625889
3365	-0.210704
3366	-0.250816
3367	-0.185605
3368	-0.089400
3401	-0.090394
3405	-0.868979
3434	-0.240339
3448	0.690858
3454	-0.163804
3481	0.257891
3495	-0.191063
3504	0.357863
3532	-0.181620
3540	0.239628
3549	0.480255
3550	0.517664
3569	-0.002380
3595	0.328859
3596	0.114998
3603	0.169797
3621	-0.112484
3622	0.472569
3647	0.192266
3649	-0.009781
3651	0.273767
3652	-0.137956
3723	0.350714
3757	-1.811181
3772	-0.298590
3787	0.222028
3798	-0.266243
3799	0.335949
3889	0.056138
3897	0.059362
3898	-0.056378
3904	0.018018
3945	-0.086177
3990	-0.216460
4024	-0.039587
4039	0.309205
4048	0.098032
4050	-0.246017
4076	0.039604
4094	-0.778174
4170	0.283144
4251	0.325368
4252	0.069049
4299	0.520290
4302	0.533931
4318	0.553649
4319	-0.280887
4320	-0.605113
4360	-0.410592
4388	0.160794
4414	0.119561
4426	0.032544
4446	0.411318
4527	0.180832
4545	0.157014
4546	0.044393
4554	0.006317
4564	0.274267
4567	0.474306
4634	-1.743503
4693	0.420383
4736	-1.865121
4761	-0.161917
4879	0.446744
5071	-0.032908
5138	0.006305
5164	0.041782
5182	0.206777
5183	0.089838
5184	0.494791
5187	0.500558
5188	0.226562
5189	-0.130089
5193	-0.289976
5194	-0.448610
5195	0.123821
5197	0.370865
5203	-0.139364
5205	0.981280
5212	-0.005775
5213	0.344683
5222	-0.158901
5223	-0.633669
5228	-0.131512
5232	0.273866
5244	0.807584
5245	-0.445589
5246	0.617274
5248	0.733318
5292	0.442367
5293	0.433471
5299	-0.721069
5300	-0.748999
5315	0.316714
5316	0.164003
5319	-0.211381
5320	-0.069213
5321	-0.085334
5322	-0.267193
5323	0.753400
5324	0.444810
5325	-0.017347
5329	-0.593686
5342	0.038787
5343	0.104496
5374	0.020581
5376	-0.822000
5378	-0.134968
5379	0.529158
5382	-1.931022
5390	0.036777
5398	0.176147
5402	0.686517
5404	0.288596
5407	0.210086
5408	0.193816
5409	-0.154265
5411	0.202455
5412	0.664128
5413	0.471739
5416	-0.275576
5418	-0.345852
5422	0.327113
5425	0.056145
5427	0.313242
5428	-0.014569
5432	0.063699
5436	-0.220196
5443	-0.630177
5444	-0.674717
5458	-0.198841
5462	0.174661
5465	0.061607
5468	0.066387
5471	0.250395
5480	0.046315
5481	-0.221560
5485	0.268281
5486	0.774164
5488	0.253816
5489	0.295855
5495	0.856000
5513	0.596650
5515	0.098380
5516	0.347412
5521	0.102600
5527	0.014058
5528	-0.021815
5536	0.156429
5537	0.118510
5547	0.584137
5565	0.417408
5573	-0.389049
5579	-0.450560
5583	0.513465
5586	0.184046
5589	-0.446706
5590	-0.251928
5593	-0.053435
5599	-0.888812
5604	-0.332758
5605	-0.026307
5606	0.004690
5625	1.255210
5649	0.113718
5656	-0.096982
5657	1.129087
5658	-0.428012
5686	0.248238
5695	-0.106682
5705	-0.022968
5706	0.389656
5716	0.292441
5717	0.317861
5718	-0.278365
5719	-0.713136
5720	-0.100408
5724	-0.475034
5738	-1.246551
5742	0.098826
5750	0.203852
5751	-0.140461
5756	0.335911
5761	0.386504
5768	0.755904
5773	0.833465
5792	0.535281
5793	-0.241389
5794	0.609838
5806	-0.193730
5811	0.081068
5812	0.527038
5813	0.425188
5814	-0.031364
5821	0.103763
5823	0.523867
5825	-0.417509
5831	0.684387
5832	0.461245
5833	0.673530
5847	0.739752
5849	-0.419500
5851	-0.080364
5854	0.790287
5858	-0.131732
5862	-0.136936
5875	0.428595
5876	-0.763106
5903	0.154209
5910	-0.263784
5912	-1.485493
5913	-1.559071
5925	-0.039427
5926	0.141510
5927	-0.202195
5928	-0.348210
5930	0.636929
5931	-0.370302
5933	-0.371132
5934	-0.094493
5937	0.469743
5939	-0.539383
5940	0.053240
5941	-0.358878
5943	-0.585143
5963	-0.007330
5964	-0.362131
5965	0.147574
5966	0.113760
5968	0.495263
5969	0.318000
5970	0.449857
5971	0.030242
5975	0.371679
6006	-0.759890
6011	0.412776
6017	0.132683
6019	0.398980
6022	0.214858
6032	0.113094
6095	0.200669
6115	-0.167738
6116	0.122269
6119	-0.056417
6127	-0.247706
6128	-0.788235
6130	-0.347361
6140	-0.461169
6141	0.199325
6147	1.458335
6148	1.382622
6163	0.237081
6164	0.900394
6170	0.342168
6171	-0.285000
6177	-0.259143
6184	-0.205065
6200	0.192208
6204	0.846251
6206	0.502761
6223	-0.441883
6240	0.145307
6245	-0.144994
6253	-0.783853
6267	0.732431
6269	-0.015626
6290	0.383272
6303	-0.006025
6317	0.379132
6343	-0.047849
6350	-0.248378
6360	-0.531709
6367	0.300946
6383	0.140770
6389	0.561905
6397	0.270014
6398	0.202205
6406	-0.401605
6407	0.285195
6412	-0.295714
6413	-0.602108
6434	-0.177059
6435	0.161807
6460	-0.192200
6463	0.143685
6464	0.226196
6489	0.254543
6507	-0.105898
6510	0.601680
6516	0.373666
6518	-0.000515
6522	-0.687776
6523	-0.843761
6524	0.028567
6525	0.355004
6531	-0.531571
6536	0.121156
6575	0.040826
6584	0.254385
6585	-0.295316
6586	-0.768247
6594	0.032583
6595	-0.037085
6610	0.437658
6612	0.374273
6615	-0.314084
6624	-0.363877
6628	-0.009373
6649	0.098762
6698	-0.652152
6706	0.284859
6718	0.566264
6719	0.534083
6722	0.140060
6770	-1.347177
6780	0.375830
6781	0.059106
6794	0.867982
6795	-0.901640
6796	0.224573
6799	-0.510978
6809	0.243094
6837	-0.479098
6838	-0.107725
6839	0.098846
6846	0.008395
6865	-0.250028
6869	-0.290871
6870	-0.469906
6871	-0.307799
6873	-0.156767
6876	-0.149229
6885	-0.055564
6895	-0.350278
6896	-0.602706
6897	-0.125679
6900	-0.021374
6903	-0.128493
6906	0.479154
6916	-0.365286
6917	-0.555077
6918	-0.062726
6919	-0.329290
6938	0.135487
6941	0.044965
6942	0.304747
6943	1.078466
6944	0.691529
6948	0.499605
6953	0.901768
6957	0.175534
6958	0.598733
6970	0.158331
6971	0.199963
6976	0.316391
6977	0.921439
6990	0.348523
7014	-0.377668
7015	-0.293537
7016	0.096722
7018	0.545502
7019	0.717442
7042	0.207795
7053	-0.037850
7066	-0.320279
7067	0.667811
7083	-0.173391
7092	-0.717022
7100	0.487385
7103	0.437859
7110	-0.155090
7111	1.122066
7112	0.583560
7113	-0.159567
7116	0.213663
7119	0.138155
7120	0.373182
7121	-0.343129
7122	0.379436
7140	-0.125762
7143	0.302252
7157	-0.186354
7165	0.745081
7175	0.427321
7178	0.781967
7206	0.314689
7207	-0.488874
7217	0.268893
7218	0.067937
7221	-0.504877
7227	0.113218
7230	-0.054608
7236	0.810419
7239	0.191913
7242	0.218240
7260	-0.073929
7268	-0.161430
7269	0.578591
7304	0.242199
7326	0.283350
7327	0.399011
7336	-0.890047
7342	-0.038795
7346	0.031970
7348	-0.957811
7355	1.301411
7361	0.076265
7372	0.516006
7387	0.516183
7422	0.659736
7423	-0.223818
7425	-0.038475
7436	0.392656
7442	0.604058
7446	-0.885315
7448	-0.899402
7453	-0.194896
7463	0.537773
7492	0.961383
7493	-0.104409
7494	-0.178683
7495	-0.266780
7518	-0.125281
7520	0.024246
7540	0.031640
7546	0.160803
7556	0.059860
7559	-0.151978
7560	-0.187040
7561	0.304480
7564	0.404089
7575	0.082600
7583	-0.195059
7585	-0.106327
7586	-0.139850
7599	0.404423
7600	0.353935
7606	-0.111550
7614	0.123889
7617	0.118288
7622	0.777082
7629	-0.823641
7637	0.005093
7640	-0.403128
7657	-0.252680
7665	-0.129753
7666	0.530583
7667	0.050717
7668	-0.253206
7669	0.414162
7670	-1.223653
7671	0.066309
7681	0.056557
7683	-0.455154
7684	-0.240992
7696	0.272364
7722	-0.206869
7723	-0.301708
7799	-0.598679
7852	0.540045
7859	0.770916
7860	0.290202
7861	0.243328
7865	0.072244
7875	-0.080462
7876	-0.234490
7895	0.088815
7913	0.250251
7917	0.220149
7952	0.416092
7969	0.006834
7971	-0.477484
8000	-0.135798
8002	-0.016502
8006	-0.645023
8036	0.490626
8056	-0.286431
8069	0.617177
8103	0.375833
8107	0.575681
8120	0.648372
8122	0.358502
8125	0.047765
8127	0.374456
8136	0.039463
8149	0.357602
8154	0.461456
8197	0.912709
8208	0.368155
8223	0.143954
8232	0.870747
8241	0.489417
8256	1.117786
8262	0.660589
8266	0.173696
8267	-0.381937
8268	-0.241983
8269	-0.207639
8271	0.379883
8273	0.057387
8280	-0.134387
8284	-0.361565
8303	0.503961
8304	0.540479
8305	0.822834
8308	0.148650
8332	-0.905064
8333	-0.232450
8334	0.030285
8338	-0.435079
8363	-0.744862
8370	1.565535
8398	0.201281
8465	0.223957
8468	-0.177618
8469	-0.418297
8470	-0.717216
8507	-0.125227
8552	0.322689
8572	-0.103759
8574	-0.353652
8577	0.595323
8586	-0.326028
8592	-0.281515
8593	-0.081510
8594	-0.278713
8597	0.280993
8599	-0.457710
8606	0.221601
8607	0.246597
8615	-0.122335
8617	0.081915
8626	-0.230312
8636	-0.177865
8669	0.306753
8671	-0.187841
8673	0.045948
8675	-0.664324
8790	0.047020
8791	0.431201
8811	0.219201
8822	0.591475
8841	-0.321159
8849	0.967785
8856	-0.154636
8875	0.208456
8884	-0.119389
8906	0.045480
8907	-0.165067
8910	0.200038
8911	-0.022022
8912	0.381512
8913	-0.036207
8934	0.095889
8935	0.047230
8954	-0.520904
8968	0.064968
8972	-0.223579
9001	0.063221
9029	0.061529
9032	-0.632312
9058	-0.719507
9059	-0.097021
9068	0.137153
9070	0.155972
9108	0.344610
9139	-0.383461
9140	-0.608383
9158	-0.254656
9187	0.651159
9188	0.337747
9189	0.228673
9190	-0.004881
9253	0.007694
9259	0.062693
9268	0.112421
9269	0.350751
9271	0.435424
9312	0.837883
9323	0.041547
9329	0.352360
9330	0.142416
9331	-0.117080
9356	0.383451
9376	0.410611
9394	0.140701
9424	-0.694222
9428	0.506785
9429	0.565793
9496	-0.069427
9536	0.063182
9543	-0.929504
9589	0.161693
9614	0.575326
9615	-0.443264
9617	-0.369558
9631	-0.086243
9661	0.296452
9668	0.851038
9718	-0.136915
9728	0.142232
9734	0.343468
9788	0.099719
9791	0.678572
9793	0.838834
9804	0.306813
9809	0.225155
9810	0.048006
9823	-0.254029
9828	0.026851
9907	-0.099594
9951	0.120548
9968	-0.026275
9969	-0.544556
10010	-0.114425
10011	-0.015947
10012	-0.011876
10018	-0.225152
10021	0.020912
10022	-0.203669
10031	-0.213595
10032	-0.198044
10033	0.245065
10034	-0.411106
10035	0.166132
10039	-0.128296
10044	0.180087
10045	-0.631047
10060	1.227061
10065	0.310336
10077	-0.262792
10080	-0.007568
10130	-0.465159
10131	-0.182041
10149	-0.344312
10194	0.918997
10197	-0.663909
10221	0.629974
10226	0.218983
10232	0.305680
10233	0.425006
10263	0.423074
10264	0.513084
10274	0.555795
10286	-0.580513
10292	-0.104626
10299	-0.667947
10302	0.287017
10324	-0.882189
10355	-0.011146
10358	-0.738672
10362	1.134101
10366	0.836610
10368	-0.344629
10370	-0.375895
10392	0.901827
10405	0.278395
10406	0.523099
10409	-0.140394
10419	0.342092
10420	-0.072480
10424	-0.016486
10434	0.576478
10455	0.189968
10478	0.033097
10480	-0.115389
10484	0.107588
10510	-0.061005
10519	-1.266421
10520	-0.213893
10524	-0.442022
10578	0.057510
10630	0.182294
10643	0.135724
10645	-0.049786
10677	-0.290825
10678	-0.252763
10690	-0.293854
10717	-0.135655
10718	-0.127942
10719	-0.402433
10721	-0.434265
10723	-0.116091
10735	0.206114
10736	-0.234002
10829	-0.292158
10837	-0.209169
10846	-0.512131
10921	-0.070208
10922	0.714802
10923	0.904275
10924	0.812967
10964	0.513160
10978	0.042271
11017	-1.051108
11018	-0.856360
11019	-0.958907
11032	0.274434
11034	-0.054948
11035	0.234388
11036	-0.006086
11052	0.269663
11056	0.260734
11060	0.281575
11063	-0.039738
11064	0.692637
11068	0.073603
11069	0.351016
11090	0.729265
11098	-0.137626
11099	-0.492800
11100	-0.373606
11105	0.131611
11109	-0.157772
11122	0.466062
11123	0.214011
11125	-0.180085
11126	0.009869
11149	-0.189964
11153	0.393271
11188	-0.632209
11193	-0.132550
11230	0.817580
11233	-0.090746
11236	0.238054
11243	0.514597
11251	-0.775430
11259	0.037132
11263	-0.493045
11272	-0.184574
11321	-1.420685
11322	0.046514
11326	0.079006
11327	0.199560
11335	0.499898
11337	0.675216
11343	-0.213959
11390	0.593418
11444	-0.629521
11464	0.893048
11471	0.507978
11472	0.295990
11473	-0.090246
11492	-0.264105
11499	-0.335858
11500	0.649142
11505	-0.256156
11527	-0.061339
11528	-0.258104
11532	-0.205237
11564	-0.193422
11589	-0.304801
11591	0.485359
11592	-0.298047
11599	-0.192680
11605	0.211597
11617	-0.480485
11630	-0.158297
11631	1.052828
11632	-0.094362
11656	0.375150
11657	0.002345
11777	-0.431788
11786	0.170454
11812	-0.174842
12020	0.152333
12061	0.448185
12115	0.500972
12154	0.972760
12155	0.754203
12156	0.010610
12159	-0.031100
12174	0.052037
12176	0.588024
12230	0.310800
12234	0.333428
12236	0.085735
12237	0.574787
12250	-0.397241
12252	1.294686
12253	0.681302
12315	0.671083
12381	-0.645856
12382	-0.469007
12438	0.029945
12455	-0.343447
12462	0.239953
12478	0.070490
12603	-1.206286
12711	-0.407291
12714	-0.519624
12716	0.447847
12754	-0.189041
12785	-0.818924
12788	-1.083432
12792	-1.284199
12898	0.746474
12944	-0.489039
12949	-0.322919
13062	-0.638667
13099	0.719345
13160	-0.153906
13198	0.222470
13239	-0.110948
13249	0.441388
13262	-0.523190
13263	-1.342029
13272	0.155243
13273	-0.650423
13277	-1.203399
13305	1.244926
13342	-0.916768
13343	-0.398803
13345	-0.257605
13351	-0.239428
13357	-0.647288
13427	-0.240640
13436	0.239288
13455	-0.303451
13528	-0.309152
13532	0.345276
13553	-1.192425
13566	-0.221859
13651	-0.002320
13653	-0.369070
13675	0.445092
13676	0.244811
13677	-0.031744
13678	0.067928
13681	0.566574
13688	-0.549561
13697	-1.651375
13705	-1.182588
13708	0.227740
13737	-0.162962
13760	-1.030252
13923	0.504145
13927	0.487451
13995	-0.712295
14002	-0.838272
14003	-0.594550
14021	-0.279634
14034	-0.625423
14064	-0.446574
14110	-0.149324
14155	0.095440
14203	-0.055251
14208	0.153193
14340	0.985770
14356	-0.371707
14389	0.713273
14499	-0.126540
14625	-1.079588
14632	-0.510264
14637	-0.624067
14641	-0.675122
14685	-0.022717
14694	0.010121
14695	0.241530
14699	-0.780199
14700	0.451965
14749	-0.197689
14760	-0.250559
14790	-0.075191
14791	-0.066594
14796	-0.241040
14797	-0.091371
14891	-1.063178
14927	0.213626
15099	0.251468
15182	0.136356
15243	-1.085709
15245	0.056508
15254	-0.330972
15322	0.130996
15327	0.581948
15463	-0.315592
15496	0.024334
15499	-0.174049
15502	-0.118214
15514	-0.239830
15566	-0.419953
15580	-0.042107
15583	-0.536259
15586	-0.308245
15601	1.238146
15621	-0.089854
15780	-0.693625
15869	0.062939
16082	-0.024822
16281	0.323359
16293	-0.138719
16300	-0.734084
16304	-0.444339
16360	0.140123
16361	0.273657
16367	-0.059501
16432	0.080779
16433	0.164099
16438	0.293400
16446	0.930863
16453	0.780120
16463	-1.476500
16466	-0.045740
16477	-0.955245
16482	0.193597
16605	0.312839
16606	0.159290
16635	0.165912
16638	-0.095464
16655	-0.193352
16673	-0.070224
16676	-0.064726
16677	-0.010216
16678	0.178633
16808	0.144347
16829	-0.235021
17150	0.170069
17182	0.163048
17199	-0.156646
17273	-0.453840
17431	-0.628784
17466	0.048266
17472	-0.594746
17485	-0.458475
17585	-0.221965
17620	0.420896
17647	-0.039358
17690	-0.835555
17772	0.264913
18410	0.380549
19647	-0.610430
21458	-0.174299
21885	0.754598
21973	0.179199
21976	0.161142
21977	0.037528
22084	-0.026678
23475	0.513190
23754	-0.117316
23764	-0.206537
24372	-1.090760
24918	0.070870
24944	0.342066
25022	-0.500927
25140	1.164170
26484	-0.104531
27764	0.089601
28424	-0.708006
28845	-0.263889
29861	0.303267
30684	-0.537565
31288	-1.144212
31704	-0.128085
32421	0.032215
32520	-0.377518
32893	0.122552
34340	0.834660
35227	0.302065
35334	-0.553951
36499	0.103626
36843	-0.349592
36844	-0.203456
36955	-0.717988
36970	-0.570365
39336	-0.921719
39353	-0.972517
40538	-0.306117
40541	-0.120409
40542	-0.154863
40599	-0.206672
40601	-0.237626
40602	0.519066
40656	-0.303533
40657	-0.313773
42157	0.821068
42203	0.009499
42204	-0.090240
42851	-1.008309
43061	-0.025090
44144	-0.694507
45195	-0.300308
47030	-0.200807
47285	0.998158
47317	-0.668233
47457	-0.175013
47460	0.082150
48147	-0.177958
48297	0.583464
48474	0.963275
48696	1.148931
49516	0.609758
49630	-0.378174
49927	0.428020
50199	-0.134020
50249	-0.788485
50259	-0.080766
50904	0.396994
53231	0.182147
53471	-0.333910
53531	-0.344406
53986	-0.197853
55057	0.206132
56431	-0.070021
56432	0.043460
56466	1.082698
56478	0.343340
56621	0.059983
57644	0.597459
57756	0.380830
58783	0.021295
59657	-0.210898
59715	-0.904183
64825	-0.277656
64947	0.118092
65950	-0.148191
70102	-0.129328
75003	-0.171903
75099	-0.109692
75742	0.572312
75823	-0.088952
75824	-0.158179
78157	0.587192
78181	0.124405
78191	-0.665861
80479	-0.221510
80480	0.230735
80715	-0.117851
80719	-0.000594
80750	-0.158668
81231	-0.727051
84436	0.347844
84780	0.347667
84844	-0.660960
85002	-0.536277
85003	0.964405
85659	-0.416698
85663	-0.282911
85710	-0.058581
92185	-0.973357
96142	-0.534919
96144	-0.182063
96482	0.744410
98871	0.113487
