# 1342 minima projected onto PC24
# Min	PC
3	-0.800400
4	-0.374758
5	0.190582
6	0.280242
7	-0.045215
9	-0.389171
16	-0.308227
17	0.406455
21	-0.576347
23	-1.191467
31	-0.349776
44	-0.059886
47	-0.025100
48	-0.070124
51	-0.456526
52	-0.551120
55	-0.029227
56	-0.443970
57	-0.241986
58	0.035831
60	-0.963535
67	-0.301104
68	-0.513505
71	-0.795530
72	-0.436899
74	-0.120001
79	-0.836552
82	-0.718601
85	-0.141273
86	-0.078398
87	0.251609
88	-0.890191
91	-0.446900
92	-0.453776
94	-0.276094
95	0.291483
97	0.305593
104	1.947783
106	1.521657
109	-0.817371
111	-0.387124
115	-1.474935
120	-0.591826
126	-0.447742
129	-1.343801
136	-0.532883
137	-0.602748
188	-0.041853
189	0.113191
196	-0.266438
199	0.796300
200	-0.885622
202	-1.094466
211	0.223852
213	-0.533720
214	-0.229362
219	0.673601
221	0.676673
276	0.128102
279	-0.288022
283	-0.488692
295	0.251850
308	0.723687
312	0.819877
315	1.270503
318	-0.404255
319	-0.714275
321	-0.362615
324	-0.704567
328	-0.238732
334	-0.323590
336	0.639818
338	-0.831221
347	-0.140252
351	-0.156308
352	0.409950
354	0.031466
357	-1.030156
359	-0.829961
362	-0.236526
364	-0.325940
365	-0.766251
368	-0.607579
376	-0.179207
377	-0.105518
380	-0.113836
386	0.414246
388	-0.552116
390	-0.404030
396	0.329120
404	-0.139488
410	-0.137794
413	-0.203601
420	0.105133
423	0.093267
424	0.087015
437	-0.046372
438	-0.373822
444	1.245466
452	1.179846
473	0.219058
474	-0.527266
475	0.393383
476	-0.587132
478	-0.408616
479	-1.043894
480	-0.714897
483	-0.570046
503	0.066990
508	0.016640
509	-0.861375
530	-0.581795
536	0.351072
556	-0.175338
581	-0.190121
583	0.970607
603	-0.234633
606	-0.190711
607	-0.252681
620	-0.465799
628	-0.016034
636	0.264718
637	0.779683
639	1.249874
640	1.100427
644	-0.103631
645	-0.641131
677	0.362759
678	0.204651
679	-0.258852
682	0.082836
698	-0.200162
700	-0.376901
710	0.065995
722	0.301594
723	0.727283
724	0.718664
725	1.274838
726	1.670485
747	-0.080323
753	-0.232535
755	2.377749
757	-0.187848
765	-0.413478
782	-0.464855
783	0.192596
793	-0.509986
808	0.218212
814	-0.998596
840	-0.900581
848	0.112347
859	-0.670833
864	0.698565
867	-0.783698
878	-0.667072
888	-1.211396
890	-0.686121
892	-0.565751
899	0.214292
918	-1.140165
926	-0.141124
933	-0.417270
934	-0.471885
981	-0.263093
1028	-0.405690
1034	0.089866
1051	-0.669014
1054	0.992212
1058	0.361341
1062	0.587169
1063	-0.130904
1064	1.421497
1066	0.582322
1068	0.695447
1073	-0.789332
1082	0.091044
1083	-0.158369
1086	0.703283
1089	-0.422839
1090	-0.196488
1091	0.300414
1092	0.450174
1164	-0.733737
1165	-0.560139
1174	-0.582144
1176	-0.612752
1184	-0.279713
1191	-0.452213
1192	-0.483379
1201	0.771208
1230	0.559640
1339	-0.116707
1341	0.124713
1370	-0.376659
1385	0.727135
1405	-1.234349
1437	-0.073329
1441	-0.861350
1443	0.083786
1521	0.223521
1522	0.517918
1523	0.018995
1524	1.130773
1525	1.198507
1541	0.328969
1542	0.727224
1550	0.305136
1551	0.402817
1596	0.324181
1597	0.002134
1628	0.712039
1629	0.093626
1633	0.186259
1636	-0.602292
1637	-1.014616
1765	0.689923
1766	-0.295207
1780	1.209892
1862	0.670711
1865	0.129726
1870	0.092203
1885	0.653987
1910	-0.157137
1911	-0.187279
2007	-0.086973
2060	0.186092
2062	0.133341
2090	0.494882
2093	-1.042412
2094	-0.840023
2095	-0.838433
2096	-0.409647
2100	-0.333214
2101	0.593639
2102	0.567088
2103	1.053742
2104	1.038950
2105	1.136014
2128	-0.367670
2129	-0.144516
2135	0.510811
2190	-0.034947
2195	-1.057334
2197	-0.303458
2198	-0.117877
2199	-0.580373
2200	-0.321621
2201	0.259998
2202	0.140355
2205	0.012875
2217	-0.189002
2218	-0.629304
2221	-0.582936
2272	0.776077
2273	0.790787
2275	0.180722
2288	-1.112895
2293	-0.066614
2298	-1.649216
2299	1.046899
2300	-1.297577
2301	-0.683001
2338	0.340215
2342	-0.506491
2343	-0.208647
2358	0.368070
2384	0.569184
2385	0.891279
2399	0.765903
2435	-0.924135
2436	-1.321612
2465	-0.587563
2467	-0.677728
2468	0.039699
2469	0.328768
2470	-1.532481
2471	-0.446256
2474	-0.307862
2620	-0.559030
2650	0.212646
2651	0.104054
2685	0.039292
2688	-1.258973
2730	0.597723
2843	0.566513
2951	0.064334
2959	0.463283
3236	-0.317481
3305	0.383793
3318	-1.307288
3340	0.106278
3352	-0.440249
3355	-0.411717
3356	-0.458071
3365	1.259446
3366	1.136665
3367	0.998722
3368	1.105324
3401	0.175116
3405	0.164496
3434	0.348523
3448	-0.671779
3454	-0.123586
3481	0.472962
3495	-0.950625
3504	0.689426
3532	0.264047
3540	0.754360
3549	-0.486518
3550	-0.887264
3569	-0.147546
3595	0.918603
3596	1.000665
3603	0.060793
3621	0.526293
3622	0.425992
3647	-0.720793
3649	-0.270845
3651	-0.703316
3652	-0.346739
3723	-0.205707
3757	-0.504846
3772	0.382389
3787	0.424738
3798	-0.240890
3799	-0.499678
3889	0.203724
3897	0.189205
3898	0.320512
3904	0.665920
3945	0.240278
3990	-0.745834
4024	-0.461632
4039	0.180585
4048	0.012417
4050	0.669766
4076	-0.226589
4094	-0.893132
4170	-0.452596
4251	0.225909
4252	0.368289
4299	0.738416
4302	0.493684
4318	0.208897
4319	-0.317377
4320	-0.202686
4360	-0.357242
4388	0.346474
4414	-0.668911
4426	-0.932827
4446	-1.291087
4527	0.494106
4545	-0.231006
4546	-0.285597
4554	-0.044706
4564	-0.567726
4567	0.627681
4634	0.071177
4693	-0.601614
4736	-0.919927
4761	-0.270510
4879	-0.382612
5071	0.433006
5138	0.202130
5164	1.179856
5182	1.159445
5183	0.664821
5184	-1.270210
5187	0.263891
5188	0.431673
5189	1.456698
5193	-0.641799
5194	-0.710671
5195	0.206174
5197	-0.088786
5203	-0.063878
5205	-0.646716
5212	-0.564364
5213	-0.602987
5222	-0.067636
5223	-0.886852
5228	-0.638043
5232	-0.537649
5244	0.354317
5245	0.162893
5246	-0.096374
5248	0.962820
5292	0.114650
5293	0.442828
5299	-1.008559
5300	-0.486933
5315	0.020931
5316	0.262964
5319	-0.056915
5320	-0.382886
5321	0.042503
5322	-0.395037
5323	1.473641
5324	1.301763
5325	0.541753
5329	-0.549220
5342	-0.183353
5343	0.166748
5374	-0.289657
5376	1.499550
5378	-0.482247
5379	-1.278940
5382	-0.069791
5390	-0.176374
5398	1.733207
5402	-0.415495
5404	-0.294563
5407	-0.545024
5408	0.123182
5409	-0.932723
5411	-0.210667
5412	0.863180
5413	1.267858
5416	0.405250
5418	-0.661440
5422	-0.004333
5425	1.061690
5427	0.712171
5428	0.661440
5432	-1.424059
5436	0.246427
5443	0.235060
5444	-0.743030
5458	-1.007646
5462	0.011732
5465	-0.323894
5468	-0.128399
5471	-0.841255
5480	-0.288939
5481	0.259841
5485	-1.401082
5486	-0.934387
5488	-0.856587
5489	-0.201443
5495	-0.129714
5513	0.355797
5515	-0.068643
5516	-0.112747
5521	-1.593056
5527	0.676151
5528	-0.270316
5536	0.251381
5537	-0.126648
5547	0.519389
5565	-0.177690
5573	1.428216
5579	0.851893
5583	0.952386
5586	-0.231524
5589	-0.352870
5590	0.121194
5593	-0.129632
5599	-0.619305
5604	-1.064361
5605	-0.392490
5606	0.066491
5625	1.797869
5649	0.519430
5656	-0.414400
5657	1.437474
5658	0.179340
5686	0.342413
5695	0.212653
5705	0.283167
5706	0.256069
5716	-0.118966
5717	0.263913
5718	0.953569
5719	1.361891
5720	0.119158
5724	-0.626165
5738	-1.138897
5742	-0.765696
5750	-0.508287
5751	-0.468928
5756	-0.548627
5761	-0.609833
5768	1.031862
5773	0.430162
5792	-0.178215
5793	-0.345615
5794	-0.190738
5806	-0.408866
5811	-0.521503
5812	-0.098215
5813	-0.234798
5814	-0.563474
5821	0.078686
5823	-0.389275
5825	0.734042
5831	0.021652
5832	-0.561438
5833	0.818604
5847	0.278146
5849	-0.617835
5851	-0.295324
5854	-1.458720
5858	0.426594
5862	-0.551951
5875	-0.351356
5876	-1.206064
5903	0.354303
5910	0.375954
5912	0.406984
5913	-0.104049
5925	-0.662860
5926	0.075599
5927	0.220860
5928	0.640037
5930	-0.011825
5931	-0.142915
5933	2.623035
5934	0.721122
5937	0.305020
5939	-0.176743
5940	0.362356
5941	2.445054
5943	2.259726
5963	-0.315072
5964	0.763424
5965	-0.181550
5966	-0.051738
5968	0.800485
5969	1.178131
5970	1.377604
5971	1.051013
5975	-0.806419
6006	0.458559
6011	-0.005044
6017	0.290635
6019	0.124353
6022	0.842094
6032	-0.939013
6095	0.897088
6115	0.270809
6116	-0.396822
6119	-0.692724
6127	0.249546
6128	0.647630
6130	0.009199
6140	0.434899
6141	1.132540
6147	-0.022729
6148	-0.446645
6163	-0.300813
6164	-0.342382
6170	0.303044
6171	0.340117
6177	-0.028081
6184	0.672513
6200	1.569415
6204	0.657779
6206	0.727446
6223	-0.139614
6240	0.485755
6245	-0.762434
6253	-0.771338
6267	-0.816147
6269	-0.128674
6290	-1.219358
6303	0.858631
6317	-0.391245
6343	-0.421846
6350	-0.391253
6360	-0.702891
6367	-1.128425
6383	0.858479
6389	0.130998
6397	0.379402
6398	-0.121999
6406	1.723502
6407	-0.082534
6412	-0.007301
6413	0.547223
6434	0.257445
6435	0.282403
6460	-0.600469
6463	0.153743
6464	0.205223
6489	0.283604
6507	0.505398
6510	-0.893531
6516	0.366515
6518	-0.970804
6522	0.221186
6523	0.010289
6524	0.005548
6525	-1.360022
6531	-0.846848
6536	-0.305000
6575	1.037757
6584	-0.073757
6585	-0.256775
6586	-0.332533
6594	-0.862204
6595	-0.776912
6610	-0.831669
6612	-0.393829
6615	0.186615
6624	0.158123
6628	0.197127
6649	-0.438147
6698	0.742864
6706	-0.295097
6718	-0.664027
6719	-0.127133
6722	-0.700438
6770	-0.947321
6780	1.062709
6781	1.364935
6794	-0.758504
6795	-1.126529
6796	-0.800902
6799	0.296553
6809	0.012384
6837	-0.262590
6838	0.487340
6839	-0.939493
6846	-1.336137
6865	-0.461211
6869	0.130072
6870	-0.865540
6871	-0.764972
6873	-0.269745
6876	0.115999
6885	0.275489
6895	-0.429773
6896	-0.305617
6897	-0.522886
6900	-0.287920
6903	0.526833
6906	0.469526
6916	-0.714251
6917	-0.271270
6918	-0.264317
6919	0.189424
6938	0.191603
6941	0.222112
6942	0.798796
6943	0.354952
6944	0.202997
6948	0.064922
6953	0.422042
6957	0.740802
6958	-0.202292
6970	1.028745
6971	-0.620158
6976	-1.940162
6977	-1.755240
6990	-0.491661
7014	-0.800095
7015	-0.659823
7016	-0.366988
7018	-0.354315
7019	0.699087
7042	0.188599
7053	-1.595521
7066	-0.656049
7067	-0.701933
7083	-0.949252
7092	-0.119561
7100	-0.544568
7103	0.070607
7110	-0.428158
7111	0.146755
7112	-0.457294
7113	-0.277394
7116	-0.140044
7119	-0.514041
7120	0.205101
7121	-0.825502
7122	-0.232437
7140	-0.302546
7143	1.679190
7157	0.024168
7165	0.654971
7175	-0.080328
7178	-0.371078
7206	0.679557
7207	0.110496
7217	0.308056
7218	0.488792
7221	0.132579
7227	0.058190
7230	-0.749146
7236	-0.188366
7239	0.755743
7242	0.081110
7260	-0.021608
7268	-0.008867
7269	-0.253975
7304	1.650456
7326	-0.538714
7327	-0.707065
7336	0.584618
7342	-0.381936
7346	-0.513604
7348	1.510512
7355	-0.559135
7361	-0.379566
7372	-0.191666
7387	-0.408443
7422	1.392969
7423	0.303035
7425	-0.314415
7436	-0.439629
7442	-0.202672
7446	1.967328
7448	0.434226
7453	0.741416
7463	0.557492
7492	0.485765
7493	-0.399617
7494	-0.247713
7495	-0.022774
7518	0.435192
7520	-0.535595
7540	-0.986609
7546	0.753981
7556	-0.689159
7559	0.591292
7560	-0.044868
7561	-2.107475
7564	-0.653278
7575	0.219467
7583	-0.114746
7585	-0.002949
7586	0.795620
7599	-0.335251
7600	-0.884534
7606	-0.074339
7614	-1.243998
7617	0.208900
7622	-0.555380
7629	-0.118491
7637	-0.000693
7640	-0.240810
7657	0.534912
7665	0.231799
7666	-0.786780
7667	0.101706
7668	-0.134542
7669	0.154305
7670	-0.785522
7671	0.023609
7681	0.087165
7683	-0.424988
7684	-0.098379
7696	-0.555632
7722	0.214782
7723	0.132225
7799	-0.214415
7852	0.882847
7859	0.818633
7860	0.483551
7861	0.411621
7865	0.073113
7875	0.589256
7876	-0.677748
7895	-0.115712
7913	0.472653
7917	-1.131102
7952	-1.129567
7969	0.065671
7971	-0.035564
8000	-0.720771
8002	-0.128285
8006	0.495542
8036	-0.206376
8056	0.826119
8069	-0.570845
8103	-0.233747
8107	-0.215513
8120	0.720850
8122	0.132001
8125	-0.090287
8127	-0.349121
8136	-0.057679
8149	0.156559
8154	0.419219
8197	-1.879110
8208	-1.408691
8223	-1.236407
8232	0.193413
8241	1.191653
8256	-0.015902
8262	-0.335739
8266	0.514592
8267	0.076554
8268	0.227802
8269	0.051122
8271	-0.943241
8273	0.223586
8280	0.623680
8284	0.853155
8303	-0.642573
8304	-0.499651
8305	-0.023716
8308	-0.546366
8332	-0.476928
8333	0.143393
8334	-0.077256
8338	0.623748
8363	0.420512
8370	0.613594
8398	0.779743
8465	-0.695220
8468	0.418072
8469	1.006366
8470	0.587340
8507	-0.221139
8552	0.126417
8572	-0.639451
8574	-0.397335
8577	0.013148
8586	-0.309729
8592	0.925172
8593	0.989691
8594	0.647366
8597	0.750333
8599	0.961231
8606	-1.091063
8607	-0.696382
8615	0.811175
8617	1.294373
8626	0.223202
8636	0.733010
8669	0.596654
8671	-0.983474
8673	-0.217235
8675	-0.488524
8790	-1.138204
8791	-0.879817
8811	-0.679844
8822	0.542103
8841	-0.269584
8849	0.910457
8856	-0.412918
8875	1.326270
8884	-0.296196
8906	0.136910
8907	-0.930311
8910	0.115665
8911	-0.362523
8912	-0.158250
8913	-0.870925
8934	0.249047
8935	0.145872
8954	0.937885
8968	0.091831
8972	-0.124336
9001	1.207817
9029	-0.474136
9032	-1.042947
9058	-0.180708
9059	-0.062958
9068	-0.250853
9070	0.070240
9108	-1.461747
9139	0.337498
9140	0.045811
9158	-0.068144
9187	0.405189
9188	0.589599
9189	0.886495
9190	1.033509
9253	0.186467
9259	0.495645
9268	0.166854
9269	0.386713
9271	0.277687
9312	1.542732
9323	-0.220685
9329	0.514064
9330	0.994111
9331	0.973472
9356	-0.089249
9376	0.334306
9394	0.705936
9424	-1.073960
9428	0.949109
9429	0.860582
9496	0.761309
9536	0.076257
9543	0.001096
9589	-0.211881
9614	-0.741387
9615	-0.218015
9617	-0.400550
9631	-1.812481
9661	1.054511
9668	0.470352
9718	1.419170
9728	-0.252422
9734	0.255069
9788	-1.309096
9791	-0.207029
9793	-0.173024
9804	1.010521
9809	1.340582
9810	1.370506
9823	0.679181
9828	0.609368
9907	-0.655392
9951	-0.421914
9968	0.657779
9969	0.436870
10010	0.950228
10011	0.098487
10012	1.132938
10018	0.855066
10021	-0.341470
10022	0.459221
10031	-0.622888
10032	0.060879
10033	0.533168
10034	0.348827
10035	0.376877
10039	0.785707
10044	0.363312
10045	0.562770
10060	-0.276807
10065	0.083356
10077	-0.749383
10080	-0.133256
10130	-0.783312
10131	-0.930494
10149	-0.468897
10194	0.793204
10197	-0.995646
10221	-0.297584
10226	0.325081
10232	-0.462986
10233	-0.187177
10263	0.586874
10264	0.485268
10274	-0.317827
10286	0.315946
10292	1.500223
10299	0.293851
10302	1.106098
10324	0.282873
10355	0.434915
10358	-0.599500
10362	0.126354
10366	-0.048308
10368	-0.058092
10370	0.004680
10392	0.612016
10405	0.745912
10406	0.998062
10409	-0.506804
10419	0.667121
10420	-0.266342
10424	0.211722
10434	-0.780869
10455	0.330766
10478	0.307403
10480	0.771265
10484	-0.284462
10510	-0.870056
10519	1.082589
10520	1.366540
10524	-0.424737
10578	-1.287132
10630	0.830169
10643	0.633215
10645	-0.603163
10677	0.746810
10678	0.446461
10690	0.303301
10717	-0.085434
10718	0.080727
10719	0.023490
10721	0.317531
10723	-0.813508
10735	0.882066
10736	0.178496
10829	-0.354903
10837	0.516704
10846	-0.236312
10921	0.392519
10922	0.672143
10923	-1.299593
10924	-1.648799
10964	0.014685
10978	-0.249649
11017	-0.350576
11018	-0.251193
11019	0.104689
11032	0.655337
11034	-0.508219
11035	-0.228798
11036	0.393639
11052	1.361710
11056	-1.612026
11060	-0.729774
11063	0.138482
11064	-0.716246
11068	-0.617093
11069	-0.402408
11090	0.749726
11098	1.147753
11099	1.377483
11100	1.234679
11105	1.103853
11109	1.397124
11122	1.245062
11123	1.518150
11125	0.268235
11126	-1.606076
11149	0.238994
11153	1.237259
11188	-0.820931
11193	0.794218
11230	0.543816
11233	0.276816
11236	-1.208863
11243	0.220397
11251	-1.144750
11259	1.275321
11263	-0.030480
11272	-1.590892
11321	-0.513913
11322	-0.710892
11326	0.688869
11327	1.021796
11335	1.207151
11337	0.820019
11343	0.688765
11390	0.704941
11444	1.329821
11464	1.127376
11471	0.238276
11472	0.149750
11473	-0.749243
11492	-0.138574
11499	-0.303764
11500	1.079579
11505	-0.622559
11527	1.173458
11528	1.215676
11532	0.640175
11564	-0.206119
11589	0.206993
11591	0.136119
11592	0.901881
11599	0.074622
11605	-0.231816
11617	0.214834
11630	-0.294993
11631	-0.751681
11632	-0.259672
11656	-1.888634
11657	-0.695968
11777	-1.174084
11786	-0.139186
11812	0.390720
12020	-0.199757
12061	0.872470
12115	-0.246663
12154	1.005674
12155	-0.032948
12156	0.046407
12159	0.871960
12174	0.727086
12176	-0.175868
12230	-0.235876
12234	-0.164917
12236	-0.495731
12237	-1.118533
12250	2.057556
12252	-0.175611
12253	-0.552480
12315	-1.007009
12381	0.620902
12382	1.107557
12438	-0.348820
12455	-0.618596
12462	0.273020
12478	0.711714
12603	-0.474056
12711	-0.034831
12714	-0.158472
12716	0.650906
12754	-0.558835
12785	-0.520713
12788	-0.586145
12792	-0.026023
12898	0.539881
12944	-2.097711
12949	-1.162380
13062	1.829431
13099	-0.583911
13160	-0.421390
13198	0.127759
13239	0.725241
13249	-0.027699
13262	0.217691
13263	0.603822
13272	0.138275
13273	-2.204466
13277	-0.175787
13305	0.163267
13342	-0.710910
13343	-0.173296
13345	0.031453
13351	-0.450078
13357	0.248398
13427	0.700358
13436	0.337393
13455	0.092646
13528	0.426302
13532	-0.802599
13553	-0.331298
13566	-0.599351
13651	-0.043409
13653	-0.117424
13675	0.643146
13676	-0.227618
13677	-0.237817
13678	1.025496
13681	-0.288105
13688	-0.008821
13697	0.597334
13705	0.043697
13708	-0.129805
13737	-0.880549
13760	-0.528120
13923	-0.155654
13927	0.024389
13995	-0.314718
14002	0.270090
14003	0.001440
14021	-0.227490
14034	-1.137555
14064	-0.722389
14110	-0.357943
14155	-0.391549
14203	-0.034656
14208	0.697577
14340	0.005237
14356	0.044936
14389	0.738017
14499	0.004997
14625	-0.540103
14632	-0.595137
14637	-1.202221
14641	-1.077650
14685	-1.155029
14694	0.051616
14695	-0.185968
14699	-0.992316
14700	-0.474115
14749	0.274674
14760	-0.252638
14790	-0.283731
14791	0.422304
14796	-0.022739
14797	-0.924268
14891	-0.516550
14927	0.328868
15099	-0.719303
15182	-1.779147
15243	-0.567196
15245	-0.333623
15254	0.751633
15322	0.368762
15327	0.846064
15463	0.686794
15496	0.250490
15499	0.126071
15502	-0.578660
15514	-0.097560
15566	0.264264
15580	-1.029800
15583	-1.123151
15586	-0.310671
15601	-0.444379
15621	-0.821838
15780	-0.308227
15869	0.089815
16082	-0.074498
16281	-0.291966
16293	-1.838473
16300	0.536181
16304	0.077229
16360	0.845811
16361	-1.878608
16367	0.149121
16432	-0.496525
16433	-0.678774
16438	-0.400649
16446	0.223358
16453	0.831732
16463	-1.803462
16466	-0.060977
16477	0.666859
16482	0.727706
16605	1.369865
16606	1.836798
16635	1.200478
16638	-0.813586
16655	-0.384903
16673	-1.096775
16676	0.519556
16677	0.371532
16678	0.011153
16808	-0.570245
16829	-0.440146
17150	0.408317
17182	0.785935
17199	0.363750
17273	0.259147
17431	-0.693324
17466	1.021061
17472	-0.449971
17485	0.334732
17585	1.765330
17620	-1.016628
17647	-0.206862
17690	-0.539226
17772	-0.029223
18410	-0.458613
19647	-0.790628
21458	-0.652629
21885	0.968361
21973	0.044989
21976	-0.343555
21977	0.248494
22084	0.336685
23475	-0.887704
23754	0.090255
23764	0.523187
24372	-0.201643
24918	-0.543717
24944	0.737291
25022	-0.942105
25140	-0.774766
26484	0.027501
27764	0.591102
28424	-0.206263
28845	-0.809073
29861	-2.050276
30684	-0.655242
31288	-0.427991
31704	-0.779090
32421	-0.379244
32520	0.323826
32893	-0.458442
34340	-0.930361
35227	-0.733297
35334	0.815828
36499	-0.412842
36843	0.579471
36844	1.114766
36955	0.574768
36970	0.372678
39336	0.264532
39353	1.050962
40538	0.978606
40541	1.490347
40542	1.216534
40599	-0.497769
40601	1.318697
40602	0.604434
40656	0.675849
40657	0.380859
42157	-0.749388
42203	-0.261340
42204	0.413109
42851	1.784810
43061	-0.452138
44144	1.513466
45195	-1.112044
47030	-0.256128
47285	-0.933987
47317	-0.853647
47457	-0.759954
47460	0.195661
48147	1.378039
48297	0.068269
48474	0.294856
48696	0.693581
49516	-0.556439
49630	0.074898
49927	-0.895491
50199	-0.579055
50249	0.008371
50259	0.766059
50904	0.570119
53231	1.988626
53471	0.754063
53531	0.090036
53986	1.921398
55057	-0.151945
56431	-0.285681
56432	-0.420880
56466	1.578745
56478	-0.668653
56621	1.455578
57644	-0.575263
57756	-0.859214
58783	-0.775134
59657	0.071894
59715	-1.442183
64825	-0.341798
64947	1.109835
65950	-0.762130
70102	0.285644
75003	-0.580725
75099	-0.265173
75742	0.870463
75823	-0.232836
75824	0.248272
78157	1.226351
78181	0.045415
78191	0.893135
80479	0.143685
80480	0.239052
80715	0.458718
80719	1.209845
80750	-0.375125
81231	-0.519816
84436	-0.104358
84780	-0.134563
84844	2.536722
85002	1.887178
85003	2.289921
85659	-0.523985
85663	-0.428817
85710	0.020536
92185	-0.713826
96142	0.936012
96144	0.814534
96482	-1.407004
98871	0.251087
