# 1342 minima projected onto PC23
# Min	PC
3	-0.315111
4	-0.216697
5	-0.105883
6	0.125227
7	-0.028160
9	-0.953777
16	0.047678
17	0.378347
21	-0.288044
23	-0.676001
31	-0.524674
44	-0.516087
47	-0.427772
48	-1.054235
51	0.450588
52	0.958758
55	-0.569243
56	0.339859
57	-0.211800
58	-0.048981
60	-0.712826
67	0.158396
68	0.041919
71	-0.288543
72	-0.246094
74	-0.134371
79	-2.705701
82	-0.587338
85	0.997274
86	0.328978
87	-0.170198
88	-0.336716
91	0.659477
92	-0.256921
94	0.659900
95	1.315329
97	0.091045
104	-0.111112
106	-0.900405
109	-1.041794
111	-2.528644
115	-0.747437
120	-0.529402
126	-2.622333
129	1.102067
136	-1.279837
137	0.868930
188	-0.129450
189	0.105291
196	-0.278632
199	-0.039797
200	0.368571
202	0.394991
211	-0.188413
213	-0.592586
214	0.215584
219	-0.314089
221	-0.976850
276	-0.103020
279	0.310980
283	-1.049443
295	0.283324
308	-0.005267
312	-0.068174
315	-0.178058
318	0.508285
319	0.573090
321	0.387258
324	0.278071
328	-0.201502
334	0.106918
336	1.357766
338	0.196395
347	-0.709252
351	-1.568243
352	0.170139
354	0.506623
357	-0.101276
359	0.602638
362	0.770225
364	1.090782
365	1.007910
368	0.707585
376	0.894708
377	-0.135836
380	-0.049577
386	-1.736215
388	-0.472336
390	-0.906690
396	0.284788
404	0.110149
410	0.653467
413	0.491133
420	0.186563
423	0.040064
424	1.010012
437	0.308311
438	1.007991
444	0.053841
452	0.227577
473	-0.124003
474	-0.230405
475	-0.196208
476	-0.202965
478	0.060260
479	-1.169647
480	-0.063506
483	-1.643151
503	-2.386399
508	-0.630143
509	1.177713
530	-0.181113
536	-0.010777
556	0.501208
581	1.154268
583	0.928817
603	0.385971
606	-0.045406
607	-0.214059
620	-0.132990
628	-0.494223
636	0.981346
637	0.809316
639	0.007423
640	-0.296841
644	1.097372
645	1.099436
677	1.099177
678	-0.146271
679	1.672658
682	-0.791145
698	1.297196
700	0.702149
710	-0.799219
722	0.570591
723	-0.097284
724	0.699964
725	0.749499
726	0.116498
747	-0.221605
753	1.242211
755	-0.153163
757	0.924284
765	0.183472
782	-0.767230
783	-0.394281
793	0.079198
808	0.265866
814	-1.707204
840	2.093262
848	0.398111
859	-0.117262
864	-0.045316
867	-0.622648
878	-0.326834
888	0.018114
890	0.951572
892	-1.075828
899	-0.112482
918	0.043500
926	0.098859
933	1.083147
934	0.561347
981	-0.261413
1028	0.162449
1034	-1.991420
1051	0.673067
1054	0.718151
1058	-0.473475
1062	0.546300
1063	-0.017324
1064	0.076508
1066	-0.147892
1068	-0.858833
1073	-0.238203
1082	-0.173653
1083	-0.129792
1086	-0.376317
1089	0.404190
1090	0.202804
1091	0.431919
1092	0.982442
1164	-0.505905
1165	-0.127095
1174	-1.278431
1176	0.316645
1184	0.125202
1191	-0.126049
1192	-0.539264
1201	0.128373
1230	0.306335
1339	0.196226
1341	-0.767285
1370	-0.278040
1385	-0.479625
1405	0.751971
1437	-0.058528
1441	0.082316
1443	1.162847
1521	0.622487
1522	0.368264
1523	0.437487
1524	-0.078724
1525	-0.256397
1541	-0.079474
1542	0.390691
1550	-0.288013
1551	0.079069
1596	0.316940
1597	0.625771
1628	-1.007933
1629	-0.232462
1633	0.134622
1636	0.458958
1637	-0.206176
1765	-0.574479
1766	-0.405317
1780	0.341448
1862	0.072793
1865	-0.487757
1870	0.023696
1885	-0.126470
1910	-0.082976
1911	0.704184
2007	0.272706
2060	0.983470
2062	-0.422550
2090	-0.265008
2093	-0.086860
2094	-0.172468
2095	-0.828190
2096	-0.470717
2100	-0.606144
2101	0.111281
2102	0.454180
2103	0.313861
2104	0.661256
2105	-0.282291
2128	-0.292504
2129	0.462086
2135	-0.316784
2190	-0.941252
2195	-1.180247
2197	0.822329
2198	0.061764
2199	-0.831110
2200	-0.606943
2201	-0.327413
2202	0.058066
2205	-0.344294
2217	0.169600
2218	-0.203542
2221	-0.628232
2272	-0.184186
2273	-0.101940
2275	0.927224
2288	-0.636310
2293	1.190927
2298	-0.323653
2299	-0.096691
2300	-0.211795
2301	-0.891127
2338	0.409005
2342	-0.582283
2343	-0.264433
2358	0.281097
2384	-0.431461
2385	0.115376
2399	-0.183438
2435	-0.354398
2436	-0.251831
2465	0.498725
2467	0.167711
2468	0.851958
2469	0.693150
2470	0.738039
2471	-1.562570
2474	0.248487
2620	0.387377
2650	-0.185502
2651	-0.163041
2685	0.493932
2688	-0.388435
2730	-0.690133
2843	1.256752
2951	-1.063342
2959	-0.750509
3236	1.003619
3305	0.239432
3318	2.234247
3340	-0.529747
3352	-0.863904
3355	-0.517024
3356	-1.287286
3365	0.595558
3366	0.736199
3367	0.537178
3368	0.224843
3401	0.257007
3405	-0.233406
3434	-0.889358
3448	-0.043076
3454	-1.450114
3481	-0.579000
3495	0.871413
3504	0.321596
3532	0.715848
3540	1.294254
3549	2.209841
3550	2.371493
3569	-0.735133
3595	-0.550639
3596	0.804041
3603	-0.077115
3621	0.564141
3622	0.292797
3647	1.249420
3649	-0.318678
3651	-0.357922
3652	0.203720
3723	-0.069324
3757	0.208472
3772	-0.530220
3787	-0.378820
3798	1.704460
3799	0.753941
3889	0.416090
3897	0.424046
3898	0.590178
3904	0.589732
3945	1.204681
3990	0.419284
4024	0.241753
4039	-0.120082
4048	0.211897
4050	0.947243
4076	0.691368
4094	-0.189357
4170	1.097352
4251	0.420399
4252	1.180904
4299	-0.097042
4302	-0.090955
4318	0.348295
4319	1.098955
4320	1.217942
4360	0.403546
4388	0.049133
4414	-0.106270
4426	-0.032891
4446	0.681854
4527	-0.758295
4545	0.015884
4546	0.404020
4554	0.523619
4564	0.386289
4567	-0.111235
4634	0.214971
4693	-0.244412
4736	0.077761
4761	0.963355
4879	-0.350972
5071	0.185703
5138	1.006832
5164	-0.767526
5182	-0.633692
5183	0.108791
5184	-0.219537
5187	-0.747499
5188	0.099216
5189	0.303275
5193	-0.271050
5194	-1.017337
5195	0.297971
5197	0.263178
5203	-0.147931
5205	0.614226
5212	-0.388671
5213	-0.553535
5222	1.010790
5223	0.036197
5228	0.804898
5232	-0.650485
5244	0.610290
5245	-1.540623
5246	-0.271777
5248	0.091437
5292	1.071140
5293	0.236290
5299	-0.764040
5300	-1.334105
5315	-0.225635
5316	0.105159
5319	0.930598
5320	0.887004
5321	0.157327
5322	-1.113588
5323	0.070334
5324	-0.491834
5325	-0.795424
5329	0.405704
5342	0.158969
5343	-0.008535
5374	-0.512780
5376	1.262106
5378	0.156835
5379	0.542394
5382	0.885391
5390	0.273388
5398	0.302610
5402	-0.326950
5404	0.269085
5407	0.076401
5408	0.844476
5409	-0.116585
5411	-0.046689
5412	-0.038882
5413	-0.054139
5416	0.637113
5418	0.013302
5422	-0.365601
5425	0.638493
5427	-0.190648
5428	0.213915
5432	0.015541
5436	-0.834431
5443	-2.310609
5444	-0.427820
5458	0.916921
5462	-0.321965
5465	0.936574
5468	-0.335880
5471	0.891407
5480	0.526518
5481	0.311934
5485	-0.465280
5486	-0.567626
5488	-1.065291
5489	-0.263848
5495	-1.108530
5513	-0.267187
5515	-0.284497
5516	0.941132
5521	-0.270354
5527	0.460635
5528	0.661499
5536	0.467706
5537	1.057684
5547	0.301170
5565	0.073343
5573	-0.360644
5579	-2.890058
5583	-1.089045
5586	0.396097
5589	-0.606460
5590	-0.217197
5593	-0.893314
5599	-1.563196
5604	-1.572337
5605	-0.421291
5606	-1.758598
5625	-0.114782
5649	-0.166454
5656	-1.266064
5657	-0.320945
5658	-1.150076
5686	0.717261
5695	-0.791965
5705	0.374554
5706	-0.253797
5716	-0.204560
5717	0.017818
5718	-0.344630
5719	0.238943
5720	0.710902
5724	-1.234744
5738	-0.398546
5742	-1.547109
5750	1.231978
5751	0.925162
5756	-0.227939
5761	-0.919744
5768	0.227524
5773	-0.558263
5792	0.638553
5793	0.829174
5794	-0.110493
5806	-0.106173
5811	-0.062844
5812	-0.069234
5813	0.288229
5814	0.140530
5821	-0.296917
5823	-0.351067
5825	-0.303960
5831	0.191956
5832	0.177355
5833	-0.421588
5847	1.148054
5849	1.083125
5851	0.678968
5854	-0.915972
5858	0.608362
5862	0.946718
5875	0.462800
5876	1.434677
5903	-0.393755
5910	-0.787842
5912	-0.189171
5913	-0.402934
5925	-0.202871
5926	-0.869536
5927	0.017193
5928	0.084626
5930	-0.794806
5931	-0.078566
5933	-0.560046
5934	-0.066437
5937	-3.099421
5939	-1.100107
5940	-2.145211
5941	0.077026
5943	1.029191
5963	-0.121570
5964	0.331428
5965	-0.025679
5966	-0.257435
5968	0.593068
5969	-1.214202
5970	-1.297441
5971	-0.262280
5975	-1.930665
6006	1.076884
6011	0.695960
6017	-0.964742
6019	-0.709342
6022	-0.939941
6032	0.034659
6095	-0.311267
6115	1.169888
6116	0.949614
6119	0.898544
6127	0.240679
6128	-0.453960
6130	0.139758
6140	1.360869
6141	-0.506125
6147	1.873225
6148	1.786104
6163	-0.577861
6164	-0.211727
6170	-0.040155
6171	-0.167593
6177	0.857696
6184	-0.810141
6200	-0.327985
6204	-0.084308
6206	0.463509
6223	-0.291251
6240	0.564817
6245	0.429514
6253	0.144983
6267	-1.989801
6269	-0.292919
6290	-1.568249
6303	-0.579256
6317	-1.974880
6343	-0.286281
6350	0.230573
6360	-0.575424
6367	-0.696211
6383	-0.173496
6389	0.244979
6397	-0.353636
6398	-0.499423
6406	1.005418
6407	-0.975756
6412	0.032965
6413	0.242628
6434	0.287335
6435	-0.834124
6460	-0.151676
6463	-0.667902
6464	-0.684275
6489	0.702080
6507	-1.596832
6510	-0.337351
6516	-0.115216
6518	0.034533
6522	-0.797136
6523	-0.381656
6524	-0.046984
6525	-0.134032
6531	0.172751
6536	-0.136725
6575	0.053571
6584	-0.016250
6585	-0.630086
6586	-0.442476
6594	-0.384210
6595	0.796120
6610	0.236063
6612	-0.220494
6615	0.059173
6624	0.162495
6628	-0.478831
6649	-0.337981
6698	-0.166016
6706	-0.243193
6718	0.385334
6719	-0.138293
6722	0.220059
6770	-0.321927
6780	0.331412
6781	0.544013
6794	-1.473868
6795	-1.142606
6796	-1.033797
6799	-0.498509
6809	0.691913
6837	0.940456
6838	0.593454
6839	1.072580
6846	1.125174
6865	-0.577882
6869	1.049642
6870	0.490234
6871	0.350162
6873	0.965849
6876	0.977025
6885	0.872065
6895	-0.095457
6896	-0.420569
6897	-0.594820
6900	0.071016
6903	-0.614246
6906	-0.276957
6916	0.271632
6917	-0.611805
6918	-0.068799
6919	-1.234717
6938	-0.217165
6941	-0.972803
6942	-0.715621
6943	-0.405816
6944	-0.340848
6948	-0.330583
6953	-0.081625
6957	-0.051261
6958	0.333363
6970	0.161224
6971	-0.102316
6976	-0.634600
6977	-0.493298
6990	0.670059
7014	1.061666
7015	0.919755
7016	-0.361376
7018	0.891794
7019	0.992536
7042	0.504084
7053	-0.642537
7066	-0.009746
7067	0.244633
7083	0.553727
7092	0.600180
7100	-0.610821
7103	-0.046477
7110	1.208904
7111	1.011138
7112	1.169868
7113	0.051566
7116	-0.076092
7119	0.218313
7120	0.007802
7121	-0.271011
7122	-0.442940
7140	0.073980
7143	0.566846
7157	1.184218
7165	-0.327786
7175	0.190392
7178	0.175941
7206	-0.508356
7207	0.992815
7217	-0.210475
7218	-0.941345
7221	-1.120899
7227	-0.661039
7230	0.001034
7236	-0.423612
7239	-0.540016
7242	1.015391
7260	-0.361985
7268	-0.758532
7269	1.274757
7304	-0.729201
7326	-0.352790
7327	0.647478
7336	0.335618
7342	0.774617
7346	-0.348242
7348	0.387961
7355	-0.020942
7361	-0.114675
7372	-0.028228
7387	-1.178983
7422	0.223607
7423	0.019462
7425	-0.599826
7436	-0.536788
7442	-0.123093
7446	0.490128
7448	0.626839
7453	1.123902
7463	1.044299
7492	-0.890101
7493	0.039743
7494	-0.435406
7495	-0.078687
7518	0.313944
7520	-0.468955
7540	0.082852
7546	0.432980
7556	-0.957949
7559	-0.760133
7560	0.248508
7561	-0.349919
7564	-0.651807
7575	0.023897
7583	-0.244485
7585	-0.241279
7586	-0.391569
7599	-0.632318
7600	-0.236969
7606	-0.588035
7614	-0.009634
7617	-0.892800
7622	1.284354
7629	-0.765833
7637	-0.980641
7640	-0.172280
7657	0.489200
7665	0.335938
7666	-0.867259
7667	0.290926
7668	0.580234
7669	0.871046
7670	1.003743
7671	0.927180
7681	-0.093422
7683	-0.349859
7684	0.723532
7696	1.218749
7722	-0.532353
7723	-0.793254
7799	0.893968
7852	0.332272
7859	1.130730
7860	0.765787
7861	-0.273297
7865	-0.187087
7875	0.157955
7876	-0.489464
7895	0.611095
7913	0.318479
7917	-0.161983
7952	-1.323445
7969	1.062536
7971	1.138510
8000	0.802578
8002	0.767583
8006	1.134170
8036	1.155048
8056	0.368389
8069	-1.035913
8103	-0.031194
8107	0.907827
8120	-0.179693
8122	1.076421
8125	-0.090034
8127	0.233489
8136	0.435720
8149	0.430166
8154	0.257170
8197	-1.276947
8208	-1.131599
8223	-1.667546
8232	1.168264
8241	1.119809
8256	0.901170
8262	0.708328
8266	0.281118
8267	-0.098650
8268	0.111610
8269	0.139189
8271	1.106693
8273	-0.063022
8280	-1.234695
8284	-1.215369
8303	1.120877
8304	2.193234
8305	2.320395
8308	1.274514
8332	0.343132
8333	-0.082901
8334	0.043164
8338	-0.417099
8363	0.328102
8370	0.830093
8398	-0.239969
8465	-0.581712
8468	-0.129162
8469	-1.028972
8470	-0.928255
8507	0.976144
8552	-0.415527
8572	-0.038783
8574	0.988466
8577	-1.446888
8586	-1.137246
8592	-0.910774
8593	-1.217983
8594	-1.138472
8597	-0.457359
8599	-0.998853
8606	0.654566
8607	-0.036113
8615	-0.015054
8617	-0.204926
8626	-0.997329
8636	0.384315
8669	0.567930
8671	-0.587059
8673	1.794841
8675	-0.107487
8790	-0.152740
8791	0.191839
8811	-0.172792
8822	-1.545740
8841	1.079356
8849	-0.399655
8856	1.734927
8875	-0.624667
8884	0.829712
8906	0.757889
8907	0.879819
8910	0.383188
8911	-2.242218
8912	-0.125199
8913	0.064982
8934	0.647296
8935	0.753075
8954	0.166777
8968	-0.845172
8972	0.163064
9001	-0.225403
9029	-0.012353
9032	1.472593
9058	-0.778870
9059	0.800780
9068	-0.493184
9070	-1.137110
9108	-0.045520
9139	-0.382302
9140	0.317832
9158	0.724509
9187	1.156379
9188	-1.023412
9189	-0.119774
9190	-0.879833
9253	0.655437
9259	0.405542
9268	1.453027
9269	1.133280
9271	2.216158
9312	0.212436
9323	0.611409
9329	0.649613
9330	0.786170
9331	0.211849
9356	2.197002
9376	-0.263145
9394	0.943944
9424	2.382895
9428	-0.348315
9429	-0.295842
9496	0.152819
9536	0.369809
9543	0.540904
9589	-0.494662
9614	-0.164987
9615	0.621887
9617	1.769023
9631	0.079987
9661	0.274028
9668	0.360778
9718	-0.073956
9728	0.577881
9734	-0.723544
9788	0.730713
9791	-0.952155
9793	-0.271144
9804	0.211653
9809	-0.379464
9810	-0.130445
9823	-1.083816
9828	0.999064
9907	0.038941
9951	1.668749
9968	-0.794090
9969	-0.679172
10010	0.625009
10011	0.006823
10012	-0.336861
10018	-1.062603
10021	0.601593
10022	-0.164126
10031	0.812429
10032	0.033301
10033	-0.247955
10034	0.968122
10035	0.717718
10039	-0.634411
10044	-0.791727
10045	-0.575740
10060	-2.697150
10065	0.726002
10077	0.993386
10080	0.922849
10130	1.107055
10131	0.822386
10149	1.056582
10194	-0.221481
10197	-0.332489
10221	0.237091
10226	-0.185640
10232	-0.467299
10233	-0.578565
10263	-0.852445
10264	-1.080671
10274	0.767450
10286	1.344292
10292	0.679323
10299	0.410312
10302	-0.794705
10324	0.127725
10355	0.424278
10358	-0.531536
10362	0.336373
10366	0.482238
10368	0.156195
10370	0.235185
10392	0.608717
10405	-0.638614
10406	-1.055077
10409	1.023978
10419	0.263334
10420	-0.545686
10424	0.152420
10434	1.096819
10455	-1.003540
10478	0.838585
10480	0.223570
10484	0.828243
10510	1.331753
10519	-0.515364
10520	-1.009196
10524	1.580670
10578	0.148108
10630	-0.550219
10643	-0.758136
10645	1.197296
10677	0.312683
10678	0.189952
10690	0.247861
10717	0.036849
10718	0.245324
10719	0.129916
10721	0.307243
10723	1.088012
10735	-0.737753
10736	-0.819904
10829	0.460701
10837	0.213269
10846	-0.318193
10921	-0.614666
10922	0.293697
10923	-0.165208
10924	-0.261916
10964	0.260234
10978	-0.297364
11017	-0.235798
11018	-0.885305
11019	-0.305558
11032	-0.517156
11034	-0.966112
11035	-0.994541
11036	-0.471820
11052	0.111236
11056	0.046154
11060	-1.111894
11063	-0.481311
11064	1.124955
11068	-0.018567
11069	-0.274078
11090	0.950473
11098	-0.774533
11099	-0.186437
11100	-0.355456
11105	-0.660972
11109	-0.370896
11122	-0.056482
11123	0.088232
11125	1.031508
11126	1.059791
11149	-1.253635
11153	-0.733868
11188	0.658964
11193	0.040879
11230	0.876565
11233	0.227147
11236	0.514404
11243	0.003559
11251	1.249788
11259	-0.416580
11263	-0.597500
11272	-0.742775
11321	0.157334
11322	-0.978378
11326	-0.940416
11327	-0.690618
11335	-0.141695
11337	-0.812904
11343	-0.601793
11390	-0.864317
11444	-0.059416
11464	-0.201822
11471	-0.356645
11472	0.045771
11473	0.525674
11492	0.762787
11499	1.233734
11500	0.957092
11505	1.380674
11527	-2.283910
11528	-2.809474
11532	0.379582
11564	0.376875
11589	0.831862
11591	-0.333307
11592	1.089024
11599	0.585241
11605	0.405751
11617	0.039291
11630	0.142787
11631	-0.506244
11632	0.241146
11656	-1.274303
11657	0.671475
11777	0.079213
11786	0.133138
11812	-0.286896
12020	0.696206
12061	-0.917840
12115	0.276448
12154	0.586092
12155	-0.027438
12156	0.464596
12159	0.876679
12174	-0.624236
12176	0.993211
12230	0.534211
12234	0.381370
12236	-0.297647
12237	0.264086
12250	0.180804
12252	1.851671
12253	1.204284
12315	1.143817
12381	0.246717
12382	0.286020
12438	0.944058
12455	0.349717
12462	0.748250
12478	-0.097004
12603	-0.763759
12711	0.063545
12714	0.386499
12716	-0.806062
12754	0.125395
12785	1.667572
12788	-0.191367
12792	-0.266142
12898	-0.485795
12944	-1.830879
12949	-1.220082
13062	0.060433
13099	0.285688
13160	0.282151
13198	1.781340
13239	0.773795
13249	-2.113417
13262	-0.056649
13263	0.901026
13272	-0.037178
13273	-1.397539
13277	0.687569
13305	-1.897930
13342	0.240057
13343	0.260313
13345	-0.539063
13351	0.114315
13357	0.573347
13427	0.080017
13436	-0.140646
13455	-0.908512
13528	-0.106058
13532	0.137215
13553	1.302307
13566	-0.758325
13651	0.446634
13653	-0.441311
13675	-0.142176
13676	-0.070761
13677	-1.212855
13678	0.131063
13681	-1.146537
13688	0.431466
13697	0.899480
13705	0.465650
13708	-0.385014
13737	-0.306678
13760	0.540592
13923	-0.643081
13927	-0.496983
13995	0.255048
14002	1.596920
14003	2.081452
14021	0.792961
14034	-0.944564
14064	-0.985271
14110	0.476369
14155	0.009560
14203	0.238339
14208	0.567368
14340	1.061961
14356	-1.142530
14389	0.136998
14499	1.150410
14625	0.923714
14632	0.567071
14637	0.442367
14641	0.072496
14685	-0.830398
14694	0.445594
14695	0.323862
14699	0.840291
14700	1.183408
14749	-0.499349
14760	0.217282
14790	-1.568621
14791	-1.043326
14796	-0.217053
14797	-0.863434
14891	2.033980
14927	-0.004996
15099	1.494296
15182	-1.439136
15243	2.092516
15245	0.082579
15254	-0.196391
15322	-0.173637
15327	-0.244841
15463	-0.564365
15496	0.892269
15499	0.724749
15502	0.341008
15514	0.124069
15566	1.077578
15580	-1.648360
15583	-1.134212
15586	-0.003024
15601	-2.495855
15621	-0.852830
15780	0.259427
15869	0.985288
16082	-1.140664
16281	-0.326269
16293	-0.939118
16300	-2.025084
16304	-1.920317
16360	0.663102
16361	-2.003230
16367	0.381806
16432	-1.079548
16433	-1.623458
16438	0.170110
16446	-0.566679
16453	-0.938036
16463	-1.892548
16466	0.175989
16477	-0.278395
16482	0.578402
16605	-0.575795
16606	1.052488
16635	-0.853433
16638	-0.046233
16655	0.814880
16673	1.133094
16676	0.303602
16677	0.083096
16678	0.755835
16808	-0.877814
16829	0.770638
17150	-0.193944
17182	-1.148023
17199	-1.600529
17273	1.362095
17431	0.344292
17466	-0.944840
17472	-0.238112
17485	0.211967
17585	-0.667920
17620	-0.672380
17647	-1.599637
17690	-0.581984
17772	-0.388714
18410	0.589488
19647	-0.700143
21458	-0.275690
21885	-0.121517
21973	1.701478
21976	0.786359
21977	0.110177
22084	0.416197
23475	-0.150059
23754	-0.289242
23764	-0.001580
24372	-1.355253
24918	-0.253339
24944	-0.823138
25022	0.187678
25140	0.285774
26484	0.628385
27764	0.653835
28424	-0.994963
28845	-0.490937
29861	-0.566396
30684	0.968540
31288	0.027066
31704	0.626088
32421	0.903059
32520	-0.968793
32893	0.159334
34340	0.108461
35227	-0.444577
35334	0.145554
36499	-0.385261
36843	0.278586
36844	0.381629
36955	-1.149564
36970	-1.028514
39336	-2.700510
39353	0.337219
40538	-1.043133
40541	-0.361205
40542	-0.407909
40599	-1.358700
40601	-0.325012
40602	-1.300644
40656	-0.833275
40657	-0.806113
42157	0.245743
42203	0.844989
42204	1.214220
42851	0.182297
43061	1.570046
44144	0.475632
45195	-0.998218
47030	0.012073
47285	1.798484
47317	0.356502
47457	-0.083473
47460	0.089471
48147	0.723461
48297	-0.917257
48474	0.106528
48696	-0.217388
49516	-2.766252
49630	0.802267
49927	0.104255
50199	0.209815
50249	-0.436151
50259	-0.759895
50904	-0.337916
53231	-1.237104
53471	-0.514837
53531	0.736249
53986	0.040682
55057	-0.289313
56431	1.735792
56432	1.629328
56466	-0.362330
56478	-0.104692
56621	-0.636759
57644	-0.985782
57756	-0.683091
58783	0.311155
59657	0.796074
59715	-1.596385
64825	-0.412670
64947	0.137799
65950	-0.560556
70102	0.799679
75003	-1.955339
75099	-2.082140
75742	-1.503293
75823	-0.210391
75824	-0.010955
78157	0.234984
78181	-1.151538
78191	0.353309
80479	1.197619
80480	-0.521623
80715	1.405015
80719	0.891586
80750	-0.742746
81231	0.106377
84436	0.435982
84780	0.443698
84844	0.269767
85002	0.536281
85003	0.253805
85659	0.671051
85663	0.367135
85710	0.579932
92185	-0.937828
96142	0.554183
96144	1.004662
96482	0.140757
98871	-1.058298
