# 1342 minima projected onto PC79
# Min	PC
3	-0.012181
4	-0.022885
5	0.041468
6	-0.026202
7	-0.028554
9	0.001731
16	-0.031291
17	-0.031701
21	0.014829
23	-0.032152
31	-0.007623
44	-0.010252
47	0.008219
48	-0.033526
51	-0.068571
52	-0.111951
55	-0.062794
56	-0.081724
57	0.002676
58	0.093223
60	0.006546
67	-0.041107
68	-0.073422
71	-0.054300
72	-0.054530
74	-0.008339
79	-0.002191
82	-0.058245
85	0.030726
86	-0.090976
87	0.081628
88	0.060042
91	-0.129615
92	0.038189
94	-0.027399
95	-0.027645
97	0.076827
104	-0.016224
106	0.041194
109	0.019236
111	0.011111
115	-0.139556
120	-0.006102
126	-0.017359
129	-0.270503
136	0.032789
137	0.061286
188	0.014480
189	0.065154
196	0.026769
199	-0.005441
200	-0.059207
202	-0.061430
211	0.192900
213	-0.017420
214	0.002552
219	0.029998
221	0.014608
276	0.045112
279	-0.037892
283	0.131130
295	0.038906
308	-0.017096
312	0.001511
315	0.098598
318	0.230079
319	-0.002931
321	0.149573
324	-0.042461
328	0.104213
334	0.067359
336	-0.057816
338	0.107405
347	-0.014708
351	0.071759
352	-0.033111
354	0.047098
357	-0.128699
359	-0.125820
362	-0.045984
364	0.102886
365	0.118325
368	-0.040867
376	0.064872
377	0.035578
380	-0.048168
386	0.119451
388	0.002263
390	0.016306
396	-0.025529
404	-0.022662
410	0.107534
413	-0.006652
420	-0.002293
423	-0.022691
424	-0.055553
437	0.013916
438	-0.085459
444	-0.050278
452	0.087437
473	0.031337
474	-0.038981
475	0.035648
476	0.021797
478	0.054706
479	0.124504
480	-0.027915
483	0.094850
503	-0.000639
508	-0.057097
509	-0.282758
530	0.035578
536	0.021195
556	-0.043728
581	0.020630
583	0.041947
603	-0.033442
606	-0.005215
607	0.053021
620	-0.020551
628	-0.046151
636	0.057694
637	-0.008162
639	0.035601
640	0.048287
644	-0.079652
645	-0.061023
677	-0.019335
678	-0.063559
679	-0.143632
682	-0.059534
698	0.021766
700	0.057266
710	-0.012057
722	-0.051914
723	0.149107
724	-0.026791
725	0.057118
726	0.153516
747	0.162186
753	0.118403
755	-0.025322
757	0.060028
765	0.015493
782	-0.019615
783	0.059631
793	0.052455
808	0.029500
814	-0.116572
840	0.235394
848	-0.035034
859	0.076789
864	-0.000382
867	0.009913
878	-0.073073
888	0.110334
890	-0.348706
892	-0.010312
899	-0.003275
918	-0.125368
926	0.050502
933	0.051756
934	0.057675
981	0.050911
1028	-0.012961
1034	0.122702
1051	0.117791
1054	-0.054702
1058	0.081719
1062	-0.009225
1063	-0.052596
1064	-0.048031
1066	-0.028874
1068	-0.007634
1073	0.024745
1082	0.017745
1083	0.031766
1086	-0.054945
1089	0.019082
1090	0.086904
1091	0.091197
1092	0.059509
1164	0.021154
1165	-0.000818
1174	0.056755
1176	-0.097468
1184	-0.078869
1191	-0.018291
1192	0.022837
1201	-0.030038
1230	0.056032
1339	-0.041315
1341	-0.009677
1370	-0.057013
1385	0.121011
1405	0.003605
1437	0.107423
1441	0.033770
1443	0.045554
1521	0.003180
1522	-0.110780
1523	-0.026234
1524	-0.098102
1525	-0.007642
1541	-0.092542
1542	-0.074628
1550	-0.047957
1551	-0.085369
1596	-0.030444
1597	0.084705
1628	-0.088905
1629	-0.098850
1633	0.110548
1636	-0.085685
1637	0.069374
1765	-0.066890
1766	-0.085580
1780	0.028181
1862	-0.064995
1865	-0.056907
1870	-0.035571
1885	0.164567
1910	-0.017727
1911	-0.055482
2007	-0.059019
2060	-0.065264
2062	-0.110323
2090	-0.037128
2093	0.049234
2094	0.075774
2095	0.088023
2096	-0.011153
2100	0.052966
2101	-0.031087
2102	-0.054964
2103	-0.045328
2104	-0.071287
2105	0.060534
2128	-0.048487
2129	-0.050507
2135	-0.120793
2190	0.010450
2195	0.030937
2197	0.074737
2198	0.057330
2199	-0.045766
2200	0.020347
2201	-0.046696
2202	0.086944
2205	0.020409
2217	0.090314
2218	-0.199782
2221	-0.048632
2272	-0.036619
2273	-0.006318
2275	-0.034936
2288	0.124534
2293	-0.032088
2298	0.033022
2299	0.049916
2300	0.018672
2301	0.018680
2338	-0.012923
2342	0.067845
2343	-0.009630
2358	-0.071399
2384	-0.069930
2385	0.072554
2399	0.051711
2435	0.073236
2436	0.056290
2465	-0.067328
2467	0.052897
2468	0.095914
2469	0.126919
2470	0.029055
2471	0.051282
2474	0.041429
2620	0.096731
2650	-0.024355
2651	-0.129534
2685	-0.162884
2688	0.139997
2730	0.099190
2843	0.021964
2951	-0.169793
2959	-0.032979
3236	-0.048387
3305	0.005670
3318	0.062724
3340	0.085210
3352	-0.031827
3355	-0.091334
3356	-0.231477
3365	0.085984
3366	-0.044412
3367	-0.025432
3368	0.112880
3401	-0.015956
3405	0.179037
3434	-0.009254
3448	-0.023860
3454	0.018219
3481	-0.064829
3495	-0.112637
3504	0.019164
3532	-0.230324
3540	0.002183
3549	0.223566
3550	0.048429
3569	0.017533
3595	0.071356
3596	0.086978
3603	-0.140892
3621	-0.049347
3622	-0.038926
3647	0.006218
3649	-0.100695
3651	0.038766
3652	-0.025012
3723	-0.001659
3757	0.057282
3772	-0.001887
3787	0.100194
3798	-0.174164
3799	-0.143887
3889	-0.025061
3897	-0.079175
3898	0.007941
3904	-0.050041
3945	-0.005700
3990	0.011098
4024	-0.020002
4039	0.056498
4048	-0.005100
4050	-0.027718
4076	-0.081692
4094	0.147704
4170	-0.063570
4251	-0.044075
4252	-0.010556
4299	0.039303
4302	0.007493
4318	-0.102787
4319	-0.092821
4320	-0.028548
4360	-0.009449
4388	0.123661
4414	0.040673
4426	-0.067422
4446	0.066358
4527	0.011450
4545	0.019362
4546	-0.053078
4554	0.187855
4564	0.000289
4567	-0.007231
4634	0.091067
4693	-0.058410
4736	0.073146
4761	0.005374
4879	-0.007588
5071	-0.157077
5138	0.101120
5164	0.030327
5182	-0.007428
5183	-0.052729
5184	-0.119054
5187	-0.002086
5188	0.148110
5189	0.122955
5193	-0.110691
5194	-0.055480
5195	0.103628
5197	-0.182905
5203	0.192132
5205	0.198241
5212	-0.024899
5213	-0.023251
5222	0.053452
5223	0.027995
5228	0.007343
5232	0.094589
5244	-0.205792
5245	0.088991
5246	0.095985
5248	-0.052906
5292	0.057652
5293	-0.175923
5299	0.082988
5300	0.039450
5315	-0.120948
5316	-0.165153
5319	-0.003894
5320	-0.006653
5321	-0.075859
5322	-0.015943
5323	-0.051388
5324	-0.069265
5325	-0.074308
5329	-0.200515
5342	-0.027223
5343	0.116278
5374	0.008422
5376	0.094160
5378	-0.219250
5379	0.054058
5382	-0.130650
5390	-0.059366
5398	0.150320
5402	-0.097993
5404	-0.083660
5407	-0.069732
5408	-0.124318
5409	-0.047899
5411	-0.009103
5412	-0.131473
5413	-0.132871
5416	-0.167521
5418	0.099576
5422	0.037893
5425	0.131049
5427	0.053557
5428	-0.110594
5432	0.067946
5436	0.052245
5443	0.030936
5444	0.146353
5458	-0.011449
5462	-0.004020
5465	0.081532
5468	0.103735
5471	0.067357
5480	-0.159359
5481	0.176950
5485	0.029315
5486	-0.041401
5488	0.007579
5489	0.004681
5495	-0.046003
5513	-0.010785
5515	0.048565
5516	-0.001603
5521	0.007926
5527	-0.096572
5528	-0.017139
5536	-0.058098
5537	-0.042202
5547	-0.030505
5565	0.040757
5573	0.206003
5579	0.040651
5583	0.117644
5586	0.036866
5589	-0.014581
5590	0.127900
5593	-0.044390
5599	-0.128094
5604	-0.004542
5605	0.124387
5606	0.026505
5625	-0.393809
5649	0.089362
5656	0.086323
5657	-0.415297
5658	-0.000564
5686	0.067389
5695	0.007298
5705	0.014252
5706	-0.036206
5716	-0.000740
5717	0.008635
5718	0.003716
5719	-0.003556
5720	0.207386
5724	-0.092523
5738	-0.002179
5742	-0.081457
5750	-0.193232
5751	-0.070868
5756	-0.008039
5761	0.164397
5768	-0.024126
5773	0.048668
5792	0.053624
5793	-0.005807
5794	0.000729
5806	-0.026509
5811	0.096660
5812	0.128780
5813	-0.021667
5814	-0.025874
5821	-0.023575
5823	-0.041533
5825	-0.028763
5831	0.101884
5832	0.111246
5833	-0.242845
5847	-0.046367
5849	0.076351
5851	0.198084
5854	-0.073862
5858	-0.158346
5862	0.026881
5875	0.056190
5876	-0.069581
5903	0.030749
5910	0.027337
5912	0.026158
5913	-0.109708
5925	0.017616
5926	0.090281
5927	0.009379
5928	0.015037
5930	-0.004884
5931	0.076550
5933	-0.014449
5934	0.017933
5937	0.092856
5939	0.121902
5940	0.107632
5941	-0.053492
5943	-0.035346
5963	-0.017965
5964	0.020397
5965	0.030538
5966	-0.011974
5968	0.067146
5969	0.206833
5970	0.150625
5971	-0.030553
5975	0.013857
6006	0.002721
6011	0.103914
6017	-0.005514
6019	-0.017441
6022	-0.003273
6032	0.047345
6095	-0.091173
6115	0.238852
6116	-0.062530
6119	0.052589
6127	0.009829
6128	0.039114
6130	-0.092160
6140	0.017019
6141	-0.012868
6147	0.407127
6148	0.408155
6163	-0.255720
6164	-0.033921
6170	0.045529
6171	-0.089791
6177	-0.075488
6184	-0.063726
6200	0.061714
6204	0.138219
6206	0.116594
6223	-0.135947
6240	-0.061822
6245	0.078156
6253	0.003158
6267	-0.102857
6269	-0.004671
6290	-0.096360
6303	0.215335
6317	-0.082303
6343	-0.075233
6350	-0.007881
6360	0.213787
6367	-0.214804
6383	0.098210
6389	-0.065536
6397	-0.059146
6398	-0.077916
6406	-0.052625
6407	-0.220046
6412	0.212127
6413	0.210366
6434	-0.003514
6435	-0.057175
6460	-0.097322
6463	-0.065707
6464	-0.065547
6489	0.065038
6507	0.004858
6510	0.054095
6516	-0.017459
6518	-0.013649
6522	0.221762
6523	0.085575
6524	0.074879
6525	0.053408
6531	0.021654
6536	0.084610
6575	0.124294
6584	-0.045677
6585	-0.100524
6586	0.038075
6594	-0.048257
6595	-0.035631
6610	-0.093696
6612	0.067258
6615	-0.072380
6624	0.004438
6628	-0.025402
6649	-0.034496
6698	0.011146
6706	0.039244
6718	-0.050151
6719	-0.044829
6722	-0.063939
6770	0.123537
6780	-0.053267
6781	-0.027308
6794	0.055837
6795	-0.191135
6796	0.008594
6799	-0.068914
6809	0.010428
6837	-0.048661
6838	0.152885
6839	0.163133
6846	0.056110
6865	0.031125
6869	0.048160
6870	-0.046734
6871	0.036005
6873	0.092200
6876	0.018894
6885	0.060335
6895	0.023408
6896	0.004844
6897	-0.000379
6900	-0.128840
6903	0.033317
6906	-0.030891
6916	0.090178
6917	0.041845
6918	0.044731
6919	0.196128
6938	-0.056393
6941	0.083186
6942	0.035546
6943	0.131244
6944	0.217017
6948	-0.120949
6953	-0.105907
6957	0.084026
6958	-0.037511
6970	0.080708
6971	0.026354
6976	0.000442
6977	-0.035843
6990	-0.055684
7014	0.098932
7015	-0.022984
7016	-0.158589
7018	0.140806
7019	0.117049
7042	-0.140194
7053	-0.017276
7066	0.031710
7067	0.202456
7083	0.020710
7092	-0.079176
7100	-0.010566
7103	0.001096
7110	0.047964
7111	-0.078627
7112	-0.015794
7113	-0.087757
7116	-0.012561
7119	0.147801
7120	-0.134333
7121	0.033916
7122	-0.002402
7140	-0.023521
7143	-0.003535
7157	0.025891
7165	0.067134
7175	-0.007289
7178	-0.006191
7206	0.052209
7207	-0.131990
7217	-0.011705
7218	0.109808
7221	0.065440
7227	0.016060
7230	0.023485
7236	0.068974
7239	0.030831
7242	0.045103
7260	0.001265
7268	0.156012
7269	-0.056676
7304	0.006124
7326	0.001871
7327	-0.101840
7336	0.054964
7342	-0.081260
7346	0.092899
7348	0.047467
7355	0.153291
7361	0.251167
7372	-0.137659
7387	0.067009
7422	0.023955
7423	-0.184441
7425	0.101439
7436	0.071784
7442	-0.320058
7446	-0.074916
7448	-0.135588
7453	0.063806
7463	-0.107341
7492	0.098666
7493	-0.103794
7494	-0.100808
7495	-0.078489
7518	-0.069481
7520	0.028823
7540	0.047746
7546	0.121959
7556	0.103443
7559	0.032829
7560	0.000102
7561	0.172091
7564	0.107895
7575	-0.025662
7583	0.033973
7585	0.022992
7586	-0.141845
7599	-0.055968
7600	0.078378
7606	-0.068769
7614	-0.008206
7617	0.025349
7622	0.067623
7629	0.074202
7637	-0.176441
7640	-0.014479
7657	0.086295
7665	0.022733
7666	0.067481
7667	-0.096039
7668	-0.072076
7669	0.039780
7670	-0.144648
7671	-0.020924
7681	-0.005440
7683	-0.003518
7684	0.021808
7696	0.056778
7722	0.228863
7723	-0.023537
7799	0.020533
7852	-0.017496
7859	-0.083031
7860	0.102958
7861	0.042410
7865	0.076278
7875	-0.077485
7876	-0.076704
7895	0.002470
7913	0.051220
7917	0.010323
7952	0.123571
7969	-0.015138
7971	-0.087554
8000	-0.034729
8002	-0.028078
8006	-0.144751
8036	-0.049368
8056	-0.124628
8069	-0.233508
8103	0.291933
8107	0.116454
8120	-0.130233
8122	0.144432
8125	0.119405
8127	-0.088016
8136	0.064146
8149	0.104133
8154	0.150481
8197	0.004566
8208	-0.039305
8223	0.172572
8232	-0.006341
8241	0.116217
8256	0.091915
8262	0.111964
8266	0.073137
8267	0.038328
8268	-0.081319
8269	-0.161168
8271	0.096873
8273	-0.080336
8280	0.066793
8284	-0.003243
8303	0.127354
8304	0.132460
8305	0.095949
8308	0.167540
8332	0.063765
8333	-0.152699
8334	-0.289493
8338	0.167482
8363	-0.071955
8370	-0.076195
8398	-0.059573
8465	0.176622
8468	0.037786
8469	-0.013823
8470	-0.014793
8507	0.055337
8552	-0.004009
8572	0.063124
8574	0.118491
8577	0.027521
8586	-0.039416
8592	-0.011770
8593	0.063820
8594	-0.018013
8597	-0.090307
8599	-0.023260
8606	0.040872
8607	-0.025245
8615	-0.021411
8617	-0.015292
8626	0.008316
8636	-0.022586
8669	-0.152998
8671	-0.075188
8673	-0.045411
8675	0.005042
8790	0.063108
8791	0.026813
8811	-0.031438
8822	-0.019380
8841	0.063563
8849	0.114500
8856	0.100996
8875	0.039565
8884	-0.032519
8906	0.095441
8907	0.116675
8910	-0.157052
8911	0.233160
8912	0.008360
8913	-0.226084
8934	0.047194
8935	-0.086699
8954	-0.061471
8968	0.013908
8972	-0.079557
9001	0.026128
9029	0.027201
9032	0.059880
9058	-0.010936
9059	-0.142819
9068	0.001533
9070	0.071723
9108	-0.126588
9139	-0.033397
9140	-0.042944
9158	-0.031450
9187	0.055168
9188	-0.060072
9189	-0.028605
9190	-0.076259
9253	0.054343
9259	0.086145
9268	0.015754
9269	-0.155653
9271	0.066146
9312	0.010067
9323	0.046000
9329	0.105564
9330	0.118076
9331	0.043085
9356	0.057403
9376	-0.255407
9394	0.022133
9424	0.022369
9428	0.060795
9429	0.012375
9496	-0.030579
9536	0.028165
9543	-0.047321
9589	0.035751
9614	-0.038493
9615	0.042030
9617	-0.354405
9631	0.035190
9661	0.087586
9668	-0.070451
9718	-0.002355
9728	0.102403
9734	0.038871
9788	-0.098140
9791	-0.277182
9793	-0.061223
9804	-0.090623
9809	0.067086
9810	0.109424
9823	-0.008237
9828	0.252462
9907	-0.067079
9951	0.105010
9968	0.100057
9969	0.073471
10010	0.067733
10011	0.213710
10012	0.045072
10018	0.085236
10021	0.027405
10022	0.088390
10031	0.050284
10032	0.126114
10033	0.017292
10034	0.068823
10035	0.032475
10039	0.068405
10044	0.093926
10045	0.071970
10060	0.065718
10065	0.011232
10077	-0.048591
10080	0.022741
10130	0.006613
10131	-0.180699
10149	0.135906
10194	-0.108790
10197	0.118684
10221	-0.136138
10226	-0.145499
10232	-0.096981
10233	0.052065
10263	-0.073974
10264	-0.031070
10274	-0.105406
10286	-0.009073
10292	0.057397
10299	0.026289
10302	-0.064223
10324	-0.022977
10355	0.068744
10358	-0.070191
10362	0.059180
10366	0.157091
10368	0.068571
10370	-0.063211
10392	-0.104454
10405	0.081292
10406	0.137226
10409	-0.018962
10419	-0.100080
10420	0.012498
10424	-0.075698
10434	-0.054166
10455	-0.031550
10478	0.004603
10480	0.059625
10484	0.019130
10510	-0.033552
10519	0.075885
10520	0.097138
10524	-0.059711
10578	-0.047345
10630	-0.022727
10643	-0.018413
10645	0.048228
10677	-0.073173
10678	-0.106023
10690	-0.053828
10717	-0.097522
10718	-0.075577
10719	-0.111775
10721	0.023027
10723	0.113007
10735	0.105784
10736	-0.078899
10829	-0.049749
10837	0.029107
10846	0.049792
10921	-0.129230
10922	-0.053140
10923	0.007275
10924	0.016936
10964	-0.070366
10978	-0.104662
11017	0.109554
11018	0.113918
11019	-0.067392
11032	-0.086573
11034	-0.089428
11035	-0.094404
11036	-0.088168
11052	0.144803
11056	0.015041
11060	0.080511
11063	-0.055705
11064	0.010505
11068	-0.113940
11069	-0.078204
11090	0.036795
11098	-0.063591
11099	-0.134369
11100	-0.120050
11105	-0.089258
11109	-0.005952
11122	0.102886
11123	0.110520
11125	-0.018924
11126	-0.068803
11149	-0.076516
11153	-0.071660
11188	0.124978
11193	-0.158339
11230	0.032544
11233	-0.079088
11236	0.114817
11243	0.154538
11251	0.041126
11259	0.022032
11263	-0.180003
11272	-0.090636
11321	-0.048128
11322	0.010894
11326	-0.017599
11327	0.108425
11335	-0.000476
11337	-0.061592
11343	-0.074142
11390	-0.055036
11444	-0.026354
11464	0.008289
11471	-0.033747
11472	-0.145406
11473	-0.197871
11492	0.048227
11499	-0.002611
11500	-0.104188
11505	0.082069
11527	-0.020422
11528	-0.065993
11532	-0.049023
11564	-0.031087
11589	-0.009361
11591	0.026220
11592	0.026734
11599	0.131175
11605	-0.143958
11617	-0.061490
11630	-0.011953
11631	-0.279872
11632	-0.056422
11656	0.172766
11657	0.032945
11777	0.009770
11786	-0.034680
11812	-0.067575
12020	0.000926
12061	0.172607
12115	-0.034570
12154	-0.105185
12155	-0.105087
12156	-0.024971
12159	0.037017
12174	0.052227
12176	-0.016821
12230	-0.076303
12234	-0.038746
12236	0.061445
12237	0.085567
12250	-0.116702
12252	-0.041649
12253	-0.018608
12315	-0.018695
12381	-0.103007
12382	-0.093454
12438	0.142904
12455	-0.034198
12462	-0.185644
12478	-0.099046
12603	-0.154429
12711	0.038286
12714	-0.094986
12716	-0.072481
12754	-0.076554
12785	-0.061227
12788	-0.066765
12792	-0.425271
12898	0.137791
12944	-0.017082
12949	-0.208545
13062	-0.051023
13099	-0.138965
13160	0.023831
13198	0.067669
13239	-0.048363
13249	0.040907
13262	-0.120228
13263	0.001817
13272	-0.013376
13273	-0.118028
13277	0.125672
13305	0.121140
13342	0.074449
13343	0.008879
13345	-0.029481
13351	-0.067030
13357	0.080557
13427	0.028697
13436	-0.045767
13455	0.080247
13528	-0.078292
13532	0.088971
13553	0.128037
13566	0.166283
13651	-0.023041
13653	0.063936
13675	-0.092197
13676	-0.022733
13677	0.087454
13678	-0.103389
13681	0.047655
13688	0.013141
13697	0.117065
13705	0.060073
13708	0.023722
13737	0.157453
13760	0.078659
13923	0.136051
13927	0.105063
13995	0.019239
14002	-0.068984
14003	-0.150810
14021	0.150444
14034	-0.084348
14064	-0.088208
14110	-0.060012
14155	0.005675
14203	0.045636
14208	-0.040893
14340	-0.011683
14356	-0.091912
14389	-0.139511
14499	-0.039749
14625	0.102520
14632	0.068226
14637	0.053435
14641	0.024354
14685	-0.029109
14694	-0.002496
14695	-0.037315
14699	0.076522
14700	-0.225932
14749	-0.064647
14760	-0.083387
14790	-0.025536
14791	-0.032677
14796	-0.098668
14797	-0.036901
14891	-0.062145
14927	-0.029005
15099	-0.152004
15182	0.036412
15243	0.042277
15245	-0.046473
15254	-0.114898
15322	-0.099728
15327	-0.071900
15463	-0.086201
15496	0.000293
15499	0.111826
15502	-0.035285
15514	-0.064732
15566	-0.024525
15580	-0.011233
15583	-0.069130
15586	-0.063783
15601	-0.062381
15621	-0.046430
15780	-0.048726
15869	-0.020568
16082	0.002907
16281	-0.213322
16293	-0.003864
16300	0.123099
16304	0.039717
16360	-0.094730
16361	0.024209
16367	0.113327
16432	-0.051996
16433	0.118028
16438	-0.019061
16446	0.169495
16453	0.064237
16463	0.075790
16466	-0.007337
16477	0.053610
16482	0.053718
16605	-0.006475
16606	-0.046507
16635	-0.023725
16638	0.062855
16655	0.194192
16673	0.123903
16676	-0.089655
16677	-0.106624
16678	0.085770
16808	-0.007570
16829	0.161944
17150	-0.115064
17182	0.005036
17199	0.033397
17273	0.094746
17431	-0.011746
17466	-0.150340
17472	-0.035645
17485	0.009260
17585	0.040608
17620	0.033634
17647	0.032688
17690	-0.059868
17772	-0.006299
18410	-0.155344
19647	0.165227
21458	-0.044111
21885	0.115402
21973	-0.030178
21976	-0.048729
21977	0.089396
22084	-0.106764
23475	-0.060976
23754	-0.112854
23764	-0.187890
24372	-0.159376
24918	-0.143429
24944	-0.151417
25022	0.077806
25140	0.082560
26484	-0.192663
27764	0.055049
28424	-0.112174
28845	-0.069840
29861	-0.026972
30684	0.027991
31288	0.114267
31704	-0.021704
32421	-0.000335
32520	0.224233
32893	0.033259
34340	-0.168634
35227	0.052066
35334	-0.017119
36499	-0.124542
36843	0.115949
36844	0.082897
36955	-0.066162
36970	-0.129179
39336	0.115254
39353	0.026852
40538	0.160046
40541	0.111840
40542	0.055643
40599	0.096293
40601	0.164063
40602	0.110217
40656	0.190630
40657	0.049087
42157	-0.079060
42203	-0.011223
42204	0.119163
42851	-0.034771
43061	-0.001131
44144	0.068017
45195	0.103403
47030	0.111459
47285	0.095337
47317	0.067325
47457	0.112448
47460	-0.113542
48147	0.006296
48297	-0.373772
48474	-0.121256
48696	0.021735
49516	0.019487
49630	-0.036515
49927	-0.054832
50199	-0.008029
50249	-0.125996
50259	-0.001733
50904	0.127617
53231	-0.036425
53471	-0.072157
53531	-0.104586
53986	-0.068996
55057	0.077386
56431	-0.075701
56432	-0.096282
56466	0.064806
56478	0.213709
56621	0.100204
57644	-0.022032
57756	0.003781
58783	-0.008567
59657	0.046406
59715	-0.356541
64825	-0.049730
64947	-0.000189
65950	-0.071437
70102	0.067007
75003	0.120670
75099	0.076832
75742	-0.050693
75823	-0.157247
75824	-0.065028
78157	-0.097471
78181	0.032442
78191	0.086155
80479	0.004291
80480	0.130130
80715	-0.158555
80719	-0.195949
80750	-0.123716
81231	-0.046388
84436	0.096008
84780	0.055422
84844	-0.007716
85002	0.092561
85003	-0.123894
85659	0.192099
85663	0.115242
85710	0.088742
92185	0.144773
96142	0.196814
96144	0.040024
96482	-0.084224
98871	-0.072749
