# 1342 minima projected onto PC94
Min	PC
3	0.017915
4	0.014793
5	-0.057185
6	-0.067475
7	0.004911
9	0.018580
16	0.004997
17	-0.053146
21	-0.004627
23	0.015024
31	-0.017136
44	-0.002766
47	-0.025205
48	-0.046443
51	0.021140
52	0.004645
55	0.016554
56	-0.056056
57	0.004633
58	-0.117734
60	0.039174
67	0.067845
68	0.047870
71	0.017376
72	0.023260
74	0.003981
79	-0.017419
82	0.021195
85	0.006551
86	-0.034435
87	0.006082
88	0.019893
91	-0.007806
92	0.018708
94	0.004354
95	0.012741
97	-0.057068
104	-0.044802
106	-0.135875
109	0.022900
111	0.021472
115	0.001800
120	-0.004083
126	-0.017189
129	0.022131
136	-0.018324
137	-0.002833
188	0.012192
189	-0.033909
196	-0.027387
199	-0.007848
200	0.020377
202	0.015162
211	0.008418
213	-0.001082
214	0.001066
219	-0.017834
221	0.033646
276	-0.003406
279	0.040252
283	-0.014235
295	-0.010559
308	-0.012642
312	-0.026264
315	0.062929
318	0.003922
319	0.004483
321	-0.062431
324	0.044766
328	0.000554
334	-0.011887
336	-0.048476
338	0.021748
347	0.074555
351	0.007769
352	0.016552
354	-0.006460
357	-0.063395
359	-0.014042
362	0.002089
364	-0.002826
365	0.005614
368	0.001499
376	-0.072464
377	-0.023780
380	-0.033392
386	0.076282
388	0.003148
390	-0.023506
396	0.007302
404	-0.007368
410	0.013137
413	0.044880
420	-0.005140
423	-0.049752
424	-0.031878
437	0.029133
438	-0.019088
444	-0.026587
452	-0.046241
473	-0.021298
474	-0.065577
475	-0.003184
476	-0.022444
478	-0.030407
479	-0.040424
480	-0.007561
483	-0.000358
503	0.038953
508	0.041603
509	0.022650
530	0.058273
536	-0.039635
556	0.034366
581	-0.026726
583	-0.024325
603	0.028844
606	-0.059146
607	-0.035171
620	0.040337
628	0.012983
636	-0.094831
637	0.068726
639	-0.091844
640	-0.052286
644	0.038729
645	0.008161
677	-0.120322
678	0.032238
679	-0.022732
682	0.050206
698	-0.026128
700	-0.034647
710	-0.016817
722	-0.038898
723	0.022342
724	-0.003979
725	-0.099371
726	0.002947
747	-0.015717
753	-0.008856
755	-0.067842
757	0.045723
765	-0.014489
782	0.088000
783	-0.023071
793	-0.021633
808	-0.023320
814	-0.138449
840	0.046494
848	-0.001809
859	-0.021914
864	0.010355
867	-0.026227
878	0.049498
888	-0.006128
890	-0.044250
892	-0.021201
899	-0.028224
918	-0.062805
926	-0.001982
933	-0.022504
934	-0.009676
981	-0.002334
1028	0.023008
1034	0.070567
1051	0.010911
1054	0.030094
1058	-0.058424
1062	-0.043605
1063	-0.091731
1064	-0.022275
1066	-0.042169
1068	-0.000792
1073	0.000005
1082	0.004659
1083	0.029894
1086	-0.012182
1089	0.009071
1090	0.000630
1091	-0.009247
1092	0.029381
1164	-0.040455
1165	-0.021183
1174	0.029210
1176	-0.008794
1184	0.045212
1191	0.040283
1192	-0.052078
1201	0.044988
1230	-0.008960
1339	0.001677
1341	0.004875
1370	0.036912
1385	-0.163115
1405	-0.014507
1437	-0.065789
1441	-0.026549
1443	-0.046435
1521	-0.018055
1522	-0.061623
1523	-0.058568
1524	-0.029217
1525	0.004038
1541	0.011182
1542	-0.019606
1550	-0.020788
1551	-0.077984
1596	0.044428
1597	0.086595
1628	-0.004057
1629	0.039637
1633	0.037773
1636	0.021605
1637	0.085346
1765	-0.004793
1766	-0.050849
1780	0.004306
1862	-0.001887
1865	0.015164
1870	-0.042396
1885	-0.073756
1910	0.017686
1911	-0.083841
2007	0.008258
2060	-0.007385
2062	0.135200
2090	0.060537
2093	-0.000023
2094	0.006285
2095	-0.051699
2096	0.044997
2100	-0.126429
2101	0.011105
2102	-0.008920
2103	0.014774
2104	-0.002230
2105	-0.008943
2128	-0.006707
2129	-0.022582
2135	-0.022130
2190	0.003629
2195	0.050775
2197	-0.038206
2198	0.027059
2199	-0.000496
2200	-0.020694
2201	-0.059390
2202	0.023359
2205	-0.013257
2217	0.025225
2218	0.079827
2221	0.022786
2272	0.028649
2273	-0.018023
2275	0.022885
2288	0.112247
2293	-0.023249
2298	0.025883
2299	0.051877
2300	-0.030094
2301	0.053981
2338	0.035059
2342	-0.027100
2343	-0.026481
2358	-0.099523
2384	0.016641
2385	-0.006632
2399	-0.107718
2435	0.015992
2436	-0.002912
2465	0.005465
2467	-0.072446
2468	-0.018900
2469	-0.067626
2470	-0.015201
2471	-0.049455
2474	-0.133234
2620	-0.034657
2650	-0.014463
2651	0.021153
2685	-0.070676
2688	-0.008359
2730	-0.015854
2843	-0.038764
2951	0.032731
2959	0.002072
3236	0.051088
3305	0.008240
3318	-0.008025
3340	0.001974
3352	0.040545
3355	0.102778
3356	0.071557
3365	-0.020130
3366	-0.016321
3367	0.014953
3368	0.009289
3401	-0.013403
3405	-0.094819
3434	-0.004507
3448	-0.057211
3454	0.019249
3481	0.039861
3495	-0.009846
3504	-0.007724
3532	0.029524
3540	-0.043504
3549	0.031508
3550	-0.019172
3569	0.024617
3595	0.026766
3596	0.017198
3603	0.005080
3621	-0.022407
3622	0.077820
3647	-0.021882
3649	0.038711
3651	-0.004565
3652	0.016258
3723	0.050322
3757	0.015411
3772	0.106205
3787	-0.035126
3798	0.030103
3799	0.126719
3889	-0.032566
3897	-0.035791
3898	-0.024896
3904	0.021093
3945	-0.009643
3990	0.015829
4024	-0.046662
4039	-0.015301
4048	0.077422
4050	-0.012280
4076	-0.032968
4094	-0.019910
4170	-0.051149
4251	0.033899
4252	0.029660
4299	-0.003298
4302	-0.032955
4318	-0.021971
4319	0.026550
4320	0.058102
4360	0.024381
4388	-0.048240
4414	0.020750
4426	0.037655
4446	0.006136
4527	0.064229
4545	0.019783
4546	0.039692
4554	0.039030
4564	0.016413
4567	-0.053346
4634	-0.018030
4693	-0.009518
4736	0.021849
4761	0.033544
4879	0.000094
5071	0.002554
5138	0.002302
5164	0.037476
5182	0.026752
5183	0.010804
5184	0.090289
5187	0.028948
5188	0.035686
5189	0.049549
5193	-0.038083
5194	-0.108767
5195	0.067218
5197	-0.014553
5203	0.119375
5205	0.001392
5212	-0.022109
5213	0.069671
5222	0.018125
5223	-0.040541
5228	0.023633
5232	0.059778
5244	-0.019133
5245	0.056632
5246	-0.050876
5248	-0.027194
5292	-0.004195
5293	0.000266
5299	-0.068090
5300	0.034433
5315	0.023086
5316	0.008723
5319	0.013635
5320	0.029967
5321	0.026212
5322	-0.135167
5323	0.000383
5324	0.015143
5325	0.029766
5329	-0.014505
5342	-0.003762
5343	-0.034473
5374	-0.176354
5376	-0.079779
5378	0.107745
5379	-0.081589
5382	-0.000019
5390	0.044596
5398	0.060105
5402	0.026808
5404	-0.014928
5407	-0.007603
5408	0.018346
5409	-0.034261
5411	0.008112
5412	0.006381
5413	0.030214
5416	0.085774
5418	-0.034310
5422	0.023835
5425	0.088449
5427	0.050112
5428	-0.009300
5432	0.003339
5436	0.072411
5443	0.040779
5444	-0.010956
5458	0.001620
5462	-0.043797
5465	0.041598
5468	0.004384
5471	0.053624
5480	-0.112726
5481	-0.044981
5485	0.025307
5486	0.035574
5488	-0.027006
5489	-0.034903
5495	0.048832
5513	0.015305
5515	-0.022790
5516	-0.108274
5521	0.003429
5527	-0.003409
5528	0.007741
5536	0.117469
5537	0.028673
5547	-0.021660
5565	-0.015394
5573	0.008670
5579	-0.019441
5583	-0.005123
5586	0.060558
5589	-0.050668
5590	0.001290
5593	-0.002336
5599	-0.073320
5604	0.003711
5605	0.046601
5606	-0.007837
5625	-0.032064
5649	-0.037878
5656	0.066949
5657	-0.045325
5658	-0.050741
5686	-0.007963
5695	-0.035898
5705	0.036069
5706	-0.010357
5716	-0.013029
5717	0.014852
5718	-0.083197
5719	0.039981
5720	-0.003352
5724	-0.024238
5738	0.054659
5742	0.020458
5750	0.054372
5751	-0.023493
5756	0.023060
5761	0.052649
5768	-0.001153
5773	-0.028768
5792	-0.010127
5793	0.011152
5794	0.013901
5806	0.090318
5811	0.018564
5812	-0.028753
5813	-0.011509
5814	0.022130
5821	0.079522
5823	-0.076845
5825	-0.025175
5831	-0.058376
5832	0.018499
5833	-0.007182
5847	-0.046341
5849	-0.031748
5851	0.035829
5854	-0.063644
5858	-0.064065
5862	-0.039260
5875	0.005078
5876	0.018131
5903	0.014581
5910	0.115464
5912	0.162003
5913	0.187480
5925	-0.034446
5926	-0.049039
5927	-0.016230
5928	-0.056939
5930	-0.018655
5931	-0.053252
5933	-0.122154
5934	-0.018975
5937	-0.040081
5939	0.002844
5940	-0.018020
5941	0.071677
5943	0.048787
5963	-0.014758
5964	0.039908
5965	-0.019155
5966	-0.061440
5968	-0.110731
5969	-0.010310
5970	-0.001718
5971	0.008298
5975	0.034200
6006	0.040815
6011	-0.089138
6017	0.050363
6019	0.028246
6022	0.005027
6032	0.123476
6095	0.020688
6115	0.052281
6116	-0.015163
6119	0.002636
6127	0.053399
6128	-0.039516
6130	0.023843
6140	-0.012766
6141	-0.012312
6147	0.045657
6148	0.026150
6163	0.033558
6164	0.020014
6170	-0.051742
6171	0.025076
6177	-0.006686
6184	-0.010016
6200	0.045429
6204	0.041867
6206	0.058706
6223	-0.001939
6240	-0.003080
6245	-0.062888
6253	0.024801
6267	-0.021915
6269	0.028495
6290	0.029743
6303	0.033542
6317	-0.016252
6343	-0.054548
6350	-0.081599
6360	0.065015
6367	-0.032819
6383	-0.038894
6389	0.032881
6397	0.006579
6398	-0.005915
6406	0.061803
6407	-0.108834
6412	0.020106
6413	-0.003159
6434	0.021488
6435	0.024657
6460	-0.020993
6463	0.088948
6464	0.057341
6489	0.055014
6507	0.022843
6510	0.093759
6516	0.009665
6518	-0.045994
6522	-0.028131
6523	-0.000887
6524	0.026223
6525	0.007941
6531	0.129847
6536	0.045183
6575	0.036920
6584	-0.016045
6585	0.025545
6586	-0.039000
6594	0.003638
6595	-0.011922
6610	-0.009670
6612	-0.040569
6615	-0.020265
6624	-0.058349
6628	0.034087
6649	-0.015933
6698	0.026571
6706	-0.015996
6718	-0.001498
6719	0.004247
6722	0.048541
6770	0.050201
6780	-0.017550
6781	-0.075161
6794	-0.031552
6795	-0.054132
6796	-0.068351
6799	0.012345
6809	0.027845
6837	-0.029100
6838	0.046217
6839	-0.029956
6846	0.007011
6865	-0.054178
6869	-0.100075
6870	0.033068
6871	-0.052524
6873	0.006685
6876	-0.015606
6885	0.015027
6895	-0.019817
6896	-0.006636
6897	0.010863
6900	0.023078
6903	0.067787
6906	0.050336
6916	-0.036065
6917	-0.009215
6918	-0.080057
6919	0.020753
6938	-0.013019
6941	0.005809
6942	-0.016422
6943	0.063319
6944	0.099754
6948	0.018758
6953	0.021222
6957	0.040474
6958	0.107428
6970	0.025529
6971	0.016741
6976	-0.063370
6977	-0.200536
6990	-0.070367
7014	-0.023510
7015	0.003985
7016	-0.001858
7018	0.069870
7019	0.061442
7042	-0.064462
7053	-0.059415
7066	0.011541
7067	-0.019082
7083	-0.024425
7092	-0.017013
7100	0.070203
7103	0.023042
7110	0.020783
7111	0.039166
7112	0.040297
7113	0.019722
7116	0.018063
7119	-0.001096
7120	0.026946
7121	-0.033891
7122	0.042796
7140	0.022890
7143	0.096891
7157	-0.006360
7165	-0.063242
7175	-0.050126
7178	0.007766
7206	0.047576
7207	-0.001274
7217	0.056348
7218	0.011625
7221	-0.022848
7227	0.059303
7230	-0.012239
7236	-0.016964
7239	-0.031233
7242	0.025979
7260	0.034474
7268	0.038699
7269	-0.059369
7304	-0.027573
7326	0.039492
7327	0.222730
7336	0.010976
7342	-0.038044
7346	0.052755
7348	0.031939
7355	0.021952
7361	-0.052890
7372	0.001576
7387	0.039464
7422	0.028384
7423	-0.001952
7425	0.047987
7436	0.066772
7442	-0.086879
7446	-0.015876
7448	-0.147354
7453	0.026578
7463	-0.105414
7492	-0.122802
7493	0.106931
7494	-0.069975
7495	-0.079992
7518	0.018943
7520	0.116022
7540	-0.002472
7546	0.056532
7556	0.008972
7559	-0.034455
7560	0.034373
7561	-0.031160
7564	-0.010728
7575	-0.014629
7583	0.094909
7585	-0.031173
7586	-0.027957
7599	0.079255
7600	0.139159
7606	0.095587
7614	-0.012668
7617	-0.002495
7622	-0.009005
7629	0.009034
7637	0.042063
7640	-0.005245
7657	0.035673
7665	0.008856
7666	0.023807
7667	0.010691
7668	-0.012770
7669	-0.057515
7670	0.068169
7671	-0.018597
7681	0.176127
7683	-0.043150
7684	0.005764
7696	0.034213
7722	-0.082711
7723	0.055689
7799	0.030705
7852	-0.090399
7859	-0.108480
7860	-0.021272
7861	0.022397
7865	0.047598
7875	-0.022306
7876	0.001657
7895	-0.016395
7913	0.029639
7917	-0.127193
7952	0.016515
7969	-0.156078
7971	-0.010419
8000	0.027756
8002	0.033866
8006	-0.007087
8036	0.054969
8056	-0.040043
8069	-0.108211
8103	-0.058102
8107	0.019188
8120	0.036716
8122	0.016057
8125	-0.020277
8127	-0.058680
8136	0.091652
8149	0.093151
8154	0.069526
8197	-0.088960
8208	-0.044890
8223	0.119060
8232	-0.003805
8241	0.018481
8256	-0.004669
8262	-0.012841
8266	-0.020394
8267	-0.004573
8268	-0.026010
8269	0.002494
8271	-0.025741
8273	0.048811
8280	-0.019000
8284	-0.046357
8303	-0.012245
8304	0.031023
8305	0.041767
8308	0.037608
8332	-0.125988
8333	-0.072894
8334	-0.077437
8338	-0.206585
8363	0.053025
8370	0.026004
8398	-0.008074
8465	-0.018193
8468	0.003263
8469	-0.001124
8470	-0.048967
8507	-0.028416
8552	-0.015345
8572	-0.000968
8574	-0.001476
8577	0.043351
8586	0.003512
8592	-0.049810
8593	0.020143
8594	0.010908
8597	0.023172
8599	-0.034656
8606	0.092211
8607	0.048163
8615	0.115715
8617	0.127658
8626	-0.052058
8636	0.028494
8669	-0.054418
8671	0.081081
8673	-0.026876
8675	0.049339
8790	-0.004591
8791	-0.039433
8811	-0.005434
8822	0.008058
8841	0.008210
8849	0.083088
8856	0.069060
8875	0.006993
8884	-0.195519
8906	-0.106905
8907	-0.011934
8910	0.041239
8911	-0.006711
8912	0.056359
8913	0.166862
8934	0.010421
8935	0.017584
8954	0.075326
8968	0.047010
8972	0.050770
9001	0.060544
9029	-0.049799
9032	-0.028560
9058	-0.186399
9059	0.013005
9068	0.045942
9070	0.000740
9108	0.056692
9139	0.038832
9140	0.029951
9158	0.014152
9187	0.021107
9188	0.053122
9189	-0.056069
9190	0.025576
9253	-0.064663
9259	-0.007229
9268	0.018164
9269	-0.041110
9271	-0.022805
9312	0.071880
9323	-0.023814
9329	-0.078843
9330	-0.093431
9331	-0.052504
9356	0.028666
9376	-0.009923
9394	0.023698
9424	0.059975
9428	0.027238
9429	0.055513
9496	0.000975
9536	0.022573
9543	-0.058246
9589	-0.019258
9614	0.083739
9615	0.076386
9617	0.088789
9631	-0.082045
9661	-0.018836
9668	-0.045786
9718	-0.047833
9728	0.024228
9734	0.049859
9788	0.048849
9791	0.096197
9793	0.086200
9804	-0.025812
9809	-0.009638
9810	0.002273
9823	0.013150
9828	-0.010174
9907	-0.021829
9951	0.017110
9968	0.013465
9969	-0.057018
10010	-0.051919
10011	-0.049942
10012	-0.044822
10018	-0.025624
10021	-0.041148
10022	0.005367
10031	-0.036601
10032	-0.053587
10033	-0.038554
10034	-0.002468
10035	-0.049678
10039	0.008638
10044	0.013623
10045	0.000351
10060	-0.033761
10065	0.001155
10077	-0.018315
10080	0.006785
10130	-0.058479
10131	-0.003441
10149	-0.058934
10194	0.011644
10197	0.029229
10221	0.036117
10226	-0.071300
10232	-0.073111
10233	-0.132748
10263	-0.019655
10264	-0.002438
10274	0.022529
10286	-0.047259
10292	0.077922
10299	0.074291
10302	0.019148
10324	-0.005571
10355	-0.017644
10358	-0.043582
10362	0.094548
10366	0.118445
10368	0.022547
10370	-0.000087
10392	0.043426
10405	0.005265
10406	-0.007890
10409	-0.060157
10419	-0.006050
10420	-0.044117
10424	-0.029035
10434	0.063538
10455	0.004231
10478	-0.008067
10480	-0.053393
10484	-0.014766
10510	-0.027385
10519	0.006748
10520	-0.039230
10524	0.018495
10578	0.085644
10630	-0.004011
10643	0.062130
10645	0.001564
10677	0.017658
10678	0.027857
10690	0.020003
10717	0.049640
10718	0.031775
10719	0.009092
10721	0.008729
10723	-0.019955
10735	-0.003395
10736	0.028314
10829	-0.068121
10837	0.015254
10846	-0.037634
10921	-0.008204
10922	0.022286
10923	-0.063779
10924	-0.007290
10964	-0.064180
10978	0.019577
11017	-0.028784
11018	-0.026250
11019	0.056655
11032	-0.099774
11034	0.040805
11035	-0.018217
11036	-0.045362
11052	0.059254
11056	0.041197
11060	0.098188
11063	-0.052171
11064	0.049746
11068	0.000865
11069	-0.056659
11090	0.015023
11098	-0.102296
11099	-0.036882
11100	-0.041302
11105	0.027996
11109	-0.056364
11122	-0.035869
11123	-0.085997
11125	0.039490
11126	-0.016238
11149	-0.017713
11153	0.024254
11188	0.014084
11193	-0.036404
11230	0.027704
11233	0.072637
11236	-0.104749
11243	-0.051666
11251	0.053821
11259	-0.056256
11263	-0.045520
11272	0.129375
11321	0.040496
11322	-0.036123
11326	-0.030449
11327	0.004091
11335	-0.042306
11337	0.066770
11343	-0.012745
11390	0.064972
11444	-0.009136
11464	-0.045283
11471	-0.032680
11472	-0.005492
11473	-0.054258
11492	0.050126
11499	0.012016
11500	-0.074354
11505	-0.104662
11527	0.077750
11528	0.056782
11532	0.043903
11564	0.077987
11589	-0.043495
11591	0.019144
11592	0.016979
11599	-0.049310
11605	0.097860
11617	-0.031787
11630	0.093163
11631	-0.046512
11632	0.113314
11656	-0.098661
11657	0.038785
11777	0.112741
11786	-0.008979
11812	-0.000816
12020	-0.015389
12061	-0.019173
12115	-0.028669
12154	-0.001010
12155	0.037829
12156	0.043811
12159	-0.011747
12174	-0.004735
12176	0.004432
12230	0.027278
12234	-0.032236
12236	0.028334
12237	-0.027895
12250	0.051407
12252	0.006874
12253	-0.027211
12315	-0.002092
12381	-0.019923
12382	-0.005088
12438	-0.046705
12455	-0.055835
12462	-0.024647
12478	0.009804
12603	-0.020318
12711	0.009032
12714	0.023993
12716	0.052196
12754	0.013595
12785	-0.024101
12788	0.075435
12792	-0.081994
12898	-0.011199
12944	0.045324
12949	-0.210749
13062	-0.077775
13099	-0.063788
13160	-0.023967
13198	0.050406
13239	0.033722
13249	0.034285
13262	0.006485
13263	0.025831
13272	0.037600
13273	-0.037300
13277	0.000041
13305	0.009342
13342	-0.026346
13343	-0.013056
13345	-0.035437
13351	-0.000018
13357	-0.015353
13427	-0.038919
13436	-0.121234
13455	-0.066486
13528	-0.014834
13532	0.025124
13553	0.043333
13566	-0.031004
13651	0.010412
13653	0.010456
13675	-0.032036
13676	-0.017254
13677	-0.039348
13678	-0.000780
13681	-0.039438
13688	0.003079
13697	0.005827
13705	-0.027755
13708	0.012107
13737	-0.024013
13760	-0.003604
13923	-0.030574
13927	-0.020929
13995	0.037957
14002	0.007638
14003	-0.017921
14021	-0.008676
14034	0.013331
14064	0.070158
14110	-0.139922
14155	0.019470
14203	0.053895
14208	-0.061339
14340	0.045382
14356	-0.033551
14389	0.000030
14499	0.052692
14625	0.006616
14632	0.052712
14637	-0.057027
14641	-0.039938
14685	-0.078778
14694	0.070126
14695	0.027968
14699	-0.014986
14700	-0.030809
14749	-0.040921
14760	-0.026441
14790	0.023943
14791	-0.041223
14796	-0.007609
14797	-0.034144
14891	-0.009694
14927	0.025357
15099	-0.032931
15182	-0.082734
15243	0.000317
15245	-0.014891
15254	0.007190
15322	-0.081775
15327	-0.061649
15463	0.000312
15496	-0.040609
15499	-0.043675
15502	0.021596
15514	0.054628
15566	-0.059023
15580	0.123218
15583	0.050329
15586	0.037507
15601	0.006955
15621	0.027559
15780	0.068044
15869	0.012232
16082	-0.012244
16281	0.079344
16293	-0.058883
16300	-0.042733
16304	0.015266
16360	-0.009063
16361	-0.017291
16367	0.053664
16432	0.059154
16433	0.055374
16438	-0.039444
16446	0.070571
16453	0.088033
16463	-0.009575
16466	-0.083416
16477	0.029531
16482	0.007166
16605	-0.004406
16606	-0.052296
16635	0.028813
16638	-0.011893
16655	0.029183
16673	-0.015243
16676	0.027179
16677	0.051026
16678	0.010683
16808	0.027732
16829	0.004678
17150	0.069462
17182	0.069130
17199	0.033348
17273	-0.026470
17431	0.021153
17466	-0.036684
17472	-0.005872
17485	-0.056686
17585	-0.021179
17620	0.012488
17647	0.053111
17690	-0.168439
17772	0.012013
18410	-0.045991
19647	-0.089122
21458	-0.097830
21885	-0.059962
21973	0.079277
21976	0.029283
21977	0.047884
22084	-0.079027
23475	0.034955
23754	-0.035280
23764	0.019798
24372	-0.017585
24918	0.023729
24944	-0.028837
25022	0.004200
25140	0.050706
26484	0.058296
27764	-0.057202
28424	-0.012744
28845	0.065948
29861	-0.041319
30684	0.079852
31288	0.029744
31704	0.010904
32421	0.007834
32520	-0.045970
32893	0.066146
34340	-0.063126
35227	0.076221
35334	0.054482
36499	-0.039630
36843	0.069442
36844	0.074745
36955	0.041863
36970	0.042548
39336	0.001446
39353	0.063518
40538	-0.011955
40541	0.004399
40542	0.004673
40599	-0.002500
40601	0.009712
40602	0.064769
40656	-0.028163
40657	0.000544
42157	0.019866
42203	-0.033073
42204	-0.041906
42851	0.037870
43061	0.062833
44144	0.030228
45195	-0.040617
47030	0.034193
47285	-0.149737
47317	0.124180
47457	-0.049571
47460	0.014917
48147	0.011639
48297	0.063784
48474	0.024105
48696	-0.019725
49516	-0.018369
49630	0.040652
49927	0.087744
50199	-0.036658
50249	-0.054946
50259	0.014644
50904	-0.052614
53231	0.052113
53471	-0.023255
53531	-0.040095
53986	0.092633
55057	0.045689
56431	0.013182
56432	-0.003951
56466	-0.075867
56478	-0.071826
56621	-0.036589
57644	0.004562
57756	0.104845
58783	-0.027759
59657	0.000084
59715	-0.097760
64825	0.052037
64947	-0.033333
65950	-0.034526
70102	0.130475
75003	-0.120722
75099	-0.046164
75742	0.146523
75823	-0.052560
75824	-0.053393
78157	0.046647
78181	0.102940
78191	0.026179
80479	0.056651
80480	-0.047742
80715	0.055021
80719	-0.021766
80750	0.045140
81231	0.048056
84436	-0.014281
84780	0.019918
84844	0.099238
85002	0.067848
85003	-0.172125
85659	-0.046505
85663	-0.097279
85710	-0.056141
92185	-0.017070
96142	0.064051
96144	0.003402
96482	0.066449
98871	0.066019
