# 1342 minima projected onto PC60
# Min	PC
3	-0.070096
4	-0.072577
5	-0.021037
6	0.001024
7	0.172616
9	-0.278213
16	-0.036301
17	-0.110391
21	0.047668
23	0.112593
31	-0.124015
44	0.112062
47	0.000850
48	0.133406
51	0.044669
52	0.085028
55	-0.053508
56	0.020522
57	0.002330
58	-0.097278
60	0.102259
67	0.118374
68	0.110180
71	0.051908
72	0.097757
74	0.015682
79	0.125578
82	0.082976
85	-0.024282
86	-0.011837
87	0.001825
88	0.059072
91	0.034492
92	0.054110
94	-0.063280
95	0.078301
97	-0.103361
104	-0.265180
106	-0.280409
109	-0.278869
111	0.107198
115	0.235664
120	0.142487
126	0.148167
129	-0.194309
136	0.141233
137	0.000399
188	0.134079
189	0.059168
196	-0.152415
199	-0.036115
200	0.044464
202	0.218350
211	-0.049241
213	-0.121450
214	0.016686
219	0.036608
221	-0.121704
276	0.015869
279	0.021586
283	0.451241
295	-0.014294
308	-0.030617
312	-0.086599
315	-0.192658
318	0.009757
319	-0.048360
321	0.121719
324	-0.087710
328	0.017877
334	0.024919
336	0.365424
338	-0.480648
347	0.040282
351	0.406905
352	-0.011826
354	0.022326
357	0.354961
359	-0.004673
362	0.158080
364	-0.071913
365	-0.062375
368	0.119528
376	0.008772
377	-0.086223
380	0.093748
386	0.005695
388	-0.024800
390	-0.208171
396	-0.014568
404	0.047897
410	0.101752
413	0.063974
420	0.060097
423	0.025247
424	0.008716
437	0.113917
438	0.072717
444	0.033290
452	-0.134820
473	-0.011165
474	0.132419
475	-0.027604
476	0.170063
478	0.039096
479	0.471624
480	-0.033179
483	0.398556
503	0.092257
508	-0.042420
509	-0.231743
530	-0.023889
536	-0.117010
556	-0.097301
581	0.035868
583	0.120155
603	-0.108743
606	0.034597
607	0.008821
620	0.166535
628	-0.143653
636	-0.030578
637	-0.461096
639	-0.110071
640	0.084735
644	0.015524
645	0.068761
677	-0.076860
678	-0.105606
679	0.033327
682	0.102524
698	0.015781
700	0.094910
710	-0.243713
722	-0.101453
723	-0.094293
724	-0.141778
725	-0.225342
726	-0.278084
747	0.163290
753	-0.014606
755	-0.227602
757	0.086708
765	0.116857
782	-0.020150
783	0.062978
793	0.115909
808	0.039587
814	0.071455
840	0.218835
848	0.007846
859	0.030165
864	-0.202754
867	-0.119181
878	-0.030141
888	-0.461656
890	-0.224303
892	0.147004
899	-0.050175
918	0.097081
926	-0.030524
933	-0.133975
934	0.073548
981	0.013737
1028	0.028674
1034	0.005089
1051	0.130490
1054	-0.249588
1058	0.053144
1062	-0.142346
1063	0.018285
1064	-0.197644
1066	-0.065419
1068	0.002871
1073	0.043610
1082	-0.154740
1083	0.056657
1086	-0.068223
1089	0.163110
1090	-0.150001
1091	-0.027287
1092	0.209421
1164	0.068056
1165	0.033955
1174	0.093800
1176	-0.021079
1184	-0.025472
1191	0.097355
1192	-0.019732
1201	0.035421
1230	0.260741
1339	-0.026238
1341	-0.122251
1370	0.043902
1385	0.196137
1405	-0.270817
1437	-0.006515
1441	0.115229
1443	-0.047731
1521	-0.103807
1522	-0.062691
1523	-0.030299
1524	-0.239334
1525	-0.220462
1541	-0.088522
1542	-0.151566
1550	-0.194511
1551	-0.125744
1596	-0.087442
1597	0.053230
1628	0.175659
1629	0.152958
1633	-0.102909
1636	0.182295
1637	0.679417
1765	0.126974
1766	-0.050215
1780	0.067155
1862	-0.049067
1865	-0.090501
1870	-0.010958
1885	-0.052054
1910	0.084472
1911	0.034620
2007	0.363978
2060	0.431538
2062	-0.098345
2090	-0.171464
2093	0.011662
2094	-0.041571
2095	0.076350
2096	-0.120137
2100	-0.032606
2101	0.078542
2102	0.344585
2103	0.072843
2104	0.338465
2105	0.114550
2128	0.117362
2129	0.063215
2135	0.107274
2190	0.037823
2195	0.126115
2197	0.055285
2198	-0.054027
2199	0.018086
2200	0.062016
2201	-0.048160
2202	-0.060461
2205	-0.010240
2217	-0.206627
2218	-0.406515
2221	-0.050858
2272	-0.139013
2273	-0.046950
2275	0.134163
2288	0.428046
2293	0.022734
2298	0.185637
2299	0.158569
2300	0.027409
2301	0.034680
2338	0.124684
2342	-0.019900
2343	-0.168901
2358	-0.181484
2384	-0.091759
2385	0.089427
2399	-0.074754
2435	-0.555777
2436	-0.067998
2465	0.122228
2467	0.118856
2468	0.041136
2469	-0.049464
2470	0.103646
2471	0.190761
2474	-0.013036
2620	-0.034382
2650	-0.082314
2651	-0.248031
2685	-0.119389
2688	-0.449529
2730	0.227690
2843	-0.071328
2951	-0.385600
2959	0.006563
3236	0.095348
3305	-0.143534
3318	-0.042482
3340	0.106716
3352	0.127583
3355	-0.073789
3356	-0.032076
3365	-0.226446
3366	-0.121750
3367	-0.013972
3368	-0.130389
3401	0.096030
3405	-0.022891
3434	-0.051234
3448	0.024923
3454	-0.019712
3481	-0.035661
3495	0.078690
3504	0.046613
3532	-0.137251
3540	0.157309
3549	0.219517
3550	-0.049957
3569	-0.408748
3595	-0.161721
3596	0.112495
3603	-0.111029
3621	0.156768
3622	-0.085873
3647	-0.001452
3649	0.006309
3651	-0.157671
3652	0.072381
3723	-0.034079
3757	0.026500
3772	-0.393089
3787	-0.509548
3798	-0.087061
3799	0.311473
3889	-0.061479
3897	-0.143328
3898	0.092318
3904	0.153848
3945	0.076388
3990	0.099101
4024	0.093629
4039	0.270171
4048	0.251338
4050	-0.017935
4076	-0.054753
4094	-0.470361
4170	0.023929
4251	0.004697
4252	0.079105
4299	-0.088519
4302	-0.077551
4318	0.038720
4319	-0.011619
4320	0.017018
4360	0.219694
4388	-0.186871
4414	0.004338
4426	-0.020020
4446	-0.348748
4527	0.016350
4545	-0.008525
4546	-0.084133
4554	-0.095385
4564	0.105170
4567	-0.077963
4634	0.284124
4693	-0.088592
4736	0.009783
4761	0.046559
4879	-0.095233
5071	-0.037684
5138	-0.119216
5164	0.123270
5182	-0.229495
5183	-0.359195
5184	-0.133592
5187	-0.007009
5188	-0.107524
5189	0.038355
5193	-0.071248
5194	-0.106063
5195	-0.156730
5197	-0.058498
5203	0.314945
5205	0.139819
5212	-0.148519
5213	-0.151083
5222	0.194687
5223	-0.334183
5228	-0.241002
5232	0.054011
5244	-0.141394
5245	0.375225
5246	0.179867
5248	-0.000167
5292	-0.128713
5293	-0.049874
5299	-0.416667
5300	-0.628590
5315	0.048116
5316	-0.006267
5319	0.097835
5320	0.114027
5321	-0.032222
5322	-0.076832
5323	0.001852
5324	-0.017584
5325	0.059154
5329	0.287615
5342	-0.094419
5343	-0.061082
5374	0.065259
5376	-0.060103
5378	0.006437
5379	0.002907
5382	0.349976
5390	-0.101999
5398	0.030848
5402	0.071846
5404	0.065519
5407	0.082798
5408	-0.085148
5409	0.061895
5411	0.032432
5412	-0.103973
5413	0.057214
5416	-0.487006
5418	0.048624
5422	-0.000243
5425	0.195340
5427	0.175404
5428	0.123194
5432	0.007082
5436	0.135516
5443	0.235405
5444	0.103048
5458	-0.002532
5462	0.105622
5465	0.038526
5468	-0.130996
5471	0.103562
5480	0.001918
5481	-0.078639
5485	-0.141082
5486	-0.268421
5488	-0.070741
5489	-0.195538
5495	-0.148519
5513	0.028851
5515	-0.007544
5516	-0.036961
5521	-0.019005
5527	-0.254733
5528	-0.123250
5536	-0.186658
5537	0.020117
5547	0.157570
5565	0.027292
5573	-0.229814
5579	0.168814
5583	0.144694
5586	0.168312
5589	0.033835
5590	-0.197845
5593	0.059795
5599	0.204244
5604	0.290877
5605	-0.149978
5606	-0.075227
5625	0.732823
5649	0.088516
5656	0.288095
5657	0.748612
5658	0.050026
5686	-0.006679
5695	-0.107149
5705	0.097456
5706	-0.086315
5716	-0.112803
5717	0.008466
5718	0.107470
5719	-0.034867
5720	-0.120981
5724	-0.001475
5738	-0.520932
5742	-0.052757
5750	0.274776
5751	-0.039422
5756	-0.042273
5761	0.186232
5768	0.159951
5773	0.480363
5792	0.043592
5793	0.168763
5794	0.059036
5806	-0.230126
5811	-0.206419
5812	-0.153662
5813	-0.030271
5814	-0.107446
5821	-0.218726
5823	-0.070643
5825	0.112814
5831	0.021088
5832	-0.037862
5833	-0.254522
5847	0.185666
5849	-0.150886
5851	-0.039429
5854	-0.012764
5858	-0.007936
5862	0.044552
5875	0.340920
5876	-0.164894
5903	-0.008418
5910	0.103756
5912	0.300857
5913	-0.193926
5925	0.053482
5926	0.049888
5927	0.031611
5928	-0.008725
5930	0.037824
5931	0.027615
5933	-0.242851
5934	0.007857
5937	0.172104
5939	0.197761
5940	0.044005
5941	0.023871
5943	0.109372
5963	0.039815
5964	-0.112390
5965	-0.071990
5966	-0.000385
5968	-0.185176
5969	0.068131
5970	0.095884
5971	-0.095870
5975	0.139249
6006	0.077349
6011	-0.038839
6017	-0.035992
6019	0.132758
6022	-0.017598
6032	0.825481
6095	0.257084
6115	0.033207
6116	-0.050318
6119	0.088737
6127	-0.016129
6128	-0.032687
6130	0.093697
6140	0.059204
6141	-0.188367
6147	-0.348135
6148	-0.345674
6163	-0.314172
6164	-0.082262
6170	0.063903
6171	0.027316
6177	-0.161091
6184	0.277489
6200	-0.087129
6204	0.320105
6206	-0.071206
6223	0.029538
6240	-0.280169
6245	0.099037
6253	-0.054484
6267	-0.098001
6269	-0.148066
6290	-0.041214
6303	-0.206728
6317	-0.098237
6343	0.026948
6350	0.112424
6360	-0.567928
6367	0.056921
6383	0.053047
6389	0.098944
6397	-0.217579
6398	-0.077459
6406	0.169095
6407	-0.034213
6412	-0.204816
6413	-0.270016
6434	0.007852
6435	0.020477
6460	0.109494
6463	-0.031499
6464	-0.010995
6489	-0.130765
6507	0.030762
6510	0.319708
6516	-0.045831
6518	-0.370698
6522	0.230298
6523	0.075547
6524	0.078231
6525	-0.121302
6531	0.699450
6536	0.203869
6575	0.159464
6584	-0.001647
6585	0.015052
6586	-0.125280
6594	0.175514
6595	0.066942
6610	0.131750
6612	-0.147108
6615	0.102582
6624	0.123255
6628	0.107134
6649	-0.039990
6698	-0.382484
6706	0.240482
6718	0.119516
6719	-0.002759
6722	-0.031746
6770	0.272108
6780	0.067806
6781	-0.117813
6794	0.110578
6795	0.043399
6796	0.157742
6799	0.110315
6809	-0.231282
6837	0.058550
6838	-0.140723
6839	-0.043122
6846	-0.219188
6865	0.052357
6869	-0.062663
6870	0.030041
6871	0.056834
6873	-0.273164
6876	-0.022983
6885	-0.156388
6895	-0.097263
6896	-0.025213
6897	0.027578
6900	-0.116991
6903	-0.080562
6906	0.133999
6916	-0.119810
6917	0.105150
6918	0.056371
6919	0.224794
6938	-0.011955
6941	0.055574
6942	0.123333
6943	-0.033423
6944	-0.189467
6948	0.169121
6953	-0.086731
6957	0.171006
6958	-0.157221
6970	0.157266
6971	-0.007436
6976	-0.019917
6977	0.225642
6990	0.058105
7014	-0.205899
7015	-0.129763
7016	-0.216594
7018	-0.277504
7019	-0.167644
7042	0.146610
7053	-0.207951
7066	0.080760
7067	-0.177428
7083	0.180795
7092	0.077344
7100	-0.061889
7103	-0.095696
7110	0.016869
7111	-0.351915
7112	-0.177827
7113	0.087852
7116	0.060824
7119	0.160314
7120	0.125809
7121	0.088480
7122	0.052682
7140	-0.007247
7143	0.677756
7157	0.051248
7165	0.138190
7175	-0.074676
7178	0.171819
7206	0.364561
7207	0.074699
7217	0.029137
7218	0.169226
7221	0.131557
7227	-0.045980
7230	-0.422875
7236	0.592495
7239	-0.089007
7242	-0.024411
7260	-0.642901
7268	0.045866
7269	0.180161
7304	0.329232
7326	-0.171227
7327	-0.044308
7336	-0.078386
7342	0.120693
7346	-0.079062
7348	0.093004
7355	0.402277
7361	-0.332222
7372	0.007947
7387	0.258973
7422	0.018997
7423	0.417233
7425	0.017032
7436	0.039008
7442	-0.321134
7446	0.204583
7448	0.042857
7453	-0.167830
7463	0.067485
7492	0.074718
7493	-0.199204
7494	0.020330
7495	0.100048
7518	-0.006441
7520	0.236040
7540	0.083235
7546	0.066975
7556	0.012069
7559	0.199848
7560	0.044929
7561	-0.209335
7564	-0.147989
7575	0.017303
7583	0.237321
7585	0.046205
7586	0.215413
7599	0.066937
7600	0.100646
7606	0.063410
7614	0.058883
7617	-0.081664
7622	0.110243
7629	-0.089730
7637	-0.096322
7640	0.029981
7657	0.044280
7665	0.017084
7666	0.022204
7667	-0.032411
7668	-0.097920
7669	0.171606
7670	-0.162542
7671	-0.029022
7681	-0.135927
7683	0.128327
7684	0.058197
7696	0.017831
7722	0.108243
7723	-0.125613
7799	-0.478923
7852	-0.084185
7859	0.152296
7860	0.138818
7861	-0.027945
7865	-0.172708
7875	-0.046383
7876	0.068230
7895	-0.043460
7913	0.037831
7917	0.035846
7952	-0.132431
7969	0.426571
7971	-0.031602
8000	0.123860
8002	-0.177479
8006	0.121178
8036	-0.058596
8056	-0.078833
8069	-0.006765
8103	-0.293627
8107	-0.161417
8120	0.086696
8122	-0.320817
8125	0.136525
8127	0.169022
8136	-0.117567
8149	-0.110932
8154	-0.150283
8197	-0.046523
8208	-0.265814
8223	-0.021950
8232	-0.115006
8241	-0.173823
8256	-0.022012
8262	-0.052385
8266	-0.159913
8267	0.050838
8268	-0.099265
8269	-0.092931
8271	0.094863
8273	0.054651
8280	0.097182
8284	-0.083130
8303	-0.005152
8304	-0.064209
8305	-0.051250
8308	0.227911
8332	-0.413112
8333	0.146374
8334	-0.294229
8338	-0.643441
8363	0.265644
8370	-0.365991
8398	0.036966
8465	0.468500
8468	0.116055
8469	-0.024988
8470	0.059246
8507	0.018770
8552	0.102761
8572	0.049075
8574	-0.164311
8577	0.083195
8586	-0.046467
8592	-0.062317
8593	-0.013131
8594	-0.036319
8597	-0.047554
8599	-0.035938
8606	0.358127
8607	0.146029
8615	-0.125686
8617	-0.129076
8626	-0.018569
8636	0.004594
8669	0.166997
8671	0.094041
8673	0.152724
8675	0.221496
8790	0.116835
8791	-0.022625
8811	-0.553501
8822	0.031107
8841	-0.089107
8849	-0.102910
8856	0.091556
8875	0.108276
8884	0.275337
8906	-0.372633
8907	-0.090500
8910	0.058453
8911	-0.162003
8912	0.088558
8913	0.034951
8934	-0.000957
8935	0.080676
8954	0.222711
8968	0.015883
8972	0.162277
9001	0.368025
9029	-0.048260
9032	-0.167254
9058	0.101601
9059	-0.077995
9068	0.094143
9070	0.145736
9108	-0.038327
9139	-0.166159
9140	-0.032106
9158	-0.081868
9187	-0.036524
9188	0.022299
9189	-0.041356
9190	-0.004776
9253	-0.009208
9259	-0.464581
9268	-0.117669
9269	-0.460837
9271	0.084123
9312	0.023302
9323	0.068231
9329	0.099089
9330	0.036210
9331	0.062918
9356	0.154968
9376	-0.208961
9394	0.050181
9424	-0.138376
9428	-0.015646
9429	0.045930
9496	0.026932
9536	0.033877
9543	-0.012671
9589	-0.090693
9614	0.623107
9615	-0.156324
9617	-0.214285
9631	0.115498
9661	-0.145318
9668	-0.106556
9718	-0.237998
9728	-0.116075
9734	0.121168
9788	0.034511
9791	-0.268326
9793	-0.020285
9804	0.120243
9809	0.128978
9810	0.104195
9823	-0.048857
9828	0.044835
9907	0.086910
9951	-0.144361
9968	-0.081629
9969	-0.056097
10010	-0.048332
10011	0.115031
10012	-0.083409
10018	0.017692
10021	0.016124
10022	0.200080
10031	-0.000154
10032	0.082014
10033	0.004487
10034	-0.028390
10035	0.036484
10039	-0.058157
10044	0.073075
10045	0.095923
10060	-0.146304
10065	0.018996
10077	-0.022318
10080	-0.003472
10130	0.104306
10131	-0.079030
10149	-0.099465
10194	0.070114
10197	0.344972
10221	0.080297
10226	0.164658
10232	0.013446
10233	0.057874
10263	0.041378
10264	0.062268
10274	-0.052808
10286	-0.034249
10292	0.300570
10299	0.144207
10302	-0.038354
10324	-0.275412
10355	-0.183313
10358	0.035470
10362	-0.118131
10366	-0.305212
10368	0.086149
10370	-0.048331
10392	0.085116
10405	0.084607
10406	0.079669
10409	0.053347
10419	0.071984
10420	0.066019
10424	0.035282
10434	0.008325
10455	0.001212
10478	0.036320
10480	-0.060650
10484	-0.023553
10510	0.103218
10519	-0.058738
10520	0.037135
10524	0.072865
10578	-0.031619
10630	-0.109341
10643	-0.130131
10645	0.068352
10677	-0.172551
10678	0.096650
10690	-0.160647
10717	0.120838
10718	-0.108795
10719	-0.252329
10721	-0.047962
10723	-0.106968
10735	0.099470
10736	-0.000711
10829	-0.142522
10837	-0.090263
10846	0.108384
10921	-0.296499
10922	0.103257
10923	0.018542
10924	0.161891
10964	-0.053763
10978	0.026553
11017	0.137454
11018	0.091375
11019	-0.095658
11032	-0.034807
11034	0.032087
11035	-0.007814
11036	-0.017202
11052	0.146577
11056	-0.081368
11060	-0.070912
11063	-0.118304
11064	0.009288
11068	-0.018304
11069	-0.016734
11090	-0.262452
11098	-0.149229
11099	-0.131447
11100	-0.141467
11105	-0.085917
11109	-0.142439
11122	-0.055762
11123	-0.233562
11125	0.006702
11126	-0.080824
11149	-0.122559
11153	-0.092714
11188	0.232152
11193	-0.019449
11230	-0.197589
11233	0.172703
11236	0.627546
11243	0.052562
11251	-0.064752
11259	-0.284607
11263	-0.375263
11272	-0.038956
11321	0.366242
11322	-0.033800
11326	-0.001992
11327	-0.061027
11335	-0.049847
11337	-0.064514
11343	-0.041956
11390	-0.008260
11444	-0.191837
11464	-0.055293
11471	-0.157585
11472	-0.066815
11473	-0.026457
11492	0.051786
11499	-0.100469
11500	0.047181
11505	-0.141351
11527	0.066489
11528	0.035633
11532	0.106215
11564	0.111997
11589	0.026451
11591	-0.103472
11592	-0.031496
11599	0.095192
11605	-0.453595
11617	-0.032662
11630	0.181321
11631	-0.039144
11632	0.591691
11656	0.452514
11657	0.098169
11777	0.773847
11786	-0.134270
11812	-0.081576
12020	0.046165
12061	0.054537
12115	0.025121
12154	0.018921
12155	-0.186478
12156	-0.119176
12159	0.137787
12174	0.113835
12176	0.169174
12230	0.065423
12234	-0.068514
12236	-0.021353
12237	-0.442038
12250	-0.270333
12252	-0.081027
12253	0.221097
12315	0.270405
12381	0.270534
12382	0.126585
12438	0.029988
12455	0.200106
12462	-0.177528
12478	-0.097257
12603	-0.085068
12711	-0.080567
12714	0.020895
12716	-0.059294
12754	0.001115
12785	-0.032052
12788	0.192708
12792	0.057319
12898	0.274790
12944	0.493838
12949	0.309736
13062	0.112905
13099	0.093997
13160	0.027121
13198	-0.156873
13239	-0.002067
13249	0.021333
13262	-0.081403
13263	-0.026268
13272	-0.270734
13273	0.022512
13277	0.079210
13305	-0.276629
13342	0.077397
13343	0.023683
13345	-0.256453
13351	-0.065781
13357	0.023782
13427	0.064406
13436	0.287738
13455	-0.053179
13528	0.157059
13532	-0.095547
13553	0.190722
13566	0.459879
13651	0.099525
13653	-0.030803
13675	-0.095143
13676	0.130249
13677	0.042968
13678	-0.070536
13681	0.035944
13688	-0.047708
13697	0.052985
13705	0.032490
13708	-0.023372
13737	-0.111626
13760	0.061528
13923	-0.345944
13927	-0.503563
13995	0.047011
14002	-0.004526
14003	-0.050503
14021	-0.369193
14034	0.054473
14064	-0.021863
14110	0.197135
14155	0.023604
14203	0.026730
14208	0.204506
14340	-0.181703
14356	0.082277
14389	-0.039211
14499	0.000940
14625	0.135605
14632	0.157151
14637	0.087561
14641	0.041418
14685	-0.033793
14694	0.086937
14695	0.051175
14699	0.145283
14700	0.167469
14749	-0.081240
14760	0.148944
14790	0.073037
14791	0.022629
14796	-0.131085
14797	-0.031276
14891	0.045003
14927	-0.234760
15099	-0.070646
15182	-0.686738
15243	0.186246
15245	0.068902
15254	0.015136
15322	0.202788
15327	-0.069559
15463	-0.054983
15496	0.211361
15499	-0.009308
15502	-0.101329
15514	-0.225487
15566	-0.108348
15580	-0.157720
15583	-0.288092
15586	-0.180558
15601	-0.151104
15621	-0.261464
15780	-0.247307
15869	0.495940
16082	0.095055
16281	-0.419211
16293	-0.180981
16300	0.055049
16304	0.119376
16360	-0.240692
16361	0.088598
16367	-0.473973
16432	0.064192
16433	0.083846
16438	-0.283652
16446	-0.681105
16453	-0.427358
16463	-0.403394
16466	-0.151387
16477	0.063191
16482	-0.287236
16605	-0.085057
16606	0.533842
16635	-0.157922
16638	-0.051039
16655	-0.297000
16673	-0.188945
16676	-0.097085
16677	0.130299
16678	-0.149290
16808	0.262246
16829	-0.376993
17150	-0.144329
17182	0.139537
17199	0.161783
17273	0.098976
17431	0.162275
17466	0.213277
17472	0.368460
17485	-0.023262
17585	0.144004
17620	0.080387
17647	-0.786723
17690	0.045705
17772	-0.169403
18410	-0.131180
19647	-0.086223
21458	-0.067564
21885	0.402501
21973	-0.183199
21976	0.007762
21977	0.036652
22084	-0.022220
23475	0.133334
23754	-0.539464
23764	0.064170
24372	-0.080522
24918	0.095580
24944	0.028994
25022	0.466649
25140	0.524268
26484	0.174804
27764	0.119367
28424	-0.298033
28845	-0.169955
29861	0.059927
30684	-0.219073
31288	-0.107636
31704	-0.025565
32421	0.499999
32520	0.431118
32893	0.086614
34340	0.050732
35227	0.571486
35334	0.010985
36499	-0.291061
36843	0.000236
36844	0.001256
36955	0.239498
36970	0.248479
39336	-0.005004
39353	0.126292
40538	0.066733
40541	0.115379
40542	0.103249
40599	-0.350281
40601	0.074791
40602	0.106336
40656	0.088330
40657	0.047546
42157	0.665277
42203	0.189467
42204	0.079551
42851	0.382104
43061	-0.202404
44144	0.112227
45195	-0.063274
47030	0.017200
47285	0.633818
47317	-0.325153
47457	-0.481010
47460	-0.191806
48147	0.067389
48297	-0.713121
48474	-0.015552
48696	-0.034155
49516	-0.142579
49630	-0.308832
49927	0.243055
50199	0.058482
50249	0.019514
50259	0.129483
50904	0.362389
53231	-0.200177
53471	0.166722
53531	-0.139955
53986	0.079370
55057	-0.100958
56431	0.149776
56432	0.202209
56466	0.518134
56478	-0.396190
56621	0.311967
57644	-0.114806
57756	0.017256
58783	-0.064359
59657	-0.179208
59715	0.105105
64825	-0.078228
64947	0.081223
65950	-0.193181
70102	-0.110599
75003	-0.104408
75099	-0.154915
75742	-0.134603
75823	0.158270
75824	-0.187716
78157	0.230276
78181	0.164235
78191	-0.092052
80479	0.003351
80480	-0.352070
80715	0.064472
80719	0.070869
80750	0.123354
81231	-0.199394
84436	-0.281947
84780	-0.018313
84844	0.138195
85002	0.096363
85003	-0.012232
85659	0.001480
85663	0.121788
85710	0.112543
92185	-0.234423
96142	0.407083
96144	0.435410
96482	-0.069564
98871	0.030171
