# 1342 minima projected onto PC115
Min	PC
3	0.008738
4	-0.004624
5	0.009354
6	-0.001272
7	0.011074
9	-0.010561
16	-0.004755
17	0.010596
21	0.008535
23	-0.000655
31	-0.019222
44	-0.011260
47	-0.005458
48	-0.028345
51	-0.006214
52	0.002717
55	-0.010973
56	-0.040691
57	-0.018592
58	-0.032856
60	-0.015926
67	0.002147
68	0.008587
71	-0.008246
72	-0.000343
74	-0.009410
79	-0.002632
82	-0.017034
85	-0.008325
86	-0.005008
87	-0.008955
88	0.001264
91	0.001792
92	-0.016651
94	-0.001921
95	0.019297
97	-0.018863
104	-0.022620
106	0.022126
109	0.007004
111	0.020828
115	-0.019054
120	-0.002871
126	-0.005477
129	-0.010580
136	0.024502
137	0.010640
188	-0.006915
189	0.005657
196	-0.000872
199	-0.007400
200	0.007613
202	0.008892
211	0.001282
213	-0.000406
214	0.005306
219	-0.018845
221	-0.009774
276	0.014547
279	-0.000617
283	0.016671
295	0.013577
308	0.005634
312	0.002935
315	0.017658
318	-0.010623
319	0.012048
321	0.001235
324	0.014794
328	0.009386
334	-0.003101
336	0.048044
338	0.010558
347	-0.008324
351	0.012307
352	0.006449
354	-0.018934
357	0.034989
359	-0.004060
362	0.003026
364	-0.007951
365	0.003865
368	-0.003925
376	0.014133
377	0.016590
380	-0.002717
386	0.008304
388	-0.010630
390	-0.008890
396	-0.008318
404	-0.000410
410	-0.017809
413	-0.003244
420	-0.009615
423	-0.023836
424	0.016256
437	0.001414
438	-0.018070
444	-0.017794
452	-0.001235
473	0.011708
474	0.007527
475	-0.006928
476	0.002956
478	0.001918
479	0.020555
480	0.008079
483	0.017401
503	-0.001424
508	0.008994
509	-0.024327
530	-0.036369
536	0.017097
556	-0.001650
581	0.001060
583	-0.016062
603	0.004685
606	0.003885
607	0.005884
620	0.003811
628	-0.016457
636	0.018234
637	0.024320
639	-0.001875
640	-0.013935
644	-0.008608
645	-0.001185
677	0.007493
678	0.002478
679	-0.036347
682	-0.009580
698	0.005863
700	-0.007494
710	-0.021728
722	0.002529
723	-0.018824
724	-0.001203
725	0.003834
726	-0.010499
747	0.017887
753	-0.009521
755	0.010382
757	0.001653
765	-0.024146
782	-0.022524
783	0.002642
793	0.002541
808	0.013327
814	-0.028739
840	0.022382
848	-0.025644
859	-0.002159
864	0.013884
867	-0.001761
878	0.003741
888	0.020178
890	0.009380
892	-0.026988
899	0.016575
918	-0.011342
926	0.012776
933	0.005484
934	-0.008742
981	-0.000551
1028	-0.013610
1034	0.006118
1051	-0.015494
1054	-0.005632
1058	0.040908
1062	0.010187
1063	-0.024160
1064	0.009119
1066	0.010063
1068	-0.006291
1073	-0.016418
1082	0.001587
1083	-0.022272
1086	0.013159
1089	-0.030091
1090	-0.004312
1091	-0.012432
1092	0.010461
1164	-0.031384
1165	0.001012
1174	0.002968
1176	-0.008234
1184	-0.004064
1191	-0.005357
1192	-0.003893
1201	-0.022217
1230	-0.018086
1339	0.000028
1341	-0.018495
1370	0.021833
1385	-0.002428
1405	0.028583
1437	-0.019032
1441	-0.005968
1443	0.005695
1521	0.016885
1522	-0.011708
1523	-0.007964
1524	0.004399
1525	0.010975
1541	-0.010098
1542	0.019534
1550	0.022124
1551	-0.009611
1596	-0.010869
1597	-0.008107
1628	-0.000454
1629	-0.001798
1633	0.008741
1636	-0.005412
1637	0.013019
1765	0.008747
1766	-0.001399
1780	0.012972
1862	0.005071
1865	0.010997
1870	0.009171
1885	-0.014477
1910	0.007855
1911	0.012613
2007	0.013316
2060	-0.008996
2062	0.026784
2090	-0.000337
2093	-0.006486
2094	-0.013088
2095	-0.015587
2096	0.037525
2100	0.008478
2101	-0.005965
2102	-0.000335
2103	-0.010820
2104	-0.005511
2105	-0.008341
2128	-0.016506
2129	-0.025374
2135	-0.014094
2190	0.001047
2195	0.013280
2197	0.008213
2198	0.009319
2199	0.022456
2200	-0.008331
2201	-0.004813
2202	-0.001281
2205	-0.001562
2217	0.007999
2218	-0.013972
2221	0.001597
2272	0.000379
2273	0.019358
2275	-0.005314
2288	-0.006067
2293	-0.007256
2298	-0.001526
2299	0.002338
2300	0.017494
2301	0.018507
2338	0.005742
2342	-0.009443
2343	0.035348
2358	-0.027647
2384	-0.001129
2385	-0.020521
2399	0.001896
2435	-0.019705
2436	0.009464
2465	0.019508
2467	-0.026146
2468	-0.005192
2469	0.002801
2470	0.005980
2471	0.040935
2474	-0.008075
2620	0.016080
2650	0.011674
2651	0.006106
2685	0.007454
2688	0.012535
2730	-0.025794
2843	-0.010272
2951	-0.013012
2959	-0.031219
3236	0.011569
3305	0.000598
3318	0.000627
3340	0.007384
3352	-0.002267
3355	0.033323
3356	-0.003823
3365	0.004223
3366	-0.001506
3367	-0.014204
3368	-0.011905
3401	0.003933
3405	0.003245
3434	-0.016169
3448	-0.023308
3454	-0.005771
3481	-0.001525
3495	0.015052
3504	0.011193
3532	0.000624
3540	-0.031177
3549	0.010726
3550	-0.012405
3569	0.016547
3595	-0.012168
3596	-0.006909
3603	-0.012200
3621	0.010926
3622	0.000186
3647	0.002565
3649	-0.010954
3651	0.010379
3652	-0.001926
3723	-0.044264
3757	-0.002138
3772	-0.027471
3787	0.033909
3798	-0.004306
3799	0.015229
3889	0.011429
3897	0.019298
3898	0.019203
3904	0.024487
3945	-0.011658
3990	-0.000107
4024	-0.019662
4039	-0.029347
4048	0.003556
4050	0.005097
4076	-0.001562
4094	0.004228
4170	0.011171
4251	-0.013993
4252	-0.001437
4299	-0.010033
4302	-0.009617
4318	0.012962
4319	-0.027136
4320	0.007305
4360	0.006954
4388	0.013013
4414	-0.006436
4426	0.017451
4446	0.016852
4527	-0.002650
4545	-0.023500
4546	0.000299
4554	-0.003104
4564	-0.007203
4567	-0.004228
4634	0.003972
4693	-0.004042
4736	0.016018
4761	0.006834
4879	-0.007350
5071	-0.012861
5138	0.013743
5164	-0.002463
5182	-0.017648
5183	-0.049674
5184	-0.021664
5187	0.005640
5188	-0.003684
5189	0.007753
5193	-0.030660
5194	-0.012353
5195	-0.023958
5197	0.016457
5203	-0.001338
5205	-0.002738
5212	0.007945
5213	0.006657
5222	0.003770
5223	-0.006135
5228	0.020109
5232	-0.008253
5244	0.032572
5245	0.002271
5246	-0.010101
5248	0.004812
5292	0.010932
5293	0.021673
5299	-0.011784
5300	0.023220
5315	-0.007979
5316	-0.008344
5319	0.017683
5320	0.003863
5321	0.009378
5322	0.026527
5323	0.009586
5324	-0.006233
5325	-0.009131
5329	-0.014599
5342	-0.006505
5343	-0.021696
5374	-0.004036
5376	0.002343
5378	-0.039478
5379	0.018056
5382	0.003919
5390	0.001036
5398	-0.004813
5402	-0.026130
5404	-0.011185
5407	-0.007279
5408	0.006468
5409	0.000691
5411	0.002018
5412	0.014216
5413	-0.012660
5416	0.018864
5418	-0.007952
5422	-0.012463
5425	0.009454
5427	-0.007698
5428	-0.006469
5432	0.014564
5436	0.013071
5443	-0.002222
5444	-0.010539
5458	-0.027923
5462	-0.020934
5465	-0.008252
5468	-0.010956
5471	-0.011547
5480	-0.008254
5481	-0.000743
5485	-0.005864
5486	-0.000513
5488	0.001087
5489	-0.003308
5495	0.020523
5513	-0.001984
5515	0.011646
5516	0.011744
5521	0.008379
5527	0.007007
5528	-0.010303
5536	-0.007953
5537	-0.005239
5547	-0.003990
5565	0.011730
5573	-0.016200
5579	-0.011682
5583	0.022198
5586	0.034861
5589	0.003061
5590	-0.027061
5593	0.034343
5599	0.007021
5604	0.019139
5605	-0.009915
5606	-0.026723
5625	0.010566
5649	-0.016889
5656	-0.004688
5657	0.025181
5658	0.007098
5686	0.007520
5695	-0.014704
5705	0.009821
5706	-0.006584
5716	-0.000981
5717	-0.003849
5718	0.019616
5719	-0.005657
5720	-0.016687
5724	-0.025994
5738	0.033518
5742	0.031654
5750	0.005473
5751	0.010971
5756	-0.003130
5761	0.025840
5768	0.003172
5773	-0.020129
5792	0.005601
5793	0.007820
5794	-0.003401
5806	-0.004129
5811	0.010114
5812	0.011384
5813	0.009247
5814	0.005921
5821	-0.003701
5823	-0.008579
5825	0.006732
5831	0.032278
5832	0.017564
5833	0.020094
5847	0.006234
5849	0.003602
5851	-0.015536
5854	-0.009466
5858	-0.009737
5862	0.001264
5875	-0.014890
5876	-0.014732
5903	-0.015143
5910	-0.014416
5912	0.034751
5913	0.027443
5925	0.001507
5926	0.000842
5927	-0.011731
5928	0.006577
5930	-0.025651
5931	-0.004047
5933	0.014305
5934	0.000264
5937	0.019900
5939	0.038663
5940	0.029788
5941	-0.019886
5943	-0.020835
5963	0.014120
5964	-0.012489
5965	-0.000871
5966	0.029466
5968	0.005153
5969	-0.004401
5970	-0.008955
5971	-0.008611
5975	-0.016163
6006	-0.002733
6011	0.017865
6017	-0.006565
6019	0.027075
6022	0.005100
6032	-0.001032
6095	0.012921
6115	-0.028756
6116	0.025848
6119	0.001116
6127	-0.015036
6128	-0.004614
6130	0.017507
6140	0.026047
6141	-0.001897
6147	0.017524
6148	0.031451
6163	0.014830
6164	0.009913
6170	-0.011194
6171	-0.001213
6177	-0.008099
6184	-0.005214
6200	-0.015894
6204	-0.005612
6206	0.005723
6223	-0.017159
6240	-0.025870
6245	-0.001765
6253	0.036559
6267	0.018819
6269	0.004532
6290	0.020242
6303	-0.009135
6317	0.032516
6343	-0.010421
6350	-0.030852
6360	-0.007125
6367	-0.003019
6383	-0.021636
6389	-0.006100
6397	0.011515
6398	-0.006712
6406	-0.023123
6407	0.000534
6412	-0.003730
6413	-0.012705
6434	0.003465
6435	-0.000289
6460	-0.013077
6463	-0.011765
6464	-0.001503
6489	-0.009513
6507	0.010052
6510	0.028619
6516	-0.011548
6518	-0.046905
6522	-0.006212
6523	-0.037163
6524	0.011170
6525	-0.027070
6531	-0.000206
6536	0.010016
6575	0.007429
6584	-0.013945
6585	-0.013067
6586	-0.016827
6594	-0.001474
6595	-0.001421
6610	0.005360
6612	-0.021808
6615	-0.000449
6624	0.003553
6628	0.014439
6649	-0.007177
6698	-0.054300
6706	-0.005550
6718	-0.004395
6719	-0.008770
6722	0.012136
6770	-0.008053
6780	-0.000643
6781	-0.000199
6794	0.005485
6795	-0.022446
6796	0.000132
6799	-0.017288
6809	-0.006354
6837	0.013700
6838	-0.021925
6839	-0.005629
6846	0.008225
6865	0.018644
6869	-0.013478
6870	0.006576
6871	0.002326
6873	0.011095
6876	0.021103
6885	0.022020
6895	0.016111
6896	-0.005089
6897	0.007653
6900	-0.004943
6903	-0.010796
6906	0.018626
6916	0.016678
6917	0.002205
6918	0.027826
6919	-0.017776
6938	0.022899
6941	0.016625
6942	0.022084
6943	0.001079
6944	0.030390
6948	0.002793
6953	-0.007741
6957	0.021947
6958	-0.023818
6970	0.006430
6971	0.002055
6976	-0.014600
6977	0.046246
6990	0.008144
7014	0.026274
7015	0.021422
7016	0.015909
7018	-0.018540
7019	-0.018614
7042	-0.009075
7053	-0.010081
7066	-0.005836
7067	0.004639
7083	-0.006707
7092	-0.015106
7100	-0.018968
7103	-0.032499
7110	0.014123
7111	0.037904
7112	0.027321
7113	-0.007359
7116	0.011278
7119	-0.022489
7120	-0.008397
7121	-0.014289
7122	-0.004629
7140	0.000990
7143	-0.148448
7157	0.024216
7165	-0.003116
7175	0.017077
7178	0.014336
7206	-0.008864
7207	-0.020909
7217	-0.017271
7218	0.036715
7221	0.013777
7227	-0.003207
7230	0.003676
7236	-0.023335
7239	0.019243
7242	0.001570
7260	-0.000965
7268	-0.002850
7269	0.001588
7304	0.002404
7326	-0.018764
7327	0.013828
7336	0.035451
7342	0.013541
7346	0.005806
7348	0.014555
7355	-0.005183
7361	0.000609
7372	-0.023759
7387	-0.055732
7422	-0.012176
7423	0.027759
7425	0.021867
7436	-0.025216
7442	0.034386
7446	0.045573
7448	-0.006353
7453	-0.006980
7463	0.021766
7492	0.046806
7493	-0.002198
7494	0.023223
7495	-0.016279
7518	0.000428
7520	0.061390
7540	0.018557
7546	0.004899
7556	0.017216
7559	-0.001067
7560	0.011766
7561	0.002137
7564	0.017694
7575	0.008861
7583	0.067040
7585	0.010982
7586	-0.024314
7599	-0.036139
7600	0.033142
7606	-0.015148
7614	0.023209
7617	0.006253
7622	-0.001874
7629	0.006427
7637	-0.001237
7640	-0.001032
7657	0.007681
7665	0.014360
7666	-0.028194
7667	-0.021205
7668	0.016830
7669	-0.005864
7670	0.040245
7671	-0.005908
7681	0.016785
7683	-0.013667
7684	0.022019
7696	0.061160
7722	0.005989
7723	-0.012511
7799	-0.003069
7852	0.004647
7859	0.008035
7860	-0.002037
7861	-0.014890
7865	0.003563
7875	-0.008568
7876	-0.019775
7895	0.001798
7913	0.010692
7917	0.004991
7952	0.033449
7969	0.061286
7971	0.010089
8000	0.011444
8002	0.007393
8006	-0.023170
8036	-0.002979
8056	-0.012442
8069	-0.004945
8103	-0.015615
8107	-0.004702
8120	-0.013577
8122	-0.033125
8125	-0.001999
8127	0.009451
8136	-0.030429
8149	-0.043609
8154	-0.037341
8197	0.000940
8208	-0.002858
8223	-0.025306
8232	-0.003954
8241	-0.032030
8256	-0.007336
8262	-0.006723
8266	-0.019088
8267	-0.015082
8268	-0.017894
8269	-0.022968
8271	0.004013
8273	-0.015831
8280	-0.002946
8284	-0.000395
8303	0.002716
8304	-0.001296
8305	-0.009908
8308	-0.005797
8332	-0.012263
8333	0.012390
8334	0.025196
8338	-0.008056
8363	0.026240
8370	0.022879
8398	-0.005788
8465	-0.030175
8468	-0.005869
8469	0.011415
8470	0.007416
8507	-0.001795
8552	0.006823
8572	0.001807
8574	0.006508
8577	-0.009796
8586	-0.009235
8592	-0.006915
8593	-0.000718
8594	-0.004866
8597	-0.019121
8599	0.007732
8606	0.013570
8607	0.001909
8615	-0.003535
8617	-0.007158
8626	0.012011
8636	-0.012257
8669	-0.006287
8671	-0.006586
8673	0.016550
8675	-0.013220
8790	0.001290
8791	-0.013372
8811	-0.074726
8822	0.010423
8841	0.030359
8849	-0.007682
8856	0.031162
8875	0.012234
8884	0.079916
8906	-0.007638
8907	0.005191
8910	-0.008149
8911	-0.019607
8912	0.007046
8913	-0.029674
8934	0.015254
8935	0.012002
8954	0.021001
8968	0.012354
8972	0.018542
9001	-0.031514
9029	0.019843
9032	0.036189
9058	0.009066
9059	0.010980
9068	0.008348
9070	0.002748
9108	-0.035740
9139	0.028509
9140	0.006831
9158	0.018110
9187	0.010054
9188	0.010294
9189	0.003068
9190	0.012823
9253	-0.008827
9259	0.025629
9268	0.005487
9269	0.008861
9271	0.003490
9312	-0.000486
9323	-0.009475
9329	-0.021262
9330	-0.021557
9331	0.003113
9356	0.002544
9376	0.025697
9394	0.024245
9424	0.006986
9428	-0.003633
9429	-0.002964
9496	-0.012509
9536	-0.008567
9543	0.019926
9589	-0.017779
9614	0.001658
9615	-0.001037
9617	-0.008738
9631	-0.005129
9661	-0.009404
9668	0.033828
9718	-0.019594
9728	-0.000017
9734	-0.039803
9788	-0.023020
9791	-0.018806
9793	-0.014810
9804	-0.001579
9809	-0.001528
9810	-0.010343
9823	-0.036758
9828	0.024763
9907	0.030589
9951	0.004859
9968	0.001427
9969	-0.000837
10010	-0.006005
10011	0.016894
10012	-0.010752
10018	-0.013164
10021	-0.018263
10022	0.006084
10031	-0.001734
10032	0.001104
10033	-0.023682
10034	-0.004238
10035	-0.020609
10039	0.013984
10044	-0.006278
10045	-0.016017
10060	-0.037263
10065	-0.013663
10077	-0.017316
10080	-0.005572
10130	-0.005417
10131	-0.037073
10149	-0.001536
10194	-0.026629
10197	-0.038496
10221	-0.023993
10226	0.009756
10232	-0.006427
10233	0.023601
10263	0.005558
10264	0.002685
10274	-0.011478
10286	-0.040773
10292	0.011883
10299	0.037060
10302	0.019560
10324	-0.009201
10355	0.045930
10358	-0.006738
10362	0.004043
10366	0.038860
10368	0.028968
10370	-0.009053
10392	0.008200
10405	0.037317
10406	-0.001184
10409	0.006406
10419	-0.020260
10420	0.012996
10424	-0.015118
10434	0.010885
10455	0.008484
10478	0.004689
10480	0.008363
10484	0.005543
10510	0.012002
10519	-0.018444
10520	-0.009598
10524	0.007339
10578	0.019592
10630	-0.013784
10643	-0.008470
10645	0.001054
10677	-0.006798
10678	0.005167
10690	0.004010
10717	0.012308
10718	-0.001522
10719	-0.009478
10721	0.007720
10723	0.000175
10735	-0.001829
10736	-0.020267
10829	0.005896
10837	-0.021238
10846	0.013406
10921	-0.003811
10922	-0.012244
10923	-0.029439
10924	-0.046041
10964	-0.001601
10978	0.030914
11017	0.022395
11018	-0.003881
11019	-0.019691
11032	-0.014407
11034	-0.011562
11035	0.009851
11036	-0.036098
11052	-0.004954
11056	-0.035923
11060	-0.022013
11063	0.006168
11064	0.010036
11068	-0.016208
11069	0.000693
11090	-0.013782
11098	-0.011309
11099	0.010395
11100	0.003060
11105	0.023867
11109	0.009050
11122	0.001901
11123	0.001280
11125	-0.006393
11126	0.019820
11149	0.013390
11153	0.031402
11188	0.006765
11193	0.002888
11230	-0.016371
11233	0.003489
11236	-0.001404
11243	-0.001702
11251	0.003097
11259	0.000791
11263	-0.001599
11272	0.015810
11321	0.007463
11322	0.010927
11326	0.007683
11327	-0.001055
11335	-0.012485
11337	0.016969
11343	0.015048
11390	0.002317
11444	-0.037649
11464	0.001744
11471	-0.017598
11472	-0.017891
11473	-0.017321
11492	0.005823
11499	-0.005514
11500	0.025293
11505	0.056006
11527	-0.021471
11528	-0.006446
11532	-0.018443
11564	-0.000563
11589	0.016937
11591	-0.008324
11592	-0.009052
11599	-0.015411
11605	0.022732
11617	-0.009696
11630	-0.011693
11631	-0.001384
11632	-0.004913
11656	-0.021198
11657	0.016998
11777	-0.015857
11786	0.018202
11812	0.017833
12020	0.012755
12061	0.003765
12115	-0.039264
12154	-0.003716
12155	-0.048934
12156	0.022737
12159	0.019182
12174	0.028884
12176	-0.049690
12230	0.010515
12234	0.008599
12236	-0.010743
12237	0.014362
12250	-0.025275
12252	-0.031073
12253	-0.009055
12315	0.005287
12381	0.058193
12382	0.029178
12438	0.000017
12455	-0.030917
12462	-0.004733
12478	0.024590
12603	0.028803
12711	-0.008789
12714	-0.008236
12716	0.023140
12754	-0.006954
12785	-0.028717
12788	-0.035769
12792	-0.013969
12898	-0.014297
12944	0.016603
12949	-0.007174
13062	-0.009335
13099	-0.042872
13160	-0.023490
13198	-0.005059
13239	-0.008658
13249	-0.019293
13262	0.003183
13263	0.047575
13272	0.015006
13273	0.014404
13277	-0.011418
13305	0.006775
13342	-0.010565
13343	-0.001627
13345	-0.034912
13351	-0.006028
13357	0.007545
13427	0.008192
13436	-0.074467
13455	0.000430
13528	-0.062714
13532	-0.005682
13553	-0.015832
13566	0.007042
13651	0.034927
13653	0.020395
13675	-0.005335
13676	0.028795
13677	0.000854
13678	0.000370
13681	-0.042841
13688	0.004157
13697	0.005599
13705	0.006545
13708	-0.027350
13737	0.014048
13760	-0.008353
13923	0.023340
13927	0.020268
13995	0.037932
14002	0.016826
14003	0.016826
14021	-0.027171
14034	-0.008432
14064	-0.008046
14110	0.030008
14155	0.006595
14203	-0.034238
14208	0.017385
14340	0.009343
14356	-0.061425
14389	0.006546
14499	0.023386
14625	-0.023790
14632	0.013200
14637	-0.014685
14641	-0.007047
14685	-0.009966
14694	0.006697
14695	0.018932
14699	-0.006636
14700	-0.008514
14749	-0.005529
14760	-0.006101
14790	0.016002
14791	-0.004378
14796	-0.012103
14797	0.004847
14891	-0.002195
14927	-0.013043
15099	-0.005737
15182	0.009152
15243	-0.011740
15245	-0.020144
15254	0.015374
15322	-0.030602
15327	-0.023292
15463	0.035399
15496	0.015388
15499	-0.010816
15502	0.011511
15514	-0.012079
15566	0.015427
15580	-0.011863
15583	0.073789
15586	-0.020268
15601	0.003528
15621	0.034415
15780	-0.034783
15869	-0.009653
16082	0.002404
16281	0.015259
16293	-0.004502
16300	-0.001793
16304	0.007785
16360	-0.000209
16361	0.049441
16367	-0.041589
16432	0.021022
16433	0.019377
16438	0.012553
16446	0.009467
16453	0.009190
16463	0.007857
16466	0.008882
16477	0.010086
16482	0.000378
16605	-0.003680
16606	0.007113
16635	0.008238
16638	-0.013068
16655	-0.044045
16673	-0.013298
16676	-0.008454
16677	0.001285
16678	-0.013431
16808	0.035298
16829	0.014306
17150	0.033153
17182	0.018770
17199	0.020366
17273	0.032991
17431	-0.002501
17466	0.070828
17472	-0.010146
17485	0.000962
17585	-0.021251
17620	-0.001440
17647	-0.031974
17690	-0.027607
17772	-0.006574
18410	0.006301
19647	-0.050489
21458	-0.022229
21885	-0.005676
21973	0.000839
21976	-0.005659
21977	-0.004409
22084	-0.003028
23475	0.007617
23754	0.008455
23764	0.026587
24372	-0.027300
24918	-0.001841
24944	-0.005703
25022	-0.015008
25140	-0.018784
26484	-0.003114
27764	-0.013526
28424	-0.006484
28845	0.082887
29861	-0.013935
30684	-0.011600
31288	-0.010264
31704	0.004466
32421	0.005946
32520	-0.013087
32893	-0.014787
34340	0.005058
35227	0.011419
35334	-0.006764
36499	-0.004340
36843	0.008100
36844	-0.008063
36955	0.008844
36970	0.018822
39336	-0.008520
39353	0.033117
40538	0.009308
40541	0.019417
40542	0.022369
40599	0.000779
40601	0.027372
40602	-0.001326
40656	0.024459
40657	-0.014412
42157	0.010107
42203	0.010710
42204	-0.021653
42851	0.006961
43061	0.012951
44144	0.032921
45195	-0.025070
47030	0.013995
47285	-0.027450
47317	0.010404
47457	-0.038099
47460	0.015461
48147	0.020287
48297	0.012815
48474	-0.018124
48696	-0.023863
49516	0.028176
49630	-0.000937
49927	-0.014319
50199	0.006140
50249	-0.028195
50259	-0.006422
50904	0.010475
53231	-0.013171
53471	0.013579
53531	-0.009496
53986	-0.023683
55057	0.017339
56431	-0.004479
56432	-0.007034
56466	0.008817
56478	0.024812
56621	0.022574
57644	-0.020974
57756	-0.028713
58783	0.006179
59657	0.005362
59715	0.038570
64825	-0.012168
64947	0.017110
65950	0.044444
70102	0.005195
75003	0.009703
75099	-0.004324
75742	0.070939
75823	-0.006759
75824	0.005985
78157	-0.023927
78181	0.045432
78191	0.030475
80479	0.024801
80480	0.038864
80715	-0.011791
80719	-0.000158
80750	-0.003785
81231	-0.042289
84436	-0.020736
84780	0.014292
84844	-0.000799
85002	0.025866
85003	-0.002595
85659	-0.021974
85663	-0.008597
85710	-0.008167
92185	0.017693
96142	0.009517
96144	0.015429
96482	-0.028217
98871	-0.003773
