# 1342 minima projected onto PC77
Min	PC
3	0.074366
4	0.063711
5	0.048559
6	-0.069420
7	-0.034541
9	0.031379
16	0.047474
17	-0.123000
21	0.120661
23	0.025534
31	0.032804
44	-0.017885
47	0.018204
48	0.029882
51	0.038246
52	0.030635
55	-0.026679
56	-0.114297
57	0.017193
58	0.185519
60	-0.040270
67	-0.079314
68	-0.031819
71	0.026244
72	-0.002616
74	0.099106
79	-0.045398
82	0.016613
85	0.072596
86	-0.031728
87	-0.039841
88	0.040185
91	-0.029199
92	0.017632
94	0.089436
95	-0.104739
97	0.080098
104	-0.154514
106	0.030961
109	0.056617
111	-0.078011
115	0.573430
120	-0.030028
126	-0.085125
129	0.202206
136	-0.009372
137	0.094141
188	0.011967
189	0.040065
196	0.094477
199	0.096958
200	0.049868
202	0.001410
211	0.054539
213	-0.023705
214	0.124811
219	0.020426
221	0.002837
276	-0.010587
279	-0.163678
283	0.026529
295	0.036265
308	-0.099867
312	0.054249
315	0.305803
318	0.023949
319	0.092979
321	-0.009472
324	0.050658
328	-0.017777
334	0.088144
336	0.117957
338	0.067443
347	-0.104546
351	0.052662
352	0.013191
354	-0.027331
357	-0.019305
359	-0.004658
362	-0.067299
364	0.025994
365	0.035097
368	-0.037304
376	0.033268
377	-0.009637
380	0.079002
386	-0.024911
388	0.015575
390	0.006490
396	0.106460
404	-0.050175
410	-0.076532
413	0.014135
420	-0.070983
423	0.001066
424	0.003222
437	0.066062
438	-0.102348
444	-0.277856
452	0.027504
473	0.115904
474	0.091548
475	-0.004861
476	0.009306
478	0.043819
479	0.021918
480	0.059800
483	0.088535
503	-0.095365
508	0.031636
509	0.194389
530	-0.051990
536	-0.002899
556	0.043652
581	0.073977
583	0.101726
603	0.023179
606	-0.061560
607	0.043593
620	-0.033703
628	-0.045366
636	0.040377
637	0.015461
639	-0.007441
640	0.038099
644	0.014799
645	-0.011805
677	-0.048908
678	-0.005957
679	-0.081698
682	0.040169
698	0.014091
700	0.055803
710	-0.012174
722	-0.161000
723	0.033791
724	0.074449
725	0.009706
726	0.100022
747	-0.237233
753	-0.008581
755	-0.035325
757	0.035149
765	0.015048
782	-0.075634
783	0.051955
793	-0.100857
808	0.075350
814	-0.086927
840	-0.113800
848	0.116493
859	0.119528
864	0.059907
867	0.055252
878	-0.005972
888	0.069554
890	0.199133
892	0.057029
899	0.060470
918	0.013539
926	0.058611
933	-0.016530
934	-0.047140
981	0.003655
1028	-0.061273
1034	0.025765
1051	-0.098852
1054	-0.036008
1058	-0.045710
1062	0.020714
1063	-0.050686
1064	0.002405
1066	-0.077241
1068	-0.051588
1073	-0.004308
1082	0.064946
1083	0.044455
1086	0.092400
1089	-0.017981
1090	-0.016368
1091	0.020699
1092	-0.014237
1164	0.026092
1165	-0.018077
1174	0.523205
1176	-0.039182
1184	-0.086274
1191	-0.005913
1192	-0.109592
1201	-0.081600
1230	0.006697
1339	0.028519
1341	-0.138387
1370	-0.020750
1385	-0.040489
1405	0.101206
1437	0.040001
1441	0.036308
1443	0.088560
1521	0.085683
1522	-0.092519
1523	-0.024462
1524	0.028435
1525	0.099855
1541	-0.008550
1542	0.001924
1550	0.160012
1551	0.068601
1596	0.175565
1597	0.038572
1628	0.031477
1629	0.093919
1633	-0.019744
1636	0.003189
1637	-0.140939
1765	0.144568
1766	-0.064575
1780	-0.016235
1862	0.020832
1865	0.037600
1870	0.028214
1885	-0.144525
1910	-0.009848
1911	-0.012525
2007	-0.022494
2060	-0.101860
2062	-0.005381
2090	-0.164288
2093	-0.001317
2094	-0.019946
2095	0.026255
2096	0.006598
2100	-0.118190
2101	-0.059714
2102	-0.067586
2103	-0.076915
2104	-0.083610
2105	0.143495
2128	0.062429
2129	0.073716
2135	0.055713
2190	0.004190
2195	0.010407
2197	-0.091343
2198	-0.006965
2199	-0.061346
2200	0.096928
2201	0.005051
2202	-0.059236
2205	0.076056
2217	0.008486
2218	0.078197
2221	0.029949
2272	-0.031736
2273	0.055647
2275	0.101385
2288	-0.181587
2293	0.015476
2298	-0.006799
2299	0.037581
2300	-0.009959
2301	-0.010658
2338	-0.124657
2342	0.005155
2343	-0.028139
2358	0.153580
2384	0.039899
2385	0.112667
2399	0.002781
2435	-0.016040
2436	-0.006208
2465	0.009424
2467	0.048724
2468	-0.134975
2469	-0.144137
2470	-0.090052
2471	0.117756
2474	0.044938
2620	0.038824
2650	-0.037659
2651	-0.057153
2685	-0.067310
2688	-0.037427
2730	0.094858
2843	0.072858
2951	-0.073048
2959	-0.083099
3236	-0.038911
3305	0.046742
3318	-0.049397
3340	0.001247
3352	0.084254
3355	0.053810
3356	0.076881
3365	-0.010335
3366	-0.014283
3367	0.023957
3368	0.001991
3401	0.015041
3405	-0.137060
3434	-0.030927
3448	-0.031477
3454	-0.043110
3481	0.031324
3495	0.042034
3504	0.011291
3532	0.023787
3540	-0.203543
3549	-0.126306
3550	-0.063748
3569	-0.025530
3595	0.012410
3596	-0.067982
3603	-0.002262
3621	0.147595
3622	0.127761
3647	0.010623
3649	-0.007448
3651	0.092826
3652	0.021152
3723	0.030983
3757	0.006347
3772	-0.088934
3787	-0.096665
3798	0.038882
3799	0.223612
3889	-0.032973
3897	-0.001899
3898	0.014500
3904	0.110116
3945	0.152474
3990	0.011141
4024	-0.052538
4039	-0.075752
4048	-0.123535
4050	-0.062430
4076	0.077767
4094	-0.013444
4170	-0.036105
4251	0.068163
4252	0.105796
4299	0.031064
4302	0.061729
4318	-0.101085
4319	-0.069044
4320	-0.166200
4360	-0.056020
4388	-0.050729
4414	-0.026198
4426	-0.024549
4446	0.039969
4527	0.068319
4545	-0.044434
4546	0.036249
4554	-0.088404
4564	0.038977
4567	0.099958
4634	0.039230
4693	0.025470
4736	0.035555
4761	0.065833
4879	0.014742
5071	-0.102792
5138	0.098381
5164	-0.098911
5182	0.025387
5183	0.029072
5184	0.138129
5187	-0.026298
5188	-0.070742
5189	0.064741
5193	-0.105732
5194	-0.076329
5195	-0.046137
5197	-0.079890
5203	-0.041123
5205	-0.063708
5212	-0.066545
5213	0.009868
5222	0.011223
5223	0.013152
5228	0.000046
5232	-0.006731
5244	-0.067878
5245	0.051022
5246	-0.007254
5248	-0.006366
5292	-0.026677
5293	-0.093386
5299	0.223979
5300	-0.092207
5315	-0.021291
5316	-0.070050
5319	-0.038111
5320	-0.038529
5321	-0.089039
5322	-0.051231
5323	-0.032137
5324	-0.017037
5325	-0.045640
5329	-0.270631
5342	-0.105854
5343	0.004299
5374	0.149272
5376	-0.021511
5378	0.013613
5379	-0.089892
5382	-0.150867
5390	-0.015272
5398	0.017567
5402	-0.021596
5404	0.221928
5407	0.091349
5408	-0.064547
5409	0.074273
5411	0.097745
5412	0.009064
5413	-0.084620
5416	-0.168390
5418	0.036710
5422	0.151577
5425	0.042631
5427	0.039749
5428	0.150824
5432	0.056693
5436	0.055567
5443	-0.095157
5444	-0.071858
5458	-0.139310
5462	-0.015948
5465	0.166317
5468	0.085230
5471	0.132215
5480	0.019845
5481	0.019430
5485	0.079235
5486	0.098078
5488	0.116783
5489	0.147307
5495	0.082086
5513	0.054510
5515	0.012004
5516	-0.041006
5521	0.002031
5527	-0.027071
5528	-0.017122
5536	-0.137457
5537	0.110446
5547	0.026468
5565	0.099331
5573	0.089795
5579	-0.087682
5583	0.093084
5586	-0.038639
5589	0.075260
5590	0.084449
5593	0.000046
5599	-0.273305
5604	0.116374
5605	0.092751
5606	0.036642
5625	-0.014791
5649	0.156953
5656	0.014253
5657	0.011596
5658	0.023078
5686	0.126811
5695	-0.151632
5705	-0.001501
5706	-0.066969
5716	0.117145
5717	0.134104
5718	-0.049989
5719	0.038142
5720	0.080348
5724	0.144640
5738	0.119875
5742	0.013956
5750	-0.000949
5751	-0.028324
5756	0.093059
5761	-0.215701
5768	0.039126
5773	-0.165465
5792	0.081418
5793	0.117651
5794	0.092585
5806	0.123608
5811	0.052325
5812	-0.045817
5813	-0.027627
5814	0.067047
5821	0.151122
5823	0.158656
5825	-0.052637
5831	0.012300
5832	-0.007017
5833	0.050047
5847	0.020361
5849	-0.017346
5851	0.058889
5854	-0.164288
5858	-0.149391
5862	0.100081
5875	-0.073248
5876	0.051416
5903	0.050574
5910	-0.055426
5912	0.001116
5913	0.321001
5925	0.068554
5926	0.071028
5927	0.100745
5928	-0.060764
5930	-0.037872
5931	0.013499
5933	0.042418
5934	0.103566
5937	0.033602
5939	-0.160649
5940	-0.057125
5941	0.053998
5943	0.079361
5963	-0.093937
5964	0.069101
5965	0.148142
5966	-0.031448
5968	0.020657
5969	0.084943
5970	0.034524
5971	-0.029677
5975	-0.092362
6006	0.007796
6011	-0.098754
6017	-0.072710
6019	0.013902
6022	-0.050265
6032	0.016404
6095	0.030845
6115	0.035689
6116	-0.007627
6119	0.160559
6127	0.040335
6128	0.038948
6130	0.024316
6140	0.022486
6141	0.094241
6147	-0.101680
6148	-0.095908
6163	0.198312
6164	0.033504
6170	0.018534
6171	0.135730
6177	0.024538
6184	0.055851
6200	-0.021041
6204	0.036472
6206	-0.039759
6223	-0.016836
6240	0.096268
6245	0.095414
6253	-0.080631
6267	-0.035894
6269	-0.113499
6290	0.009451
6303	0.104949
6317	-0.024002
6343	0.113091
6350	0.126587
6360	-0.205794
6367	-0.078066
6383	0.144013
6389	-0.242769
6397	-0.143515
6398	0.033903
6406	0.041744
6407	-0.108205
6412	0.113309
6413	0.102395
6434	0.029741
6435	0.059972
6460	0.053635
6463	0.044607
6464	0.061257
6489	0.053314
6507	-0.029929
6510	-0.228416
6516	-0.088463
6518	-0.004539
6522	-0.054521
6523	-0.119377
6524	0.077007
6525	-0.024280
6531	0.072183
6536	0.016901
6575	0.014669
6584	0.004026
6585	-0.044021
6586	-0.019405
6594	0.037030
6595	0.082142
6610	0.193571
6612	0.086145
6615	0.130827
6624	-0.017088
6628	0.038714
6649	-0.062765
6698	-0.077940
6706	-0.081535
6718	0.047194
6719	-0.029962
6722	-0.045087
6770	0.079637
6780	-0.039000
6781	-0.084522
6794	0.115774
6795	-0.026285
6796	-0.051235
6799	0.110323
6809	0.117381
6837	0.048777
6838	-0.118757
6839	-0.092405
6846	0.017870
6865	-0.000851
6869	0.185304
6870	0.025265
6871	0.065113
6873	0.040424
6876	-0.012590
6885	0.082115
6895	0.032225
6896	-0.004546
6897	-0.003978
6900	-0.013941
6903	0.026725
6906	0.075976
6916	-0.070682
6917	-0.080936
6918	0.115412
6919	-0.146493
6938	0.085277
6941	-0.071017
6942	0.045975
6943	0.088896
6944	0.097725
6948	0.047120
6953	0.015398
6957	0.087754
6958	-0.137985
6970	-0.010638
6971	0.114263
6976	-0.177203
6977	-0.089205
6990	-0.006665
7014	0.003694
7015	-0.021654
7016	-0.009114
7018	0.040776
7019	0.043478
7042	0.017972
7053	-0.081614
7066	0.016470
7067	0.042018
7083	-0.067590
7092	-0.095153
7100	-0.079363
7103	0.020829
7110	0.034331
7111	-0.059115
7112	-0.073993
7113	0.016401
7116	0.042077
7119	0.016716
7120	0.113696
7121	-0.000587
7122	0.020188
7140	-0.047690
7143	0.142092
7157	0.045526
7165	-0.098566
7175	-0.118350
7178	0.003740
7206	-0.127066
7207	-0.181439
7217	-0.058981
7218	0.087048
7221	-0.005065
7227	0.000912
7230	-0.068617
7236	-0.142386
7239	0.018316
7242	0.049050
7260	-0.083973
7268	-0.054019
7269	-0.005813
7304	-0.005023
7326	-0.115945
7327	-0.364745
7336	-0.091406
7342	-0.034729
7346	0.071685
7348	0.091587
7355	-0.120078
7361	0.117577
7372	-0.069589
7387	0.046897
7422	0.125507
7423	-0.132438
7425	-0.004052
7436	0.008519
7442	0.108893
7446	-0.075408
7448	0.006165
7453	0.077931
7463	-0.047819
7492	0.143288
7493	-0.088185
7494	0.050530
7495	-0.098088
7518	-0.077857
7520	-0.434967
7540	0.087735
7546	0.025302
7556	-0.009003
7559	-0.131145
7560	0.050588
7561	-0.071709
7564	0.045725
7575	-0.019029
7583	-0.380790
7585	0.111864
7586	-0.037829
7599	-0.154749
7600	0.049249
7606	-0.159665
7614	0.053725
7617	-0.059023
7622	0.025152
7629	-0.034927
7637	0.042163
7640	0.082485
7657	0.032870
7665	0.004588
7666	0.010838
7667	-0.057452
7668	-0.044042
7669	-0.108439
7670	-0.077021
7671	-0.017983
7681	-0.207881
7683	-0.020576
7684	0.082462
7696	0.008002
7722	0.056445
7723	-0.085790
7799	-0.074250
7852	-0.066427
7859	-0.034076
7860	-0.054199
7861	-0.058429
7865	-0.047873
7875	-0.101190
7876	0.134468
7895	-0.013178
7913	-0.007703
7917	0.069342
7952	0.071114
7969	0.156123
7971	-0.054385
8000	-0.044123
8002	0.011901
8006	-0.221818
8036	0.075905
8056	-0.026684
8069	-0.132840
8103	-0.002606
8107	0.019154
8120	0.118906
8122	0.029438
8125	0.081365
8127	-0.026259
8136	-0.044580
8149	-0.089476
8154	-0.087758
8197	-0.011092
8208	0.028905
8223	0.200487
8232	-0.078808
8241	0.019320
8256	-0.094744
8262	-0.133118
8266	-0.073519
8267	-0.031121
8268	-0.086005
8269	-0.086833
8271	-0.001007
8273	0.035401
8280	0.017404
8284	0.063475
8303	0.002496
8304	0.002345
8305	0.034575
8308	-0.056476
8332	0.041649
8333	0.206056
8334	0.176105
8338	-0.093875
8363	0.050949
8370	-0.052659
8398	0.105697
8465	0.281302
8468	-0.053112
8469	-0.137354
8470	0.005905
8507	0.192483
8552	0.127979
8572	0.113139
8574	0.042922
8577	0.013339
8586	-0.030068
8592	0.068206
8593	-0.022260
8594	-0.131685
8597	-0.016556
8599	-0.069641
8606	-0.139419
8607	-0.082726
8615	0.120348
8617	0.152908
8626	0.071420
8636	0.020203
8669	-0.008766
8671	0.115622
8673	0.024193
8675	0.073074
8790	0.070128
8791	0.171473
8811	-0.085131
8822	-0.027409
8841	0.070864
8849	0.133875
8856	-0.046207
8875	0.043693
8884	0.106471
8906	0.057834
8907	-0.006205
8910	-0.141536
8911	0.191815
8912	-0.010980
8913	0.004222
8934	0.023439
8935	0.019145
8954	0.056817
8968	0.085020
8972	0.082779
9001	-0.156411
9029	-0.068930
9032	0.162035
9058	-0.096831
9059	-0.067648
9068	-0.024414
9070	-0.053011
9108	0.078095
9139	-0.014439
9140	0.027933
9158	0.032280
9187	-0.162620
9188	-0.017503
9189	-0.064541
9190	-0.013240
9253	0.070036
9259	-0.115436
9268	-0.033154
9269	-0.087411
9271	-0.002822
9312	0.078505
9323	0.051673
9329	0.003496
9330	0.036999
9331	0.057030
9356	-0.021394
9376	0.061237
9394	0.022746
9424	0.151505
9428	-0.008244
9429	-0.004793
9496	0.121374
9536	0.019644
9543	-0.148302
9589	-0.073634
9614	0.129047
9615	0.160685
9617	0.322564
9631	0.102210
9661	-0.069319
9668	-0.040160
9718	-0.189411
9728	0.023001
9734	0.094989
9788	0.117813
9791	0.126423
9793	0.080161
9804	-0.058169
9809	0.006368
9810	0.061112
9823	0.036645
9828	0.142305
9907	0.066442
9951	0.003795
9968	0.065480
9969	0.052334
10010	0.017825
10011	0.119465
10012	0.032672
10018	-0.052067
10021	-0.073303
10022	0.043980
10031	0.007286
10032	0.067397
10033	0.032868
10034	0.025948
10035	0.015437
10039	-0.048828
10044	0.056617
10045	-0.119204
10060	0.127395
10065	-0.025498
10077	-0.040523
10080	0.048207
10130	-0.137991
10131	-0.179803
10149	-0.030062
10194	-0.075133
10197	0.050954
10221	-0.154540
10226	0.192258
10232	0.038635
10233	0.013256
10263	0.060196
10264	0.080127
10274	-0.064923
10286	-0.064963
10292	0.077158
10299	-0.068269
10302	-0.019167
10324	0.008103
10355	0.016872
10358	0.019103
10362	0.099592
10366	0.099650
10368	-0.076128
10370	-0.147925
10392	-0.049646
10405	0.112723
10406	0.116273
10409	0.027358
10419	0.090482
10420	0.086283
10424	0.044876
10434	0.048465
10455	0.064083
10478	-0.044235
10480	0.011689
10484	-0.004946
10510	-0.054328
10519	-0.084578
10520	-0.037381
10524	-0.049366
10578	-0.029191
10630	-0.024219
10643	-0.089205
10645	-0.042609
10677	0.023158
10678	0.025976
10690	0.012718
10717	0.021928
10718	0.018374
10719	-0.030701
10721	0.035468
10723	0.097364
10735	0.065762
10736	-0.024899
10829	-0.030873
10837	-0.006520
10846	0.010477
10921	0.004842
10922	-0.023796
10923	0.011979
10924	0.016804
10964	-0.038002
10978	0.004841
11017	0.047546
11018	-0.098069
11019	-0.068470
11032	0.081276
11034	0.036268
11035	0.018286
11036	0.100540
11052	-0.030424
11056	-0.025166
11060	0.048367
11063	-0.105055
11064	-0.157490
11068	-0.045173
11069	-0.056211
11090	-0.033181
11098	0.032437
11099	-0.078453
11100	-0.052044
11105	-0.060724
11109	-0.116113
11122	-0.053558
11123	-0.115642
11125	0.045146
11126	0.023512
11149	-0.029296
11153	-0.049842
11188	0.048950
11193	-0.047394
11230	-0.041934
11233	0.065742
11236	-0.217467
11243	-0.107984
11251	0.013986
11259	-0.046804
11263	0.219872
11272	0.150028
11321	-0.023305
11322	-0.037994
11326	0.054211
11327	-0.100977
11335	-0.111421
11337	-0.061450
11343	-0.114081
11390	-0.027169
11444	-0.100791
11464	-0.021143
11471	-0.126604
11472	-0.114076
11473	-0.013610
11492	0.105212
11499	-0.088186
11500	-0.025867
11505	0.176872
11527	-0.059154
11528	-0.036106
11532	-0.017632
11564	-0.207347
11589	0.028582
11591	-0.034446
11592	0.051456
11599	-0.031713
11605	-0.100570
11617	-0.055010
11630	-0.094765
11631	-0.680690
11632	0.079110
11656	-0.151876
11657	0.066330
11777	0.056055
11786	0.064134
11812	-0.018567
12020	0.020474
12061	0.183673
12115	0.087549
12154	-0.044719
12155	0.020991
12156	0.057968
12159	-0.016572
12174	0.121674
12176	0.104234
12230	0.055065
12234	-0.144767
12236	-0.031801
12237	0.051764
12250	-0.116262
12252	0.035864
12253	0.072040
12315	0.043890
12381	0.002273
12382	0.019477
12438	-0.099152
12455	0.056933
12462	0.099310
12478	-0.115420
12603	0.080751
12711	-0.170549
12714	-0.147129
12716	-0.069028
12754	-0.102823
12785	-0.011475
12788	-0.098317
12792	-0.216345
12898	-0.108177
12944	0.097562
12949	-0.262482
13062	0.040465
13099	-0.039890
13160	0.057048
13198	0.040156
13239	0.006827
13249	0.001176
13262	-0.089857
13263	-0.010891
13272	-0.157473
13273	-0.101515
13277	-0.005691
13305	-0.220327
13342	-0.012434
13343	0.019114
13345	-0.446203
13351	-0.014148
13357	0.026821
13427	-0.027391
13436	0.162754
13455	0.078063
13528	-0.241776
13532	0.027429
13553	-0.083361
13566	0.310010
13651	0.037746
13653	-0.034928
13675	0.011859
13676	-0.052065
13677	-0.102009
13678	-0.030547
13681	-0.089553
13688	-0.020572
13697	-0.067916
13705	-0.034864
13708	-0.030466
13737	-0.051771
13760	-0.047780
13923	-0.061626
13927	-0.092408
13995	0.001029
14002	0.151075
14003	0.066732
14021	-0.252875
14034	-0.049068
14064	-0.143770
14110	0.148859
14155	0.082378
14203	0.096439
14208	-0.127878
14340	-0.058361
14356	-0.021804
14389	0.000018
14499	-0.055401
14625	-0.136283
14632	-0.052765
14637	-0.128693
14641	-0.035132
14685	0.035771
14694	-0.075984
14695	-0.051637
14699	-0.089823
14700	-0.023120
14749	0.042172
14760	-0.002150
14790	-0.036266
14791	0.043269
14796	-0.102453
14797	-0.062684
14891	-0.003835
14927	-0.141166
15099	0.042696
15182	-0.301035
15243	-0.154769
15245	-0.063026
15254	0.064865
15322	0.037003
15327	-0.057328
15463	0.023174
15496	0.024440
15499	0.119521
15502	0.057617
15514	0.250270
15566	-0.095719
15580	-0.113746
15583	-0.210409
15586	0.249259
15601	-0.217254
15621	-0.078165
15780	0.323584
15869	-0.157952
16082	-0.043059
16281	0.125632
16293	0.055863
16300	0.095213
16304	-0.030529
16360	0.037343
16361	0.081594
16367	-0.201272
16432	-0.195154
16433	-0.034896
16438	-0.102880
16446	0.063585
16453	0.123774
16463	-0.040245
16466	0.050937
16477	0.072081
16482	-0.084920
16605	-0.024531
16606	-0.122242
16635	-0.059185
16638	0.030419
16655	-0.170165
16673	0.000415
16676	0.031093
16677	0.021909
16678	0.016493
16808	0.178505
16829	-0.082010
17150	-0.269950
17182	0.025626
17199	-0.018644
17273	0.016499
17431	-0.025370
17466	-0.058528
17472	0.099145
17485	0.040565
17585	-0.051751
17620	-0.134465
17647	-0.223860
17690	-0.125762
17772	-0.127127
18410	-0.076303
19647	0.076817
21458	-0.038712
21885	0.018399
21973	0.036700
21976	0.024030
21977	-0.046697
22084	-0.042621
23475	-0.036358
23754	0.147865
23764	-0.020666
24372	0.089627
24918	0.023500
24944	0.030430
25022	0.041135
25140	-0.189415
26484	0.051687
27764	0.142513
28424	-0.004079
28845	-0.283681
29861	0.043626
30684	0.015118
31288	-0.109283
31704	-0.017886
32421	-0.145588
32520	-0.015699
32893	0.072493
34340	-0.679233
35227	-0.176459
35334	-0.019949
36499	0.256046
36843	-0.066176
36844	-0.043101
36955	0.007733
36970	-0.003852
39336	-0.065489
39353	0.045754
40538	0.006389
40541	0.063271
40542	0.037212
40599	-0.154513
40601	0.111129
40602	0.036024
40656	0.128381
40657	0.010028
42157	0.199623
42203	0.038076
42204	0.000611
42851	-0.089841
43061	-0.009235
44144	-0.071314
45195	-0.000834
47030	-0.076793
47285	-0.427018
47317	-0.109382
47457	0.050793
47460	0.016225
48147	-0.015114
48297	0.210532
48474	0.021104
48696	0.000388
49516	-0.015047
49630	-0.081888
49927	0.117578
50199	-0.018189
50249	0.079201
50259	0.003781
50904	-0.018426
53231	-0.015447
53471	-0.027443
53531	-0.057972
53986	0.016846
55057	-0.154059
56431	0.096939
56432	0.099613
56466	0.063125
56478	-0.169077
56621	-0.103794
57644	-0.022558
57756	-0.064588
58783	0.104066
59657	-0.069244
59715	0.703174
64825	0.101712
64947	-0.092485
65950	-0.078452
70102	0.196733
75003	0.319331
75099	0.269025
75742	-0.132803
75823	-0.132197
75824	0.359070
78157	0.173286
78181	-0.025654
78191	-0.133019
80479	0.027213
80480	-0.066083
80715	-0.055923
80719	0.037886
80750	0.053423
81231	0.323330
84436	-0.011127
84780	0.058191
84844	0.103841
85002	-0.104551
85003	0.139069
85659	0.033895
85663	-0.033360
85710	-0.001032
92185	-0.244072
96142	0.063436
96144	0.121423
96482	-0.051510
98871	-0.099610
