# 1342 minima projected onto PC110
# Min	PC
3	0.015182
4	0.001122
5	0.003058
6	0.013500
7	-0.021084
9	0.025570
16	-0.016508
17	0.011723
21	0.005782
23	0.023004
31	-0.022014
44	-0.019307
47	-0.005287
48	-0.056568
51	-0.004434
52	-0.025484
55	-0.020049
56	-0.004994
57	-0.013838
58	-0.012702
60	-0.011700
67	0.003135
68	-0.005692
71	-0.017615
72	-0.000400
74	-0.016890
79	0.023663
82	0.003239
85	-0.012309
86	-0.003438
87	-0.002506
88	0.036321
91	0.001901
92	0.024143
94	-0.000561
95	0.013182
97	0.002925
104	-0.004483
106	0.034017
109	0.038151
111	0.014365
115	-0.036715
120	-0.010787
126	0.027562
129	-0.003510
136	-0.004132
137	0.009148
188	-0.019831
189	-0.006938
196	0.005097
199	-0.029902
200	0.009581
202	0.000898
211	0.004909
213	0.017351
214	-0.009464
219	-0.024602
221	0.041604
276	-0.011347
279	0.010187
283	0.025033
295	0.005789
308	0.005549
312	0.007893
315	-0.075826
318	-0.008097
319	0.013926
321	0.004632
324	0.008062
328	0.013999
334	0.005861
336	-0.040756
338	-0.010963
347	0.008817
351	0.005195
352	-0.006107
354	0.001248
357	-0.001808
359	-0.010479
362	-0.000552
364	-0.008707
365	0.004544
368	-0.015522
376	0.015401
377	0.011003
380	-0.033433
386	-0.036422
388	-0.004302
390	-0.006555
396	-0.030452
404	0.021239
410	-0.016550
413	0.008582
420	-0.000848
423	0.005515
424	-0.002331
437	0.013363
438	0.020965
444	-0.067100
452	-0.009043
473	-0.002868
474	-0.005198
475	-0.003015
476	-0.007142
478	-0.002641
479	0.037622
480	0.000002
483	0.006108
503	-0.003769
508	0.022339
509	-0.022469
530	-0.067669
536	-0.002551
556	-0.020265
581	0.011175
583	0.017230
603	-0.005167
606	0.026996
607	0.013850
620	-0.007811
628	-0.008683
636	0.004689
637	0.037520
639	-0.012201
640	-0.011099
644	0.022359
645	0.036844
677	0.010559
678	-0.028134
679	0.030968
682	-0.026036
698	-0.001639
700	0.028463
710	-0.029248
722	0.019093
723	-0.021939
724	-0.024464
725	-0.017523
726	-0.030525
747	-0.006910
753	-0.021899
755	0.066388
757	0.002106
765	-0.023965
782	-0.013686
783	-0.001397
793	-0.006271
808	0.001605
814	0.034836
840	0.005890
848	-0.019414
859	0.004556
864	0.007468
867	-0.005882
878	-0.017175
888	0.005402
890	-0.001485
892	-0.048196
899	-0.017256
918	0.002719
926	0.003706
933	0.004343
934	0.008426
981	-0.012664
1028	-0.000537
1034	-0.008327
1051	-0.005848
1054	0.021317
1058	0.000857
1062	0.034267
1063	-0.025562
1064	0.038302
1066	0.003718
1068	0.004112
1073	0.000407
1082	0.007565
1083	0.023128
1086	-0.005748
1089	-0.022272
1090	-0.025199
1091	-0.000694
1092	-0.013244
1164	-0.011577
1165	0.024169
1174	0.091694
1176	-0.002915
1184	0.011082
1191	0.019147
1192	-0.007930
1201	0.056186
1230	-0.016453
1339	0.008881
1341	-0.017701
1370	0.016941
1385	0.046187
1405	0.049395
1437	-0.007596
1441	-0.006106
1443	-0.011328
1521	-0.000877
1522	-0.009388
1523	0.011927
1524	0.025966
1525	0.006233
1541	0.016294
1542	-0.022711
1550	0.023935
1551	0.054785
1596	0.004413
1597	-0.016657
1628	0.056833
1629	0.016237
1633	-0.014487
1636	-0.019577
1637	-0.034686
1765	-0.006478
1766	0.014733
1780	-0.001742
1862	-0.001118
1865	0.013189
1870	0.016004
1885	-0.043530
1910	0.027414
1911	0.020808
2007	-0.015750
2060	-0.001943
2062	0.017756
2090	-0.024338
2093	-0.007452
2094	0.007392
2095	-0.005994
2096	-0.005816
2100	0.001101
2101	0.008273
2102	0.010682
2103	-0.009915
2104	-0.008699
2105	-0.012757
2128	0.017219
2129	-0.030211
2135	-0.010518
2190	0.006657
2195	0.001361
2197	-0.027807
2198	-0.017615
2199	0.021185
2200	0.001952
2201	0.018951
2202	-0.009327
2205	-0.007479
2217	-0.010328
2218	0.084448
2221	0.015184
2272	-0.026346
2273	-0.023573
2275	-0.033563
2288	0.051525
2293	-0.015840
2298	-0.011841
2299	0.003882
2300	-0.006592
2301	-0.007742
2338	0.029502
2342	0.003561
2343	0.001172
2358	-0.012622
2384	-0.001482
2385	0.010198
2399	0.003579
2435	-0.007489
2436	0.001737
2465	-0.001805
2467	-0.001662
2468	-0.019928
2469	-0.004972
2470	-0.006035
2471	-0.011534
2474	-0.000301
2620	0.002757
2650	-0.014172
2651	0.023356
2685	-0.007042
2688	-0.008404
2730	-0.009166
2843	-0.031953
2951	-0.007495
2959	-0.065467
3236	0.004142
3305	-0.033063
3318	0.007097
3340	0.016359
3352	-0.012448
3355	0.044788
3356	0.029821
3365	-0.013362
3366	-0.006327
3367	0.007328
3368	-0.001418
3401	-0.013878
3405	-0.016029
3434	-0.014584
3448	-0.013501
3454	0.009918
3481	0.008890
3495	-0.009783
3504	0.003857
3532	0.013895
3540	0.004387
3549	-0.004793
3550	-0.005413
3569	0.006841
3595	0.031695
3596	0.000232
3603	-0.019901
3621	-0.013036
3622	0.017955
3647	0.002392
3649	-0.021004
3651	0.016435
3652	-0.012339
3723	0.001684
3757	-0.000557
3772	-0.019069
3787	-0.013352
3798	-0.026370
3799	-0.018201
3889	0.005206
3897	-0.017184
3898	-0.030348
3904	-0.002196
3945	-0.008162
3990	0.026609
4024	0.013194
4039	-0.001902
4048	0.001824
4050	0.017725
4076	-0.019849
4094	-0.005722
4170	-0.001551
4251	-0.007644
4252	0.003391
4299	0.004811
4302	-0.015108
4318	0.002954
4319	-0.021507
4320	0.017891
4360	-0.012341
4388	-0.005504
4414	0.030583
4426	-0.019725
4446	0.006364
4527	-0.039776
4545	0.014714
4546	-0.005518
4554	0.020591
4564	0.009607
4567	-0.006853
4634	0.008508
4693	-0.022626
4736	0.012740
4761	-0.014265
4879	-0.002054
5071	0.018812
5138	0.000534
5164	0.006332
5182	0.030499
5183	0.017784
5184	0.001652
5187	0.020103
5188	-0.005450
5189	-0.014071
5193	-0.007562
5194	0.000625
5195	-0.005824
5197	-0.010587
5203	0.001014
5205	-0.029664
5212	-0.008412
5213	-0.032615
5222	0.000688
5223	-0.013413
5228	-0.019228
5232	0.043514
5244	-0.038412
5245	0.040810
5246	-0.020120
5248	0.017705
5292	-0.011667
5293	-0.025917
5299	0.035696
5300	-0.041860
5315	0.006794
5316	0.020308
5319	0.025419
5320	0.016208
5321	0.017253
5322	0.019710
5323	-0.000763
5324	-0.012322
5325	0.018976
5329	-0.068306
5342	-0.015736
5343	0.005481
5374	-0.075839
5376	-0.008342
5378	0.012250
5379	0.008180
5382	-0.000806
5390	0.007927
5398	-0.002692
5402	0.010191
5404	0.051647
5407	-0.002371
5408	0.004196
5409	-0.008714
5411	-0.004909
5412	-0.003127
5413	0.009653
5416	0.011684
5418	0.007421
5422	-0.006983
5425	-0.001188
5427	-0.004753
5428	0.006037
5432	-0.024116
5436	-0.020612
5443	-0.017672
5444	-0.022855
5458	-0.020025
5462	0.071931
5465	-0.005588
5468	0.015623
5471	-0.015199
5480	-0.019589
5481	0.035121
5485	0.012249
5486	-0.002581
5488	0.024026
5489	0.006492
5495	0.038770
5513	-0.002131
5515	0.016679
5516	0.022880
5521	-0.001027
5527	0.001855
5528	0.008813
5536	0.007156
5537	0.012862
5547	0.013839
5565	0.000149
5573	-0.019221
5579	-0.003993
5583	-0.006866
5586	0.012352
5589	-0.012867
5590	-0.013204
5593	-0.011884
5599	0.026607
5604	-0.030107
5605	0.010548
5606	0.009303
5625	-0.012671
5649	0.011358
5656	-0.022591
5657	0.018687
5658	0.002207
5686	0.017984
5695	0.009425
5705	0.017054
5706	-0.002523
5716	0.008580
5717	0.007157
5718	0.001002
5719	-0.021745
5720	-0.016498
5724	0.009229
5738	0.011375
5742	0.018385
5750	0.023171
5751	0.012808
5756	0.006865
5761	0.055609
5768	0.012761
5773	0.014146
5792	0.013506
5793	-0.011852
5794	0.007354
5806	0.005355
5811	-0.011118
5812	0.006945
5813	0.017637
5814	-0.006233
5821	-0.003308
5823	-0.017306
5825	-0.007076
5831	-0.009015
5832	0.022762
5833	-0.004824
5847	-0.004230
5849	0.002839
5851	-0.016897
5854	-0.005552
5858	0.002269
5862	0.009207
5875	-0.008353
5876	0.042619
5903	-0.023128
5910	-0.004165
5912	0.014653
5913	0.065464
5925	0.001100
5926	0.022069
5927	0.008854
5928	0.030483
5930	-0.049876
5931	0.014408
5933	0.068257
5934	0.011416
5937	0.052066
5939	0.041151
5940	-0.071539
5941	-0.032662
5943	-0.018263
5963	-0.028730
5964	-0.007570
5965	-0.003756
5966	-0.025281
5968	-0.005452
5969	-0.023273
5970	-0.002163
5971	-0.012133
5975	0.003104
6006	-0.000735
6011	-0.013515
6017	0.001080
6019	-0.005835
6022	0.004454
6032	0.000545
6095	0.016458
6115	-0.036514
6116	-0.007672
6119	0.009362
6127	-0.015292
6128	-0.001896
6130	0.006536
6140	-0.021720
6141	0.026527
6147	-0.014461
6148	0.003168
6163	0.037635
6164	-0.013433
6170	-0.004494
6171	0.016800
6177	-0.014782
6184	0.037515
6200	0.025840
6204	-0.023207
6206	0.004781
6223	0.001850
6240	0.011873
6245	0.029086
6253	0.013148
6267	-0.001085
6269	-0.007947
6290	-0.011725
6303	-0.000758
6317	0.031054
6343	-0.003604
6350	0.003036
6360	0.022058
6367	-0.089425
6383	0.019101
6389	0.002301
6397	0.032223
6398	-0.008691
6406	-0.025406
6407	-0.065706
6412	0.000725
6413	-0.017676
6434	0.020250
6435	0.013843
6460	-0.018712
6463	-0.007321
6464	0.004873
6489	0.006779
6507	0.040266
6510	0.026153
6516	0.000787
6518	-0.040767
6522	0.045910
6523	-0.007817
6524	0.003825
6525	0.007559
6531	-0.020312
6536	-0.002392
6575	-0.021850
6584	0.007561
6585	0.005925
6586	0.000762
6594	0.010548
6595	0.022560
6610	0.047052
6612	0.006276
6615	0.001655
6624	0.020804
6628	0.016790
6649	0.010442
6698	-0.043259
6706	-0.008367
6718	-0.033206
6719	0.028504
6722	-0.000292
6770	0.012257
6780	-0.000512
6781	0.002575
6794	-0.041241
6795	-0.026529
6796	-0.033570
6799	-0.030421
6809	-0.014297
6837	0.001186
6838	-0.004935
6839	-0.044518
6846	-0.033175
6865	-0.033624
6869	-0.000133
6870	-0.007896
6871	0.004246
6873	0.004152
6876	-0.013092
6885	-0.008586
6895	0.011873
6896	0.052544
6897	-0.004554
6900	-0.007420
6903	0.021901
6906	0.039583
6916	-0.018231
6917	0.006794
6918	-0.022633
6919	-0.007463
6938	-0.003286
6941	0.025061
6942	0.012149
6943	-0.014693
6944	-0.017517
6948	-0.015428
6953	-0.003094
6957	0.038224
6958	0.013429
6970	-0.011757
6971	-0.004832
6976	0.004332
6977	-0.009370
6990	0.009908
7014	0.008847
7015	0.020540
7016	0.008152
7018	0.005356
7019	0.004532
7042	-0.012172
7053	-0.015259
7066	0.028462
7067	-0.031730
7083	-0.012645
7092	-0.017968
7100	-0.016720
7103	-0.007504
7110	0.001852
7111	0.015328
7112	0.043879
7113	0.022962
7116	0.004606
7119	-0.009897
7120	-0.005117
7121	-0.012173
7122	0.002943
7140	-0.002660
7143	0.165815
7157	-0.023339
7165	-0.015319
7175	0.028488
7178	-0.031780
7206	-0.028936
7207	-0.008350
7217	-0.003049
7218	0.003775
7221	0.010829
7227	0.007938
7230	0.009954
7236	0.002775
7239	-0.001372
7242	-0.004091
7260	-0.007057
7268	0.020277
7269	-0.004095
7304	0.045619
7326	0.005642
7327	-0.009142
7336	-0.007807
7342	-0.005577
7346	0.012597
7348	-0.041720
7355	0.013296
7361	-0.016598
7372	0.023891
7387	-0.046189
7422	0.009941
7423	0.037663
7425	0.015120
7436	0.003645
7442	0.001146
7446	0.002875
7448	-0.005960
7453	-0.028545
7463	0.011453
7492	-0.066964
7493	0.001721
7494	0.017350
7495	-0.012954
7518	0.027832
7520	0.038042
7540	0.013432
7546	0.021683
7556	0.013674
7559	0.045780
7560	0.004231
7561	-0.014920
7564	-0.026627
7575	0.027974
7583	0.040803
7585	0.013661
7586	-0.019285
7599	-0.011861
7600	-0.018671
7606	-0.000455
7614	-0.000465
7617	0.017812
7622	-0.020338
7629	0.003927
7637	-0.030547
7640	-0.019658
7657	-0.001287
7665	-0.015556
7666	-0.002263
7667	0.010218
7668	-0.038085
7669	-0.060127
7670	-0.062898
7671	-0.002672
7681	0.009391
7683	-0.016185
7684	0.023694
7696	0.001298
7722	-0.007111
7723	-0.019988
7799	-0.008992
7852	0.021009
7859	0.007747
7860	0.018104
7861	-0.013210
7865	-0.036685
7875	0.001429
7876	0.014652
7895	-0.026391
7913	0.005132
7917	0.053859
7952	0.009512
7969	-0.023393
7971	0.009970
8000	0.007732
8002	0.016551
8006	-0.005424
8036	-0.021845
8056	0.015507
8069	-0.084519
8103	-0.009055
8107	0.016652
8120	-0.006973
8122	-0.018900
8125	-0.011399
8127	0.012632
8136	-0.002512
8149	0.008258
8154	0.005265
8197	0.015907
8208	-0.017821
8223	0.015075
8232	0.014335
8241	-0.015208
8256	0.006184
8262	-0.012785
8266	-0.012051
8267	-0.015147
8268	-0.014331
8269	0.002639
8271	-0.028926
8273	0.023555
8280	0.003422
8284	0.003182
8303	-0.006646
8304	-0.016452
8305	-0.013141
8308	0.015587
8332	0.019260
8333	0.006831
8334	0.002440
8338	0.031951
8363	-0.031033
8370	0.007499
8398	-0.000127
8465	0.003251
8468	0.004289
8469	0.012822
8470	0.001788
8507	0.011149
8552	0.017493
8572	-0.007061
8574	-0.009504
8577	-0.004566
8586	-0.011106
8592	0.009385
8593	0.021861
8594	0.008317
8597	-0.002083
8599	0.003655
8606	0.060822
8607	0.006941
8615	0.002565
8617	-0.005734
8626	-0.015215
8636	0.000323
8669	-0.005329
8671	0.027795
8673	0.021139
8675	0.026412
8790	-0.012224
8791	0.005192
8811	0.038158
8822	-0.048022
8841	-0.007687
8849	-0.016178
8856	0.005274
8875	0.018319
8884	-0.045079
8906	-0.014029
8907	-0.017121
8910	0.007585
8911	0.003389
8912	0.009834
8913	0.022136
8934	0.011182
8935	0.009691
8954	-0.030975
8968	-0.023225
8972	-0.032454
9001	-0.019076
9029	-0.024357
9032	0.042747
9058	0.023968
9059	0.011685
9068	0.010722
9070	-0.011979
9108	-0.022802
9139	-0.010699
9140	-0.013443
9158	-0.000273
9187	0.014655
9188	0.011025
9189	-0.017177
9190	0.001161
9253	0.007474
9259	-0.015707
9268	-0.015111
9269	-0.002987
9271	0.000994
9312	0.024957
9323	0.006271
9329	0.005135
9330	0.006210
9331	-0.002333
9356	0.001343
9376	-0.003712
9394	-0.009096
9424	0.034718
9428	-0.005875
9429	0.006600
9496	0.005237
9536	-0.020384
9543	0.000808
9589	0.025122
9614	0.032710
9615	-0.020669
9617	-0.050098
9631	0.028518
9661	-0.025029
9668	-0.037842
9718	0.004908
9728	0.016601
9734	-0.036351
9788	-0.011614
9791	-0.004582
9793	0.012179
9804	0.014106
9809	-0.023740
9810	-0.010840
9823	-0.003681
9828	-0.051997
9907	0.018040
9951	0.016905
9968	0.002688
9969	-0.010925
10010	0.024119
10011	-0.012427
10012	0.022311
10018	-0.007855
10021	0.027712
10022	0.031473
10031	0.005930
10032	0.028520
10033	0.031605
10034	0.020750
10035	0.033302
10039	-0.005784
10044	-0.023791
10045	-0.009415
10060	-0.006351
10065	0.026691
10077	-0.005525
10080	-0.001048
10130	-0.016115
10131	-0.003654
10149	0.010549
10194	0.016400
10197	-0.016593
10221	0.012766
10226	0.008015
10232	0.001415
10233	-0.054896
10263	-0.006877
10264	-0.015127
10274	0.008091
10286	-0.034014
10292	-0.088024
10299	0.018267
10302	0.007190
10324	0.070916
10355	-0.023715
10358	0.007227
10362	-0.031947
10366	-0.032315
10368	0.007415
10370	-0.036515
10392	-0.008666
10405	-0.022825
10406	0.005761
10409	0.012221
10419	0.033516
10420	0.003196
10424	0.020586
10434	-0.027526
10455	0.001179
10478	-0.012907
10480	0.001895
10484	-0.013827
10510	0.033372
10519	-0.064979
10520	-0.010490
10524	0.027906
10578	-0.008839
10630	-0.008660
10643	-0.015949
10645	0.015412
10677	-0.006603
10678	-0.007730
10690	0.007166
10717	0.016228
10718	0.025026
10719	0.009882
10721	0.006408
10723	0.007096
10735	-0.025821
10736	-0.000505
10829	-0.006101
10837	-0.014210
10846	-0.008819
10921	0.049073
10922	0.006865
10923	-0.026395
10924	-0.035064
10964	0.012833
10978	-0.002689
11017	-0.032820
11018	-0.021068
11019	-0.027756
11032	0.006306
11034	0.006706
11035	0.005547
11036	0.009850
11052	-0.011931
11056	0.010707
11060	-0.011680
11063	0.001151
11064	0.035725
11068	-0.004207
11069	0.003304
11090	-0.016671
11098	0.004610
11099	0.004923
11100	0.011411
11105	-0.008406
11109	-0.019784
11122	-0.012938
11123	-0.008035
11125	-0.035775
11126	-0.010783
11149	0.003326
11153	-0.004962
11188	-0.004619
11193	0.010600
11230	0.001715
11233	-0.047347
11236	0.014725
11243	-0.027546
11251	0.041629
11259	0.047597
11263	0.000218
11272	-0.010253
11321	-0.002126
11322	0.007496
11326	0.004163
11327	-0.000069
11335	-0.011278
11337	0.001748
11343	0.018620
11390	0.011736
11444	0.003912
11464	0.011617
11471	0.014229
11472	0.024148
11473	-0.005492
11492	0.018690
11499	-0.022812
11500	0.005997
11505	0.049184
11527	-0.024316
11528	-0.029098
11532	-0.021184
11564	0.020763
11589	0.006566
11591	0.026313
11592	0.013847
11599	-0.018223
11605	0.020057
11617	0.016209
11630	-0.023600
11631	0.016900
11632	-0.107753
11656	0.031203
11657	0.006951
11777	-0.029735
11786	0.012097
11812	-0.004752
12020	0.015397
12061	-0.017676
12115	-0.039007
12154	-0.003292
12155	-0.057064
12156	0.012648
12159	0.006052
12174	-0.028716
12176	0.019973
12230	0.008552
12234	0.035223
12236	0.026094
12237	-0.003627
12250	0.018578
12252	-0.030128
12253	0.005148
12315	0.000531
12381	0.019096
12382	0.009562
12438	0.019609
12455	-0.013608
12462	0.012770
12478	-0.004976
12603	-0.006076
12711	0.027662
12714	0.028328
12716	0.003696
12754	0.030400
12785	-0.019711
12788	0.080473
12792	-0.071720
12898	0.001870
12944	-0.036528
12949	-0.117230
13062	0.008956
13099	-0.058770
13160	0.005572
13198	0.007038
13239	-0.000237
13249	0.053723
13262	-0.013136
13263	-0.042786
13272	-0.019851
13273	0.046083
13277	0.053132
13305	0.010284
13342	0.034336
13343	-0.006598
13345	-0.034548
13351	-0.025536
13357	0.018779
13427	-0.034020
13436	-0.000142
13455	-0.011375
13528	-0.002819
13532	-0.041237
13553	0.026181
13566	0.035080
13651	0.018103
13653	0.015461
13675	0.016354
13676	0.012997
13677	0.026914
13678	0.023458
13681	0.006749
13688	0.001306
13697	0.014821
13705	-0.018188
13708	0.001422
13737	-0.003266
13760	0.028897
13923	-0.016649
13927	-0.023489
13995	-0.015010
14002	0.023400
14003	0.011733
14021	0.040739
14034	0.032790
14064	0.022593
14110	0.035231
14155	-0.005328
14203	-0.007819
14208	-0.005968
14340	0.037797
14356	-0.019055
14389	0.009409
14499	0.009828
14625	0.020880
14632	0.015688
14637	0.007341
14641	0.009680
14685	0.037156
14694	0.015475
14695	0.012894
14699	0.018542
14700	-0.023018
14749	-0.037272
14760	-0.017385
14790	0.011710
14791	0.008724
14796	-0.010414
14797	0.001348
14891	0.048646
14927	-0.025864
15099	-0.016622
15182	0.031779
15243	0.025837
15245	0.036907
15254	-0.004551
15322	-0.042518
15327	0.000713
15463	-0.002631
15496	-0.017260
15499	-0.003957
15502	-0.004064
15514	-0.000308
15566	0.018617
15580	-0.008939
15583	-0.017002
15586	-0.020569
15601	0.021866
15621	-0.011708
15780	-0.002859
15869	-0.005206
16082	-0.029974
16281	0.013106
16293	0.006906
16300	-0.016854
16304	-0.028991
16360	-0.004183
16361	0.045026
16367	-0.015867
16432	-0.060472
16433	-0.046022
16438	0.020757
16446	0.052010
16453	0.027642
16463	-0.097864
16466	-0.002026
16477	0.054649
16482	-0.010158
16605	-0.020694
16606	0.151802
16635	-0.013204
16638	-0.018520
16655	-0.016803
16673	-0.024143
16676	0.014018
16677	0.003047
16678	-0.028387
16808	0.037692
16829	-0.021493
17150	-0.035250
17182	0.018842
17199	-0.026214
17273	0.021692
17431	-0.033237
17466	-0.075014
17472	0.033080
17485	-0.000632
17585	0.028292
17620	0.015306
17647	0.002634
17690	0.004193
17772	0.001595
18410	-0.005075
19647	0.085411
21458	-0.025440
21885	0.053475
21973	0.003505
21976	-0.008461
21977	-0.013436
22084	0.030248
23475	-0.002300
23754	0.028402
23764	-0.003794
24372	-0.012768
24918	0.019321
24944	0.006890
25022	-0.045437
25140	-0.013554
26484	0.037269
27764	0.017411
28424	0.017925
28845	-0.065197
29861	-0.022922
30684	0.017489
31288	-0.054597
31704	-0.013126
32421	0.009199
32520	0.035425
32893	-0.004884
34340	0.014585
35227	-0.035465
35334	-0.020883
36499	0.016337
36843	-0.005505
36844	-0.010545
36955	-0.013291
36970	-0.013089
39336	0.011359
39353	-0.039840
40538	-0.029183
40541	0.002303
40542	-0.015991
40599	-0.002746
40601	-0.016237
40602	0.018120
40656	-0.051811
40657	-0.011638
42157	0.000391
42203	-0.012431
42204	-0.008500
42851	-0.014570
43061	0.004456
44144	-0.004990
45195	0.053319
47030	-0.014864
47285	-0.005298
47317	-0.001542
47457	0.055596
47460	-0.002074
48147	0.002694
48297	-0.020781
48474	0.009489
48696	0.011707
49516	0.052610
49630	0.035726
49927	-0.000912
50199	-0.023667
50249	0.004305
50259	-0.045970
50904	0.040492
53231	0.020760
53471	0.014535
53531	0.022556
53986	-0.036652
55057	0.008851
56431	0.015796
56432	0.027713
56466	0.057852
56478	0.009518
56621	0.007818
57644	0.019437
57756	-0.003101
58783	0.012274
59657	-0.001137
59715	-0.010124
64825	-0.048413
64947	-0.003837
65950	-0.031156
70102	-0.025302
75003	-0.029200
75099	-0.025518
75742	0.013469
75823	0.031026
75824	0.030368
78157	-0.003280
78181	-0.015192
78191	0.005492
80479	-0.017353
80480	-0.006179
80715	-0.021789
80719	0.010870
80750	0.033875
81231	-0.021944
84436	-0.007007
84780	0.009678
84844	-0.049886
85002	0.008766
85003	-0.028638
85659	-0.021954
85663	-0.006946
85710	-0.011979
92185	0.044876
96142	-0.018819
96144	0.005114
96482	-0.045151
98871	0.014306
