# 1342 minima projected onto PC75
# Min	PC
3	0.020726
4	-0.013093
5	0.112017
6	0.117427
7	-0.055638
9	0.004404
16	-0.072040
17	0.065102
21	0.041635
23	0.036510
31	-0.026253
44	-0.009381
47	-0.009354
48	0.021956
51	-0.015725
52	-0.105655
55	0.112749
56	-0.000413
57	0.043757
58	-0.136838
60	-0.065566
67	-0.007141
68	-0.016042
71	-0.075761
72	-0.035417
74	0.005296
79	-0.088481
82	0.010759
85	0.010614
86	0.015993
87	0.071576
88	0.057057
91	0.031928
92	0.016950
94	0.128017
95	0.112709
97	-0.020046
104	-0.192782
106	-0.054508
109	0.044317
111	0.131123
115	-0.474265
120	0.005114
126	-0.060583
129	0.151837
136	-0.065342
137	0.038187
188	-0.033545
189	-0.056111
196	-0.007440
199	0.008858
200	0.019793
202	-0.001698
211	0.020805
213	-0.022067
214	-0.053287
219	-0.019447
221	0.021102
276	-0.054808
279	0.024671
283	0.175082
295	-0.010571
308	0.027643
312	0.087910
315	-0.089407
318	-0.044376
319	0.149668
321	-0.082167
324	0.053471
328	0.105424
334	-0.009413
336	0.131480
338	-0.193828
347	-0.060435
351	0.114526
352	-0.050706
354	-0.037841
357	0.261177
359	-0.005277
362	-0.025249
364	0.024884
365	0.052749
368	-0.065488
376	0.147379
377	0.054453
380	0.011117
386	-0.048015
388	-0.008225
390	0.128788
396	-0.043815
404	-0.059578
410	-0.019434
413	-0.034413
420	-0.015445
423	0.053222
424	0.027803
437	-0.028189
438	-0.079998
444	0.115949
452	-0.008118
473	-0.006276
474	0.054720
475	0.094542
476	-0.026487
478	-0.057693
479	0.173487
480	-0.033305
483	0.082247
503	0.102513
508	-0.070077
509	0.127004
530	-0.190062
536	0.054122
556	-0.050824
581	0.014741
583	0.076744
603	0.011145
606	0.101003
607	0.108778
620	-0.045936
628	-0.037841
636	0.154457
637	-0.019313
639	0.180859
640	0.111859
644	0.019512
645	0.025810
677	0.164183
678	-0.071860
679	-0.032530
682	-0.062438
698	-0.043137
700	0.011027
710	0.092020
722	0.034468
723	0.014648
724	0.091986
725	0.140305
726	0.155845
747	-0.100538
753	-0.041528
755	-0.224649
757	-0.104873
765	0.005982
782	-0.100912
783	0.001384
793	-0.094666
808	0.004248
814	0.159270
840	-0.084065
848	-0.047765
859	-0.028568
864	-0.053708
867	0.021052
878	-0.234013
888	-0.153394
890	0.130068
892	-0.002126
899	-0.015359
918	-0.140436
926	-0.023488
933	-0.067980
934	-0.030576
981	-0.071342
1028	-0.013497
1034	-0.013304
1051	0.005949
1054	-0.100017
1058	-0.051036
1062	-0.026941
1063	-0.026354
1064	-0.003794
1066	0.020624
1068	0.026439
1073	0.067785
1082	-0.035877
1083	-0.013782
1086	0.044114
1089	0.012729
1090	-0.043371
1091	-0.048909
1092	-0.081197
1164	-0.102699
1165	-0.097349
1174	0.206222
1176	0.009681
1184	-0.050103
1191	-0.029129
1192	-0.162276
1201	-0.138083
1230	-0.000747
1339	-0.052850
1341	-0.074255
1370	-0.176896
1385	-0.045460
1405	0.183799
1437	-0.032359
1441	0.051865
1443	0.082049
1521	0.101802
1522	-0.051193
1523	-0.185260
1524	-0.042483
1525	-0.029584
1541	0.110631
1542	0.003970
1550	0.021364
1551	-0.061869
1596	-0.031254
1597	-0.023551
1628	0.042833
1629	0.134533
1633	-0.098240
1636	-0.024329
1637	-0.025833
1765	-0.052635
1766	-0.071310
1780	0.028574
1862	0.092200
1865	0.010231
1870	0.084277
1885	-0.171982
1910	-0.039070
1911	0.000623
2007	-0.028962
2060	0.116935
2062	0.054970
2090	0.130915
2093	0.004370
2094	0.019551
2095	0.059550
2096	-0.133835
2100	-0.187502
2101	0.064158
2102	0.067669
2103	0.075246
2104	0.077737
2105	-0.045333
2128	0.058451
2129	0.049662
2135	-0.008495
2190	0.214360
2195	0.088176
2197	-0.015363
2198	-0.060425
2199	0.065115
2200	-0.023315
2201	-0.029470
2202	-0.060516
2205	-0.057626
2217	-0.045667
2218	0.184569
2221	0.126872
2272	-0.037494
2273	0.010267
2275	-0.073589
2288	-0.560703
2293	0.003950
2298	0.039535
2299	0.035290
2300	0.100005
2301	0.061483
2338	0.113489
2342	0.099776
2343	-0.154962
2358	-0.184095
2384	-0.006724
2385	0.079016
2399	0.156915
2435	0.061884
2436	-0.076506
2465	0.051446
2467	-0.039936
2468	0.004027
2469	0.043879
2470	0.053082
2471	-0.039446
2474	0.014641
2620	-0.078238
2650	-0.052120
2651	-0.118191
2685	-0.075799
2688	0.056105
2730	-0.035198
2843	0.063126
2951	-0.037818
2959	-0.005011
3236	0.011403
3305	-0.046105
3318	-0.016433
3340	-0.042989
3352	-0.092707
3355	0.047645
3356	-0.076637
3365	0.039548
3366	0.075506
3367	0.079317
3368	0.036759
3401	0.037223
3405	-0.149042
3434	-0.025398
3448	-0.057442
3454	0.023427
3481	-0.083779
3495	-0.069506
3504	0.019594
3532	0.140316
3540	-0.010456
3549	-0.110341
3550	-0.045208
3569	0.025812
3595	0.061861
3596	0.030081
3603	-0.114347
3621	-0.133360
3622	0.004693
3647	-0.047897
3649	-0.066170
3651	0.025731
3652	0.045256
3723	-0.021345
3757	-0.073006
3772	-0.167594
3787	-0.173212
3798	-0.014947
3799	0.262399
3889	0.065830
3897	-0.019727
3898	-0.002294
3904	-0.096926
3945	0.014895
3990	-0.023145
4024	0.069425
4039	0.051391
4048	-0.075643
4050	0.099995
4076	0.002552
4094	0.079601
4170	0.017505
4251	-0.013313
4252	0.051562
4299	0.082810
4302	0.083654
4318	0.124240
4319	-0.119336
4320	0.039831
4360	-0.134748
4388	-0.012116
4414	0.063503
4426	0.120744
4446	-0.129644
4527	-0.064948
4545	0.028648
4546	0.018778
4554	-0.130765
4564	-0.039198
4567	0.076005
4634	0.020280
4693	0.070616
4736	-0.025342
4761	-0.094065
4879	0.056696
5071	-0.092517
5138	-0.039160
5164	-0.016340
5182	0.045443
5183	0.033855
5184	-0.016900
5187	0.223341
5188	-0.095808
5189	-0.057574
5193	-0.104707
5194	-0.098737
5195	-0.074400
5197	-0.019184
5203	-0.163405
5205	-0.082551
5212	-0.166393
5213	-0.177539
5222	-0.082274
5223	0.056236
5228	0.074773
5232	0.009309
5244	-0.076918
5245	-0.103515
5246	0.045832
5248	-0.019615
5292	-0.066708
5293	-0.015578
5299	0.046735
5300	0.075078
5315	0.033744
5316	-0.028971
5319	0.002696
5320	0.007852
5321	-0.063508
5322	-0.065746
5323	-0.009534
5324	-0.070812
5325	-0.117163
5329	0.482176
5342	-0.061837
5343	0.003051
5374	-0.130513
5376	-0.041577
5378	0.009258
5379	0.089951
5382	0.005853
5390	0.092038
5398	-0.053316
5402	0.022698
5404	-0.069230
5407	-0.048634
5408	0.080054
5409	-0.031433
5411	0.014735
5412	-0.163261
5413	0.033068
5416	0.120434
5418	-0.037375
5422	-0.000443
5425	0.030797
5427	0.030061
5428	-0.039786
5432	-0.077614
5436	0.058743
5443	0.015218
5444	0.280326
5458	-0.060391
5462	-0.115986
5465	0.020233
5468	0.046483
5471	0.012389
5480	-0.075222
5481	0.049339
5485	-0.048296
5486	-0.025448
5488	0.080001
5489	-0.078626
5495	0.151904
5513	-0.011110
5515	0.131751
5516	0.144684
5521	-0.036604
5527	-0.091440
5528	-0.270205
5536	0.144016
5537	0.045360
5547	-0.015026
5565	-0.010796
5573	0.132823
5579	0.078694
5583	-0.071141
5586	-0.035613
5589	0.061907
5590	0.120348
5593	-0.004795
5599	0.100841
5604	0.111467
5605	0.201747
5606	0.077750
5625	-0.001894
5649	0.040085
5656	0.051252
5657	0.010819
5658	-0.033993
5686	0.076429
5695	-0.035654
5705	0.009489
5706	0.029365
5716	0.056477
5717	0.006104
5718	-0.148627
5719	-0.016520
5720	-0.046152
5724	0.019595
5738	-0.088314
5742	-0.040497
5750	0.035794
5751	-0.092152
5756	0.091196
5761	0.082552
5768	0.002433
5773	-0.061477
5792	0.069858
5793	-0.066402
5794	0.027016
5806	0.002715
5811	-0.055126
5812	-0.004982
5813	0.072857
5814	0.000392
5821	-0.000156
5823	-0.021661
5825	-0.122469
5831	-0.102946
5832	-0.046935
5833	-0.022427
5847	-0.070427
5849	0.043239
5851	0.005707
5854	0.125595
5858	0.040601
5862	-0.009111
5875	-0.094191
5876	0.239197
5903	0.053864
5910	0.041634
5912	0.359562
5913	0.264902
5925	0.038147
5926	0.064836
5927	-0.012659
5928	0.012924
5930	-0.046995
5931	0.051085
5933	-0.171828
5934	0.055466
5937	0.280864
5939	-0.031603
5940	0.235114
5941	0.053108
5943	0.095877
5963	-0.005974
5964	0.020439
5965	-0.003480
5966	0.011336
5968	0.111000
5969	0.287912
5970	0.165044
5971	0.006066
5975	-0.002218
6006	0.026612
6011	0.025177
6017	-0.102418
6019	-0.018054
6022	-0.101904
6032	-0.076222
6095	0.132262
6115	-0.140896
6116	0.015310
6119	0.076003
6127	0.046479
6128	0.108218
6130	0.010967
6140	-0.053960
6141	0.117580
6147	-0.104053
6148	-0.066659
6163	-0.063137
6164	-0.101090
6170	0.029140
6171	0.092289
6177	0.042613
6184	-0.009791
6200	0.082656
6204	-0.055528
6206	-0.038077
6223	-0.020036
6240	0.059043
6245	-0.030649
6253	-0.050006
6267	-0.082985
6269	0.090983
6290	-0.081412
6303	0.169386
6317	-0.044188
6343	-0.095264
6350	0.017180
6360	0.161196
6367	0.026095
6383	0.205791
6389	0.004232
6397	-0.147291
6398	-0.129045
6406	0.090583
6407	0.080329
6412	0.209840
6413	0.168601
6434	-0.018771
6435	-0.034193
6460	-0.044685
6463	0.030786
6464	0.013652
6489	0.096190
6507	0.146189
6510	-0.371702
6516	0.034325
6518	0.053243
6522	0.006411
6523	-0.006825
6524	-0.026355
6525	-0.075814
6531	-0.097385
6536	0.020047
6575	-0.029272
6584	-0.032480
6585	-0.054256
6586	-0.078549
6594	0.083768
6595	0.031786
6610	-0.051509
6612	-0.067978
6615	-0.028874
6624	-0.002919
6628	-0.172920
6649	-0.122320
6698	-0.057229
6706	0.067093
6718	0.081835
6719	-0.138067
6722	0.106574
6770	-0.184355
6780	0.078660
6781	0.144020
6794	-0.107440
6795	-0.074326
6796	-0.053452
6799	-0.083498
6809	0.077373
6837	-0.098435
6838	-0.134898
6839	0.079561
6846	-0.008783
6865	-0.058731
6869	-0.001474
6870	0.025509
6871	0.152535
6873	-0.078454
6876	-0.014458
6885	-0.066439
6895	-0.036848
6896	0.033813
6897	-0.030046
6900	-0.067428
6903	-0.029887
6906	-0.194793
6916	-0.054786
6917	0.014377
6918	-0.054533
6919	-0.037700
6938	0.060833
6941	-0.053417
6942	0.034911
6943	-0.024021
6944	-0.065030
6948	0.045813
6953	-0.153229
6957	-0.016836
6958	0.123313
6970	0.004106
6971	0.029473
6976	0.045081
6977	-0.093690
6990	-0.023023
7014	-0.078607
7015	0.001653
7016	-0.088888
7018	0.236252
7019	0.188306
7042	-0.023808
7053	0.001533
7066	-0.011768
7067	-0.002436
7083	0.012731
7092	-0.023026
7100	0.038391
7103	-0.043069
7110	0.032577
7111	0.048245
7112	0.022454
7113	-0.108868
7116	0.010628
7119	0.006219
7120	-0.014015
7121	0.072187
7122	-0.048759
7140	0.029829
7143	0.008635
7157	-0.074669
7165	0.013218
7175	0.055368
7178	0.029303
7206	0.136885
7207	0.237995
7217	-0.104782
7218	-0.034522
7221	0.003001
7227	-0.016130
7230	0.116361
7236	-0.044470
7239	0.132883
7242	0.014686
7260	-0.081868
7268	-0.070789
7269	-0.077821
7304	0.067027
7326	0.073621
7327	-0.035341
7336	-0.105719
7342	-0.020772
7346	0.079806
7348	0.042901
7355	-0.085170
7361	-0.035026
7372	-0.038354
7387	0.046277
7422	-0.025850
7423	-0.020106
7425	0.089504
7436	0.085511
7442	0.003103
7446	0.185067
7448	0.041238
7453	-0.041326
7463	0.020251
7492	-0.080217
7493	-0.093405
7494	-0.169002
7495	-0.158393
7518	-0.007040
7520	0.096120
7540	-0.045926
7546	-0.033316
7556	0.084828
7559	-0.096121
7560	-0.055788
7561	-0.046230
7564	-0.076501
7575	-0.031714
7583	0.059800
7585	0.033889
7586	-0.038826
7599	0.385824
7600	0.458817
7606	0.419966
7614	-0.039417
7617	-0.074148
7622	-0.081511
7629	-0.010736
7637	-0.085825
7640	0.024526
7657	-0.046483
7665	-0.043506
7666	0.078359
7667	-0.008341
7668	-0.020578
7669	-0.195477
7670	0.086437
7671	0.011113
7681	0.081308
7683	-0.027050
7684	-0.040258
7696	0.243902
7722	0.161921
7723	-0.077627
7799	-0.100394
7852	0.134358
7859	-0.053925
7860	0.033090
7861	0.034050
7865	-0.018996
7875	0.050892
7876	-0.027182
7895	-0.057568
7913	-0.034358
7917	0.000464
7952	0.103410
7969	0.064011
7971	-0.054430
8000	0.000545
8002	0.002621
8006	0.301459
8036	0.078751
8056	0.074910
8069	0.062275
8103	-0.020850
8107	0.043787
8120	-0.031888
8122	0.146686
8125	-0.008502
8127	-0.067501
8136	-0.045933
8149	-0.045564
8154	-0.070467
8197	0.037533
8208	-0.010303
8223	-0.201245
8232	-0.064037
8241	0.090963
8256	-0.115622
8262	-0.112382
8266	0.056513
8267	0.012943
8268	0.001798
8269	-0.141430
8271	-0.073849
8273	-0.111913
8280	-0.019815
8284	-0.020097
8303	-0.008249
8304	0.026675
8305	0.024088
8308	-0.086671
8332	0.013267
8333	0.074670
8334	-0.033369
8338	-0.102523
8363	-0.122219
8370	0.020307
8398	0.029614
8465	-0.233543
8468	0.066286
8469	0.005345
8470	-0.008926
8507	0.052230
8552	-0.046525
8572	-0.033596
8574	-0.022604
8577	0.028993
8586	0.017132
8592	0.001671
8593	0.055394
8594	0.007273
8597	-0.066649
8599	-0.040233
8606	-0.428144
8607	-0.013804
8615	0.023750
8617	0.032869
8626	-0.008593
8636	-0.027051
8669	0.016208
8671	0.059003
8673	0.026024
8675	-0.074570
8790	-0.000622
8791	-0.071219
8811	-0.041088
8822	-0.161887
8841	-0.057262
8849	-0.061576
8856	-0.010924
8875	0.023534
8884	-0.119371
8906	-0.051943
8907	-0.000164
8910	0.038520
8911	0.057716
8912	0.030775
8913	0.075380
8934	0.031641
8935	0.046782
8954	-0.131343
8968	-0.030172
8972	-0.042562
9001	0.151473
9029	-0.012888
9032	0.102008
9058	0.017006
9059	-0.022030
9068	-0.044966
9070	-0.110248
9108	-0.033275
9139	-0.081436
9140	0.001785
9158	-0.027638
9187	-0.013445
9188	-0.016858
9189	-0.056528
9190	-0.015629
9253	-0.009799
9259	-0.154972
9268	-0.017194
9269	-0.122773
9271	-0.004068
9312	0.009472
9323	0.038329
9329	0.034587
9330	0.008144
9331	-0.028035
9356	0.051433
9376	-0.005361
9394	-0.019366
9424	0.107687
9428	0.045321
9429	-0.092286
9496	-0.028925
9536	-0.077372
9543	0.008831
9589	-0.008744
9614	0.335172
9615	0.009305
9617	0.115858
9631	-0.048311
9661	0.048568
9668	-0.041425
9718	-0.194872
9728	0.111628
9734	0.049658
9788	0.034023
9791	0.162226
9793	-0.009652
9804	-0.012217
9809	0.009283
9810	0.048810
9823	-0.121036
9828	-0.114872
9907	-0.125895
9951	0.152019
9968	0.002987
9969	0.091789
10010	0.197697
10011	0.280383
10012	0.149514
10018	-0.113048
10021	0.056167
10022	0.022489
10031	0.100229
10032	0.117965
10033	0.051892
10034	0.027056
10035	0.099068
10039	-0.010223
10044	-0.072009
10045	-0.092263
10060	0.247882
10065	0.032483
10077	-0.135171
10080	0.079076
10130	-0.051311
10131	-0.067018
10149	0.055586
10194	0.014512
10197	-0.214166
10221	0.031672
10226	0.092669
10232	-0.191647
10233	-0.231766
10263	0.021942
10264	0.041381
10274	0.067020
10286	0.103652
10292	-0.111392
10299	-0.033726
10302	-0.113747
10324	-0.165115
10355	-0.007994
10358	0.024249
10362	-0.087649
10366	-0.120865
10368	-0.055854
10370	-0.059854
10392	0.003671
10405	-0.001460
10406	0.068355
10409	0.046480
10419	-0.052815
10420	-0.055011
10424	-0.065177
10434	0.093127
10455	0.091531
10478	0.037216
10480	0.009091
10484	-0.031624
10510	-0.046153
10519	0.100223
10520	-0.112341
10524	-0.010445
10578	-0.080639
10630	0.066778
10643	-0.109357
10645	-0.095463
10677	0.086919
10678	-0.006397
10690	0.099385
10717	-0.062771
10718	0.011862
10719	-0.066626
10721	0.050979
10723	-0.112999
10735	-0.073501
10736	-0.170428
10829	-0.076950
10837	0.041374
10846	0.103509
10921	-0.107732
10922	0.095310
10923	0.096934
10924	0.036796
10964	-0.086780
10978	0.029341
11017	0.169456
11018	0.075892
11019	-0.088891
11032	-0.077399
11034	-0.064696
11035	0.004237
11036	-0.133722
11052	-0.019764
11056	-0.048502
11060	-0.017555
11063	0.016433
11064	0.070279
11068	-0.050848
11069	-0.005068
11090	-0.014476
11098	-0.067753
11099	-0.055101
11100	-0.090412
11105	-0.062519
11109	-0.043692
11122	0.003098
11123	0.065576
11125	-0.099010
11126	0.003537
11149	0.008623
11153	-0.137084
11188	0.452521
11193	-0.076991
11230	-0.115761
11233	-0.073847
11236	0.483468
11243	-0.047176
11251	0.202935
11259	-0.136760
11263	0.027933
11272	-0.020457
11321	-0.021007
11322	0.000897
11326	0.010545
11327	-0.005818
11335	-0.040280
11337	-0.115301
11343	0.003066
11390	-0.092113
11444	0.159058
11464	-0.126102
11471	-0.141847
11472	-0.076254
11473	-0.115078
11492	-0.080334
11499	-0.010208
11500	0.038562
11505	0.058794
11527	0.065883
11528	0.044827
11532	0.058435
11564	0.076770
11589	0.058847
11591	-0.037426
11592	0.012353
11599	-0.122464
11605	-0.021375
11617	0.159083
11630	-0.120671
11631	0.159812
11632	-0.372875
11656	0.040726
11657	-0.097453
11777	-0.076477
11786	0.015755
11812	0.042651
12020	0.061205
12061	0.193563
12115	-0.061859
12154	-0.057347
12155	-0.093573
12156	-0.066222
12159	-0.018962
12174	-0.003926
12176	-0.161799
12230	0.038068
12234	0.029899
12236	0.004855
12237	-0.200541
12250	0.071971
12252	0.057645
12253	-0.033408
12315	0.008652
12381	0.210635
12382	0.183518
12438	0.175305
12455	0.058598
12462	-0.058634
12478	-0.047760
12603	-0.029629
12711	-0.085629
12714	-0.051864
12716	-0.059768
12754	-0.080583
12785	0.211529
12788	-0.234538
12792	-0.087868
12898	-0.048284
12944	0.042293
12949	0.480568
13062	-0.146853
13099	-0.039176
13160	-0.129217
13198	0.137016
13239	0.032510
13249	0.119865
13262	0.034664
13263	0.112184
13272	0.060759
13273	-0.148412
13277	-0.029135
13305	-0.197642
13342	-0.025197
13343	0.032717
13345	-0.063767
13351	-0.012131
13357	-0.011352
13427	0.005050
13436	0.164355
13455	0.073658
13528	-0.017313
13532	0.176595
13553	0.037025
13566	-0.230664
13651	0.038416
13653	0.086979
13675	-0.052446
13676	-0.030526
13677	0.024679
13678	-0.017116
13681	0.015991
13688	-0.051163
13697	-0.165714
13705	-0.171244
13708	0.081860
13737	0.178446
13760	-0.093746
13923	-0.116325
13927	-0.151832
13995	-0.130438
14002	0.141715
14003	0.048247
14021	0.085008
14034	-0.071075
14064	-0.079766
14110	0.029482
14155	-0.074767
14203	0.035702
14208	-0.018617
14340	0.010693
14356	0.097252
14389	-0.120356
14499	0.078754
14625	-0.053877
14632	-0.032751
14637	-0.075666
14641	-0.095246
14685	0.043494
14694	0.052254
14695	0.020995
14699	0.017158
14700	-0.011025
14749	-0.011824
14760	0.088018
14790	0.096468
14791	0.016434
14796	-0.023152
14797	0.019162
14891	-0.020352
14927	-0.107519
15099	0.084486
15182	0.151154
15243	-0.051286
15245	0.008060
15254	0.031815
15322	-0.025143
15327	-0.038874
15463	0.090190
15496	0.029803
15499	-0.114047
15502	-0.011642
15514	0.010527
15566	0.024305
15580	-0.046278
15583	0.101586
15586	0.033071
15601	0.002984
15621	-0.037570
15780	-0.028941
15869	0.035363
16082	-0.090517
16281	0.012102
16293	-0.025740
16300	-0.101740
16304	-0.021477
16360	0.058089
16361	0.073042
16367	0.052008
16432	0.044421
16433	0.116817
16438	-0.029457
16446	0.041644
16453	0.018300
16463	-0.084427
16466	0.072472
16477	-0.104938
16482	-0.002076
16605	0.062649
16606	-0.212928
16635	-0.107896
16638	-0.011900
16655	0.076389
16673	-0.017373
16676	0.008025
16677	-0.076411
16678	0.052615
16808	0.092543
16829	-0.059997
17150	-0.097914
17182	0.081735
17199	-0.030040
17273	0.207347
17431	-0.180186
17466	0.114380
17472	0.007135
17485	-0.105183
17585	-0.134231
17620	0.106751
17647	0.130259
17690	-0.017551
17772	0.081794
18410	-0.100853
19647	-0.246402
21458	-0.062254
21885	-0.242400
21973	0.143928
21976	0.081511
21977	0.008832
22084	0.070673
23475	-0.021686
23754	-0.014938
23764	0.059656
24372	-0.001099
24918	0.004906
24944	-0.118299
25022	-0.055433
25140	-0.115163
26484	0.096612
27764	0.032523
28424	-0.040330
28845	0.047869
29861	-0.152100
30684	-0.034397
31288	0.008417
31704	0.099609
32421	0.067389
32520	-0.166630
32893	0.057492
34340	0.162709
35227	-0.116794
35334	-0.014519
36499	0.048085
36843	-0.020798
36844	-0.031913
36955	-0.124120
36970	-0.171974
39336	0.124831
39353	0.056360
40538	-0.008370
40541	0.006521
40542	-0.013390
40599	0.301206
40601	0.119377
40602	0.124315
40656	0.200656
40657	0.004672
42157	0.398245
42203	0.033230
42204	-0.098563
42851	0.016272
43061	0.151744
44144	-0.112551
45195	0.037919
47030	0.033193
47285	0.435033
47317	0.029839
47457	0.002423
47460	0.004225
48147	0.010273
48297	0.133425
48474	-0.104145
48696	-0.105330
49516	-0.181561
49630	-0.206638
49927	-0.056128
50199	-0.062710
50249	0.057582
50259	0.035156
50904	-0.209485
53231	-0.043777
53471	0.225229
53531	-0.104389
53986	0.059065
55057	0.117042
56431	0.080498
56432	0.060540
56466	-0.270388
56478	-0.323893
56621	-0.114272
57644	0.223746
57756	0.057223
58783	0.021750
59657	-0.126942
59715	-0.593934
64825	-0.016236
64947	-0.061112
65950	-0.093533
70102	0.073071
75003	0.629369
75099	0.630812
75742	-0.058804
75823	0.073754
75824	-0.032466
78157	0.167812
78181	-0.014262
78191	-0.100768
80479	-0.081149
80480	-0.133018
80715	0.036131
80719	0.189661
80750	-0.075706
81231	-0.003670
84436	0.112536
84780	0.023922
84844	0.083836
85002	-0.099927
85003	-0.110196
85659	-0.071757
85663	-0.061373
85710	-0.082754
92185	0.177328
96142	-0.169637
96144	0.019585
96482	-0.093976
98871	0.286011
