# 372 minima projected onto PC47
Min	PC
1	0.068801
2	0.019188
3	0.110664
4	-0.020428
5	0.039018
6	0.045001
7	0.070675
8	0.135262
9	-0.060986
10	0.103641
11	-0.037695
12	-0.016405
13	0.026620
14	0.016691
15	0.091705
16	0.001128
17	0.043708
18	0.035043
19	0.020065
20	0.137266
21	0.071012
22	0.003347
23	0.026435
24	-0.006366
25	0.060726
26	0.033735
27	0.066995
28	0.051301
29	0.044193
30	0.059773
31	0.011383
32	-0.039365
33	0.094586
34	0.069626
35	0.019409
36	-0.042465
37	-0.087220
38	0.056442
39	-0.008093
40	0.019036
41	0.032678
42	0.049551
43	0.001973
44	0.049300
45	-0.053503
46	0.073999
47	-0.055128
48	-0.087392
49	-0.049317
50	-0.078048
51	-0.034992
52	-0.082162
53	-0.028496
54	-0.091835
55	-0.000429
56	-0.135386
57	-0.042065
58	-0.005839
59	-0.001941
60	-0.003244
61	0.029198
62	-0.004841
63	0.054394
64	-0.015967
65	-0.190960
66	-0.036790
67	-0.075836
68	-0.117085
69	-0.008947
70	-0.043067
71	-0.055273
72	0.047767
73	-0.122885
74	-0.060118
75	-0.074295
76	0.073544
77	0.013740
78	0.248957
79	0.034682
80	0.005200
81	0.038303
82	-0.097485
83	0.067729
84	0.180102
85	0.089926
86	0.082678
87	0.052572
88	0.009869
89	-0.090112
90	-0.110638
91	-0.096553
92	-0.021404
93	-0.042195
94	0.043695
95	-0.046468
96	0.107546
97	0.019056
98	-0.094292
99	-0.068161
100	-0.159014
101	0.009596
102	-0.008779
103	0.002955
104	-0.062698
105	-0.056974
106	-0.165597
107	-0.043956
108	-0.020433
109	0.048494
110	0.006289
111	-0.005778
113	-0.021492
114	0.032274
115	0.043455
116	0.073283
117	-0.227483
118	0.039748
119	0.003095
120	-0.131676
121	-0.087493
122	-0.127626
123	-0.069833
124	-0.165691
125	-0.122971
126	0.043968
127	0.030470
128	-0.135842
129	0.074171
130	-0.010527
131	0.240543
132	-0.089674
133	-0.063457
134	0.116168
135	-0.046099
136	-0.092605
137	-0.021077
138	-0.057683
139	-0.135488
140	-0.111125
141	-0.020300
142	-0.005869
143	0.152691
144	-0.285739
145	-0.257841
146	-0.169113
147	0.097494
148	0.070370
149	0.022523
150	0.216495
151	0.116836
152	0.165248
153	-0.045235
154	-0.081516
155	-0.092105
156	-0.002437
157	-0.079023
158	-0.027344
159	-0.003527
160	-0.090355
161	-0.056359
162	-0.090415
163	-0.019401
164	0.046000
165	-0.038488
166	-0.028224
167	-0.046035
168	-0.082427
169	-0.110932
170	-0.018825
171	0.189754
172	-0.044942
173	-0.048794
174	0.011559
175	-0.008904
176	-0.041665
177	0.043296
178	-0.096393
179	0.069811
180	0.021030
181	-0.046236
182	-0.076811
183	-0.038554
184	-0.038496
185	0.065164
186	0.142907
187	0.165277
188	0.087681
189	0.191437
190	-0.004980
191	-0.041060
192	0.028676
193	0.013964
194	-0.110843
195	-0.093810
196	0.009937
197	0.065529
198	0.054628
199	-0.079649
200	-0.149463
201	0.111158
202	0.021242
203	-0.065657
204	0.079099
205	0.031443
206	0.041679
207	0.141629
208	0.032857
209	-0.050551
210	0.219720
211	0.159499
212	-0.045506
213	0.011141
214	0.064549
215	0.011799
216	-0.059005
217	0.127865
218	-0.021599
219	0.085436
220	-0.018592
221	-0.035914
222	0.033929
223	-0.132760
224	0.030917
225	-0.021189
226	-0.050951
227	0.009350
228	-0.147033
229	0.103195
230	-0.053491
231	-0.114783
232	0.306005
233	0.151439
234	0.305875
235	-0.188231
236	-0.022137
237	-0.034339
238	0.049483
239	0.041518
240	0.046316
241	-0.114582
242	0.087341
243	0.066903
244	-0.055995
245	-0.070900
246	-0.031869
247	0.033033
248	0.078725
249	0.001217
250	-0.023956
251	0.063966
252	0.047562
253	0.183980
254	0.074047
255	0.063188
256	-0.157218
257	-0.205934
258	-0.089634
259	-0.006990
260	0.135844
261	-0.120257
263	0.000603
264	-0.002448
265	-0.023262
266	-0.055670
267	-0.073829
268	-0.089764
269	-0.170304
270	0.187227
271	0.045238
272	0.019792
273	-0.111324
274	0.005925
275	-0.210712
276	-0.080091
277	0.024069
278	0.087903
279	0.026635
280	-0.007886
281	0.032016
282	0.048797
283	-0.096451
284	-0.045984
285	-0.042600
286	-0.029080
287	0.135803
288	-0.049339
289	-0.035650
290	0.086596
291	-0.086589
292	-0.010856
293	-0.093911
294	0.086105
295	0.067441
296	-0.089634
297	0.072865
298	0.160178
299	-0.208572
300	-0.064096
301	0.112182
302	-0.035655
303	0.061678
304	0.098589
305	0.000994
306	-0.106466
307	0.185552
308	-0.075894
309	0.079715
311	0.050113
313	-0.030759
314	-0.003292
316	-0.140813
317	0.334424
318	-0.127597
319	-0.086399
320	-0.379362
321	0.158601
322	0.007519
323	0.101564
324	0.008637
325	0.046397
327	-0.053602
328	0.277232
330	0.047233
331	-0.175420
332	-0.043724
334	-0.021023
337	-0.042139
338	0.097249
339	0.058445
340	-0.069608
342	0.066763
344	-0.099374
348	0.029368
351	-0.120929
352	0.099932
353	0.075138
354	0.055138
355	0.115696
356	0.095075
357	-0.090243
358	-0.173008
359	-0.028076
360	0.027434
361	0.162592
362	0.113532
363	0.056216
366	0.022975
367	-0.012552
368	0.154885
370	-0.016520
371	0.108432
372	0.038372
373	-0.090995
374	0.046474
375	0.087813
376	-0.063774
377	-0.095458
378	0.078687
379	0.007488
380	0.003346
385	-0.221605
388	0.078088
390	-0.085018
391	-0.018637
392	-0.004518
394	-0.036062
396	-0.075723
397	0.238517
401	0.107346
402	-0.032615
403	-0.101532
404	0.123543
