# 372 minima projected onto PC72
Min	PC
1	0.003265
2	-0.002201
3	0.001431
4	-0.007369
5	-0.006907
6	-0.004762
7	0.001319
8	-0.009975
9	-0.003938
10	0.009600
11	-0.002818
12	0.001841
13	0.000110
14	-0.004531
15	0.010438
16	-0.005413
17	-0.000694
18	0.002550
19	0.009213
20	-0.014963
21	-0.002478
22	0.001706
23	0.005625
24	-0.007048
25	0.005270
26	-0.016944
27	0.013552
28	0.008674
29	0.000215
30	-0.004473
31	-0.002539
32	-0.010190
33	0.003392
34	-0.007348
35	-0.000137
36	0.006190
37	0.001854
38	0.008708
39	0.001705
40	0.002821
41	-0.002695
42	0.002834
43	0.006767
44	-0.003812
45	-0.003503
46	-0.012720
47	-0.002796
48	-0.002268
49	-0.005625
50	-0.002051
51	-0.004630
52	0.005321
53	-0.004995
54	-0.003059
55	-0.010661
56	-0.010404
57	0.006331
58	0.003818
59	-0.006484
60	0.000470
61	0.003710
62	-0.006805
63	-0.006640
64	-0.005880
65	0.001775
66	0.012424
67	-0.001063
68	0.002036
69	0.000378
70	0.011722
71	-0.000114
72	0.019172
73	-0.002992
74	0.011300
75	0.000952
76	-0.006702
77	0.000927
78	-0.004848
79	-0.004316
80	0.000279
81	0.000542
82	-0.002160
83	0.007317
84	-0.010174
85	0.001377
86	-0.004153
87	-0.001378
88	-0.007190
89	-0.007092
90	-0.009654
91	-0.000896
92	0.008430
93	0.005431
94	-0.002183
95	0.000928
96	-0.013767
97	0.001822
98	-0.000421
99	-0.005545
100	0.011082
101	0.001029
102	0.004858
103	0.013686
104	0.009119
105	-0.002120
106	0.003418
107	0.002121
108	-0.007638
109	0.000316
110	-0.001899
111	-0.006660
113	0.005792
114	-0.009181
115	-0.001714
116	0.007757
117	0.000962
118	0.001715
119	-0.005508
120	-0.008587
121	-0.006322
122	-0.014583
123	0.006088
124	0.004041
125	0.010075
126	0.000949
127	-0.010157
128	-0.007375
129	-0.004699
130	-0.006280
131	-0.010559
132	0.012899
133	0.003220
134	0.001795
135	0.001679
136	0.010207
137	0.004934
138	0.011887
139	-0.005683
140	0.008087
141	0.001481
142	-0.008619
143	0.004109
144	-0.009609
145	-0.000304
146	0.013074
147	0.004814
148	-0.000156
149	0.014663
150	0.002417
151	-0.006519
152	0.020058
153	0.011887
154	-0.011421
155	-0.004376
156	-0.013569
157	0.003644
158	0.013969
159	0.004923
160	0.001821
161	-0.002994
162	0.000649
163	0.007235
164	-0.002376
165	-0.004578
166	-0.008885
167	-0.003378
168	-0.009160
169	0.002572
170	-0.000497
171	0.006885
172	-0.016784
173	0.009354
174	-0.013074
175	-0.007565
176	-0.010249
177	0.001855
178	-0.015907
179	0.000114
180	0.000190
181	0.001069
182	-0.008778
183	0.003115
184	-0.004132
185	-0.008755
186	0.000731
187	-0.008519
188	0.006978
189	-0.006669
190	0.005017
191	-0.008379
192	-0.004160
193	0.003958
194	-0.008787
195	-0.002121
196	-0.018439
197	0.012948
198	-0.004335
199	0.006960
200	-0.002065
201	-0.020681
202	0.002107
203	0.002834
204	0.007392
205	0.001060
206	-0.000526
207	-0.005296
208	0.000402
209	0.015592
210	0.006972
211	0.011298
212	-0.000216
213	0.022320
214	0.001819
215	0.010182
216	-0.009470
217	0.005438
218	0.002925
219	-0.004475
220	-0.006929
221	0.011724
222	0.003060
223	-0.000160
224	0.020697
225	0.001490
226	-0.000048
227	0.005560
228	0.004317
229	-0.008105
230	-0.003756
231	0.002660
232	0.008710
233	-0.003221
234	0.012612
235	0.006136
236	0.014031
237	-0.011537
238	0.012812
239	-0.004422
240	-0.005147
241	0.005882
242	0.012223
243	-0.000128
244	0.002882
245	0.002154
246	-0.013611
247	0.005389
248	-0.003390
249	-0.005334
250	-0.001709
251	-0.006947
252	-0.013583
253	-0.000866
254	0.008224
255	-0.011277
256	-0.014001
257	-0.007550
258	0.007985
259	-0.000091
260	0.007670
261	0.010460
263	-0.006550
264	-0.002104
265	0.012593
266	-0.000162
267	-0.005014
268	0.012004
269	0.001982
270	0.003208
271	0.001424
272	0.003958
273	0.014293
274	-0.010356
275	0.004432
276	-0.010592
277	0.001075
278	-0.001336
279	-0.001750
280	0.000641
281	0.000359
282	-0.006765
283	0.002374
284	-0.013504
285	0.011359
286	-0.000679
287	-0.008414
288	-0.009714
289	0.013512
290	0.000282
291	0.001987
292	-0.010226
293	-0.002529
294	-0.006803
295	-0.001231
296	0.010946
297	-0.001736
298	-0.020252
299	0.002135
300	-0.009423
301	-0.005585
302	0.006980
303	0.005511
304	-0.001317
305	-0.000132
306	-0.009160
307	0.014583
308	0.005773
309	0.009148
311	0.000687
313	0.004204
314	0.004210
316	0.006662
317	0.010276
318	-0.014384
319	0.008688
320	0.006013
321	-0.014508
322	-0.004945
323	0.000566
324	-0.001927
325	0.004419
327	-0.014114
328	0.001265
330	-0.005411
331	-0.011680
332	-0.011050
334	0.004045
337	-0.015096
338	0.002812
339	-0.005953
340	0.004479
342	0.000230
344	-0.002984
348	0.004572
351	-0.003715
352	-0.005418
353	-0.009317
354	0.005306
355	0.006484
356	-0.005349
357	-0.002589
358	0.018163
359	-0.000633
360	-0.002592
361	0.006226
362	-0.002269
363	-0.005510
366	-0.001701
367	-0.006594
368	0.003731
370	-0.002936
371	0.005740
372	0.010183
373	0.006680
374	0.006781
375	0.002935
376	0.009105
377	0.003458
378	0.006382
379	-0.007246
380	-0.008927
385	0.007936
388	-0.007466
390	-0.004677
391	-0.005777
392	0.006309
394	0.029481
396	0.010314
397	0.001543
401	0.006746
402	0.008973
403	-0.004501
404	-0.007333
