# 372 minima projected onto PC18
Min	PC
1	0.406573
2	0.256190
3	0.638935
4	0.610716
5	-0.564533
6	-0.821600
7	0.635187
8	0.813502
9	-0.277523
10	0.415849
11	0.070460
12	-0.223959
13	-0.327960
14	-0.468073
15	-0.799433
16	0.075599
17	0.124174
18	0.541341
19	0.920553
20	0.895949
21	1.242533
22	-0.030808
23	0.250184
24	-0.046787
25	1.039191
26	1.783398
27	0.568439
28	1.578796
29	0.192476
30	1.300677
31	0.015634
32	1.030643
33	0.178248
34	0.210943
35	0.770323
36	0.959421
37	-0.079727
38	1.081831
39	-0.759832
40	-0.870331
41	-0.729009
42	-0.842859
43	0.018043
44	0.043325
45	1.331946
46	0.653295
47	0.016664
48	0.181573
49	0.792344
50	1.051028
51	-0.545810
52	-0.606362
53	1.325257
54	0.894104
55	1.677535
56	0.712332
57	-0.518022
58	0.633950
59	0.466276
60	0.447325
61	-0.178018
62	0.360694
63	0.775112
64	0.553934
65	1.563279
66	1.218123
67	0.848464
68	0.909961
69	1.661598
70	-0.724211
71	-0.449080
72	-0.306542
73	-1.775083
74	-0.220142
75	-1.976302
76	-1.515979
77	-1.384426
78	-2.083056
79	0.814330
80	0.684383
81	-0.116248
82	-1.676968
83	-0.270796
84	-1.559881
85	-2.066672
86	-1.890323
87	-0.917393
88	0.778847
89	-0.657220
90	0.032260
91	-0.274873
92	-1.691571
93	-1.174552
94	0.864379
95	0.578579
96	-1.722008
97	-1.595408
98	0.756661
99	-0.509491
100	0.467019
101	-0.681224
102	1.358354
103	-0.372034
104	-0.619602
105	-1.276991
106	-0.542881
107	1.017855
108	0.625102
109	-0.944410
110	0.966790
111	1.477361
113	-0.475886
114	-0.584646
115	0.883648
116	-0.985396
117	-1.189156
118	0.014771
119	0.268323
120	-0.276748
121	0.230771
122	0.210994
123	1.226774
124	-0.782266
125	1.036116
126	-1.111230
127	-1.021247
128	-0.788079
129	-2.745439
130	-1.236599
131	0.848726
132	0.808740
133	-0.387336
134	-2.142083
135	-1.088316
136	-1.039007
137	-0.128909
138	-0.450006
139	0.118166
140	-1.356148
141	0.586343
142	-2.164732
143	0.870125
144	-1.854033
145	1.635895
146	1.892407
147	-0.677806
148	0.450653
149	1.180461
150	1.694820
151	0.294738
152	-1.018588
153	0.181791
154	-1.957258
155	0.420917
156	1.398064
157	1.445326
158	0.137109
159	-0.712258
160	-0.659601
161	-0.947240
162	-1.285391
163	-0.879469
164	0.451015
165	-1.355778
166	0.442335
167	-0.796679
168	-2.309250
169	-1.533273
170	-0.150035
171	-0.772574
172	-0.163036
173	-0.634272
174	-0.307352
175	0.122910
176	-0.143658
177	-1.890058
178	-0.732083
179	0.949180
180	0.771955
181	-0.324050
182	0.487578
183	0.424182
184	0.175286
185	-1.027628
186	-2.541028
187	0.252713
188	-1.167613
189	0.088174
190	-0.840537
191	-1.383223
192	-0.440553
193	-0.247171
194	-1.667764
195	0.295670
196	0.360475
197	0.311865
198	-0.294755
199	0.772442
200	-0.488158
201	0.454801
202	0.538956
203	1.085285
204	1.031650
205	1.494110
206	-1.016129
207	-0.341654
208	0.681274
209	-0.462463
210	1.465124
211	1.743507
212	-0.653728
213	1.028204
214	0.205661
215	0.591312
216	0.542651
217	-1.613281
218	-1.961478
219	-0.903321
220	-1.114585
221	-0.556215
222	0.256189
223	-0.712201
224	1.210965
225	-1.127807
226	0.016341
227	-1.351243
228	1.059939
229	1.213341
230	0.210895
231	0.825247
232	-0.919095
233	-1.142662
234	-1.040639
235	0.484716
236	0.187815
237	1.411900
238	0.647068
239	1.534858
240	1.531118
241	-1.500628
242	-0.674061
243	0.441310
244	-1.159485
245	0.308669
246	1.652842
247	1.642213
248	-0.842014
249	1.070663
250	0.594073
251	1.210194
252	0.123419
253	1.581514
254	-0.524289
255	0.832305
256	-1.895667
257	2.124205
258	-0.001751
259	1.822636
260	-1.717169
261	1.576386
263	-1.078881
264	0.353314
265	-1.125932
266	-0.602853
267	1.112470
268	1.861433
269	0.472457
270	1.391055
271	0.067486
272	-1.986527
273	-0.897786
274	0.344997
275	-1.312731
276	-0.357499
277	-1.841154
278	-0.902739
279	-1.426404
280	0.063163
281	1.959680
282	-0.000789
283	1.467250
284	-0.223867
285	-1.407797
286	-1.063696
287	0.304127
288	0.857232
289	-0.262189
290	-2.298321
291	0.781365
292	-1.795239
293	0.854482
294	-0.784853
295	0.741204
296	1.098460
297	1.638936
298	2.370327
299	0.362915
300	0.282163
301	0.645255
302	-1.179790
303	0.916115
304	0.387266
305	1.822676
306	0.558164
307	1.030834
308	1.575134
309	-0.147378
311	-1.176577
313	-0.089378
314	-1.057426
316	-0.726563
317	0.064184
318	-0.805857
319	1.457849
320	-1.231648
321	1.532473
322	-0.172805
323	1.743593
324	-1.901868
325	1.953649
327	-0.690524
328	-1.530386
330	0.783480
331	1.462984
332	1.313275
334	-0.934907
337	0.143830
338	1.847734
339	0.911843
340	1.509446
342	-0.647011
344	-0.570328
348	-1.426321
351	1.754747
352	-0.123006
353	0.391987
354	-1.151408
355	-0.982284
356	0.632659
357	0.505745
358	1.587151
359	-0.465490
360	0.320181
361	0.588493
362	0.980952
363	0.293360
366	-0.913995
367	-1.209730
368	0.581899
370	-1.455082
371	-0.659231
372	-1.087942
373	-1.817786
374	-0.125544
375	0.287428
376	0.457749
377	-0.113278
378	-0.455894
379	0.467079
380	0.317550
385	-0.654936
388	-1.030572
390	1.410846
391	0.157205
392	-1.294668
394	1.337787
396	1.990417
397	-0.554637
401	0.878991
402	0.522588
403	-1.419953
404	0.396666
