# 372 minima projected onto PC16
Min	PC
1	-0.990262
2	-0.732236
3	0.011873
4	-0.686680
5	-0.829198
6	-0.262281
7	-0.912727
8	-0.942349
9	0.011459
10	0.712328
11	0.167970
12	-0.020007
13	-0.322470
14	-0.123118
15	-0.676571
16	-0.741086
17	-0.610475
18	-0.226452
19	-0.450141
20	-0.654440
21	-0.355152
22	0.349415
23	0.625489
24	-0.590764
25	-0.618654
26	0.015747
27	-1.114673
28	0.508546
29	0.200903
30	-0.058568
31	-0.089471
32	-0.791809
33	-0.121845
34	-1.616087
35	-1.078174
36	0.374036
37	-0.904317
38	-1.522665
39	-0.081955
40	0.208816
41	-0.813766
42	-0.902200
43	-0.823298
44	-1.473711
45	0.123562
46	-1.411593
47	-0.235968
48	-0.051940
49	-0.320927
50	-0.124357
51	-0.498064
52	-0.566045
53	1.020911
54	-0.827476
55	-0.263489
56	-0.955689
57	-0.552677
58	-1.042230
59	-1.134291
60	-0.911831
61	-0.969714
62	-0.677797
63	-0.466079
64	1.529583
65	0.802872
66	0.505107
67	-1.247717
68	-1.401734
69	-0.212668
70	-1.071852
71	-0.178727
72	-1.247025
73	0.881309
74	-0.250486
75	1.067420
76	0.130592
77	0.138370
78	1.769958
79	0.447834
80	0.416009
81	-0.765939
82	0.033129
83	-1.506980
84	2.252629
85	0.918007
86	0.222154
87	-0.747914
88	-0.429650
89	-1.070497
90	-0.461605
91	0.099989
92	-0.380395
93	-0.572172
94	1.162900
95	0.895748
96	2.672623
97	-0.049903
98	-0.309499
99	-0.562104
100	-0.425875
101	-2.056827
102	-0.380383
103	-0.600972
104	-0.690335
105	-3.091180
106	-2.198090
107	-0.563803
108	-0.503587
109	-0.640396
110	0.239471
111	1.292634
113	-1.071806
114	-1.690224
115	0.692000
116	-1.188350
117	2.621983
118	-1.352392
119	-0.920384
120	-0.708931
121	-1.190048
122	-1.147071
123	1.423858
124	1.753056
125	-0.682139
126	0.076893
127	2.909400
128	0.401884
129	0.305582
130	-0.185385
131	-0.036818
132	-0.231489
133	0.368776
134	1.348131
135	-0.320140
136	-1.189817
137	-1.047437
138	-0.855621
139	-0.504147
140	-0.748529
141	0.707277
142	0.223143
143	0.360932
144	2.211475
145	0.869192
146	-1.167392
147	0.367653
148	-1.195102
149	0.897302
150	1.164833
151	-1.231988
152	2.490015
153	-1.112738
154	2.056508
155	-0.611807
156	0.480108
157	0.850141
158	-0.529614
159	-0.749544
160	0.023886
161	0.606035
162	1.136477
163	0.397679
164	0.265024
165	0.014128
166	-1.483692
167	-1.915953
168	0.042595
169	0.029443
170	0.397092
171	2.886804
172	-0.438487
173	-1.185619
174	0.561969
175	0.765466
176	0.785380
177	1.049698
178	1.128654
179	0.399312
180	1.470659
181	0.898786
182	1.725799
183	0.197351
184	0.161297
185	-1.785477
186	-3.210674
187	-1.045996
188	-0.864180
189	-1.063231
190	0.370979
191	-0.229196
192	-1.367367
193	-0.650831
194	3.047615
195	0.375734
196	0.689549
197	-1.189189
198	0.155790
199	-0.695028
200	-1.804768
201	-0.864076
202	-0.881530
203	-0.730218
204	1.847775
205	0.819381
206	2.609697
207	-0.107179
208	-0.770550
209	-0.588520
210	1.074274
211	-0.013523
212	-1.959235
213	0.338853
214	-0.060399
215	1.203740
216	0.125198
217	0.202908
218	1.792640
219	-2.716309
220	2.585286
221	0.574919
222	0.259297
223	0.031244
224	0.251978
225	-2.486031
226	-2.236954
227	-1.745656
228	0.264177
229	-0.358017
230	-0.256243
231	0.986504
232	4.104668
233	1.520933
234	3.975143
235	-0.531846
236	-1.613159
237	-0.521003
238	-1.162869
239	2.291191
240	0.568645
241	0.255666
242	3.018777
243	0.124711
244	0.289851
245	0.402970
246	0.550000
247	0.113877
248	-2.209661
249	-2.139914
250	0.393805
251	0.537949
252	0.548873
253	1.324257
254	1.585550
255	0.627232
256	1.525894
257	0.434645
258	-0.236718
259	0.241716
260	0.893526
261	-0.072706
263	0.010860
264	-0.906029
265	-0.106257
266	-1.037468
267	1.173634
268	1.036248
269	-0.108227
270	1.095279
271	-0.011809
272	1.930928
273	0.138113
274	-0.384512
275	0.616745
276	-3.271475
277	-2.245870
278	4.082328
279	-2.778498
280	-0.110971
281	1.907299
282	-0.050342
283	1.033511
284	-1.957289
285	-2.783523
286	-1.557032
287	-1.216722
288	1.681318
289	2.816014
290	-1.651919
291	-0.430615
292	2.304559
293	-1.575098
294	0.672029
295	-1.511486
296	-1.624389
297	1.346755
298	0.773435
299	-0.240513
300	1.857974
301	0.133085
302	3.167058
303	0.247957
304	0.936030
305	0.829612
306	-1.295056
307	0.249193
308	2.829540
309	-0.220094
311	-1.081282
313	0.446753
314	0.039034
316	1.920516
317	-1.409381
318	2.284755
319	0.815429
320	3.868847
321	1.024900
322	0.427814
323	0.456813
324	2.371178
325	0.450126
327	-1.102386
328	0.373351
330	1.412707
331	0.031410
332	0.213866
334	-0.112884
337	-0.783537
338	1.155116
339	0.578987
340	0.460609
342	-0.255492
344	1.522068
348	-1.299546
351	0.585014
352	-1.929221
353	0.131614
354	2.539041
355	0.908456
356	0.618867
357	1.512207
358	1.338838
359	-0.403960
360	0.791869
361	0.614038
362	-0.432325
363	-0.552755
366	-1.457107
367	-2.115372
368	-0.495556
370	-1.808129
371	-2.420111
372	-2.770966
373	0.654444
374	0.056969
375	-0.350405
376	-0.769275
377	-0.696603
378	-1.547901
379	-0.414069
380	0.154137
385	4.135090
388	-1.182096
390	1.251540
391	-0.071726
392	0.453564
394	-2.108556
396	0.410889
397	0.402237
401	-0.623886
402	0.673962
403	0.071186
404	0.598485
