# 372 minima projected onto PC17
Min	PC
1	-0.820447
2	-0.182324
3	-0.443338
4	0.203025
5	-0.198656
6	0.014400
7	0.127770
8	0.234148
9	-0.861947
10	-1.146561
11	-0.918111
12	-1.218295
13	-0.692314
14	-0.122340
15	1.389675
16	1.791855
17	-0.543978
18	-0.840320
19	-1.040972
20	-0.674936
21	-0.782980
22	-1.444690
23	-0.822709
24	-0.757058
25	-0.912254
26	-1.338004
27	-0.667173
28	-1.731693
29	-1.215620
30	0.126347
31	-0.188925
32	0.268829
33	1.419423
34	0.604653
35	-0.060808
36	-1.054224
37	-0.805657
38	1.012481
39	-0.241012
40	0.580036
41	0.482404
42	-0.444712
43	0.129986
44	0.559109
45	-0.414306
46	1.233593
47	-1.008549
48	-1.110338
49	-0.510564
50	-0.239223
51	-1.889190
52	-2.065395
53	-0.101672
54	-0.213295
55	-0.538371
56	-0.246678
57	-0.618015
58	1.263377
59	1.651969
60	2.270624
61	1.946733
62	-0.270570
63	0.351128
64	1.025207
65	0.380890
66	-1.039299
67	-0.800372
68	-0.828696
69	-0.785576
70	-0.289769
71	-0.246053
72	-1.394809
73	-0.807175
74	-1.159873
75	-1.403970
76	-0.261472
77	-0.695927
78	-1.531391
79	-1.309547
80	-1.623212
81	-1.310003
82	-1.273363
83	-1.687473
84	-0.747773
85	-0.448475
86	-0.461297
87	0.355112
88	-0.773548
89	0.545501
90	-0.882585
91	-1.014964
92	-1.513668
93	-0.241127
94	0.718543
95	2.899888
96	-0.420616
97	-0.362760
98	-1.876803
99	1.188163
100	1.281318
101	-0.072601
102	-0.796251
103	-0.152003
104	-0.217182
105	-0.653848
106	-0.191155
107	-0.055449
108	-0.856814
109	-0.298921
110	0.812488
111	-2.536942
113	-0.584020
114	-0.199702
115	-1.499130
116	-0.079679
117	-1.290465
118	0.536054
119	0.600459
120	1.495302
121	0.971611
122	0.772870
123	-0.608508
124	-0.699709
125	0.061906
126	0.019738
127	-2.000137
128	-0.448376
129	1.557242
130	1.024928
131	2.164447
132	0.792575
133	-0.383681
134	-0.430022
135	0.589883
136	1.719862
137	0.619270
138	0.063793
139	-0.491136
140	1.721452
141	-0.610737
142	0.546616
143	-0.521372
144	-0.674574
145	-0.191359
146	0.198432
147	-0.099108
148	0.265492
149	-2.117370
150	-2.425838
151	1.501848
152	0.522477
153	1.282894
154	0.216287
155	-1.465095
156	-0.226014
157	-0.353174
158	0.247951
159	0.182202
160	1.344742
161	-0.966564
162	-0.722807
163	-1.440122
164	-0.997944
165	0.920954
166	0.373581
167	1.886967
168	0.132918
169	-0.189876
170	-1.799648
171	0.938755
172	-0.155848
173	0.421317
174	0.651479
175	0.938792
176	2.561225
177	-2.522012
178	-1.569459
179	0.860024
180	1.079921
181	-0.026538
182	0.396619
183	0.696907
184	0.572772
185	0.370584
186	-0.834113
187	-0.306791
188	-1.074546
189	-0.665585
190	0.381454
191	-0.613757
192	-0.403352
193	-0.544665
194	-0.151418
195	-2.281898
196	-0.603447
197	-0.325511
198	0.717419
199	1.140156
200	2.171898
201	0.899885
202	0.454991
203	0.913925
204	-0.022835
205	0.473295
206	0.413295
207	0.614386
208	0.834032
209	0.941461
210	0.194595
211	1.206298
212	0.636552
213	-0.067913
214	0.287817
215	0.087523
216	1.346599
217	0.502689
218	0.048247
219	0.414553
220	0.161221
221	-0.426989
222	0.824341
223	-2.296657
224	-2.111949
225	0.035820
226	0.717202
227	2.114091
228	0.946005
229	0.560873
230	0.027854
231	0.379282
232	1.448620
233	-1.924688
234	0.904738
235	-0.985640
236	-0.536430
237	-0.225445
238	-0.742372
239	0.629570
240	0.229138
241	-1.781566
242	1.272643
243	0.347520
244	-1.365493
245	-2.765527
246	-1.209221
247	-1.038181
248	-0.043864
249	0.101318
250	3.198077
251	-1.019047
252	-0.416590
253	-0.705146
254	0.325021
255	-0.144471
256	0.280017
257	-0.965742
258	0.029142
259	-0.543241
260	-0.691666
261	-0.703678
263	-0.275263
264	-0.127055
265	-0.559856
266	-3.865341
267	0.768655
268	2.717677
269	2.928118
270	2.272426
271	1.402104
272	2.967610
273	2.962176
274	2.327004
275	-0.344690
276	0.083881
277	1.027934
278	0.742912
279	0.257078
280	2.111228
281	-0.937848
282	-1.453126
283	-0.560381
284	0.945082
285	1.621257
286	2.003484
287	-0.741859
288	-1.648058
289	0.912024
290	0.140283
291	0.472150
292	2.000348
293	-1.269232
294	-0.046223
295	0.125998
296	0.901971
297	-2.180061
298	1.730876
299	2.457060
300	-0.292729
301	0.774697
302	0.370863
303	0.435391
304	-0.658758
305	-0.627867
306	0.318804
307	1.137936
308	0.753228
309	-0.115199
311	0.133471
313	-1.774045
314	0.228303
316	0.345635
317	-0.586983
318	-0.944727
319	-0.815142
320	0.586581
321	0.536623
322	-1.747500
323	-0.607755
324	0.709066
325	0.370266
327	0.554950
328	0.196302
330	1.015818
331	0.112288
332	-0.213413
334	-1.356207
337	-0.132845
338	-0.600160
339	0.161444
340	-0.732885
342	-1.161283
344	1.716023
348	-0.901561
351	0.937007
352	-0.932500
353	2.397008
354	2.761253
355	2.861563
356	1.888529
357	2.345557
358	2.424809
359	1.878938
360	0.340432
361	1.378775
362	1.037735
363	1.506363
366	0.681523
367	1.192460
368	0.717101
370	0.007995
371	-1.675558
372	-0.959039
373	-2.489652
374	-0.378013
375	-1.602147
376	0.109549
377	-0.184372
378	-1.037089
379	-0.395973
380	-0.541071
385	0.612205
388	-1.614082
390	-0.228249
391	1.915822
392	-0.813882
394	0.690438
396	-0.174340
397	-0.779023
401	0.227304
402	0.354451
403	0.644796
404	-1.320532
