# 372 minima projected onto PC84
Min	PC
1	-0.000056
2	0.000432
3	0.001942
4	-0.001019
5	0.000812
6	0.000862
7	-0.000773
8	-0.000439
9	0.001579
10	0.000418
11	-0.001316
12	0.001631
13	-0.000546
14	0.001088
15	-0.001206
16	-0.002258
17	-0.002078
18	0.004203
19	0.004244
20	-0.000313
21	0.003502
22	0.004155
23	0.000548
24	-0.004386
25	-0.003948
26	0.002534
27	-0.002993
28	-0.000798
29	0.000832
30	0.000795
31	0.001441
32	0.001474
33	-0.001780
34	-0.001039
35	0.000540
36	0.000354
37	-0.000693
38	-0.001462
39	0.001165
40	-0.000092
41	-0.001295
42	0.000326
43	-0.000822
44	-0.001054
45	-0.001540
46	0.000800
47	0.001272
48	-0.000777
49	-0.000918
50	0.001845
51	-0.004444
52	-0.001649
53	-0.000082
54	-0.002335
55	-0.000849
56	0.000996
57	-0.000308
58	0.000720
59	-0.000141
60	-0.001192
61	-0.003910
62	0.001335
63	-0.004972
64	-0.002495
65	-0.001111
66	0.001676
67	-0.000179
68	-0.001290
69	-0.002471
70	-0.002589
71	-0.001805
72	-0.002484
73	0.000776
74	0.001589
75	0.001636
76	-0.003523
77	0.002489
78	-0.001661
79	0.000672
80	-0.001427
81	-0.000933
82	-0.001356
83	-0.002312
84	0.003598
85	0.000955
86	-0.001248
87	0.001435
88	0.001627
89	0.002676
90	-0.003490
91	0.001070
92	-0.002357
93	0.001993
94	-0.001490
95	-0.000753
96	0.000025
97	-0.001788
98	-0.003480
99	0.003063
100	0.002033
101	-0.000608
102	0.002254
103	0.002033
104	-0.003470
105	0.000016
106	0.001998
107	0.000296
108	-0.000990
109	-0.000996
110	-0.003385
111	-0.000309
113	0.001174
114	0.000896
115	0.000059
116	0.001391
117	-0.000447
118	0.002975
119	-0.002463
120	0.002409
121	0.002957
122	-0.000728
123	-0.005052
124	-0.001309
125	-0.000659
126	0.002340
127	0.003182
128	-0.001014
129	-0.001524
130	0.001005
131	0.000128
132	-0.001120
133	0.002348
134	0.000589
135	0.001905
136	0.001020
137	0.004441
138	-0.002441
139	-0.001299
140	-0.000551
141	-0.002772
142	-0.000582
143	-0.000557
144	-0.002305
145	-0.002019
146	0.000692
147	-0.000610
148	0.002032
149	0.000506
150	-0.000013
151	0.000752
152	-0.002670
153	0.001576
154	-0.002652
155	-0.000582
156	0.000956
157	0.000113
158	0.000841
159	0.001561
160	-0.001004
161	-0.003074
162	0.002375
163	0.001264
164	0.000749
165	-0.002238
166	-0.001078
167	0.000792
168	-0.001721
169	-0.001428
170	0.004202
171	-0.000034
172	-0.000593
173	0.000826
174	-0.001483
175	-0.003499
176	-0.000815
177	0.003180
178	0.002011
179	0.000436
180	0.005524
181	0.004859
182	0.003921
183	0.002229
184	-0.000762
185	0.002633
186	0.002366
187	0.000251
188	-0.000583
189	-0.000360
190	0.001577
191	-0.001555
192	-0.000084
193	0.001173
194	0.003437
195	-0.000509
196	-0.000882
197	-0.000798
198	0.005334
199	0.005452
200	-0.004645
201	-0.000024
202	0.001992
203	0.002640
204	0.001768
205	0.003425
206	0.003145
207	-0.003498
208	-0.005925
209	0.001211
210	0.000373
211	0.000025
212	-0.000901
213	-0.000472
214	0.001765
215	-0.001317
216	0.000204
217	-0.002217
218	-0.003733
219	0.005251
220	0.004589
221	-0.002135
222	-0.005767
223	0.003188
224	0.001691
225	-0.002820
226	0.001077
227	0.003854
228	0.001055
229	0.002415
230	-0.000152
231	0.003808
232	0.002040
233	0.001005
234	0.000646
235	0.001473
236	-0.003486
237	0.000217
238	0.000944
239	0.000136
240	-0.001471
241	0.000835
242	-0.000217
243	0.002248
244	-0.001573
245	0.001119
246	-0.000605
247	0.002757
248	0.003125
249	0.004664
250	-0.002336
251	0.002378
252	0.000269
253	0.001227
254	0.002109
255	-0.004755
256	0.001808
257	-0.003055
258	-0.000273
259	-0.000698
260	0.000549
261	0.000688
263	0.001239
264	-0.002170
265	-0.000509
266	0.000018
267	0.000413
268	0.000928
269	-0.002179
270	-0.002310
271	-0.000921
272	-0.000427
273	0.002056
274	0.000667
275	0.000791
276	-0.000180
277	-0.002130
278	-0.004314
279	-0.001110
280	-0.002674
281	-0.000651
282	0.001574
283	-0.001610
284	-0.000698
285	-0.000312
286	0.001987
287	-0.000824
288	-0.001616
289	0.002174
290	-0.003578
291	-0.000627
292	0.001008
293	-0.003207
294	-0.005004
295	-0.000871
296	-0.001361
297	-0.000806
298	0.001823
299	-0.004599
300	-0.004272
301	0.000583
302	0.001765
303	0.001742
304	-0.000840
305	0.003555
306	0.005184
307	0.001865
308	0.000859
309	-0.001556
311	0.002314
313	-0.001364
314	0.000585
316	0.001369
317	-0.000858
318	-0.002704
319	0.001924
320	-0.001084
321	0.000635
322	-0.002801
323	0.000897
324	-0.003121
325	-0.004866
327	0.004783
328	0.000371
330	0.003135
331	-0.002173
332	0.001365
334	-0.002961
337	0.000205
338	-0.000510
339	-0.000773
340	-0.001008
342	-0.003385
344	-0.000905
348	-0.001459
351	-0.000506
352	-0.001998
353	-0.000115
354	0.000386
355	-0.002618
356	-0.005266
357	-0.001423
358	0.000781
359	0.001520
360	0.000665
361	0.001181
362	-0.000573
363	-0.001333
366	0.002847
367	0.004390
368	-0.001616
370	0.002198
371	-0.001121
372	-0.000312
373	-0.004052
374	0.001815
375	-0.000433
376	0.004803
377	0.006190
378	0.000641
379	0.001218
380	-0.000570
385	0.002754
388	0.000804
390	0.001681
391	-0.001694
392	-0.003121
394	-0.002166
396	0.000088
397	-0.000657
401	-0.000180
402	-0.001107
403	0.002213
404	-0.002277
