# 372 minima projected onto PC25
Min	PC
1	0.129843
2	-0.818908
3	-0.579526
4	-0.800550
5	0.195041
6	-0.181817
7	0.237483
8	0.197751
9	0.263479
10	0.008794
11	0.033998
12	0.345874
13	-0.036074
14	0.040586
15	-0.456729
16	-0.518030
17	-0.358586
18	-0.389379
19	-0.227531
20	0.099197
21	-0.564944
22	0.575970
23	0.004108
24	0.160553
25	0.098311
26	0.105763
27	-0.153153
28	0.132306
29	0.459043
30	-0.217407
31	-0.172558
32	-0.784944
33	-0.342313
34	0.758345
35	-0.906057
36	0.248416
37	0.365534
38	0.633440
39	-0.160173
40	-0.006562
41	0.290660
42	0.170580
43	0.692493
44	0.567536
45	-0.124210
46	0.608925
47	0.046463
48	0.040522
49	-0.054743
50	0.136734
51	0.195511
52	0.383334
53	-0.476268
54	-0.661663
55	0.127608
56	-0.312159
57	0.088953
58	0.865790
59	0.747154
60	-0.271411
61	-0.373999
62	0.943964
63	1.003783
64	0.057859
65	-0.847143
66	-0.548666
67	-0.607623
68	-0.263050
69	-0.483219
70	-0.387509
71	0.019025
72	-0.619231
73	0.156960
74	-0.281563
75	-0.026620
76	0.426506
77	0.442203
78	0.137404
79	0.253902
80	0.470402
81	0.230980
82	-0.272597
83	-0.507793
84	0.133132
85	-0.114431
86	-0.753234
87	0.805884
88	-0.068568
89	0.203015
90	-1.059353
91	-0.491926
92	0.671271
93	0.241476
94	-0.512584
95	0.716558
96	-0.573670
97	0.221144
98	-0.964483
99	-0.478515
100	-0.100530
101	0.042241
102	0.267229
103	0.241979
104	0.518417
105	0.150943
106	-0.059626
107	-0.743087
108	-0.604349
109	-0.776204
110	-0.766504
111	0.336462
113	-0.058962
114	-0.980250
115	-0.605158
116	-0.897943
117	-0.152524
118	0.805568
119	0.300212
120	0.426211
121	0.594658
122	0.823761
123	-0.484822
124	0.266749
125	0.081606
126	-0.418505
127	1.068697
128	-0.962182
129	-0.392174
130	0.652940
131	-0.238942
132	0.009248
133	-0.301866
134	-0.132246
135	-0.233894
136	0.695381
137	-0.098421
138	0.357837
139	0.091232
140	0.773158
141	-0.320569
142	0.437103
143	-0.035632
144	-0.081345
145	0.047457
146	0.344808
147	-0.638585
148	-1.002287
149	0.819510
150	0.675182
151	0.416029
152	0.113979
153	0.580022
154	0.460178
155	-0.166815
156	-0.365035
157	-0.455376
158	0.455663
159	-0.337672
160	-0.571613
161	-0.304277
162	-0.163420
163	0.388359
164	0.268436
165	0.626391
166	-0.164960
167	0.405772
168	0.515362
169	0.443920
170	0.415538
171	-0.608129
172	-0.423864
173	0.117232
174	0.457797
175	0.315708
176	0.312937
177	0.316477
178	0.201783
179	0.291478
180	0.122489
181	-0.315266
182	-0.078954
183	-0.132891
184	-0.737656
185	-0.170438
186	0.058846
187	0.383293
188	0.137415
189	0.541904
190	-0.164066
191	-0.184037
192	-0.316597
193	0.218139
194	0.673724
195	0.522415
196	-0.716914
197	-0.451076
198	0.079950
199	-0.041264
200	0.493628
201	-0.906706
202	-0.911114
203	0.539174
204	0.961955
205	-0.345926
206	0.242381
207	-0.368217
208	1.188115
209	-0.207241
210	-0.122026
211	-0.391944
212	-0.480392
213	-0.879745
214	0.189571
215	-0.251811
216	-0.632060
217	0.334649
218	-0.936711
219	0.193963
220	-1.072264
221	-0.182478
222	0.533545
223	0.359767
224	0.523543
225	-0.819792
226	-0.763557
227	0.073823
228	-0.513143
229	-0.122259
230	-1.022545
231	-0.203738
232	0.107219
233	0.445735
234	0.129618
235	-0.008405
236	-0.612731
237	-0.097607
238	-0.256177
239	0.216996
240	-0.220592
241	0.210280
242	0.400062
243	-0.327956
244	0.045091
245	0.524297
246	-0.016881
247	-0.030896
248	0.315173
249	-0.216740
250	-0.006694
251	0.339212
252	0.369807
253	-0.070852
254	-0.167852
255	0.094913
256	0.292787
257	0.078178
258	-0.110018
259	0.129173
260	-0.525635
261	-0.092058
263	-1.110127
264	-0.328856
265	-0.473385
266	1.316947
267	0.117105
268	-0.099575
269	1.073969
270	-0.610125
271	-0.713488
272	-0.175421
273	0.939933
274	0.286417
275	-0.834766
276	0.606698
277	1.434017
278	-0.790571
279	1.279984
280	0.690783
281	1.058295
282	0.473031
283	-0.361482
284	0.228548
285	0.245386
286	0.401534
287	-0.151746
288	0.685645
289	-0.656219
290	-0.960769
291	0.045419
292	0.280981
293	0.012889
294	-0.777403
295	-0.700548
296	-0.391330
297	0.677038
298	-0.603539
299	0.608636
300	0.175176
301	-0.060373
302	-0.056828
303	1.126460
304	1.886064
305	-0.118982
306	0.359646
307	0.438015
308	0.031112
309	0.056351
311	-1.566747
313	-0.005836
314	0.018303
316	-0.448745
317	-0.201416
318	-0.807556
319	-0.000630
320	0.313279
321	2.281457
322	0.217222
323	-0.271354
324	-0.253043
325	2.094980
327	0.094391
328	-0.185421
330	0.283585
331	0.200173
332	-0.193299
334	-0.073395
337	-0.143574
338	-0.388013
339	-0.577979
340	-0.460909
342	-0.471462
344	0.737905
348	0.634893
351	0.318429
352	-0.115724
353	-0.186061
354	0.332689
355	-1.014577
356	-1.294006
357	0.055389
358	0.533038
359	0.076861
360	-0.098234
361	1.143968
362	0.852618
363	0.666759
366	-1.648798
367	-0.369153
368	-1.161167
370	-0.337043
371	0.757682
372	0.407642
373	0.325147
374	0.372195
375	-0.645992
376	-0.479823
377	-0.419027
378	-1.038549
379	0.416792
380	-0.183348
385	-0.058578
388	-0.116838
390	-0.542916
391	-0.109504
392	0.713042
394	0.124977
396	-0.445824
397	0.758706
401	0.513679
402	-0.612487
403	-0.052092
404	-0.358114
