# 372 minima projected onto PC78
Min	PC
1	0.006175
2	-0.004398
3	0.000668
4	0.001150
5	0.001319
6	0.003123
7	0.002570
8	-0.001280
9	0.002432
10	-0.000113
11	0.003936
12	0.009759
13	0.004060
14	0.002609
15	0.000166
16	0.001301
17	0.000072
18	0.005362
19	-0.004615
20	-0.000022
21	-0.000027
22	-0.004725
23	-0.008370
24	0.006126
25	-0.000061
26	0.001575
27	0.000629
28	-0.009477
29	0.000573
30	-0.004689
31	0.001639
32	0.008238
33	0.004191
34	-0.004735
35	-0.008097
36	-0.007556
37	0.000457
38	-0.007090
39	0.008075
40	0.002394
41	-0.006518
42	0.004894
43	0.004627
44	0.002494
45	-0.005385
46	-0.005995
47	-0.000051
48	0.003158
49	-0.002801
50	-0.005367
51	0.010286
52	0.008884
53	-0.000618
54	-0.004421
55	-0.002816
56	0.003901
57	0.006798
58	0.000615
59	-0.006334
60	-0.004790
61	-0.016199
62	0.001575
63	-0.001236
64	-0.001750
65	0.008399
66	0.001000
67	0.001860
68	0.001110
69	-0.002762
70	-0.001661
71	0.003881
72	-0.008073
73	-0.004926
74	-0.009581
75	-0.012898
76	0.007544
77	-0.004571
78	0.002825
79	0.008587
80	-0.007411
81	-0.001591
82	0.004882
83	-0.000935
84	0.001044
85	-0.001984
86	0.001985
87	0.007519
88	0.001854
89	0.005193
90	-0.004441
91	-0.005522
92	0.000248
93	-0.002993
94	-0.001387
95	0.008604
96	-0.008341
97	-0.001170
98	0.003680
99	0.008678
100	-0.001084
101	-0.001340
102	-0.011415
103	-0.002076
104	-0.003485
105	0.003013
106	0.004912
107	0.000067
108	0.001898
109	-0.001658
110	0.002407
111	0.000835
113	0.005992
114	-0.001573
115	-0.002986
116	0.000578
117	-0.000923
118	-0.001878
119	-0.002893
120	0.001335
121	0.006925
122	0.003305
123	-0.004828
124	-0.001706
125	0.002373
126	-0.001965
127	-0.001471
128	0.004239
129	0.003059
130	0.006306
131	-0.005917
132	-0.005009
133	0.000887
134	0.000783
135	0.000168
136	-0.003468
137	0.007717
138	0.005928
139	0.005569
140	-0.002123
141	-0.005876
142	0.005081
143	0.002594
144	0.005607
145	0.011883
146	0.002038
147	0.001008
148	0.000043
149	0.004884
150	0.005684
151	-0.003842
152	0.009020
153	0.002805
154	-0.006902
155	0.006094
156	-0.000965
157	-0.009487
158	0.002312
159	0.002584
160	0.013408
161	0.003814
162	-0.000277
163	-0.004855
164	-0.001223
165	0.004792
166	-0.004388
167	0.001187
168	0.001829
169	0.003284
170	-0.000213
171	0.002616
172	-0.005505
173	0.003454
174	-0.001663
175	-0.005501
176	-0.002000
177	0.000383
178	-0.015517
179	0.002870
180	0.004040
181	-0.001019
182	-0.001658
183	0.001046
184	-0.006661
185	0.001574
186	-0.005577
187	0.013467
188	-0.001498
189	-0.006029
190	-0.002870
191	-0.000596
192	-0.001149
193	0.003981
194	-0.005254
195	0.008119
196	0.000897
197	0.004205
198	-0.003053
199	-0.006264
200	-0.003874
201	0.009300
202	0.011219
203	-0.002981
204	0.008680
205	-0.005574
206	-0.007030
207	0.003785
208	0.000708
209	-0.004780
210	0.005207
211	-0.002480
212	-0.006219
213	-0.001714
214	-0.002159
215	-0.004734
216	0.000239
217	0.000204
218	0.002511
219	0.008660
220	-0.002751
221	0.008405
222	-0.003156
223	-0.018418
224	0.013293
225	-0.004357
226	0.006856
227	0.004309
228	0.001460
229	0.007571
230	-0.003660
231	-0.003322
232	-0.002627
233	-0.000279
234	0.005612
235	0.004276
236	-0.006665
237	0.006247
238	-0.001014
239	-0.003508
240	0.004412
241	-0.008616
242	-0.001700
243	0.001260
244	0.000453
245	0.001105
246	-0.000910
247	-0.002892
248	0.000834
249	-0.006369
250	-0.005381
251	-0.004262
252	-0.004161
253	0.002234
254	0.000699
255	-0.004421
256	0.009977
257	0.003765
258	-0.005975
259	0.003212
260	-0.001132
261	-0.000723
263	0.007521
264	-0.000910
265	0.005999
266	0.010445
267	0.008791
268	0.009172
269	0.005304
270	0.008268
271	-0.006256
272	0.005167
273	-0.006930
274	-0.000948
275	-0.003432
276	-0.004576
277	-0.006882
278	0.009051
279	-0.003204
280	0.002580
281	0.000661
282	-0.006587
283	-0.003550
284	0.000715
285	-0.002894
286	-0.005396
287	-0.000481
288	-0.002306
289	0.002524
290	0.003540
291	-0.005811
292	0.005841
293	-0.010913
294	-0.008298
295	0.005715
296	0.002626
297	-0.003059
298	-0.000826
299	0.008972
300	-0.004729
301	0.006237
302	-0.000678
303	0.001486
304	0.008071
305	-0.002655
306	-0.007064
307	0.000585
308	-0.003344
309	-0.001652
311	0.003625
313	0.002551
314	-0.009597
316	-0.004052
317	-0.005729
318	0.000678
319	0.002723
320	-0.003364
321	0.001702
322	0.005128
323	-0.000238
324	-0.018601
325	-0.002469
327	0.000212
328	0.004418
330	-0.003825
331	-0.001193
332	0.003184
334	-0.000617
337	0.002786
338	0.002803
339	0.004735
340	-0.002565
342	0.009578
344	0.009516
348	-0.008401
351	0.000637
352	0.002611
353	0.002676
354	-0.000712
355	-0.006743
356	-0.001335
357	-0.001461
358	-0.006506
359	-0.000777
360	-0.000374
361	-0.002874
362	0.008498
363	-0.011453
366	0.001538
367	0.006062
368	0.003184
370	-0.000779
371	0.003996
372	0.000155
373	0.008615
374	0.000332
375	0.000454
376	0.007138
377	-0.002320
378	0.003676
379	-0.007683
380	-0.006277
385	0.006489
388	-0.011390
390	0.000369
391	-0.006403
392	-0.000182
394	-0.000649
396	-0.001710
397	-0.008463
401	-0.001908
402	-0.007879
403	-0.003618
404	-0.004656
