# 372 minima projected onto PC30
Min	PC
1	-0.257038
2	-0.196438
3	0.276550
4	-0.000404
5	0.311103
6	-0.298035
7	-0.117708
8	-0.104889
9	-0.600247
10	0.380830
11	0.229795
12	-0.720765
13	-0.034082
14	0.075137
15	0.035845
16	0.270005
17	-0.193386
18	-0.940940
19	-0.501590
20	-0.219315
21	-0.842107
22	0.430590
23	0.461108
24	0.526342
25	0.359283
26	-0.609124
27	0.039261
28	0.483618
29	-0.252556
30	0.305446
31	0.075786
32	0.174457
33	0.481913
34	1.570728
35	0.520868
36	0.035136
37	0.197769
38	0.563191
39	-0.611470
40	-0.312033
41	0.051967
42	0.127062
43	-0.123449
44	0.226033
45	0.138629
46	0.346483
47	-0.513112
48	0.426505
49	-0.449207
50	-0.940403
51	-0.161070
52	0.038174
53	-0.521130
54	0.429654
55	-0.265999
56	-0.026431
57	0.318081
58	-0.190203
59	0.000921
60	0.197953
61	0.807995
62	0.357483
63	-0.531089
64	0.128665
65	-0.828409
66	0.183469
67	0.095722
68	0.195249
69	0.013972
70	0.340311
71	0.406421
72	0.413984
73	-0.562437
74	0.518299
75	0.090662
76	0.104389
77	0.715698
78	0.479699
79	0.351300
80	0.636132
81	0.530583
82	0.087409
83	-0.317925
84	0.316504
85	-0.520603
86	-0.127291
87	0.916297
88	-0.141532
89	0.712873
90	-0.888581
91	-0.317079
92	-0.451754
93	-0.269836
94	-0.455199
95	0.209057
96	0.288129
97	0.533377
98	-0.582449
99	0.004230
100	-0.325489
101	-0.170918
102	-0.395026
103	-0.227505
104	0.118129
105	-0.465960
106	-0.269763
107	0.285930
108	-0.221764
109	0.255970
110	0.002158
111	-0.455613
113	0.145103
114	0.176045
115	0.221751
116	0.620257
117	0.307664
118	0.423313
119	-0.043483
120	0.030130
121	0.135084
122	-0.110509
123	0.665800
124	-0.654602
125	0.180523
126	0.094518
127	0.066624
128	-0.582405
129	-0.352256
130	-0.536279
131	-1.122709
132	-0.461835
133	0.569771
134	0.136117
135	-0.793937
136	-0.052922
137	0.703859
138	0.177892
139	0.375626
140	0.367410
141	0.498469
142	0.673752
143	-0.372046
144	-0.047565
145	-0.172095
146	-0.799446
147	0.643302
148	0.767244
149	0.312305
150	-0.342135
151	0.148880
152	0.456378
153	0.342272
154	-0.182689
155	0.161446
156	-0.163004
157	0.596854
158	-0.124604
159	-0.019082
160	0.509457
161	0.039147
162	0.321803
163	-0.350218
164	0.004838
165	-0.033475
166	0.732144
167	-0.084478
168	-0.086918
169	-0.764650
170	-0.385607
171	0.556950
172	0.326989
173	-0.136034
174	-0.003692
175	0.393027
176	0.121830
177	0.007626
178	0.477079
179	0.117027
180	-0.365134
181	-0.048172
182	-0.212014
183	0.241859
184	0.645609
185	0.536661
186	-0.343696
187	-0.546188
188	0.007813
189	-0.154809
190	-0.697108
191	-0.200855
192	-0.078048
193	0.032676
194	0.396470
195	0.431002
196	0.449835
197	-0.484428
198	0.099754
199	-0.359859
200	0.056800
201	-0.494618
202	-0.161220
203	-0.600633
204	0.888396
205	-0.130400
206	-0.243434
207	-1.420678
208	-1.293089
209	-0.042673
210	0.083522
211	-0.482545
212	-0.135608
213	-0.009901
214	0.534491
215	-0.270689
216	0.273513
217	0.596538
218	0.403767
219	-0.178630
220	-0.402992
221	0.785318
222	0.090785
223	0.373110
224	0.714532
225	0.222853
226	0.057922
227	-0.017910
228	0.094859
229	0.210331
230	0.170405
231	0.400313
232	0.279004
233	-0.228542
234	-0.203207
235	-0.221237
236	-0.672310
237	-0.051815
238	-0.331014
239	0.052539
240	-0.348833
241	-0.479578
242	-0.136946
243	0.212305
244	-0.148936
245	-0.089541
246	0.141712
247	-0.321210
248	-0.027531
249	0.832220
250	0.287480
251	-0.205864
252	0.292671
253	0.415578
254	-0.057777
255	0.297598
256	-0.677822
257	0.054727
258	0.314254
259	-0.100472
260	-0.508365
261	-0.178543
263	0.064784
264	0.178082
265	-0.294223
266	0.504801
267	0.510580
268	-0.319477
269	0.297055
270	0.744034
271	-0.069179
272	-0.455805
273	-0.314803
274	0.308343
275	-0.577037
276	0.126325
277	-0.049842
278	-0.364217
279	-0.378865
280	-0.317104
281	0.231568
282	-0.083278
283	0.316483
284	0.341657
285	-0.018473
286	0.168337
287	-0.474984
288	0.255668
289	0.080569
290	-0.432168
291	0.017196
292	0.211780
293	-0.074984
294	-0.578461
295	-0.048656
296	0.317183
297	0.353885
298	-0.990007
299	0.109371
300	0.041547
301	-0.437541
302	-0.229123
303	-0.470546
304	0.092602
305	0.161556
306	0.141479
307	-0.260842
308	0.408586
309	-0.864811
311	-0.114645
313	0.314012
314	-0.111752
316	-0.493934
317	-0.628829
318	-0.094474
319	-0.086593
320	-0.227120
321	-0.665072
322	0.558085
323	-0.214957
324	-0.269501
325	-0.527828
327	0.121981
328	0.256776
330	0.073333
331	0.078520
332	0.272042
334	-0.013800
337	-0.063434
338	0.577032
339	-0.138464
340	0.425773
342	0.214793
344	0.393159
348	-0.376717
351	-1.002107
352	0.244432
353	0.520448
354	-0.438188
355	0.418772
356	0.416762
357	-0.771185
358	-0.498806
359	0.477041
360	-0.154806
361	0.095045
362	0.686053
363	0.271228
366	0.165916
367	0.205178
368	-0.662573
370	-0.198776
371	0.196144
372	-0.054520
373	-0.334100
374	0.225715
375	-0.026983
376	0.534178
377	0.271389
378	-0.364084
379	-0.288415
380	-0.197792
385	0.140908
388	-0.525957
390	0.107377
391	-0.287066
392	-0.188062
394	-0.445409
396	0.237218
397	-0.254712
401	-0.488103
402	0.781760
403	0.140641
404	-0.210936
