# 372 minima projected onto PC13
Min	PC
1	4.315616
2	2.864993
3	-1.270163
4	0.787129
5	3.438315
6	1.959907
7	0.514270
8	-0.452276
9	0.062027
10	-2.641389
11	-0.893898
12	0.470255
13	-0.756231
14	-1.314507
15	2.131231
16	-0.046288
17	2.392028
18	2.846479
19	1.748685
20	-0.414811
21	0.431166
22	-1.272397
23	-2.534135
24	3.286724
25	0.448555
26	0.680909
27	2.457802
28	1.027945
29	-1.445424
30	-2.978040
31	-3.150802
32	-1.559353
33	-2.408484
34	0.311819
35	0.806123
36	1.430632
37	4.142000
38	0.105095
39	0.134691
40	-0.357936
41	0.858618
42	1.434524
43	0.149473
44	2.708749
45	-2.919551
46	2.144385
47	-1.857435
48	-2.234199
49	-1.861150
50	-1.807088
51	-0.477448
52	0.456206
53	-1.079799
54	0.019689
55	0.499908
56	1.094874
57	1.266935
58	-2.299603
59	-0.387837
60	-2.515569
61	-0.229312
62	-1.694058
63	-2.111497
64	0.646390
65	-2.017425
66	-1.245550
67	0.470198
68	1.304187
69	0.115536
70	0.710935
71	2.457546
72	1.127833
73	-1.119992
74	2.558147
75	-1.048778
76	1.368496
77	1.982595
78	-0.187646
79	0.227329
80	0.394529
81	1.330967
82	0.803258
83	1.708617
84	-0.398809
85	0.353382
86	1.330538
87	1.139387
88	2.637042
89	2.046041
90	2.004022
91	0.911457
92	0.527082
93	-0.002845
94	2.373820
95	2.433389
96	-1.260734
97	-0.783015
98	1.161287
99	0.613729
100	0.531179
101	0.469373
102	0.992743
103	0.196444
104	-0.575194
105	0.495474
106	1.887707
107	0.706395
108	1.609932
109	-0.050707
110	1.950044
111	0.322899
113	0.217700
114	0.813965
115	-0.667583
116	0.288876
117	-0.926162
118	-0.510337
119	0.475316
120	1.607629
121	-1.102936
122	0.286746
123	-0.308997
124	-0.491104
125	1.990965
126	1.339790
127	-0.325208
128	-1.044752
129	-0.156601
130	0.725540
131	0.880619
132	0.292909
133	0.956126
134	-0.132522
135	-0.672573
136	-0.916277
137	0.045881
138	-1.006569
139	-0.077381
140	-0.935232
141	-1.079231
142	-1.350494
143	-1.696258
144	-1.657241
145	-1.165084
146	0.280198
147	-2.737581
148	-0.872032
149	-0.239134
150	1.591036
151	-0.560879
152	2.890056
153	0.569277
154	2.991838
155	0.425386
156	-0.174832
157	-1.443327
158	-2.506310
159	1.055737
160	-1.965340
161	-2.192087
162	-2.400631
163	-0.029134
164	-0.459642
165	-1.758516
166	0.431760
167	-0.473051
168	-1.450560
169	-1.260647
170	1.565008
171	1.569203
172	-0.909318
173	-0.796398
174	2.480140
175	2.436234
176	3.124501
177	1.031226
178	3.939481
179	2.421497
180	1.359905
181	3.247181
182	-0.199475
183	4.453987
184	3.388158
185	0.887111
186	1.750224
187	-0.331465
188	0.949134
189	0.098330
190	-1.642637
191	0.156748
192	0.739650
193	0.617472
194	-1.817794
195	-1.089199
196	-0.849188
197	-0.209374
198	-2.379335
199	-1.428403
200	-2.229975
201	-0.543014
202	1.082843
203	0.278982
204	-1.724487
205	-1.221264
206	-1.986117
207	2.128288
208	-0.944594
209	-0.181834
210	0.048873
211	-0.084358
212	0.056025
213	-0.574020
214	0.194127
215	2.395085
216	0.558504
217	-0.907931
218	-1.853453
219	-0.528176
220	-1.602323
221	0.724877
222	-1.321807
223	0.969286
224	-0.923549
225	-0.175635
226	-2.828244
227	0.363212
228	2.150196
229	0.543892
230	-0.718164
231	0.951199
232	0.703661
233	-0.213127
234	1.644411
235	2.278880
236	-2.580230
237	0.184814
238	1.095263
239	2.307754
240	-0.047046
241	-0.984103
242	-0.527227
243	-2.178868
244	-1.927768
245	1.515749
246	1.575456
247	-1.114013
248	-1.982371
249	-2.083078
250	-1.192936
251	0.718642
252	-1.153752
253	0.096026
254	1.872159
255	-1.677000
256	1.862920
257	0.464093
258	1.940704
259	0.923884
260	-0.185752
261	-1.025807
263	0.201609
264	1.286511
265	-0.213569
266	-0.791360
267	-1.138779
268	-0.776182
269	-0.235265
270	-1.122335
271	-1.246335
272	1.704123
273	0.824454
274	0.340087
275	-1.546292
276	-0.084233
277	-0.540635
278	1.208395
279	1.094435
280	-0.153260
281	0.214746
282	0.741080
283	1.025327
284	-0.058677
285	-0.967521
286	-1.142369
287	0.159648
288	1.985148
289	-0.231139
290	0.105329
291	-0.406999
292	0.211371
293	-1.386032
294	-1.882142
295	-2.389384
296	-2.474007
297	-0.550569
298	-0.656420
299	0.837774
300	1.909989
301	-1.103764
302	-0.907633
303	-2.967444
304	-1.806720
305	-2.433175
306	-0.570485
307	0.316501
308	-0.503014
309	-2.063285
311	-0.611680
313	-0.778428
314	-1.624021
316	-1.463768
317	-1.928502
318	-1.687276
319	1.073750
320	0.229227
321	-0.755876
322	-1.076632
323	-0.321621
324	1.886362
325	-1.264577
327	-2.054065
328	-1.544937
330	1.212291
331	-0.837036
332	0.129708
334	-1.858331
337	0.462052
338	-1.216656
339	-1.056636
340	-2.352152
342	-2.922946
344	2.619224
348	-1.462999
351	-1.081648
352	-2.293305
353	0.053754
354	-0.566410
355	0.986224
356	1.673173
357	0.164655
358	2.213906
359	-0.750420
360	-0.844174
361	-0.134460
362	-0.914691
363	1.473817
366	-2.160600
367	-0.609076
368	0.774873
370	-3.593089
371	0.288591
372	2.966842
373	-0.087842
374	-0.618052
375	0.363728
376	1.912479
377	0.240210
378	1.708812
379	1.105705
380	0.883929
385	0.173251
388	1.003891
390	0.704507
391	0.112370
392	-0.204472
394	0.266725
396	-2.596068
397	-2.093720
401	1.545429
402	0.912088
403	-3.520060
404	-2.120651
