# 372 minima projected onto PC46
Min	PC
1	-0.023895
2	0.020633
3	0.049151
4	-0.002564
5	-0.058784
6	-0.012052
7	0.008626
8	0.023837
9	-0.013140
10	0.083330
11	0.103428
12	-0.019954
13	-0.088940
14	-0.075399
15	-0.047811
16	-0.057707
17	-0.083666
18	0.103512
19	0.055417
20	0.012505
21	0.041443
22	0.103675
23	0.005127
24	0.049132
25	-0.015041
26	-0.077020
27	-0.030223
28	-0.030432
29	0.052601
30	-0.089939
31	-0.071819
32	-0.000289
33	-0.039528
34	0.001571
35	0.019665
36	-0.000255
37	-0.022616
38	0.020817
39	0.012103
40	0.018705
41	-0.046664
42	-0.073551
43	-0.029854
44	0.011563
45	0.018211
46	-0.002900
47	-0.068158
48	0.055555
49	-0.119922
50	-0.006822
51	0.066602
52	0.055127
53	0.047621
54	-0.021153
55	-0.067606
56	-0.041949
57	0.098306
58	0.037619
59	0.012379
60	0.000734
61	-0.030197
62	0.132831
63	0.168879
64	-0.000705
65	-0.121783
66	0.043622
67	-0.004277
68	-0.058363
69	-0.033237
70	0.051503
71	-0.084805
72	-0.016833
73	-0.020436
74	-0.080732
75	-0.056416
76	0.024659
77	0.049554
78	0.222173
79	-0.072517
80	0.017646
81	-0.162158
82	0.110945
83	-0.054374
84	0.200525
85	0.066186
86	0.119097
87	0.113008
88	0.007754
89	-0.068619
90	0.104760
91	-0.011539
92	-0.149753
93	0.094116
94	-0.303685
95	-0.355188
96	0.002866
97	0.087727
98	0.097915
99	0.002797
100	0.008429
101	-0.073130
102	0.094308
103	0.068211
104	0.031131
105	-0.028600
106	0.020371
107	0.147119
108	-0.080891
109	0.101097
110	-0.147762
111	0.063668
113	-0.126191
114	-0.062271
115	-0.009095
116	0.084027
117	0.034699
118	0.018910
119	-0.027331
120	-0.049169
121	0.056168
122	0.007761
123	-0.153550
124	-0.142400
125	0.212191
126	-0.076538
127	-0.009769
128	0.065358
129	0.081017
130	0.021753
131	-0.026655
132	0.150610
133	0.023784
134	0.091578
135	0.068921
136	0.028860
137	-0.129246
138	-0.049856
139	-0.067049
140	0.047466
141	0.030491
142	0.212456
143	0.107230
144	0.043763
145	-0.241046
146	-0.090488
147	0.007094
148	0.100850
149	-0.044992
150	0.019259
151	0.042653
152	-0.100618
153	0.014347
154	0.053071
155	0.003591
156	-0.036331
157	-0.002630
158	-0.080823
159	-0.034251
160	-0.035803
161	-0.032220
162	0.087578
163	0.016546
164	-0.019100
165	0.028394
166	-0.002015
167	-0.148758
168	0.027328
169	-0.008588
170	-0.036609
171	-0.378431
172	-0.150914
173	-0.103998
174	0.012521
175	0.032335
176	-0.007625
177	0.079504
178	0.145527
179	-0.196295
180	-0.309443
181	0.087701
182	0.034962
183	-0.013232
184	-0.025244
185	-0.175550
186	0.009391
187	0.122719
188	-0.289042
189	0.121428
190	-0.006896
191	0.066858
192	-0.140740
193	-0.081605
194	-0.053964
195	-0.020014
196	0.021916
197	0.071660
198	0.039140
199	0.055819
200	0.028122
201	0.062206
202	0.023294
203	-0.019754
204	-0.079517
205	-0.017951
206	0.052163
207	-0.019943
208	0.194411
209	0.024339
210	-0.004981
211	0.076516
212	-0.094575
213	-0.059553
214	-0.008362
215	0.045797
216	-0.007113
217	0.055457
218	0.117051
219	-0.065215
220	-0.030213
221	-0.090989
222	-0.061490
223	0.151106
224	0.060416
225	-0.000845
226	0.005423
227	0.092782
228	-0.059307
229	-0.010688
230	-0.054440
231	0.017453
232	0.138383
233	0.053610
234	0.303744
235	-0.029213
236	0.073202
237	0.242368
238	0.026313
239	-0.025788
240	-0.011102
241	0.059631
242	-0.271794
243	-0.041206
244	0.105151
245	0.019585
246	-0.096682
247	-0.001130
248	-0.204831
249	0.086920
250	0.041566
251	0.050812
252	0.075764
253	-0.254770
254	0.034833
255	0.091620
256	0.182804
257	0.188396
258	0.155322
259	-0.055996
260	0.082921
261	0.102234
263	-0.093143
264	0.014319
265	0.086735
266	-0.138534
267	0.006832
268	0.145545
269	0.140789
270	-0.217865
271	-0.100735
272	-0.026484
273	0.185487
274	-0.093937
275	-0.012149
276	-0.011773
277	-0.148479
278	0.333748
279	-0.080904
280	-0.167003
281	-0.013750
282	0.006304
283	-0.044851
284	0.005401
285	0.058639
286	-0.129641
287	0.111054
288	-0.019679
289	-0.145383
290	0.035490
291	0.095657
292	0.304925
293	0.091516
294	-0.139853
295	0.057439
296	0.279699
297	-0.154686
298	0.145996
299	0.018643
300	-0.056452
301	0.060768
302	0.166103
303	-0.037499
304	0.005536
305	0.125834
306	0.121771
307	0.074772
308	-0.018125
309	-0.221903
311	-0.100277
313	-0.144866
314	-0.289902
316	-0.605844
317	0.122817
318	-0.109732
319	-0.004806
320	-0.023058
321	-0.095810
322	-0.023539
323	0.131424
324	-0.168413
325	0.292884
327	0.047654
328	-0.237628
330	0.022082
331	0.150571
332	-0.040512
334	-0.176952
337	-0.098037
338	-0.081577
339	-0.003500
340	0.246917
342	-0.095021
344	0.150371
348	0.011503
351	-0.223498
352	-0.006258
353	-0.111936
354	-0.138981
355	0.207047
356	0.172991
357	-0.057428
358	0.027518
359	0.132396
360	-0.133992
361	0.012805
362	0.012695
363	0.005758
366	0.078004
367	-0.016409
368	0.180558
370	0.061358
371	-0.015918
372	0.015953
373	-0.000635
374	-0.004865
375	-0.064370
376	-0.013063
377	0.056825
378	0.078882
379	-0.075810
380	-0.055382
385	0.038343
388	-0.042311
390	0.011720
391	-0.025777
392	-0.057935
394	0.005542
396	0.135895
397	-0.300812
401	0.198296
402	0.208791
403	-0.087283
404	-0.114989
