# 372 minima projected onto PC54
Min	PC
1	0.032304
2	-0.008785
3	-0.073470
4	0.019122
5	-0.030047
6	-0.017475
7	-0.003387
8	-0.052690
9	-0.053173
10	-0.008074
11	-0.057956
12	0.003261
13	0.038751
14	-0.005158
15	0.016764
16	0.067409
17	0.067438
18	0.052697
19	-0.013258
20	0.013352
21	-0.045175
22	0.018165
23	-0.006453
24	-0.013345
25	0.047686
26	-0.008333
27	0.014591
28	0.005982
29	0.015232
30	-0.024369
31	0.052256
32	-0.018155
33	-0.024013
34	0.073915
35	-0.022804
36	-0.027830
37	-0.058688
38	0.061267
39	0.033902
40	-0.013610
41	0.010040
42	0.030708
43	0.007113
44	0.004835
45	-0.044291
46	0.053341
47	0.001973
48	0.037321
49	-0.062158
50	0.020811
51	-0.029555
52	0.024040
53	-0.026104
54	-0.037318
55	-0.072304
56	-0.018533
57	0.042291
58	0.029777
59	0.007080
60	0.030607
61	-0.018762
62	-0.035738
63	-0.046354
64	-0.028813
65	-0.005533
66	-0.046257
67	-0.041468
68	0.006433
69	0.063849
70	-0.078205
71	0.025041
72	-0.024346
73	0.006689
74	0.022479
75	0.065163
76	0.052565
77	0.027537
78	-0.026616
79	0.026605
80	0.000651
81	-0.064008
82	-0.003905
83	-0.002085
84	-0.033541
85	-0.014293
86	-0.037933
87	-0.046638
88	0.018792
89	0.007881
90	-0.016599
91	0.027502
92	-0.026316
93	-0.041293
94	0.077415
95	0.006406
96	-0.061495
97	0.031232
98	0.002405
99	-0.041740
100	-0.017931
101	-0.090033
102	0.004530
103	-0.048950
104	-0.041868
105	0.006031
106	0.116394
107	0.033333
108	-0.168947
109	-0.030239
110	-0.013852
111	-0.037602
113	-0.045910
114	-0.055298
115	0.030021
116	-0.041943
117	0.027349
118	-0.046925
119	-0.036658
120	-0.018554
121	-0.046101
122	-0.027690
123	0.055577
124	0.027873
125	-0.067597
126	-0.018513
127	-0.030310
128	-0.040387
129	-0.021593
130	0.208023
131	-0.026160
132	-0.055239
133	0.003673
134	0.036244
135	-0.019737
136	0.012842
137	0.004681
138	0.007200
139	0.071999
140	-0.004463
141	0.016158
142	-0.017530
143	0.041298
144	0.022835
145	-0.015520
146	0.002798
147	0.010280
148	-0.023678
149	-0.030692
150	0.027567
151	-0.035305
152	0.070074
153	0.023913
154	0.061652
155	0.045967
156	0.033333
157	-0.045887
158	0.033692
159	-0.003867
160	-0.040991
161	0.091464
162	-0.022030
163	0.027765
164	0.023856
165	0.001000
166	0.026614
167	-0.031328
168	0.019356
169	0.011433
170	-0.026118
171	-0.181674
172	-0.018330
173	0.051670
174	0.009257
175	-0.025790
176	-0.079825
177	-0.049915
178	-0.031432
179	-0.003337
180	0.102953
181	-0.003919
182	-0.044290
183	-0.022474
184	0.017685
185	-0.017469
186	-0.014273
187	0.030689
188	-0.034450
189	-0.002486
190	0.008259
191	0.036409
192	-0.004895
193	0.017938
194	-0.026889
195	0.030799
196	0.027956
197	0.007103
198	0.026989
199	-0.015179
200	0.020681
201	0.010901
202	0.025999
203	0.066455
204	-0.027492
205	-0.019870
206	-0.026706
207	0.058620
208	-0.010035
209	-0.029600
210	0.041028
211	0.076852
212	0.026582
213	0.052356
214	0.011154
215	-0.012083
216	-0.009010
217	0.008603
218	-0.009783
219	0.011053
220	-0.008986
221	-0.044982
222	0.003108
223	-0.041974
224	-0.007117
225	0.033312
226	0.012509
227	0.011241
228	-0.032692
229	-0.061701
230	-0.007665
231	-0.001380
232	0.010792
233	-0.033023
234	0.056968
235	-0.041991
236	0.042989
237	-0.018204
238	-0.020723
239	-0.027410
240	-0.005078
241	0.029789
242	0.119638
243	0.034090
244	-0.005084
245	-0.004240
246	0.045704
247	-0.012918
248	0.003557
249	0.035298
250	0.066088
251	0.011377
252	0.085953
253	0.110633
254	0.004659
255	0.007639
256	-0.068938
257	0.045283
258	0.040626
259	-0.023713
260	-0.028628
261	-0.017235
263	-0.089119
264	0.099604
265	-0.041226
266	0.066098
267	-0.007943
268	0.021966
269	0.027441
270	-0.004878
271	-0.033195
272	-0.030494
273	-0.021955
274	-0.006051
275	-0.047602
276	0.036273
277	0.019908
278	0.029434
279	0.002908
280	-0.032134
281	-0.043632
282	-0.029034
283	-0.010951
284	0.074715
285	0.145352
286	0.031544
287	0.004155
288	0.054086
289	0.036391
290	-0.032149
291	-0.121154
292	0.002500
293	-0.002575
294	-0.040582
295	-0.089123
296	0.035963
297	0.028328
298	0.010682
299	-0.049181
300	0.076402
301	-0.023323
302	0.101633
303	-0.030104
304	-0.019846
305	-0.009924
306	-0.007397
307	-0.030076
308	0.036556
309	-0.134410
311	0.056189
313	-0.003075
314	-0.012688
316	0.031957
317	-0.010767
318	-0.017858
319	0.026966
320	0.006894
321	0.000639
322	-0.010392
323	0.047674
324	0.054035
325	0.006067
327	0.003781
328	-0.082249
330	-0.012767
331	0.064718
332	0.041916
334	-0.010474
337	0.053612
338	0.063559
339	0.002925
340	0.013001
342	0.012309
344	-0.132745
348	-0.080463
351	0.001712
352	-0.063951
353	-0.030344
354	0.029409
355	0.009923
356	-0.045976
357	-0.095483
358	-0.011787
359	0.005299
360	-0.110098
361	-0.020300
362	-0.003039
363	-0.053684
366	0.105352
367	0.039651
368	0.148761
370	0.011514
371	-0.061916
372	-0.067660
373	-0.006252
374	0.089486
375	0.004675
376	-0.006570
377	-0.019924
378	0.022421
379	0.047090
380	0.034210
385	0.009051
388	0.163434
390	-0.015680
391	-0.099928
392	-0.009339
394	-0.060390
396	-0.100798
397	-0.036581
401	0.022742
402	0.037475
403	0.053124
404	-0.012234
