# 372 minima projected onto PC82
Min	PC
1	0.004054
2	0.003758
3	0.003447
4	0.001839
5	-0.000568
6	0.000633
7	0.003943
8	-0.000165
9	-0.002463
10	-0.007695
11	0.002351
12	-0.003008
13	-0.000119
14	0.005337
15	-0.002573
16	-0.001693
17	-0.000002
18	0.001002
19	-0.000416
20	-0.002409
21	-0.002473
22	0.008853
23	0.001631
24	0.006938
25	-0.001432
26	-0.001617
27	0.005249
28	-0.002933
29	-0.003235
30	-0.000933
31	-0.000498
32	0.004396
33	-0.000185
34	-0.003970
35	0.007085
36	0.002649
37	0.000645
38	0.002578
39	-0.001773
40	-0.000698
41	0.000286
42	0.000892
43	-0.005545
44	-0.006259
45	-0.003115
46	0.000991
47	0.000272
48	-0.000626
49	-0.001135
50	0.002448
51	0.004896
52	-0.002195
53	0.003347
54	-0.005902
55	-0.003574
56	-0.004109
57	-0.000238
58	0.001161
59	0.002655
60	-0.001180
61	0.000609
62	0.001567
63	-0.002305
64	-0.003711
65	0.006089
66	0.005950
67	-0.002078
68	-0.003646
69	-0.004551
70	-0.005345
71	-0.000903
72	-0.000146
73	-0.003896
74	0.002439
75	0.008817
76	0.000471
77	0.006118
78	0.001223
79	-0.000976
80	0.003298
81	0.003860
82	0.001162
83	-0.000455
84	0.004715
85	-0.002483
86	0.000903
87	-0.000352
88	0.004139
89	0.005003
90	0.001223
91	-0.004280
92	-0.001807
93	-0.004988
94	0.003238
95	-0.003298
96	0.001173
97	-0.002029
98	0.002387
99	0.001453
100	0.004152
101	0.000422
102	-0.000185
103	-0.001224
104	-0.000113
105	-0.000378
106	-0.001921
107	-0.003074
108	0.009511
109	-0.000458
110	-0.002664
111	-0.001834
113	0.002081
114	-0.000612
115	-0.004332
116	0.001793
117	-0.000793
118	0.010285
119	-0.000642
120	0.000547
121	0.000546
122	-0.003938
123	-0.002191
124	0.000966
125	-0.000113
126	-0.000787
127	-0.003780
128	0.000903
129	-0.001367
130	-0.002104
131	-0.001433
132	0.000396
133	-0.005715
134	-0.002265
135	-0.000519
136	-0.001356
137	0.003885
138	0.004833
139	0.003211
140	-0.005435
141	-0.004404
142	0.009641
143	-0.007606
144	0.006670
145	-0.005146
146	-0.002279
147	0.006115
148	-0.001947
149	0.005415
150	0.004080
151	-0.005191
152	0.002180
153	-0.000409
154	0.000867
155	-0.004638
156	-0.000857
157	-0.000504
158	0.000910
159	-0.006505
160	0.000123
161	-0.004462
162	-0.006169
163	-0.001760
164	-0.004528
165	0.000039
166	-0.006074
167	-0.002414
168	0.000103
169	-0.000761
170	-0.000338
171	-0.001924
172	0.001457
173	-0.002760
174	0.002834
175	-0.001891
176	0.002446
177	-0.002019
178	-0.001438
179	-0.004413
180	-0.003678
181	0.003835
182	0.001270
183	-0.003531
184	0.006232
185	-0.006796
186	-0.001008
187	-0.004833
188	-0.002628
189	0.011037
190	-0.003950
191	-0.001696
192	-0.004082
193	0.004692
194	-0.001525
195	-0.000449
196	0.002131
197	-0.002359
198	0.001222
199	0.001322
200	0.004630
201	0.002320
202	0.006340
203	0.001592
204	0.001221
205	0.000340
206	0.000904
207	0.003843
208	0.002401
209	0.000232
210	-0.003480
211	-0.000661
212	-0.002024
213	0.002636
214	-0.003005
215	-0.003220
216	0.001861
217	-0.004232
218	-0.000797
219	-0.000217
220	0.000398
221	0.004543
222	-0.001828
223	-0.004332
224	-0.002315
225	0.002213
226	-0.001196
227	0.001283
228	0.000297
229	0.000137
230	0.000592
231	-0.002093
232	-0.001231
233	0.000072
234	-0.002531
235	0.001107
236	0.001536
237	0.003108
238	0.004864
239	-0.001118
240	-0.000783
241	0.001360
242	-0.003694
243	-0.001446
244	0.002157
245	-0.007802
246	-0.000427
247	-0.001492
248	0.000806
249	-0.000624
250	0.002213
251	-0.002128
252	0.003518
253	-0.000883
254	0.000134
255	0.002799
256	-0.000589
257	0.002128
258	0.002268
259	0.001423
260	0.002756
261	0.006792
263	-0.000201
264	-0.005343
265	0.004233
266	0.005151
267	0.002694
268	-0.003858
269	0.000489
270	-0.000451
271	0.002072
272	0.002325
273	0.004697
274	0.004346
275	-0.003330
276	-0.003240
277	0.002866
278	-0.000452
279	0.000625
280	-0.002282
281	-0.001922
282	-0.006454
283	0.001987
284	-0.006086
285	0.005174
286	0.005213
287	-0.001911
288	0.004087
289	0.005155
290	-0.004756
291	0.004263
292	0.000472
293	-0.001396
294	0.001527
295	-0.004948
296	-0.001967
297	0.001944
298	-0.000638
299	-0.000754
300	-0.002523
301	0.003316
302	-0.002033
303	0.004451
304	0.004302
305	0.003421
306	-0.007671
307	-0.004165
308	0.001608
309	-0.009344
311	-0.004389
313	-0.000325
314	-0.003204
316	0.006208
317	0.002443
318	0.000077
319	0.003431
320	-0.006149
321	0.001205
322	-0.004434
323	0.001085
324	-0.002489
325	-0.002983
327	-0.001310
328	0.002765
330	0.000173
331	0.000926
332	-0.002283
334	-0.000660
337	0.003383
338	-0.003688
339	0.000114
340	-0.001012
342	0.003796
344	-0.005421
348	0.003468
351	0.000649
352	-0.006193
353	0.005957
354	0.003762
355	-0.000736
356	-0.001475
357	0.002189
358	-0.006597
359	0.005373
360	-0.000582
361	0.001243
362	-0.002384
363	-0.004534
366	-0.003636
367	-0.003331
368	0.000921
370	-0.000454
371	-0.002723
372	0.000765
373	0.002650
374	0.000178
375	0.001628
376	-0.004509
377	-0.007091
378	-0.000887
379	0.006680
380	0.006057
385	-0.000812
388	0.005832
390	0.006479
391	0.001493
392	-0.007002
394	0.011020
396	-0.000607
397	0.000749
401	-0.002888
402	-0.001173
403	0.002530
404	-0.001768
