# 372 minima projected onto PC10
Min	PC
1	-1.124217
2	0.944609
3	-2.202718
4	-0.495357
5	0.857736
6	0.837045
7	-0.441090
8	-0.459776
9	-0.421152
10	-0.222731
11	-1.130466
12	-2.151806
13	0.415390
14	1.403841
15	1.778711
16	0.595261
17	-0.042173
18	-1.786527
19	0.960080
20	-1.096689
21	0.761636
22	-1.018686
23	-0.333793
24	0.320871
25	-0.922526
26	-3.759548
27	-1.534196
28	-4.104930
29	0.546323
30	-0.221123
31	-0.132310
32	-1.435067
33	-0.939439
34	-1.517659
35	-0.618627
36	-2.763156
37	-0.007663
38	-0.449092
39	-0.537043
40	-0.192381
41	0.649942
42	-0.248509
43	0.534858
44	-0.247343
45	-1.680373
46	0.236876
47	-1.642575
48	-2.603301
49	-0.484641
50	-2.093743
51	-1.139844
52	-1.089454
53	0.374795
54	-0.146042
55	-2.619514
56	-0.114902
57	-2.296417
58	0.430886
59	0.369278
60	-0.346555
61	-0.006733
62	-0.408730
63	0.521087
64	-1.885268
65	-0.519202
66	-3.063076
67	-2.088148
68	-1.883553
69	-2.275756
70	0.130323
71	0.078242
72	-0.144843
73	-0.055779
74	-0.808061
75	-0.858372
76	1.855967
77	-0.045306
78	-3.844072
79	-1.397326
80	-3.022031
81	-3.760317
82	-0.771863
83	-2.358833
84	-2.121758
85	0.133089
86	-1.127434
87	0.409614
88	1.171810
89	-1.025540
90	0.226826
91	1.446282
92	1.324455
93	1.031163
94	1.473147
95	1.582153
96	-1.805135
97	-0.087032
98	0.888669
99	0.441331
100	0.576774
101	-2.297698
102	-2.520056
103	0.160987
104	-0.923571
105	0.183746
106	1.400054
107	3.501646
108	1.339616
109	0.593824
110	1.871980
111	0.288638
113	-1.936549
114	-1.540235
115	-0.512969
116	0.792477
117	-1.783640
118	0.624649
119	0.144818
120	-0.204940
121	-0.958815
122	-0.302808
123	-1.828265
124	-1.582677
125	2.836813
126	0.926230
127	-0.217592
128	-0.001467
129	-0.094326
130	0.972347
131	2.692024
132	4.200281
133	0.382705
134	0.647483
135	2.350911
136	0.339033
137	1.183202
138	0.435916
139	0.486933
140	0.975980
141	-0.496021
142	0.255761
143	-0.566305
144	-1.466183
145	-2.825734
146	-4.326681
147	2.392065
148	-0.395011
149	-0.147800
150	-0.266225
151	0.734185
152	0.313293
153	0.517881
154	-1.987257
155	0.677693
156	-1.127289
157	-1.760930
158	1.117781
159	-0.554887
160	0.995859
161	1.866176
162	-0.366629
163	4.648282
164	2.781500
165	-0.048960
166	0.135262
167	-1.628845
168	-1.177645
169	1.257992
170	4.002366
171	1.721609
172	-1.393085
173	-1.452752
174	-1.809244
175	-1.406008
176	1.172481
177	2.467612
178	1.503005
179	0.605877
180	1.680444
181	-0.577778
182	-0.664258
183	-1.853903
184	0.747910
185	1.221146
186	-0.904348
187	0.545776
188	0.041341
189	-1.194409
190	4.876114
191	0.664579
192	-1.249241
193	-2.840926
194	-1.052777
195	0.972053
196	4.208726
197	0.716962
198	3.421525
199	1.463468
200	-1.415717
201	1.385902
202	1.498132
203	1.779307
204	-0.825729
205	-2.034476
206	-1.309279
207	2.263412
208	1.308508
209	2.236799
210	-2.036022
211	-3.330826
212	-0.944517
213	-0.035236
214	3.171711
215	1.625540
216	-1.140428
217	3.422269
218	0.109902
219	-1.903755
220	0.494727
221	4.173744
222	3.508089
223	1.451775
224	2.012308
225	-0.410729
226	-1.858332
227	-3.885292
228	-0.719786
229	1.259272
230	-0.350706
231	-0.287191
232	-3.028436
233	-1.410445
234	-3.310492
235	0.559757
236	-4.876171
237	3.705976
238	1.201109
239	-2.967054
240	-2.062590
241	0.498934
242	0.226127
243	-0.075238
244	0.331236
245	-2.077793
246	-0.303610
247	0.961457
248	-0.467132
249	-1.282895
250	-0.946010
251	-3.237262
252	-1.984435
253	0.714454
254	0.505595
255	-2.362657
256	-1.872137
257	2.139969
258	3.907838
259	-0.459615
260	1.951379
261	3.381999
263	0.566364
264	-1.036991
265	-0.182825
266	0.628714
267	-5.334541
268	-5.307867
269	-0.769122
270	0.572027
271	3.066260
272	0.052688
273	-1.696210
274	1.543710
275	1.106888
276	0.838411
277	-1.063830
278	1.689502
279	-1.474107
280	1.464119
281	1.931349
282	0.153727
283	1.604859
284	-0.868090
285	-2.526071
286	-0.270694
287	-4.807631
288	1.443580
289	0.307649
290	-0.480035
291	1.858700
292	-1.223672
293	-2.783002
294	-4.023151
295	-0.655586
296	1.906005
297	2.274152
298	-1.436273
299	-0.404834
300	4.696601
301	0.604586
302	-0.815462
303	0.568882
304	-1.125086
305	2.289533
306	4.314342
307	-0.511329
308	-1.607275
309	-2.213730
311	0.919067
313	-1.687172
314	0.312243
316	-0.327762
317	-0.657469
318	-0.124586
319	-0.340942
320	-2.666250
321	0.965753
322	0.166251
323	0.727393
324	-1.598220
325	3.327641
327	0.938396
328	0.795817
330	-0.027714
331	4.091037
332	1.519128
334	-0.178783
337	-1.194868
338	1.245670
339	-0.505890
340	3.141315
342	-0.236478
344	-0.954577
348	1.132287
351	3.537050
352	1.744660
353	2.711633
354	0.953198
355	-0.724306
356	0.535141
357	0.821733
358	-3.604313
359	-2.136329
360	2.934664
361	1.310362
362	-0.547196
363	-0.948287
366	-0.096428
367	-0.689293
368	0.451843
370	-0.092928
371	0.330188
372	-0.488402
373	3.067908
374	5.427792
375	1.107571
376	0.650857
377	-0.164592
378	0.674950
379	3.675044
380	4.329500
385	-1.343840
388	-1.544612
390	-1.423741
391	1.839677
392	2.764809
394	-2.937981
396	3.983101
397	1.207819
401	0.116525
402	4.027484
403	0.003382
404	2.371578
