# 372 minima projected onto PC69
Min	PC
1	0.001203
2	-0.003969
3	0.010761
4	0.000790
5	0.007324
6	0.001924
7	0.004497
8	-0.001438
9	0.006441
10	0.008984
11	-0.007605
12	-0.000718
13	-0.007472
14	0.003368
15	0.004145
16	-0.001730
17	-0.001330
18	0.000887
19	0.000957
20	0.002304
21	-0.004890
22	0.003693
23	0.021256
24	-0.015033
25	0.008814
26	-0.002682
27	-0.005164
28	0.000484
29	-0.002923
30	0.007407
31	0.006058
32	-0.000716
33	0.003013
34	-0.004757
35	-0.010922
36	0.001274
37	0.016529
38	-0.000131
39	0.004520
40	0.000105
41	0.001170
42	0.001874
43	-0.003062
44	-0.006979
45	0.003980
46	0.002080
47	0.003308
48	0.001614
49	0.002032
50	0.006036
51	-0.015548
52	-0.006488
53	0.001039
54	-0.002469
55	0.003441
56	0.006753
57	0.003376
58	0.006389
59	0.005062
60	-0.008855
61	-0.008877
62	0.002366
63	0.006540
64	0.000967
65	0.005661
66	-0.007000
67	-0.013221
68	-0.000191
69	0.009280
70	-0.007272
71	0.017925
72	-0.009536
73	0.006112
74	0.012410
75	0.002669
76	-0.018342
77	0.003030
78	0.002423
79	0.000273
80	-0.000519
81	-0.004024
82	-0.005129
83	0.005204
84	0.001339
85	0.001939
86	0.011315
87	0.009735
88	-0.007056
89	0.010953
90	-0.000167
91	-0.008068
92	0.001018
93	-0.002468
94	0.005104
95	-0.003721
96	0.002859
97	-0.014495
98	0.003822
99	-0.007411
100	-0.010334
101	-0.010575
102	0.025306
103	0.002831
104	-0.000238
105	-0.002736
106	-0.000488
107	0.020595
108	-0.012007
109	0.002542
110	0.000401
111	0.001689
113	0.005215
114	0.004187
115	0.000663
116	-0.001365
117	0.005465
118	-0.001550
119	-0.002363
120	0.004506
121	-0.015206
122	-0.010479
123	-0.008898
124	-0.012515
125	-0.001678
126	-0.008094
127	0.005183
128	0.003077
129	0.012147
130	0.002933
131	0.001858
132	-0.006974
133	0.010207
134	-0.003581
135	0.004826
136	0.000190
137	-0.005275
138	-0.007731
139	-0.001355
140	-0.005868
141	-0.003955
142	-0.005173
143	0.007842
144	0.002218
145	-0.006414
146	-0.012915
147	0.007178
148	0.002148
149	0.006809
150	0.007736
151	-0.015451
152	0.008065
153	0.001929
154	-0.001210
155	-0.007759
156	0.010254
157	-0.008572
158	0.005357
159	0.005087
160	-0.003956
161	-0.026008
162	0.010351
163	-0.029348
164	0.002594
165	0.010436
166	-0.000755
167	-0.011341
168	0.014846
169	-0.004787
170	-0.001162
171	0.007389
172	0.009101
173	0.017866
174	0.000794
175	-0.009933
176	0.017138
177	0.005821
178	-0.022713
179	-0.012043
180	-0.017494
181	-0.006524
182	0.001143
183	0.010786
184	0.005686
185	-0.012810
186	0.004466
187	-0.015456
188	0.006434
189	-0.002468
190	-0.032166
191	-0.011525
192	0.008984
193	-0.004704
194	0.003881
195	0.020260
196	0.003578
197	0.009120
198	-0.000642
199	0.004019
200	-0.001140
201	-0.008189
202	-0.005489
203	0.007545
204	-0.021390
205	0.001584
206	-0.009246
207	0.003564
208	0.003731
209	-0.000197
210	-0.006865
211	-0.006627
212	-0.010667
213	0.015629
214	-0.002357
215	0.009608
216	0.000850
217	-0.007792
218	0.014857
219	0.009722
220	-0.006447
221	0.002513
222	0.001819
223	-0.007893
224	0.005373
225	0.003011
226	-0.000250
227	0.004622
228	-0.000141
229	-0.006556
230	0.000702
231	0.005739
232	-0.002472
233	0.018588
234	-0.014910
235	0.022020
236	-0.014902
237	-0.004999
238	-0.009719
239	-0.003087
240	0.001499
241	0.004527
242	-0.008026
243	-0.004041
244	-0.000133
245	-0.002366
246	0.001577
247	-0.015387
248	-0.003960
249	0.018024
250	0.019225
251	-0.006150
252	-0.002961
253	0.000553
254	-0.002549
255	-0.013807
256	-0.001699
257	-0.004622
258	0.001994
259	-0.014471
260	-0.021254
261	-0.012238
263	0.011676
264	0.016318
265	-0.003490
266	-0.003531
267	-0.016834
268	-0.017492
269	0.020612
270	-0.000047
271	0.015252
272	0.008159
273	-0.003899
274	0.000194
275	-0.000670
276	0.011124
277	0.004750
278	0.005663
279	0.013597
280	-0.009596
281	0.006225
282	0.001867
283	0.011427
284	-0.008743
285	-0.002929
286	-0.003352
287	0.007200
288	0.010891
289	-0.001832
290	0.007952
291	-0.017883
292	-0.010465
293	0.001586
294	-0.016633
295	-0.006059
296	0.006523
297	-0.000454
298	-0.005454
299	0.003074
300	-0.003863
301	0.007097
302	-0.014773
303	0.012400
304	0.000390
305	-0.019504
306	0.003888
307	0.004177
308	0.012053
309	0.019613
311	-0.012742
313	-0.003274
314	0.003990
316	-0.002594
317	0.006775
318	-0.000092
319	0.009925
320	-0.003597
321	-0.008011
322	0.008351
323	-0.008095
324	-0.019751
325	0.007264
327	0.020190
328	0.006029
330	-0.004022
331	-0.001572
332	0.004188
334	0.001757
337	-0.000209
338	-0.011357
339	0.009124
340	0.003608
342	0.004039
344	-0.008386
348	-0.018664
351	-0.003562
352	-0.009866
353	-0.004216
354	0.007033
355	-0.001815
356	0.012180
357	0.018364
358	0.001838
359	-0.008928
360	-0.008670
361	0.008478
362	-0.002799
363	-0.019652
366	0.000105
367	0.005827
368	0.006589
370	-0.005838
371	-0.022409
372	-0.005927
373	0.021221
374	-0.014401
375	0.014907
376	0.001129
377	-0.007927
378	-0.009602
379	-0.002285
380	-0.000909
385	0.007118
388	0.007579
390	-0.012660
391	0.023831
392	-0.004144
394	-0.022241
396	0.018040
397	0.011716
401	0.042803
402	-0.003214
403	0.012534
404	-0.005178
