# 372 minima projected onto PC6
Min	PC
1	0.127576
2	-2.408465
3	1.264315
4	-2.514890
5	0.434210
6	1.950362
7	-0.810205
8	-0.125348
9	0.138467
10	4.398082
11	0.967786
12	-0.124280
13	0.471294
14	0.634362
15	-1.021665
16	-1.874694
17	1.920582
18	2.018301
19	-4.054743
20	-0.445796
21	-3.689336
22	2.845845
23	4.121466
24	-0.742784
25	-0.988161
26	-1.290317
27	0.706009
28	-2.619859
29	2.993375
30	1.497268
31	1.292686
32	-1.726594
33	1.894052
34	0.338579
35	-1.756574
36	-2.515402
37	-2.080347
38	-0.443190
39	2.655808
40	2.351755
41	0.640168
42	1.044497
43	0.923540
44	1.587614
45	1.635637
46	0.958530
47	0.828192
48	1.009171
49	0.710708
50	0.410822
51	-2.117125
52	-3.170863
53	-0.470556
54	-0.541093
55	-1.289274
56	-0.895791
57	1.904935
58	0.157090
59	1.147304
60	-1.530043
61	-0.740808
62	3.990211
63	2.979096
64	0.116904
65	-3.644099
66	1.646776
67	0.103148
68	-0.059598
69	1.627895
70	1.330200
71	2.204428
72	2.445769
73	0.797922
74	3.047327
75	1.338577
76	2.942758
77	2.815695
78	-2.018726
79	1.278524
80	0.950958
81	2.225124
82	1.869264
83	3.424689
84	-2.730999
85	4.305094
86	1.403933
87	4.047272
88	0.117357
89	3.888907
90	0.022054
91	3.946050
92	2.401455
93	-2.837184
94	-0.174972
95	4.524941
96	-2.188636
97	-0.101619
98	-0.176837
99	0.940981
100	0.084497
101	0.193830
102	4.051176
103	-0.907387
104	2.037301
105	-0.914729
106	1.028131
107	1.292329
108	1.157436
109	2.594338
110	-1.779556
111	0.759237
113	3.308704
114	4.337693
115	4.090829
116	2.384016
117	2.844729
118	3.645797
119	2.282952
120	3.034026
121	-3.843996
122	-4.470563
123	-3.395277
124	-0.996684
125	1.575139
126	3.577763
127	0.200806
128	-1.638034
129	2.148756
130	3.215149
131	-0.511841
132	3.302563
133	3.572454
134	4.995572
135	1.388096
136	-0.054641
137	0.619659
138	2.438017
139	3.397061
140	-2.842969
141	3.183543
142	-1.402556
143	3.915536
144	3.123656
145	-1.020465
146	1.069329
147	-2.815632
148	-0.039860
149	-2.478896
150	-1.476349
151	-3.085315
152	2.117981
153	-3.467695
154	0.019227
155	3.538642
156	0.849017
157	0.886260
158	1.637793
159	1.143011
160	-1.061110
161	1.704425
162	1.783762
163	-3.387576
164	-4.020501
165	0.875126
166	-0.245268
167	0.537368
168	2.177651
169	2.084405
170	-4.044657
171	3.621566
172	4.289408
173	2.129391
174	-1.112755
175	-0.236279
176	2.149908
177	2.046235
178	-0.966961
179	3.062633
180	3.881408
181	1.579664
182	1.124217
183	0.325955
184	-3.011270
185	1.179180
186	-1.476357
187	2.518613
188	-0.829311
189	3.143640
190	-1.952454
191	2.363027
192	3.161668
193	0.930239
194	0.816919
195	-3.784188
196	-3.993841
197	-4.561092
198	-3.697867
199	-1.505195
200	-3.885592
201	-0.625796
202	-0.383358
203	-1.489959
204	-1.626865
205	1.480814
206	0.632612
207	1.321193
208	2.254519
209	0.899137
210	-0.597720
211	-0.561751
212	3.303283
213	-5.100549
214	-3.716181
215	-4.840753
216	-3.136437
217	-2.146368
218	-3.760694
219	-1.538791
220	-3.679175
221	-3.238248
222	-4.137708
223	-1.159259
224	-2.095026
225	-2.783483
226	-2.562773
227	-0.594371
228	-0.517649
229	3.075052
230	-0.533760
231	-2.488182
232	-2.016605
233	-4.640251
234	-2.602614
235	-2.821755
236	-1.219298
237	1.614216
238	-0.017988
239	-2.273861
240	-1.301172
241	-1.618671
242	1.679177
243	0.698901
244	-0.393166
245	-5.647960
246	-0.116092
247	3.919774
248	-2.220446
249	1.829830
250	-2.935443
251	-4.346706
252	-2.554389
253	1.695639
254	0.743950
255	-1.288209
256	-0.936505
257	0.634429
258	3.573172
259	2.195667
260	4.993586
261	2.454534
263	1.584503
264	3.353304
265	2.007504
266	-3.179432
267	-1.742188
268	-1.086837
269	-4.976905
270	0.746105
271	-2.754065
272	0.035508
273	-1.872286
274	-0.378595
275	-3.601817
276	-0.041642
277	-4.096915
278	-4.871946
279	-3.531080
280	-1.302065
281	0.791036
282	-4.309642
283	-0.561473
284	0.058735
285	-0.399351
286	-1.259551
287	-1.564199
288	-3.032067
289	-1.994942
290	0.490405
291	3.135362
292	-1.163708
293	-0.378250
294	-0.137055
295	0.918291
296	1.355705
297	1.616600
298	0.840359
299	-4.658382
300	-4.482262
301	-0.527646
302	1.058170
303	0.907886
304	0.395987
305	4.756397
306	-0.488495
307	-1.979507
308	-0.649680
309	-0.262214
311	0.356332
313	-3.247154
314	-2.186226
316	0.579055
317	0.876959
318	2.722728
319	-1.045832
320	0.080925
321	3.866963
322	1.079131
323	1.684405
324	1.533342
325	2.962958
327	-0.392545
328	-3.323303
330	-1.342819
331	2.343318
332	1.049439
334	-0.762579
337	0.630326
338	2.858199
339	-6.446668
340	2.518624
342	0.241931
344	0.015132
348	-0.600866
351	4.678538
352	0.651774
353	3.517086
354	2.438011
355	1.606508
356	0.238034
357	1.748172
358	1.208217
359	-0.181853
360	-6.374623
361	-3.537803
362	-1.859113
363	-0.457693
366	-1.119244
367	0.179730
368	-2.021738
370	-0.797879
371	-2.666492
372	-1.518647
373	-0.479448
374	-1.674170
375	-7.302867
376	-5.572440
377	-5.674998
378	-1.594603
379	-4.427333
380	-6.040274
385	1.753442
388	1.217085
390	0.991037
391	2.474836
392	-1.649906
394	0.876708
396	4.074405
397	1.035057
401	2.006027
402	3.408104
403	-3.888630
404	-3.222516
