# 372 minima projected onto PC52
Min	PC
1	0.000291
2	-0.063431
3	0.069668
4	0.030251
5	-0.013214
6	-0.030347
7	-0.068934
8	-0.060005
9	-0.065001
10	-0.033577
11	-0.194581
12	-0.006485
13	0.011352
14	-0.091551
15	0.021880
16	0.080248
17	0.103618
18	-0.064681
19	-0.008469
20	0.058225
21	0.012658
22	-0.040030
23	-0.046951
24	0.021060
25	0.019306
26	0.025058
27	0.030838
28	-0.032382
29	-0.025404
30	-0.015980
31	0.030366
32	-0.018708
33	0.048404
34	-0.003711
35	-0.068365
36	-0.111530
37	0.058916
38	0.033286
39	0.039445
40	-0.048111
41	-0.018048
42	0.034051
43	0.000127
44	-0.065143
45	-0.103500
46	0.035687
47	0.029554
48	-0.066506
49	0.011047
50	-0.047381
51	0.094248
52	0.083189
53	0.064713
54	-0.035917
55	-0.056652
56	-0.028251
57	-0.036114
58	0.046217
59	0.053246
60	0.023440
61	-0.038468
62	0.004093
63	0.036925
64	0.042580
65	0.060029
66	-0.013772
67	0.017751
68	0.031748
69	0.035213
70	0.032395
71	0.085019
72	0.047761
73	0.021673
74	-0.008418
75	-0.004553
76	-0.006159
77	0.011165
78	-0.075165
79	-0.031391
80	-0.006048
81	-0.016223
82	0.048055
83	0.037150
84	-0.110831
85	0.030968
86	-0.003679
87	0.058105
88	0.015243
89	0.027260
90	-0.045186
91	-0.001553
92	0.070401
93	-0.007898
94	-0.054704
95	-0.038588
96	0.049692
97	-0.111451
98	0.010604
99	0.045758
100	0.068023
101	0.042396
102	0.040207
103	0.124492
104	0.026794
105	-0.054210
106	-0.057380
107	-0.034278
108	0.074800
109	0.032855
110	-0.114000
111	0.031516
113	-0.011505
114	0.041081
115	-0.008035
116	-0.029744
117	0.028369
118	0.045971
119	0.024594
120	0.086427
121	0.037177
122	0.014999
123	0.018767
124	0.004162
125	-0.000144
126	-0.065623
127	0.075704
128	-0.036471
129	0.023078
130	-0.044691
131	-0.006234
132	0.013226
133	0.009887
134	-0.024856
135	0.039967
136	0.039384
137	0.151897
138	-0.060045
139	0.072528
140	0.002359
141	-0.037446
142	-0.213448
143	-0.026855
144	-0.124699
145	0.024499
146	-0.061681
147	0.072549
148	-0.015614
149	-0.104181
150	-0.030544
151	0.009617
152	-0.084595
153	0.005733
154	-0.064358
155	0.050397
156	-0.069158
157	-0.115582
158	0.053585
159	0.003958
160	0.032119
161	-0.035658
162	-0.096044
163	-0.104026
164	-0.036452
165	-0.011889
166	0.009557
167	0.074344
168	-0.011196
169	-0.007786
170	-0.125480
171	0.085996
172	0.026374
173	-0.067505
174	0.065174
175	0.045853
176	-0.068575
177	0.020307
178	-0.001785
179	-0.012844
180	0.016236
181	0.062750
182	0.013922
183	0.053122
184	-0.026729
185	0.005239
186	-0.061737
187	-0.027552
188	-0.021530
189	0.017971
190	0.044502
191	-0.012053
192	0.116770
193	-0.115748
194	0.073686
195	-0.001020
196	-0.051872
197	0.034127
198	0.080229
199	0.065110
200	0.011052
201	0.033399
202	0.019221
203	0.088747
204	-0.019844
205	0.125220
206	0.037048
207	0.127377
208	0.046055
209	0.076984
210	0.066077
211	0.030492
212	-0.013388
213	0.008353
214	0.049424
215	0.028187
216	0.037885
217	0.092824
218	0.048334
219	-0.044315
220	0.041267
221	-0.044487
222	0.006404
223	-0.026383
224	-0.028722
225	-0.051972
226	-0.005951
227	-0.082815
228	0.051256
229	-0.028425
230	-0.018471
231	0.027274
232	0.021099
233	0.069757
234	0.004180
235	0.050969
236	0.101934
237	-0.071977
238	0.069448
239	0.039886
240	-0.001486
241	0.034775
242	-0.031166
243	-0.028502
244	0.043842
245	0.063662
246	0.023783
247	-0.086825
248	-0.025313
249	-0.014608
250	0.066545
251	0.093576
252	0.031403
253	-0.022507
254	-0.032441
255	0.113435
256	0.008585
257	0.008724
258	-0.015233
259	-0.041157
260	0.026768
261	0.006509
263	-0.018814
264	-0.030692
265	0.061977
266	0.023178
267	-0.013338
268	-0.050061
269	-0.002446
270	-0.054012
271	0.130992
272	0.053406
273	-0.008157
274	-0.099088
275	-0.038157
276	-0.009743
277	-0.017230
278	-0.013882
279	-0.014525
280	0.030790
281	0.009190
282	0.061839
283	-0.033567
284	0.062559
285	-0.076090
286	-0.018519
287	0.003463
288	0.025808
289	0.021570
290	-0.055685
291	0.036300
292	0.003875
293	-0.004906
294	0.027775
295	-0.031238
296	-0.024791
297	-0.024485
298	-0.151723
299	0.070261
300	-0.056214
301	0.094475
302	0.033843
303	0.051826
304	0.099580
305	-0.047826
306	0.058754
307	0.045098
308	0.023575
309	-0.270176
311	-0.042389
313	0.024740
314	0.008490
316	-0.053669
317	0.015525
318	0.028462
319	0.011572
320	-0.023102
321	0.011537
322	0.042096
323	0.015873
324	-0.033878
325	-0.032317
327	-0.117640
328	-0.006595
330	0.089450
331	0.020556
332	0.035151
334	0.046866
337	-0.067174
338	0.085519
339	-0.020795
340	0.017517
342	0.032714
344	-0.089653
348	0.012431
351	-0.059271
352	0.007632
353	-0.044278
354	-0.022417
355	-0.023174
356	0.012248
357	-0.086968
358	-0.014123
359	0.082138
360	0.051135
361	-0.102127
362	-0.067198
363	-0.045136
366	-0.020329
367	-0.018794
368	0.031936
370	0.047170
371	0.069280
372	0.030704
373	-0.001204
374	-0.064964
375	-0.041191
376	-0.091690
377	-0.034580
378	-0.003456
379	-0.090465
380	-0.119020
385	-0.012618
388	0.063526
390	0.096580
391	-0.088474
392	-0.022538
394	-0.219675
396	0.069092
397	0.056636
401	-0.074606
402	0.018429
403	0.022906
404	-0.151402
