# 372 minima projected onto PC68
Min	PC
1	0.001275
2	0.026428
3	-0.012957
4	-0.011451
5	0.000917
6	-0.012882
7	0.004691
8	-0.022811
9	-0.004811
10	0.010500
11	-0.000622
12	0.000987
13	0.002050
14	-0.007456
15	0.010623
16	-0.005475
17	-0.011918
18	-0.005299
19	0.026740
20	-0.019291
21	0.009155
22	-0.004404
23	0.000862
24	-0.009982
25	0.012479
26	-0.012729
27	0.001323
28	0.017893
29	0.006730
30	-0.006209
31	-0.003098
32	-0.009522
33	-0.001909
34	-0.010199
35	0.032336
36	0.004629
37	0.000629
38	-0.019257
39	-0.006804
40	-0.008236
41	-0.007911
42	0.003978
43	0.000753
44	0.009985
45	-0.004285
46	0.003504
47	0.012450
48	0.007462
49	-0.002699
50	-0.002530
51	-0.004331
52	0.014799
53	0.002682
54	-0.016068
55	-0.016006
56	0.007853
57	0.005521
58	-0.018061
59	0.006028
60	-0.006047
61	0.011983
62	0.000123
63	0.005624
64	0.001033
65	0.006984
66	-0.000730
67	-0.008468
68	0.009888
69	0.006604
70	0.000688
71	-0.004495
72	-0.002005
73	0.005465
74	-0.025080
75	-0.000157
76	0.007546
77	-0.002099
78	0.021688
79	0.008007
80	0.013731
81	-0.009852
82	0.001589
83	0.006588
84	-0.010384
85	-0.017863
86	0.003445
87	0.001027
88	-0.003074
89	-0.003635
90	-0.000365
91	-0.017843
92	0.003678
93	0.006900
94	-0.010024
95	-0.002854
96	-0.012997
97	0.006316
98	0.011173
99	-0.009295
100	0.003412
101	-0.008481
102	-0.004817
103	0.018209
104	0.001444
105	-0.015578
106	0.000957
107	0.005263
108	-0.014467
109	-0.009899
110	0.012755
111	0.004464
113	-0.003664
114	0.005214
115	-0.002126
116	-0.010339
117	0.008212
118	-0.001195
119	0.010583
120	0.011944
121	-0.002499
122	0.012167
123	-0.011189
124	-0.004645
125	0.000425
126	0.018022
127	0.004908
128	0.003735
129	-0.006214
130	-0.009290
131	0.026472
132	0.020299
133	0.002798
134	0.008541
135	-0.014787
136	0.018426
137	0.004889
138	0.010422
139	0.000338
140	0.008206
141	0.017041
142	-0.002751
143	0.000046
144	0.000440
145	0.008734
146	0.002404
147	0.014934
148	-0.007427
149	0.000739
150	0.004735
151	0.003726
152	-0.020479
153	0.014546
154	-0.024087
155	-0.020383
156	0.011184
157	-0.001438
158	0.003857
159	0.009834
160	0.000638
161	-0.006511
162	0.013708
163	-0.029674
164	-0.008578
165	0.007466
166	-0.003099
167	-0.016996
168	0.004142
169	0.005492
170	-0.019705
171	0.011976
172	0.018821
173	-0.000644
174	0.011108
175	0.000464
176	-0.000112
177	-0.002099
178	-0.006927
179	0.003784
180	0.005735
181	-0.001522
182	-0.005176
183	-0.007920
184	0.007483
185	0.012459
186	0.002951
187	0.003231
188	-0.000782
189	0.007415
190	-0.002572
191	0.012965
192	-0.000579
193	-0.008359
194	0.003254
195	0.003455
196	0.000258
197	0.009381
198	0.005095
199	-0.015742
200	0.006925
201	-0.008640
202	0.004632
203	-0.009288
204	0.010261
205	-0.016289
206	-0.005515
207	0.018206
208	-0.005650
209	-0.001797
210	-0.004980
211	-0.004819
212	0.007779
213	0.026034
214	0.008878
215	0.014217
216	-0.022021
217	0.010795
218	0.018262
219	0.013183
220	-0.009446
221	-0.028498
222	-0.022895
223	-0.004134
224	-0.000579
225	0.008249
226	-0.009297
227	-0.011388
228	-0.002219
229	0.002516
230	0.006149
231	0.006717
232	0.000177
233	-0.020765
234	-0.014998
235	0.004651
236	-0.010243
237	0.012207
238	-0.008723
239	-0.010168
240	-0.004509
241	0.003889
242	-0.011190
243	0.031059
244	-0.004025
245	-0.002624
246	0.001964
247	0.013488
248	-0.012227
249	-0.016818
250	0.000638
251	0.002395
252	0.011465
253	-0.004106
254	-0.000651
255	-0.000046
256	0.000009
257	-0.017128
258	-0.009497
259	0.016928
260	0.012127
261	-0.005334
263	0.000796
264	-0.005508
265	-0.002314
266	0.018923
267	-0.003113
268	0.001750
269	0.003801
270	0.007733
271	0.017288
272	-0.014951
273	-0.017570
274	0.032530
275	0.002077
276	-0.008876
277	0.003492
278	0.004283
279	0.005659
280	-0.017235
281	-0.001604
282	0.008752
283	0.003666
284	-0.016502
285	0.003014
286	0.004681
287	0.003264
288	0.003470
289	-0.001079
290	0.000412
291	0.000711
292	0.004167
293	-0.015001
294	0.002685
295	0.003179
296	-0.014054
297	0.004937
298	0.005958
299	-0.001132
300	-0.004746
301	-0.013924
302	0.014288
303	-0.005364
304	0.002838
305	0.002443
306	0.015838
307	0.003710
308	0.007280
309	-0.015684
311	-0.010500
313	-0.013442
314	-0.013051
316	-0.003692
317	-0.006105
318	0.021290
319	-0.004871
320	0.023393
321	0.004769
322	0.003264
323	-0.010369
324	0.001712
325	0.011639
327	0.016617
328	-0.002758
330	0.002228
331	0.009817
332	-0.000131
334	-0.007017
337	-0.001022
338	-0.012569
339	0.008509
340	-0.021000
342	-0.006823
344	-0.012549
348	0.003255
351	-0.000952
352	0.020239
353	-0.014859
354	0.022073
355	-0.000443
356	-0.007063
357	0.013543
358	-0.017429
359	-0.000933
360	0.003076
361	-0.004492
362	-0.006410
363	0.013388
366	-0.008174
367	0.004012
368	0.003986
370	0.003142
371	-0.011395
372	0.013223
373	-0.014717
374	0.007291
375	-0.001874
376	0.012684
377	-0.008724
378	0.008057
379	-0.009735
380	-0.012888
385	0.001007
388	0.013217
390	0.003402
391	-0.015953
392	-0.025284
394	0.011876
396	-0.008625
397	0.007546
401	-0.007763
402	-0.014490
403	-0.015748
404	-0.014382
