# 372 minima projected onto PC9
Min	PC
1	3.329835
2	3.566651
3	2.385183
4	4.336465
5	3.723815
6	2.576285
7	0.346138
8	0.622853
9	4.323431
10	1.837233
11	3.221903
12	4.830301
13	4.548009
14	4.007500
15	3.530028
16	4.380822
17	2.562731
18	2.051814
19	1.140976
20	1.213844
21	1.402162
22	4.126737
23	2.983917
24	1.361737
25	1.051782
26	1.753127
27	3.178444
28	1.407593
29	3.551865
30	2.705808
31	4.260452
32	3.890792
33	2.047705
34	2.074299
35	3.011334
36	0.985130
37	1.823029
38	1.134347
39	2.961012
40	2.657520
41	3.993009
42	4.228364
43	3.233903
44	2.330378
45	2.484481
46	0.967255
47	4.634018
48	4.192218
49	3.849158
50	3.292615
51	2.088451
52	3.007587
53	-1.429102
54	0.634267
55	1.278884
56	1.053636
57	2.977918
58	1.642368
59	1.360280
60	4.234458
61	3.282846
62	1.701132
63	0.219173
64	3.526501
65	-0.486990
66	-0.854839
67	0.574175
68	1.165517
69	0.177922
70	-1.862040
71	0.667064
72	-1.759729
73	2.668954
74	0.528444
75	2.487317
76	3.634255
77	4.012245
78	-1.988053
79	-0.110091
80	0.594804
81	-1.893349
82	0.301325
83	-3.007910
84	-0.409350
85	3.128145
86	2.202398
87	1.832875
88	-0.830395
89	-1.609645
90	0.096041
91	0.834499
92	-0.087647
93	-1.653236
94	-0.689336
95	-1.121686
96	-2.102486
97	-2.252138
98	-1.660790
99	0.941129
100	-2.973101
101	-2.866577
102	-1.974080
103	0.490846
104	0.070143
105	-1.010022
106	-2.491841
107	-1.176369
108	-1.584558
109	-1.851948
110	-2.876251
111	-2.500170
113	-3.074631
114	-5.017538
115	-2.572551
116	-3.540548
117	-0.328623
118	-2.754519
119	2.288078
120	-1.957331
121	1.031892
122	1.588784
123	-0.078154
124	-0.569347
125	0.248499
126	2.598646
127	-0.373184
128	2.204212
129	2.304728
130	0.571436
131	0.691512
132	0.514181
133	0.119243
134	2.058003
135	-2.666062
136	-0.063313
137	-1.518313
138	-0.765606
139	-2.143757
140	-1.203150
141	-2.905030
142	-1.625410
143	-2.055232
144	-2.504012
145	0.255885
146	-0.379352
147	-0.245738
148	-1.217856
149	-0.827354
150	-0.122030
151	1.469957
152	0.562222
153	1.248096
154	1.197615
155	-1.739815
156	-0.125114
157	-0.888557
158	2.967399
159	2.728411
160	2.795026
161	2.686792
162	1.558453
163	-0.995776
164	1.200753
165	-0.397360
166	-0.689663
167	-2.840275
168	0.394161
169	1.422468
170	1.328434
171	-0.819856
172	-4.293128
173	-3.752951
174	1.518612
175	1.566277
176	1.772923
177	-0.453947
178	0.734604
179	-0.317885
180	-0.412100
181	1.622172
182	2.739593
183	1.885209
184	1.765010
185	-0.008298
186	0.288492
187	-1.104530
188	-2.248081
189	-0.791215
190	-0.615613
191	-1.087946
192	-3.152568
193	-3.040449
194	-1.196366
195	-2.119575
196	0.802253
197	0.281046
198	0.526286
199	-1.666890
200	0.172885
201	-1.202845
202	-1.511756
203	-1.030126
204	-0.608378
205	-1.826738
206	0.486024
207	0.421908
208	-3.352685
209	-3.759068
210	0.180982
211	0.471386
212	-5.750617
213	-1.244590
214	0.170674
215	0.201143
216	2.647373
217	-2.581798
218	-3.362861
219	1.514403
220	-1.833786
221	1.661470
222	1.362551
223	0.394664
224	0.408806
225	1.557877
226	2.276508
227	-0.039724
228	0.389238
229	-2.720641
230	-0.042038
231	-0.362165
232	-1.923415
233	-1.580323
234	-0.773263
235	0.358805
236	-2.051176
237	-1.217166
238	-2.661460
239	0.861743
240	1.263605
241	1.011156
242	1.540422
243	3.659735
244	0.274859
245	0.166526
246	-2.100364
247	2.043329
248	0.595154
249	-2.607675
250	2.965525
251	-0.047355
252	2.494645
253	0.326532
254	-3.153726
255	1.423270
256	-1.388640
257	0.046458
258	2.269426
259	-0.408656
260	1.482774
261	2.521159
263	-1.430333
264	-4.423545
265	1.965104
266	-4.914910
267	-2.977421
268	-1.483946
269	0.714593
270	0.624003
271	1.650741
272	1.193964
273	-1.423410
274	-1.952576
275	-0.867834
276	-3.635576
277	-1.918514
278	-0.692027
279	-0.912821
280	-2.612295
281	-3.454815
282	-0.564648
283	-2.550071
284	-4.434768
285	-2.042298
286	-0.485652
287	-2.482559
288	-1.419898
289	0.908285
290	1.095981
291	-1.610704
292	-2.153990
293	-4.557003
294	-1.120189
295	1.360419
296	1.483576
297	-1.109109
298	-1.804029
299	0.443686
300	0.246548
301	1.003124
302	0.928966
303	2.123804
304	-1.172090
305	0.610023
306	-0.755441
307	-0.687513
308	-1.923107
309	-0.937414
311	-2.173095
313	-0.088512
314	-0.295282
316	0.457971
317	-2.937684
318	-1.317460
319	-1.025138
320	-2.102279
321	-2.829902
322	-4.067930
323	-3.534071
324	-0.314244
325	-1.922313
327	-4.287427
328	-3.207140
330	0.517903
331	-0.634257
332	-2.982368
334	2.948291
337	-5.441559
338	-0.610263
339	-2.046419
340	1.493182
342	1.728532
344	-0.707141
348	-1.128232
351	0.401423
352	0.017603
353	-3.802886
354	0.383319
355	-3.883073
356	-0.975365
357	1.657603
358	-1.050523
359	0.736658
360	-1.752291
361	-2.212572
362	-0.325308
363	-0.846117
366	-2.206672
367	0.202026
368	-3.333612
370	0.463925
371	0.169308
372	-0.519092
373	-3.964629
374	-1.567826
375	-2.233332
376	-0.048604
377	0.710870
378	-2.587108
379	-1.776182
380	-1.404075
385	-4.165569
388	-0.451721
390	-0.920740
391	1.672141
392	0.372942
394	-1.354561
396	0.921093
397	0.929964
401	0.832888
402	1.422232
403	-0.852059
404	2.841825
