# 372 minima projected onto PC45
Min	PC
1	-0.062540
2	0.010039
3	-0.078227
4	-0.052564
5	-0.003401
6	0.068731
7	-0.044303
8	0.014109
9	0.039722
10	-0.062842
11	0.074975
12	-0.072989
13	-0.071786
14	-0.007166
15	0.133601
16	0.029863
17	0.090095
18	0.003551
19	0.009831
20	0.039523
21	0.060194
22	0.030314
23	-0.049626
24	0.037326
25	-0.024444
26	0.075176
27	-0.109300
28	-0.001584
29	-0.030207
30	-0.009112
31	-0.009848
32	-0.027418
33	-0.046157
34	-0.090239
35	-0.058453
36	0.044848
37	-0.006638
38	-0.127802
39	0.060491
40	-0.063465
41	-0.047367
42	0.026826
43	-0.108731
44	-0.109148
45	0.065093
46	-0.117341
47	0.080986
48	0.128103
49	0.101452
50	0.053770
51	-0.035129
52	-0.096513
53	-0.243914
54	-0.111832
55	0.101876
56	-0.069634
57	0.156000
58	-0.004037
59	-0.071971
60	0.001858
61	-0.039400
62	-0.094294
63	-0.091220
64	-0.026561
65	0.102714
66	0.122626
67	-0.053202
68	-0.030240
69	0.113420
70	0.021395
71	0.009453
72	0.009126
73	0.080990
74	-0.067688
75	-0.027679
76	0.037843
77	0.105694
78	-0.102060
79	-0.164407
80	-0.019974
81	0.208026
82	-0.081428
83	0.108897
84	0.026308
85	0.068615
86	0.023516
87	0.060681
88	-0.016299
89	-0.040532
90	-0.034589
91	-0.060575
92	0.076514
93	0.029902
94	-0.084309
95	-0.054190
96	-0.030787
97	-0.120867
98	-0.186369
99	-0.003554
100	-0.133186
101	0.208518
102	-0.710774
103	0.009201
104	0.030800
105	-0.076389
106	0.137370
107	0.178125
108	-0.049863
109	0.100294
110	0.080228
111	-0.080925
113	0.071460
114	0.203831
115	-0.095625
116	0.027580
117	0.070974
118	-0.116481
119	-0.058920
120	-0.149929
121	-0.009866
122	-0.077434
123	-0.066060
124	0.072206
125	0.135910
126	-0.049471
127	0.207930
128	-0.019278
129	0.020908
130	-0.006876
131	-0.020441
132	0.065618
133	0.026757
134	-0.018971
135	0.011043
136	0.033450
137	-0.029845
138	-0.028157
139	-0.162850
140	0.048957
141	-0.006580
142	-0.167263
143	-0.328507
144	-0.106877
145	0.056363
146	0.133701
147	0.082026
148	-0.037122
149	0.066656
150	0.233595
151	0.002269
152	-0.033962
153	-0.050688
154	0.158202
155	-0.133329
156	0.049700
157	-0.016967
158	0.048616
159	-0.040754
160	0.041996
161	-0.019369
162	0.103747
163	0.038185
164	-0.125030
165	-0.064285
166	-0.060312
167	0.251796
168	-0.010951
169	0.013194
170	-0.058384
171	-0.156665
172	0.263008
173	0.052617
174	0.035826
175	-0.027568
176	0.083447
177	-0.082557
178	0.123156
179	-0.003713
180	-0.120622
181	0.026952
182	0.048574
183	-0.061254
184	-0.037540
185	-0.013860
186	-0.020576
187	-0.062437
188	-0.192175
189	-0.065897
190	0.101198
191	-0.063552
192	0.155488
193	0.176411
194	0.147989
195	-0.037262
196	-0.073680
197	-0.063908
198	0.024304
199	0.006256
200	-0.062420
201	-0.109334
202	-0.101806
203	0.027710
204	0.133326
205	-0.325358
206	0.188563
207	0.055396
208	-0.175950
209	-0.078540
210	0.245209
211	0.172253
212	0.102521
213	-0.031099
214	-0.097596
215	0.075988
216	-0.077248
217	0.009710
218	0.006711
219	0.008914
220	0.029157
221	0.037613
222	-0.093260
223	-0.051936
224	0.045206
225	-0.188446
226	-0.135908
227	-0.150487
228	-0.140932
229	0.033991
230	-0.084375
231	-0.171789
232	-0.144058
233	0.001292
234	-0.085431
235	-0.062197
236	-0.017953
237	0.149643
238	0.024355
239	0.065435
240	0.169086
241	-0.000393
242	-0.045024
243	0.013893
244	0.070355
245	-0.010694
246	-0.087172
247	-0.106034
248	-0.031394
249	0.002033
250	0.055858
251	0.002482
252	-0.023955
253	-0.022916
254	-0.134767
255	-0.039659
256	-0.279167
257	0.041032
258	0.016282
259	-0.144978
260	-0.006715
261	0.039351
263	-0.208778
264	0.203269
265	-0.008573
266	-0.001239
267	-0.015928
268	0.097446
269	-0.137993
270	0.054574
271	0.044546
272	0.171376
273	-0.069653
274	0.073419
275	0.040329
276	0.050836
277	-0.129847
278	0.178420
279	0.012263
280	0.067565
281	-0.085962
282	-0.049655
283	-0.161998
284	0.320100
285	-0.041110
286	-0.079896
287	0.182115
288	0.130237
289	0.050291
290	-0.138434
291	-0.029875
292	-0.302689
293	-0.049532
294	0.085141
295	-0.147820
296	0.091843
297	-0.011868
298	-0.367716
299	-0.201715
300	-0.082281
301	0.074139
302	0.122438
303	0.049221
304	0.113915
305	-0.099379
306	0.169711
307	-0.116289
308	-0.015600
309	-0.101796
311	-0.047922
313	0.001834
314	-0.226147
316	-0.106860
317	0.062794
318	0.008138
319	0.112633
320	-0.140874
321	-0.048797
322	0.072126
323	-0.072734
324	-0.031075
325	0.074241
327	0.119832
328	0.038644
330	0.023081
331	0.133027
332	0.005199
334	0.016927
337	0.172862
338	-0.018479
339	0.159130
340	0.085684
342	0.021172
344	0.254622
348	0.013154
351	-0.135099
352	0.025808
353	0.131816
354	0.106187
355	-0.002407
356	0.058684
357	0.208355
358	0.260615
359	0.058375
360	0.118383
361	0.157300
362	0.043238
363	-0.066639
366	0.030587
367	0.087876
368	-0.064241
370	0.146386
371	-0.090899
372	-0.104019
373	-0.065997
374	0.003101
375	0.022919
376	0.120891
377	0.111146
378	0.040654
379	0.043292
380	-0.008370
385	-0.192669
388	0.302878
390	0.079857
391	0.192405
392	0.018813
394	0.170423
396	0.053485
397	0.042597
401	0.067080
402	0.083478
403	-0.185834
404	0.065823
