# 372 minima projected onto PC60
Min	PC
1	-0.005174
2	0.003786
3	0.012074
4	-0.013156
5	-0.005949
6	0.002683
7	0.013530
8	0.022710
9	-0.002869
10	0.022843
11	0.015590
12	-0.010156
13	0.001427
14	-0.002641
15	0.016760
16	-0.015339
17	0.004478
18	0.004101
19	0.000043
20	0.015731
21	0.002489
22	-0.012317
23	0.027751
24	-0.001492
25	0.023635
26	0.004543
27	-0.016358
28	-0.012400
29	0.001228
30	0.005704
31	-0.017309
32	-0.027066
33	0.028511
34	0.008891
35	-0.014471
36	-0.026470
37	0.019962
38	-0.019131
39	0.000940
40	0.003598
41	-0.001825
42	-0.011692
43	-0.035964
44	-0.015817
45	0.005845
46	-0.023798
47	-0.011343
48	-0.008837
49	0.003008
50	0.007156
51	0.009904
52	-0.016572
53	-0.029559
54	-0.021343
55	0.016075
56	-0.004457
57	0.011182
58	-0.002982
59	0.007473
60	-0.011398
61	0.028694
62	0.016125
63	0.009950
64	0.006633
65	0.010290
66	-0.013891
67	-0.016565
68	0.009385
69	0.043265
70	0.002963
71	0.010174
72	-0.004814
73	0.008531
74	0.000778
75	-0.028507
76	-0.010200
77	-0.021580
78	-0.030127
79	-0.011037
80	-0.018092
81	0.033249
82	-0.027050
83	0.018075
84	-0.040833
85	-0.009577
86	-0.023277
87	-0.002953
88	-0.012124
89	0.023635
90	0.004213
91	-0.006340
92	-0.018170
93	-0.009265
94	-0.008743
95	-0.007813
96	-0.020049
97	-0.025767
98	0.006544
99	0.005147
100	-0.027690
101	-0.017621
102	0.027647
103	-0.035846
104	-0.004950
105	0.013255
106	0.019303
107	-0.021031
108	0.004823
109	-0.017347
110	-0.028869
111	-0.006721
113	0.037837
114	0.015673
115	-0.020692
116	-0.019409
117	-0.038720
118	-0.002320
119	0.010691
120	0.007719
121	-0.076369
122	-0.018279
123	0.008877
124	0.005819
125	0.011048
126	0.039103
127	-0.016018
128	0.029889
129	0.008257
130	-0.018353
131	-0.015879
132	-0.024414
133	0.005231
134	-0.015531
135	-0.006678
136	-0.032725
137	-0.000323
138	0.018877
139	0.020363
140	-0.023495
141	0.003295
142	-0.000548
143	-0.005007
144	-0.008439
145	-0.041647
146	-0.014246
147	0.062428
148	-0.045144
149	-0.002275
150	0.023966
151	-0.007058
152	-0.020352
153	-0.017337
154	0.015148
155	0.013806
156	0.016773
157	-0.001196
158	-0.011472
159	0.016051
160	0.003668
161	0.008695
162	0.038989
163	0.074487
164	0.012696
165	-0.008943
166	-0.012303
167	0.013185
168	0.032250
169	0.019513
170	0.046308
171	-0.027186
172	0.028291
173	0.011643
174	0.017750
175	0.033114
176	-0.004028
177	0.009870
178	0.002649
179	0.018102
180	-0.004596
181	-0.019609
182	-0.023343
183	0.027476
184	-0.008739
185	0.012930
186	-0.000072
187	-0.015436
188	0.007281
189	0.003592
190	0.053711
191	-0.028772
192	0.015890
193	-0.005375
194	0.002044
195	-0.015149
196	-0.004937
197	-0.031020
198	0.025508
199	-0.018249
200	-0.006863
201	0.004596
202	-0.013809
203	0.002434
204	0.033093
205	-0.003960
206	-0.018836
207	-0.072652
208	-0.028943
209	-0.026169
210	0.010652
211	0.001877
212	-0.021129
213	0.025887
214	0.029224
215	-0.022196
216	-0.017687
217	0.042953
218	-0.005242
219	-0.012829
220	-0.028471
221	0.059999
222	0.050183
223	-0.005131
224	-0.029278
225	-0.013868
226	-0.014049
227	0.014203
228	0.031423
229	0.011588
230	0.009656
231	0.001500
232	0.015153
233	-0.026620
234	-0.003127
235	0.004910
236	0.006297
237	-0.017364
238	-0.013695
239	0.001069
240	0.014596
241	-0.014748
242	0.000089
243	-0.016736
244	0.028338
245	-0.016524
246	0.007593
247	0.038473
248	0.014014
249	-0.020776
250	0.022585
251	0.021451
252	-0.028281
253	-0.027543
254	-0.009907
255	0.001898
256	0.014624
257	-0.001329
258	-0.055740
259	0.040963
260	0.002344
261	-0.008089
263	0.031441
264	0.002498
265	-0.018819
266	-0.015879
267	0.015810
268	0.048066
269	0.009451
270	0.006153
271	0.010492
272	0.001100
273	-0.002770
274	-0.002810
275	0.000564
276	-0.008297
277	-0.007434
278	-0.008982
279	-0.020820
280	-0.021058
281	0.000433
282	-0.029890
283	0.003188
284	-0.025678
285	-0.000294
286	0.012137
287	-0.001425
288	0.011504
289	0.030416
290	0.006481
291	0.018820
292	0.024311
293	-0.001224
294	0.006295
295	0.028412
296	0.008128
297	0.002134
298	0.011069
299	-0.003119
300	0.021236
301	0.001825
302	0.033087
303	-0.016904
304	-0.004542
305	0.023746
306	0.026809
307	0.030055
308	0.011863
309	-0.098061
311	0.011129
313	-0.005807
314	-0.009586
316	-0.005035
317	0.026860
318	-0.003346
319	0.010843
320	0.020457
321	0.022417
322	-0.025633
323	-0.028028
324	0.020815
325	-0.002470
327	-0.003409
328	-0.044703
330	0.005363
331	-0.032948
332	-0.014729
334	0.007884
337	0.012491
338	-0.030046
339	0.023240
340	-0.000587
342	0.040853
344	-0.015861
348	0.053969
351	0.006771
352	0.000901
353	-0.021292
354	0.009987
355	0.006276
356	-0.020851
357	-0.038191
358	-0.049367
359	0.004502
360	0.017783
361	0.000430
362	-0.015200
363	0.011729
366	-0.006104
367	0.029299
368	-0.018467
370	0.033188
371	-0.005200
372	0.016627
373	0.006370
374	-0.029280
375	0.024652
376	-0.018740
377	0.006643
378	0.028619
379	0.007773
380	0.005595
385	0.007562
388	0.001449
390	0.025974
391	0.031619
392	0.031160
394	-0.012967
396	-0.017967
397	-0.043407
401	0.134372
402	-0.073854
403	-0.011444
404	-0.073081
