# 372 minima projected onto PC64
Min	PC
1	0.018689
2	-0.004303
3	-0.008525
4	-0.005931
5	-0.010147
6	-0.014055
7	0.001383
8	-0.001300
9	0.000401
10	-0.014596
11	0.004976
12	0.020125
13	-0.003610
14	-0.014970
15	-0.004156
16	-0.008800
17	0.005144
18	-0.003065
19	-0.016035
20	-0.010828
21	-0.022515
22	0.010575
23	-0.000986
24	0.005940
25	0.004841
26	0.019564
27	0.011569
28	0.014716
29	-0.014989
30	-0.016036
31	-0.001381
32	-0.003026
33	0.012622
34	0.028404
35	-0.006163
36	0.009942
37	0.007526
38	-0.009411
39	-0.015185
40	-0.032310
41	-0.025910
42	-0.008377
43	-0.006677
44	-0.006707
45	0.001916
46	-0.001178
47	0.016996
48	0.018537
49	-0.007498
50	0.016543
51	0.038710
52	0.026943
53	-0.011764
54	-0.007701
55	0.012956
56	-0.012268
57	-0.003814
58	-0.006072
59	-0.002270
60	-0.013569
61	-0.006912
62	-0.040622
63	-0.016158
64	0.006710
65	0.004982
66	-0.005183
67	0.010577
68	0.011444
69	-0.000450
70	-0.005056
71	-0.018752
72	0.025527
73	-0.005444
74	0.016250
75	0.033733
76	-0.017893
77	0.010117
78	0.016020
79	-0.000316
80	0.035648
81	-0.026541
82	0.001939
83	-0.006498
84	-0.003958
85	-0.011834
86	-0.002249
87	-0.005803
88	-0.002593
89	0.004157
90	-0.006224
91	0.002542
92	-0.025671
93	-0.009913
94	0.009541
95	-0.016188
96	-0.026205
97	0.015970
98	-0.008805
99	0.019844
100	-0.024958
101	-0.036288
102	-0.006007
103	0.000439
104	0.019207
105	-0.007569
106	0.005141
107	-0.022559
108	0.000740
109	0.008515
110	0.016114
111	-0.012021
113	-0.003628
114	-0.012889
115	0.004387
116	0.016208
117	-0.019790
118	-0.026058
119	-0.006796
120	-0.006479
121	-0.001978
122	-0.008581
123	-0.012063
124	-0.035942
125	0.006149
126	-0.002105
127	0.000126
128	-0.005535
129	0.022862
130	-0.008960
131	0.015862
132	0.017099
133	-0.034792
134	-0.032974
135	0.021871
136	0.012618
137	0.022011
138	0.002688
139	-0.007691
140	0.004538
141	-0.015971
142	-0.001687
143	-0.025381
144	-0.005392
145	-0.001977
146	0.007779
147	0.019678
148	0.031858
149	-0.003022
150	-0.006443
151	-0.016584
152	-0.016654
153	-0.011920
154	-0.002886
155	0.010273
156	-0.011396
157	-0.010919
158	-0.002199
159	-0.016630
160	0.017070
161	0.012911
162	0.001532
163	-0.022780
164	-0.000207
165	0.009680
166	0.031325
167	-0.005290
168	-0.004269
169	-0.013201
170	-0.017007
171	0.010845
172	0.005020
173	0.001933
174	-0.013070
175	-0.037085
176	-0.007052
177	0.015959
178	0.014436
179	0.016632
180	0.032836
181	0.003685
182	-0.001092
183	0.013478
184	-0.003600
185	-0.001409
186	0.003434
187	-0.018953
188	0.005220
189	0.021739
190	0.006406
191	-0.004172
192	-0.004242
193	-0.028320
194	0.036006
195	0.008177
196	-0.018076
197	-0.002242
198	0.006869
199	0.030279
200	-0.014057
201	0.015409
202	0.016561
203	0.015012
204	0.003228
205	0.002358
206	0.019403
207	0.009172
208	-0.007907
209	0.014345
210	-0.003909
211	-0.008298
212	-0.023071
213	0.008789
214	0.016823
215	-0.022109
216	-0.006137
217	0.008857
218	0.013993
219	0.005110
220	-0.000989
221	0.021985
222	0.045725
223	0.004633
224	-0.011678
225	0.003549
226	0.003842
227	0.010832
228	-0.000547
229	-0.008914
230	-0.008345
231	-0.020423
232	-0.033244
233	-0.025070
234	0.014484
235	-0.020615
236	0.015054
237	-0.012485
238	-0.019137
239	-0.007903
240	0.008444
241	-0.002502
242	0.006834
243	-0.009127
244	0.008322
245	-0.001403
246	-0.002110
247	-0.014876
248	-0.002859
249	0.020231
250	-0.036066
251	0.019001
252	0.002478
253	0.007028
254	-0.033287
255	0.006328
256	0.007106
257	-0.014848
258	0.054830
259	0.000428
260	-0.025258
261	0.001763
263	0.003814
264	0.022652
265	-0.018735
266	-0.004008
267	0.003153
268	0.012740
269	-0.012968
270	0.017762
271	-0.001951
272	0.016506
273	-0.008632
274	0.022559
275	0.010100
276	0.004313
277	-0.012053
278	0.009448
279	-0.007487
280	-0.010356
281	0.013348
282	-0.006166
283	0.028188
284	-0.007247
285	-0.008449
286	-0.016664
287	-0.010814
288	-0.001425
289	-0.019762
290	0.014207
291	0.002253
292	0.012861
293	-0.033636
294	-0.005046
295	0.002152
296	0.014036
297	0.003936
298	0.033541
299	-0.011051
300	-0.003390
301	0.013146
302	0.033241
303	-0.002199
304	0.008331
305	-0.016226
306	0.006996
307	0.012765
308	-0.021476
309	0.055590
311	-0.013673
313	-0.011599
314	-0.007611
316	0.008384
317	0.002808
318	0.006859
319	-0.032167
320	0.015460
321	0.029692
322	-0.000559
323	-0.019518
324	0.016707
325	0.033584
327	-0.016156
328	-0.014247
330	0.015183
331	0.009486
332	-0.011241
334	-0.010834
337	0.047423
338	-0.003044
339	-0.000515
340	-0.030270
342	0.009191
344	0.003601
348	0.024353
351	0.008435
352	-0.043924
353	0.004832
354	-0.025631
355	-0.022186
356	0.004015
357	-0.005803
358	-0.003603
359	0.004530
360	-0.000352
361	0.013855
362	-0.024860
363	-0.011802
366	0.005619
367	0.027225
368	-0.004633
370	-0.008066
371	0.009763
372	0.034090
373	0.011727
374	-0.024182
375	-0.012199
376	0.002074
377	0.009492
378	0.016221
379	-0.009237
380	-0.017092
385	-0.002968
388	0.007724
390	0.005349
391	0.010211
392	0.001419
394	-0.002927
396	0.009162
397	0.004807
401	0.013332
402	0.013327
403	-0.004593
404	0.009407
