# 372 minima projected onto PC26
Min	PC
1	-0.805312
2	0.026750
3	-0.705604
4	-0.363427
5	0.028558
6	-0.411792
7	-0.893697
8	0.060038
9	0.349516
10	0.120502
11	1.074580
12	-0.079564
13	0.275957
14	0.222545
15	0.421133
16	-0.087848
17	-0.477501
18	-0.498198
19	-0.639431
20	-0.064239
21	0.261669
22	-0.006902
23	-0.231454
24	0.642098
25	-0.826494
26	-0.848527
27	-1.499805
28	-0.785324
29	-0.328297
30	-0.524841
31	-0.067919
32	-0.479122
33	-0.140315
34	0.752069
35	-0.359505
36	-0.091086
37	0.205861
38	-0.830654
39	0.494017
40	0.268673
41	0.444122
42	0.286334
43	0.813524
44	0.376357
45	0.253568
46	-0.696031
47	-0.600065
48	0.428717
49	-0.567528
50	-0.600114
51	0.850280
52	0.773700
53	0.085577
54	-0.774851
55	-0.184831
56	-0.104833
57	1.293360
58	-0.493250
59	-0.598314
60	0.385353
61	0.811910
62	0.131813
63	-0.853256
64	0.401234
65	0.176795
66	-0.379121
67	-1.023545
68	-0.111047
69	-0.336134
70	-0.307142
71	-0.107749
72	-0.165638
73	-0.468397
74	0.380411
75	-0.030686
76	-0.010255
77	0.264853
78	-0.582740
79	0.001001
80	-0.150283
81	-0.305047
82	0.129024
83	-0.273810
84	-0.582701
85	-0.363789
86	-0.289533
87	-0.087972
88	0.037331
89	0.043662
90	-0.277594
91	-0.080750
92	0.127394
93	-0.292540
94	-0.133069
95	0.098238
96	0.591009
97	-0.024845
98	0.524575
99	0.374903
100	0.510000
101	-0.190371
102	0.668675
103	-0.172194
104	-0.324720
105	-0.027822
106	-1.335876
107	-0.052246
108	-0.350648
109	0.451869
110	0.262887
111	-0.133659
113	-0.137471
114	0.071639
115	0.090004
116	0.247370
117	-0.581373
118	1.421192
119	-0.265244
120	-0.682921
121	-0.919133
122	-0.250020
123	1.422044
124	0.807976
125	-0.096828
126	0.104529
127	-0.388802
128	-0.649924
129	0.306353
130	-1.412754
131	0.289022
132	-0.291418
133	0.478399
134	0.183693
135	-0.075731
136	0.152545
137	1.326482
138	-0.224824
139	0.812017
140	0.015361
141	-0.134581
142	-0.251505
143	1.180765
144	-0.299343
145	0.510308
146	0.309808
147	0.829126
148	-0.413334
149	-0.196341
150	-0.387486
151	0.811701
152	0.239433
153	-0.619113
154	0.178710
155	0.606566
156	-0.759401
157	-0.795069
158	0.376523
159	0.594092
160	-0.022960
161	-0.105823
162	0.386414
163	0.013632
164	-0.074323
165	-0.642943
166	0.820940
167	0.111768
168	0.151316
169	0.108545
170	0.071862
171	-0.830369
172	-0.244911
173	-0.064207
174	0.983828
175	0.744493
176	0.774746
177	-0.212632
178	-0.002335
179	-0.083570
180	0.195726
181	0.278235
182	0.785171
183	-0.196542
184	0.118137
185	-0.713366
186	0.320324
187	1.041117
188	-0.181355
189	1.223286
190	0.185136
191	0.436878
192	0.206132
193	-0.206848
194	0.210700
195	0.053335
196	0.167720
197	0.636421
198	0.151156
199	-0.779666
200	-0.759063
201	0.143937
202	-0.660797
203	-0.145003
204	0.984523
205	0.668363
206	0.306833
207	-0.397302
208	0.499241
209	-0.283463
210	0.049919
211	0.093146
212	-0.157409
213	0.117465
214	-0.046090
215	0.151842
216	-0.258421
217	0.144811
218	0.039077
219	0.089172
220	0.211126
221	0.744979
222	0.498603
223	0.353802
224	0.245484
225	0.605384
226	-0.126277
227	0.648467
228	-0.208504
229	-0.194863
230	0.063516
231	0.120306
232	-0.919213
233	-0.686712
234	-0.918056
235	0.131291
236	0.835513
237	0.437370
238	0.072659
239	0.149423
240	0.139035
241	-0.268780
242	-0.461521
243	0.415229
244	0.075326
245	0.461640
246	-0.080743
247	-0.189435
248	-0.416296
249	-0.319063
250	0.371865
251	0.089642
252	0.548687
253	-0.276548
254	0.656484
255	0.312775
256	0.309753
257	-0.019751
258	-0.505247
259	0.203658
260	-0.139240
261	-0.613268
263	-0.126347
264	-0.548113
265	0.826309
266	-0.032466
267	0.432359
268	0.527702
269	-0.316623
270	-0.296464
271	0.058896
272	0.066445
273	-0.031444
274	0.183881
275	-0.194154
276	0.710577
277	-0.720419
278	-0.164750
279	-0.055842
280	-0.213285
281	0.044000
282	0.557250
283	0.477553
284	-0.399130
285	-0.562317
286	-0.645341
287	-0.247870
288	-0.191323
289	-0.702120
290	-0.301766
291	-0.230746
292	-0.151513
293	-0.117095
294	-0.362132
295	-0.745351
296	-0.639746
297	-0.262374
298	0.525004
299	-0.576279
300	0.085775
301	0.370424
302	-0.050705
303	-0.309422
304	-0.263861
305	-0.393038
306	0.283516
307	0.007703
308	0.117130
309	1.506537
311	-0.259191
313	-0.192923
314	-0.236071
316	0.257181
317	1.787442
318	-0.622554
319	0.245550
320	-0.382457
321	-0.342039
322	-0.348892
323	0.560249
324	-0.887197
325	-0.434686
327	0.890290
328	-0.191651
330	0.282594
331	0.308404
332	0.189090
334	-0.189474
337	-0.343467
338	-0.357981
339	0.092595
340	-0.183869
342	-0.075152
344	-0.805720
348	-0.685783
351	0.461789
352	-0.614353
353	0.479875
354	0.094529
355	-0.006395
356	0.296555
357	1.288864
358	1.240189
359	0.323594
360	-0.452925
361	-0.214405
362	-0.479855
363	-0.561907
366	-0.168533
367	-0.245077
368	-0.733769
370	-0.430096
371	0.151165
372	-0.212824
373	0.352157
374	0.304493
375	0.204003
376	0.431635
377	0.253643
378	-0.133183
379	-0.210310
380	-0.308389
385	-0.390193
388	1.948414
390	0.026480
391	-0.173090
392	0.348131
394	0.118624
396	-0.949867
397	-0.041443
401	-0.292366
402	-0.142528
403	0.035875
404	0.420100
