# 372 minima projected onto PC81
Min	PC
1	-0.000555
2	0.002166
3	-0.000571
4	0.005392
5	-0.001352
6	-0.001260
7	-0.003996
8	0.000906
9	0.001250
10	0.002508
11	0.000900
12	0.000911
13	0.002708
14	0.000887
15	0.000214
16	-0.000068
17	0.003343
18	0.002521
19	0.000950
20	-0.003216
21	-0.000792
22	-0.001246
23	-0.003555
24	0.003243
25	0.000686
26	-0.001826
27	-0.000017
28	0.000817
29	0.001450
30	-0.003691
31	0.000222
32	-0.002936
33	-0.001076
34	0.003045
35	0.000481
36	-0.001501
37	-0.001941
38	0.002672
39	0.002866
40	-0.006601
41	-0.001649
42	0.000179
43	-0.000715
44	0.003283
45	-0.000214
46	-0.000980
47	-0.002161
48	-0.005465
49	0.001577
50	0.001746
51	0.005963
52	0.000048
53	-0.001694
54	0.002535
55	-0.000404
56	-0.002987
57	0.004222
58	0.001767
59	0.001127
60	-0.003719
61	0.000822
62	0.002134
63	0.000042
64	-0.006482
65	-0.004215
66	0.001050
67	0.000802
68	0.003843
69	0.003529
70	0.004059
71	0.003483
72	-0.005047
73	-0.003638
74	-0.001244
75	-0.009878
76	0.000216
77	-0.001650
78	0.000746
79	-0.004966
80	-0.008815
81	0.003512
82	0.001669
83	0.001309
84	0.001311
85	-0.004303
86	-0.001971
87	0.003260
88	0.001664
89	-0.003466
90	-0.000830
91	-0.000218
92	0.001374
93	-0.002697
94	0.002334
95	-0.001921
96	0.011003
97	0.002663
98	0.000647
99	0.003653
100	0.003600
101	0.002855
102	0.001521
103	0.000432
104	0.002469
105	-0.000724
106	-0.003047
107	-0.001656
108	0.003466
109	-0.004701
110	0.000339
111	-0.002089
113	-0.000025
114	-0.002677
115	-0.006128
116	-0.004542
117	0.003971
118	0.002963
119	-0.001651
120	-0.001867
121	0.002602
122	-0.003570
123	-0.002163
124	0.000695
125	0.000418
126	-0.004587
127	0.003120
128	0.000657
129	-0.003752
130	-0.000133
131	0.004849
132	0.001149
133	0.004982
134	-0.005160
135	-0.004031
136	-0.004117
137	0.007510
138	-0.001164
139	0.006007
140	-0.000403
141	-0.002623
142	0.004439
143	0.001181
144	0.000707
145	-0.008808
146	0.005704
147	0.005654
148	0.001609
149	-0.004280
150	-0.005600
151	-0.009116
152	0.001956
153	0.000719
154	0.000825
155	-0.001249
156	-0.004854
157	0.001045
158	-0.004949
159	-0.003373
160	0.004633
161	0.000319
162	-0.003052
163	-0.008776
164	0.001861
165	0.002142
166	-0.005112
167	0.004461
168	-0.000551
169	0.000865
170	0.004520
171	-0.000280
172	0.005332
173	-0.002163
174	-0.002878
175	-0.004614
176	-0.000107
177	-0.001026
178	-0.001963
179	0.000982
180	0.004930
181	-0.007496
182	-0.003310
183	-0.001670
184	-0.002892
185	0.000482
186	0.004948
187	0.000841
188	0.001105
189	-0.002980
190	-0.008298
191	0.002932
192	0.005002
193	0.008332
194	0.010229
195	-0.000383
196	0.004344
197	0.001665
198	0.001250
199	-0.000921
200	0.003792
201	-0.008606
202	0.002763
203	-0.000229
204	-0.005132
205	0.001096
206	-0.000757
207	0.000725
208	0.003606
209	0.000137
210	-0.007144
211	0.000159
212	0.003725
213	-0.000062
214	-0.000153
215	0.000439
216	-0.005640
217	-0.003956
218	0.001641
219	-0.000041
220	0.004223
221	0.004442
222	-0.000059
223	0.008232
224	-0.001866
225	-0.000203
226	0.001643
227	-0.000464
228	0.001518
229	-0.004044
230	-0.000038
231	0.001927
232	0.007696
233	0.000501
234	0.001702
235	0.000787
236	-0.002449
237	0.002893
238	-0.002479
239	0.000740
240	0.004449
241	-0.008225
242	0.005128
243	-0.000168
244	-0.001802
245	-0.000509
246	-0.004926
247	0.001805
248	-0.002497
249	-0.000938
250	0.001714
251	0.002329
252	-0.002489
253	0.004423
254	0.002987
255	0.005356
256	-0.004668
257	0.000681
258	0.007103
259	-0.002838
260	-0.007497
261	0.001873
263	-0.002133
264	-0.005854
265	-0.001971
266	0.001184
267	0.002008
268	0.005906
269	-0.002624
270	-0.001895
271	0.002564
272	0.000321
273	-0.004624
274	-0.003614
275	-0.007176
276	-0.001111
277	-0.001630
278	0.001561
279	0.000495
280	-0.000568
281	0.000935
282	-0.000921
283	-0.001149
284	0.001386
285	0.003571
286	-0.001362
287	-0.000918
288	-0.003322
289	0.001050
290	0.002066
291	-0.000466
292	-0.002903
293	-0.003561
294	-0.004638
295	0.003470
296	-0.001849
297	0.000468
298	-0.000489
299	-0.000678
300	0.003576
301	0.001150
302	-0.001712
303	0.005448
304	-0.000834
305	0.003916
306	0.001652
307	-0.000330
308	-0.005891
309	0.004622
311	-0.001225
313	-0.002841
314	-0.000792
316	-0.005763
317	0.002655
318	0.007407
319	0.001094
320	0.005706
321	-0.001408
322	0.001312
323	-0.003200
324	0.002892
325	0.001956
327	0.002996
328	-0.004567
330	0.004123
331	0.001771
332	-0.007790
334	-0.000635
337	-0.006430
338	0.004850
339	-0.003482
340	-0.003834
342	0.004670
344	-0.002691
348	-0.004402
351	0.001558
352	0.005269
353	-0.008276
354	0.000280
355	-0.003972
356	-0.001803
357	-0.002823
358	-0.000028
359	-0.007439
360	0.000584
361	-0.000824
362	0.000859
363	-0.004339
366	0.000114
367	-0.003334
368	0.001970
370	0.006587
371	0.002438
372	0.004173
373	-0.011636
374	0.001990
375	-0.002708
376	-0.002981
377	0.006401
378	0.001640
379	0.003919
380	0.005502
385	0.006701
388	0.007339
390	0.004288
391	0.016218
392	-0.001102
394	0.001028
396	-0.000322
397	-0.004368
401	0.000552
402	-0.002012
403	-0.002048
404	0.005462
