# 372 minima projected onto PC56
Min	PC
1	-0.077440
2	0.002713
3	0.051098
4	0.029746
5	-0.040709
6	-0.030654
7	-0.004168
8	-0.035828
9	-0.010134
10	0.005020
11	-0.011399
12	-0.033073
13	-0.014484
14	-0.037008
15	0.051074
16	0.038710
17	0.030853
18	-0.016049
19	-0.003622
20	-0.006565
21	-0.019436
22	0.018384
23	0.007222
24	-0.040502
25	0.018611
26	-0.022480
27	-0.144370
28	0.022439
29	0.015045
30	-0.036836
31	0.003762
32	0.010448
33	0.031995
34	0.002008
35	-0.027542
36	0.018430
37	-0.041426
38	0.016846
39	0.019925
40	-0.046580
41	-0.054590
42	-0.055823
43	0.039741
44	0.013624
45	-0.023801
46	0.055357
47	-0.029062
48	0.000129
49	-0.037330
50	-0.005212
51	-0.027635
52	-0.035842
53	-0.008929
54	-0.013982
55	0.001050
56	-0.011755
57	0.003210
58	-0.004988
59	0.004663
60	0.017084
61	0.017357
62	-0.007490
63	0.005392
64	-0.040369
65	-0.052615
66	0.002308
67	-0.033243
68	-0.009670
69	0.042585
70	-0.023730
71	0.000287
72	-0.011494
73	-0.014498
74	-0.002766
75	0.017070
76	0.039637
77	0.005927
78	0.011733
79	0.023683
80	0.007861
81	0.057954
82	-0.026730
83	-0.026147
84	0.005671
85	0.006870
86	0.016125
87	-0.039946
88	0.019818
89	0.009784
90	0.028207
91	-0.003490
92	-0.003163
93	-0.026720
94	0.008566
95	-0.000612
96	-0.039434
97	0.042053
98	-0.050349
99	0.034369
100	0.019570
101	-0.100100
102	-0.009842
103	0.009495
104	0.005287
105	0.038070
106	-0.042890
107	-0.046583
108	0.037643
109	-0.021692
110	0.005963
111	-0.027269
113	-0.000972
114	-0.004385
115	0.002897
116	0.022947
117	-0.028407
118	0.009958
119	-0.006497
120	0.075687
121	-0.036810
122	-0.032438
123	-0.000858
124	0.015842
125	-0.000238
126	-0.005928
127	-0.079027
128	0.046882
129	0.032975
130	-0.065200
131	0.018945
132	0.000147
133	-0.022626
134	0.001928
135	0.007004
136	0.021184
137	-0.012435
138	0.027029
139	-0.061501
140	-0.014724
141	-0.007833
142	0.010819
143	0.010872
144	-0.021551
145	0.019380
146	0.029450
147	-0.111245
148	-0.000944
149	0.003121
150	0.034434
151	-0.013195
152	0.038846
153	-0.005044
154	0.062268
155	-0.061183
156	-0.003748
157	-0.019928
158	0.048627
159	-0.027928
160	0.018441
161	0.028037
162	0.000620
163	0.029853
164	0.041443
165	0.030987
166	0.021589
167	-0.055660
168	0.021809
169	0.057909
170	0.000573
171	0.106894
172	0.030261
173	0.024240
174	-0.008718
175	-0.028714
176	-0.056840
177	0.021683
178	0.065370
179	-0.001306
180	-0.050269
181	-0.050040
182	-0.041932
183	-0.050898
184	-0.019558
185	-0.002507
186	0.018747
187	0.008277
188	-0.017076
189	-0.019141
190	-0.029516
191	0.022922
192	0.003837
193	0.106779
194	-0.084984
195	0.006053
196	0.012078
197	-0.027049
198	-0.033260
199	0.010832
200	0.017050
201	0.014353
202	0.024330
203	0.049990
204	-0.000319
205	-0.026111
206	-0.088601
207	0.202284
208	0.036733
209	0.024949
210	0.004240
211	-0.004859
212	-0.009970
213	-0.054447
214	-0.006244
215	-0.062479
216	0.001491
217	-0.038388
218	-0.041152
219	0.025912
220	-0.039837
221	0.038986
222	0.068910
223	0.048157
224	-0.007796
225	0.016913
226	0.033874
227	0.004837
228	0.014716
229	0.041716
230	0.018164
231	0.033017
232	0.025699
233	-0.005336
234	0.010821
235	0.001073
236	0.061665
237	-0.015982
238	0.000032
239	0.028360
240	0.041191
241	-0.010002
242	0.016924
243	0.009340
244	-0.037266
245	0.038347
246	0.028401
247	-0.014774
248	0.024462
249	-0.035756
250	0.035745
251	0.094631
252	0.021913
253	-0.023648
254	-0.002401
255	-0.003378
256	0.015679
257	0.016409
258	-0.031059
259	0.011509
260	-0.013988
261	-0.030722
263	0.033356
264	0.002135
265	-0.002091
266	-0.016577
267	-0.004125
268	-0.012205
269	0.022230
270	-0.014556
271	-0.059119
272	-0.010169
273	-0.025714
274	-0.013849
275	0.013175
276	-0.003158
277	0.000815
278	-0.022188
279	-0.019559
280	-0.036547
281	0.017946
282	0.006331
283	0.012732
284	-0.102280
285	-0.047797
286	-0.009508
287	-0.012523
288	0.012508
289	0.034482
290	0.021916
291	0.041130
292	-0.003768
293	-0.013201
294	-0.029490
295	0.008814
296	0.048677
297	-0.042953
298	-0.065249
299	-0.009763
300	0.024891
301	0.019451
302	-0.089238
303	0.016825
304	0.021920
305	0.016385
306	0.046153
307	0.047436
308	0.059797
309	-0.099444
311	-0.008028
313	0.008463
314	-0.008967
316	0.035066
317	-0.039757
318	-0.005003
319	0.035860
320	0.038517
321	0.008446
322	0.059897
323	0.001866
324	-0.035879
325	0.002962
327	0.065249
328	0.045898
330	0.001591
331	0.001681
332	-0.018788
334	-0.035520
337	0.007156
338	-0.052293
339	-0.042549
340	0.023544
342	-0.047043
344	0.054676
348	-0.019210
351	-0.057439
352	-0.004141
353	-0.027659
354	-0.017428
355	0.034686
356	0.019690
357	-0.027755
358	0.019826
359	-0.018257
360	0.038766
361	-0.019185
362	-0.035400
363	-0.047040
366	0.020130
367	0.069217
368	-0.108615
370	0.060887
371	-0.057282
372	0.011813
373	-0.023539
374	-0.038595
375	-0.078395
376	0.012584
377	0.052798
378	0.033387
379	-0.036427
380	-0.050166
385	0.007947
388	0.122385
390	0.078362
391	-0.117579
392	0.034447
394	0.035317
396	0.065555
397	0.005720
401	0.018509
402	-0.009856
403	0.016193
404	0.189614
