# 372 minima projected onto PC34
Min	PC
1	0.116620
2	0.187542
3	0.003562
4	-0.118758
5	0.134801
6	0.181613
7	-0.058824
8	0.055378
9	-0.002974
10	-0.046836
11	0.027442
12	-0.003172
13	-0.028438
14	0.149345
15	0.307380
16	-0.124018
17	0.028831
18	0.022868
19	0.165489
20	-0.199309
21	0.154040
22	-0.156402
23	-0.059883
24	0.107844
25	-0.188625
26	-0.124763
27	-0.224000
28	0.006797
29	-0.094570
30	0.217192
31	-0.063377
32	-0.062105
33	0.186652
34	0.299976
35	0.045217
36	-0.102499
37	0.233881
38	-0.030976
39	-0.106779
40	0.170581
41	0.152100
42	0.015140
43	0.135873
44	0.011098
45	0.117802
46	-0.051628
47	-0.053844
48	-0.102335
49	0.029328
50	0.080103
51	-0.069234
52	-0.086511
53	-0.211784
54	0.232811
55	-0.072837
56	0.238221
57	0.033896
58	0.009552
59	-0.157741
60	0.240465
61	0.327479
62	0.111416
63	-0.073731
64	-0.134663
65	-0.062507
66	-0.188618
67	0.087714
68	0.178395
69	-0.086579
70	0.176419
71	0.060594
72	0.050280
73	0.023913
74	0.032323
75	-0.031932
76	0.110376
77	0.097392
78	0.392247
79	-0.078783
80	-0.055993
81	-0.044739
82	-0.001246
83	-0.125446
84	0.207655
85	0.027551
86	0.134139
87	-0.200745
88	0.201842
89	0.189215
90	0.058403
91	-0.063437
92	-0.438464
93	0.142262
94	-0.025880
95	-0.190333
96	0.686752
97	0.324584
98	0.034931
99	0.154196
100	-0.133698
101	-0.054308
102	-0.138651
103	0.094212
104	-0.231305
105	0.105372
106	-0.185266
107	0.083906
108	-0.008390
109	-0.148190
110	0.005428
111	-0.715079
113	-0.109957
114	-0.018138
115	-0.226206
116	0.315632
117	-0.055884
118	0.167045
119	-0.520123
120	-0.017926
121	-0.114133
122	-0.084572
123	0.270037
124	0.341933
125	0.021145
126	-0.117026
127	-0.480960
128	-0.241900
129	0.464376
130	-0.338297
131	0.006366
132	-0.111324
133	0.056569
134	0.080698
135	0.143054
136	-0.047042
137	0.365153
138	-0.063153
139	0.132614
140	-0.085599
141	0.080419
142	0.350603
143	-0.382846
144	0.207636
145	0.035175
146	-0.122929
147	0.648150
148	0.226639
149	-0.317798
150	-0.480447
151	0.330877
152	0.101841
153	-0.027068
154	0.132471
155	-0.121401
156	0.198370
157	0.235636
158	0.027585
159	-0.038136
160	-0.132075
161	0.052539
162	0.032633
163	0.347796
164	0.302202
165	0.080563
166	0.536511
167	-0.198298
168	0.473249
169	0.294300
170	0.339322
171	-0.033637
172	0.050131
173	-0.003921
174	0.111305
175	-0.013743
176	-0.398515
177	-0.474435
178	-0.272516
179	-0.056158
180	-0.110544
181	-0.073084
182	-0.007722
183	0.048778
184	0.325279
185	0.138677
186	0.098417
187	-0.304521
188	-0.023011
189	-0.259505
190	0.434628
191	0.168774
192	-0.037970
193	-0.045871
194	0.166520
195	0.235667
196	-1.540677
197	0.441448
198	-1.545357
199	0.341339
200	-0.447148
201	0.071373
202	0.115653
203	0.227491
204	-0.148241
205	-0.281604
206	0.175403
207	0.231287
208	-0.422763
209	0.393090
210	-0.011293
211	0.057150
212	0.198625
213	0.208953
214	-1.529223
215	0.217311
216	0.081005
217	-1.271672
218	-0.734904
219	-0.212389
220	0.102893
221	-1.494110
222	0.642712
223	-0.256737
224	0.138101
225	0.579758
226	0.343029
227	-0.119125
228	0.173660
229	0.005775
230	0.250146
231	0.357635
232	0.145485
233	0.080647
234	0.099772
235	0.302509
236	0.161805
237	0.018238
238	-0.003330
239	-0.104222
240	-0.065116
241	-0.138388
242	-0.198178
243	0.036438
244	-0.150523
245	0.053515
246	0.073881
247	-0.026256
248	-0.035214
249	0.299363
250	-0.006072
251	-0.016014
252	-0.018482
253	0.187187
254	0.134679
255	-0.032298
256	0.013197
257	-0.052595
258	-0.149705
259	-0.141783
260	-0.183135
261	-0.023598
263	-0.020561
264	0.047609
265	-0.127759
266	-0.081374
267	-0.150945
268	-0.157845
269	-0.305578
270	0.222586
271	-0.470922
272	0.438278
273	-0.347798
274	-0.032690
275	-0.541702
276	0.027784
277	-0.480318
278	0.228059
279	-0.663017
280	-0.250046
281	-0.109229
282	0.019684
283	0.477443
284	0.297339
285	-0.415399
286	-0.440477
287	-0.077717
288	0.042353
289	-0.271696
290	0.472299
291	-0.183360
292	0.110604
293	-0.108548
294	0.139289
295	0.204464
296	0.160489
297	-0.102140
298	-0.437647
299	-0.154511
300	0.477384
301	-0.113082
302	-0.035855
303	1.790034
304	0.331294
305	0.152200
306	0.222034
307	-0.103812
308	0.082237
309	0.119432
311	-0.162703
313	-0.049340
314	-0.146351
316	0.003756
317	-0.464129
318	0.015270
319	0.026190
320	0.052553
321	0.881565
322	-0.190640
323	-0.200602
324	-0.080170
325	0.952591
327	-0.170154
328	0.165731
330	-0.140624
331	-0.014195
332	0.091249
334	-0.163946
337	-0.106197
338	0.100952
339	0.291341
340	-0.011446
342	-0.121712
344	-0.273744
348	0.079573
351	-0.198312
352	0.309267
353	0.027194
354	0.171316
355	-0.088096
356	-0.313237
357	0.004700
358	-0.303934
359	-0.019557
360	1.014847
361	-0.321581
362	0.003146
363	-0.181664
366	-0.025691
367	-0.137605
368	-0.260683
370	0.152600
371	0.224071
372	0.065034
373	0.026087
374	0.597356
375	0.445695
376	0.116941
377	-0.238654
378	-0.417961
379	0.486944
380	0.539211
385	0.002220
388	-0.010522
390	0.042178
391	-0.728352
392	0.290560
394	-0.107369
396	-0.037451
397	-0.091062
401	0.161202
402	0.010369
403	-0.114066
404	-1.726395
