# 372 minima projected onto PC38
Min	PC
1	-0.185620
2	0.016755
3	-0.125418
4	-0.062489
5	-0.057982
6	-0.218087
7	-0.079883
8	-0.225576
9	0.131007
10	-0.141974
11	0.063916
12	-0.223702
13	0.088295
14	-0.035565
15	0.094115
16	0.231430
17	0.008286
18	0.176335
19	0.253639
20	0.077901
21	0.253218
22	-0.086888
23	0.020281
24	0.020803
25	0.156489
26	-0.189217
27	0.116655
28	-0.079980
29	0.027601
30	-0.083013
31	0.015949
32	0.034596
33	0.090628
34	0.181003
35	0.308350
36	0.202494
37	-0.080062
38	0.383068
39	-0.019426
40	-0.326217
41	-0.076243
42	-0.251646
43	-0.018505
44	0.022021
45	-0.164027
46	0.109503
47	-0.197286
48	0.023145
49	0.120175
50	0.067120
51	0.041120
52	0.117987
53	0.372890
54	0.315118
55	0.066948
56	0.258287
57	-0.062964
58	0.066779
59	-0.039356
60	0.087866
61	0.230546
62	-0.071226
63	0.143665
64	0.025392
65	0.452991
66	0.270705
67	0.062472
68	-0.091092
69	0.159289
70	0.001689
71	0.016152
72	0.083776
73	-0.010436
74	0.107584
75	-0.000652
76	0.004788
77	-0.128085
78	-0.226980
79	0.031620
80	-0.231516
81	-0.213729
82	0.248519
83	0.172520
84	0.056121
85	-0.135442
86	0.163149
87	0.022630
88	-0.177825
89	-0.002658
90	0.323293
91	0.015621
92	0.059932
93	-0.023984
94	0.006477
95	-0.233131
96	0.267880
97	-0.047505
98	0.348802
99	0.258144
100	0.296685
101	0.065489
102	-0.098482
103	-0.053392
104	-0.103952
105	0.141506
106	0.028643
107	0.238232
108	0.162190
109	0.055475
110	-0.234764
111	0.117416
113	0.104966
114	0.024491
115	0.113756
116	-0.041352
117	0.117446
118	-0.337046
119	0.078199
120	-0.136295
121	-0.216666
122	-0.300915
123	0.486179
124	0.236276
125	-0.070967
126	0.278724
127	-0.260000
128	0.064452
129	0.136765
130	0.787560
131	0.010091
132	-0.049315
133	-0.214712
134	-0.191213
135	-0.136118
136	0.164039
137	-0.020105
138	-0.092734
139	-0.439100
140	0.059390
141	-0.180860
142	-0.118902
143	-0.111756
144	-0.108686
145	0.268031
146	-0.063205
147	-0.015086
148	0.106467
149	0.015987
150	-0.162000
151	0.061865
152	0.111574
153	0.191485
154	-0.187616
155	-0.068885
156	-0.093588
157	-0.072758
158	-0.181114
159	-0.035450
160	0.165641
161	0.024560
162	-0.059156
163	-0.025336
164	0.084238
165	0.240901
166	-0.118336
167	0.259480
168	0.054143
169	-0.107727
170	0.007597
171	0.068748
172	-0.004817
173	0.047912
174	-0.261193
175	0.082305
176	-0.069450
177	0.131699
178	0.219776
179	-0.287174
180	-0.216113
181	0.044061
182	0.079290
183	-0.118950
184	-0.002427
185	-0.057883
186	0.091053
187	0.124355
188	0.384415
189	-0.244661
190	-0.046198
191	0.206968
192	0.185860
193	0.207395
194	-0.374813
195	-0.321601
196	-0.148761
197	-0.100615
198	-0.063441
199	-0.056212
200	-0.325320
201	-0.393683
202	-0.143648
203	-0.061345
204	-0.353152
205	-0.093112
206	-0.328212
207	-0.458696
208	0.115055
209	-0.314144
210	-0.217505
211	-0.043653
212	0.004149
213	0.622258
214	0.361917
215	0.078834
216	-0.207018
217	0.242035
218	-1.296291
219	0.215432
220	0.339290
221	-0.070339
222	-0.143986
223	0.090871
224	-0.164976
225	-0.155481
226	-0.313187
227	0.515736
228	0.036497
229	-0.077948
230	0.229903
231	0.224177
232	-0.255966
233	0.114468
234	-0.060337
235	0.094138
236	-0.421346
237	0.113333
238	-0.000235
239	-0.077693
240	-0.080357
241	0.090079
242	-0.258300
243	0.035825
244	0.228153
245	0.114850
246	-0.072361
247	-0.080390
248	0.056873
249	0.052834
250	0.124387
251	-0.159563
252	-0.191643
253	-0.089268
254	0.208455
255	-0.167260
256	0.168803
257	-0.009278
258	0.149304
259	-0.218223
260	-0.023417
261	0.079686
263	0.144163
264	0.339726
265	0.019095
266	-0.079496
267	0.224077
268	0.263472
269	0.097876
270	0.157230
271	-0.014680
272	0.040096
273	0.130045
274	0.243224
275	-0.216070
276	-0.029934
277	-0.033453
278	0.165985
279	0.050924
280	-0.241902
281	0.122763
282	-0.052790
283	0.385963
284	-0.098132
285	-0.457873
286	-0.635305
287	-0.097334
288	-0.266223
289	0.073973
290	-0.065301
291	0.233121
292	-0.043987
293	-0.174772
294	-0.289565
295	-0.213206
296	-0.145251
297	-0.104796
298	0.169633
299	-0.248258
300	0.000942
301	-0.106059
302	0.105103
303	-0.045472
304	1.190052
305	0.240283
306	-0.302609
307	-0.128481
308	-0.184536
309	-0.414546
311	0.468208
313	0.201807
314	0.210752
316	0.072768
317	0.158555
318	0.219027
319	-0.341518
320	-0.295665
321	0.524289
322	0.162014
323	-0.314266
324	0.276336
325	0.743926
327	0.198697
328	-0.022346
330	0.041874
331	-0.098998
332	-0.309192
334	0.208470
337	-0.244578
338	-0.315838
339	-0.021690
340	-0.089575
342	0.302946
344	-0.058869
348	-0.019894
351	-0.302325
352	-0.040430
353	0.017877
354	-0.155658
355	-0.078319
356	0.347009
357	-0.023890
358	-0.071804
359	0.434866
360	-0.462853
361	1.384615
362	-0.100091
363	-0.245339
366	0.396876
367	-0.158810
368	-0.620230
370	-0.048864
371	-0.071479
372	-0.408398
373	-0.003205
374	0.089126
375	0.103011
376	-0.186868
377	-0.138467
378	0.138565
379	-0.451105
380	-0.371884
385	-0.072155
388	0.084897
390	0.052901
391	0.046796
392	-0.106908
394	-0.415247
396	-0.384641
397	0.092414
401	-0.685243
402	-0.154531
403	0.144212
404	-0.001396
