# 372 minima projected onto PC2
Min	PC
1	0.981365
2	0.454125
3	-0.789977
4	0.927359
5	-1.282041
6	-1.905577
7	-1.200429
8	-1.306316
9	-0.465786
10	-2.479280
11	-0.672684
12	1.707089
13	1.045950
14	-1.100192
15	-1.850172
16	-1.463458
17	0.148416
18	0.504560
19	0.910037
20	0.927887
21	0.732411
22	-1.360526
23	-1.327985
24	-3.460492
25	1.220503
26	2.090474
27	0.448970
28	2.402202
29	-2.120556
30	-2.163221
31	0.175620
32	0.589689
33	-2.827496
34	2.168032
35	0.093611
36	0.502828
37	-3.514712
38	-0.885943
39	-0.416003
40	-3.174337
41	-2.356740
42	0.092211
43	2.060424
44	1.758765
45	-1.889047
46	-1.416226
47	0.879837
48	0.503615
49	-1.098289
50	-1.836733
51	-2.867958
52	-2.903943
53	-0.987448
54	-1.775860
55	-0.169767
56	-1.631206
57	-0.238833
58	-1.846034
59	-2.258410
60	-2.272726
61	-2.483678
62	0.161534
63	-2.577822
64	5.094591
65	-0.284981
66	-0.556740
67	0.329025
68	0.325551
69	-0.411998
70	-0.087647
71	-0.028914
72	1.090385
73	1.258015
74	1.275368
75	2.267243
76	-3.726458
77	-2.579845
78	4.098672
79	-0.489516
80	0.299732
81	1.172307
82	-2.587424
83	0.446836
84	3.126890
85	-2.425040
86	-1.669609
87	-1.402522
88	-3.059387
89	2.954007
90	1.613412
91	1.123052
92	3.136991
93	2.715794
94	4.374871
95	6.075552
96	4.989645
97	3.036234
98	1.095861
99	-0.353081
100	-0.318362
101	1.114690
102	2.718138
103	-0.698658
104	-0.940876
105	3.052503
106	-0.166658
107	-1.138244
108	-2.394210
109	-1.046150
110	-3.199826
111	0.458683
113	1.264027
114	1.595631
115	0.066003
116	2.697780
117	-3.405503
118	0.577203
119	0.917742
120	0.137105
121	1.138125
122	1.285440
123	3.242512
124	5.168308
125	-0.398516
126	-0.020253
127	-2.294646
128	2.764243
129	-3.736652
130	-4.133931
131	-4.168796
132	1.007498
133	-0.233610
134	-3.910438
135	-3.834675
136	-2.617789
137	-1.038634
138	-1.827391
139	-0.833624
140	0.851199
141	-1.212817
142	1.980206
143	-2.142081
144	-4.651480
145	3.226450
146	3.043206
147	0.824722
148	1.265256
149	-0.188093
150	-0.396853
151	-1.663724
152	-7.163189
153	-1.234401
154	-7.253952
155	0.796385
156	-2.759179
157	-2.821810
158	1.308229
159	3.504914
160	0.640193
161	2.488075
162	1.286121
163	2.542669
164	0.329190
165	1.364808
166	1.307549
167	-1.015350
168	3.931935
169	3.891973
170	0.815394
171	-6.828598
172	-1.922708
173	-1.518445
174	-5.275214
175	-5.298979
176	5.460974
177	1.802966
178	3.166691
179	4.789341
180	5.016397
181	4.367340
182	4.899550
183	4.877179
184	4.353397
185	-2.019407
186	1.211720
187	-1.699643
188	2.604705
189	-0.701534
190	-3.465070
191	-3.794573
192	-1.914757
193	-0.858865
194	-4.171833
195	3.268129
196	3.893912
197	4.587644
198	-1.717734
199	-2.173539
200	3.963980
201	-2.200416
202	-1.891184
203	-2.017314
204	-2.736312
205	-1.461275
206	-4.263673
207	-2.217846
208	-2.153049
209	-0.384994
210	-2.585831
211	-2.359859
212	-1.379115
213	0.169584
214	-0.994136
215	4.866391
216	5.084928
217	0.580851
218	2.267910
219	0.665169
220	2.389420
221	-1.633164
222	-2.254154
223	2.893099
224	3.187771
225	3.807163
226	4.271890
227	-1.958057
228	4.138202
229	3.834015
230	2.957143
231	-5.551106
232	7.769181
233	1.053637
234	7.893049
235	-4.326055
236	2.506872
237	-1.670637
238	-3.617985
239	6.191604
240	5.089434
241	-1.142550
242	6.120165
243	3.367532
244	-0.440863
245	-1.548466
246	-3.356858
247	2.687550
248	3.892110
249	-0.039422
250	-5.184101
251	-3.312652
252	-4.679624
253	-5.545183
254	-6.997931
255	-4.814582
256	-7.491484
257	0.062457
258	-1.123012
259	4.399609
260	1.473882
261	-1.472060
263	0.632657
264	4.277818
265	3.402109
266	3.008466
267	-2.709504
268	-4.775100
269	-4.365872
270	-5.580651
271	-3.250140
272	-7.132645
273	-6.270967
274	-4.356628
275	-1.989452
276	1.630492
277	3.629960
278	6.258021
279	1.020566
280	4.994814
281	3.483065
282	-2.121338
283	4.233240
284	4.712803
285	2.068979
286	1.502681
287	-0.201704
288	3.412231
289	5.794100
290	1.682200
291	3.779137
292	7.285438
293	1.642042
294	0.175243
295	2.846065
296	1.553562
297	2.450382
298	-4.089672
299	5.001178
300	4.169397
301	4.577551
302	6.491421
303	4.018899
304	3.143933
305	3.190459
306	2.563563
307	-4.083801
308	-5.921094
309	-4.077334
311	-1.557309
313	-1.348317
314	-2.036247
316	-4.012918
317	-2.738324
318	-0.066082
319	-4.851855
320	-8.131441
321	3.859608
322	2.646667
323	-4.375078
324	-7.581957
325	-0.414136
327	0.534688
328	0.798976
330	5.648519
331	1.176752
332	-3.466032
334	-2.592648
337	-3.830671
338	-4.982028
339	-3.196258
340	-2.533496
342	-2.441409
344	-6.615281
348	0.336311
351	4.689590
352	-1.161353
353	5.001150
354	7.355043
355	7.220889
356	5.388345
357	5.841282
358	6.872465
359	4.256718
360	-4.190282
361	-5.343984
362	-4.545576
363	-4.943820
366	1.437126
367	1.644721
368	-3.967242
370	1.571205
371	-2.367612
372	-2.353183
373	2.049591
374	2.955457
375	-2.237900
376	-3.432101
377	-3.104707
378	-1.940391
379	-4.356522
380	-3.839177
385	-7.408650
388	-0.494467
390	3.854196
391	5.014823
392	-1.249428
394	0.215591
396	-0.025066
397	3.140264
401	1.385557
402	-3.201837
403	1.041461
404	0.482316
