# 372 minima projected onto PC57
Min	PC
1	-0.055439
2	0.013841
3	-0.052211
4	0.017695
5	-0.019694
6	0.017317
7	0.046754
8	0.019626
9	-0.003702
10	-0.034157
11	0.023812
12	0.005332
13	0.038450
14	0.035085
15	-0.020497
16	0.016620
17	0.045637
18	0.001498
19	0.057382
20	0.039608
21	-0.004935
22	0.003822
23	-0.005286
24	-0.057008
25	0.036015
26	-0.047316
27	-0.024161
28	0.017025
29	0.015119
30	0.005157
31	0.026957
32	-0.056884
33	-0.010904
34	-0.043721
35	-0.013069
36	0.042329
37	-0.040322
38	0.002938
39	0.018920
40	0.017092
41	0.015356
42	0.004672
43	-0.021155
44	0.010425
45	-0.008084
46	-0.017965
47	0.016799
48	0.043716
49	-0.002535
50	0.027305
51	-0.006425
52	0.043416
53	0.023319
54	-0.034745
55	-0.042819
56	0.026869
57	0.038938
58	-0.037736
59	-0.018918
60	-0.023567
61	-0.025955
62	-0.036811
63	-0.021602
64	0.067210
65	-0.053276
66	-0.004726
67	-0.049590
68	0.020805
69	0.042749
70	-0.032403
71	-0.034357
72	-0.047722
73	-0.012652
74	0.002001
75	-0.029292
76	-0.023967
77	-0.019705
78	-0.013539
79	-0.021607
80	-0.019860
81	-0.053981
82	-0.029053
83	-0.062437
84	0.036418
85	-0.000242
86	-0.038502
87	-0.018136
88	-0.022187
89	-0.035408
90	0.000343
91	-0.024172
92	0.006219
93	0.022108
94	0.001250
95	-0.015244
96	0.048209
97	-0.028862
98	0.017018
99	-0.015583
100	0.068203
101	0.012729
102	-0.011259
103	0.001554
104	0.024373
105	-0.013798
106	0.016444
107	-0.054083
108	-0.000365
109	0.034871
110	0.027787
111	0.032169
113	-0.000953
114	0.058387
115	-0.019693
116	-0.004757
117	0.028653
118	0.036101
119	0.025950
120	-0.057972
121	-0.015305
122	0.022177
123	0.012646
124	0.117275
125	-0.034086
126	0.018060
127	0.061768
128	0.018439
129	-0.027161
130	-0.082746
131	-0.052029
132	-0.027928
133	-0.062306
134	-0.047238
135	0.046270
136	0.003776
137	0.005305
138	0.028675
139	0.001331
140	0.046626
141	-0.012979
142	0.042203
143	0.028057
144	0.012689
145	-0.004284
146	-0.007145
147	-0.079928
148	0.004544
149	0.004021
150	0.045214
151	0.000769
152	0.037733
153	0.037822
154	0.096659
155	0.005959
156	0.029289
157	-0.033386
158	-0.039462
159	0.047807
160	0.033944
161	-0.015602
162	-0.032717
163	0.074835
164	-0.000226
165	-0.036690
166	0.040026
167	0.060778
168	-0.060458
169	-0.021178
170	0.038855
171	0.093643
172	-0.050282
173	0.041183
174	0.041328
175	0.022625
176	0.011450
177	-0.041532
178	-0.019742
179	0.046666
180	-0.037611
181	-0.002671
182	-0.010295
183	0.045652
184	0.012149
185	0.019743
186	-0.010656
187	0.099061
188	-0.022020
189	0.047305
190	-0.012556
191	-0.042423
192	-0.006596
193	-0.043762
194	0.019601
195	0.011844
196	-0.048951
197	-0.015369
198	-0.013438
199	-0.005604
200	0.032957
201	0.050324
202	0.057232
203	0.046473
204	-0.066445
205	-0.038863
206	0.000477
207	-0.084697
208	0.089213
209	0.015094
210	-0.010023
211	0.019659
212	0.094475
213	-0.011627
214	-0.039394
215	0.001894
216	0.005163
217	-0.039782
218	0.013337
219	-0.044426
220	0.064346
221	0.037476
222	-0.019538
223	-0.034725
224	-0.052433
225	0.029742
226	-0.002990
227	0.059612
228	-0.050102
229	0.028527
230	0.025000
231	-0.007541
232	-0.019643
233	-0.044447
234	-0.045767
235	-0.031309
236	-0.008620
237	0.019697
238	-0.005690
239	-0.006156
240	0.007544
241	0.004313
242	0.035890
243	0.032797
244	-0.055418
245	-0.022659
246	-0.044411
247	0.040893
248	-0.009471
249	0.079838
250	-0.018062
251	-0.028322
252	0.108253
253	0.112097
254	-0.054571
255	0.083088
256	-0.027913
257	-0.011844
258	0.084252
259	-0.025906
260	-0.017120
261	0.026872
263	0.020455
264	-0.052297
265	0.042506
266	0.063899
267	-0.016941
268	-0.016502
269	-0.019709
270	-0.013425
271	0.063745
272	-0.035456
273	-0.024694
274	-0.028354
275	-0.037256
276	-0.007340
277	-0.004042
278	0.051791
279	0.014139
280	-0.030966
281	0.086841
282	0.021317
283	0.057479
284	-0.050246
285	-0.038290
286	-0.017630
287	0.011648
288	0.025564
289	0.003580
290	-0.009994
291	0.008456
292	-0.033731
293	-0.014108
294	-0.002697
295	-0.049263
296	0.069932
297	0.001086
298	0.000536
299	-0.035199
300	-0.034337
301	0.000299
302	-0.039907
303	-0.003786
304	-0.000306
305	-0.010244
306	0.034163
307	0.003867
308	-0.000662
309	-0.039967
311	-0.003573
313	-0.026644
314	0.015425
316	-0.046857
317	-0.084761
318	0.013079
319	-0.007741
320	-0.029123
321	-0.057339
322	0.004872
323	0.004397
324	0.034101
325	0.002816
327	-0.111156
328	0.063067
330	-0.012986
331	0.004081
332	-0.007527
334	0.008099
337	0.023077
338	0.025250
339	-0.010377
340	-0.068526
342	-0.069725
344	0.019689
348	-0.051722
351	-0.010421
352	0.036533
353	-0.050456
354	0.020883
355	0.032444
356	-0.003819
357	-0.068527
358	-0.046405
359	0.030147
360	-0.039147
361	0.060729
362	-0.026733
363	0.011615
366	0.033088
367	0.064118
368	-0.047831
370	0.057743
371	-0.061788
372	0.040089
373	0.046310
374	-0.042806
375	-0.049197
376	0.023503
377	-0.011753
378	0.042623
379	-0.037778
380	-0.064782
385	-0.033789
388	-0.049581
390	-0.051574
391	0.042171
392	0.021071
394	0.023543
396	0.059680
397	-0.002323
401	0.046739
402	-0.045469
403	0.043391
404	-0.111541
