# 372 minima projected onto PC63
Min	PC
1	0.020904
2	-0.000859
3	-0.012265
4	0.009809
5	0.002760
6	-0.006390
7	-0.010156
8	-0.008585
9	-0.009618
10	-0.002163
11	-0.004579
12	0.003275
13	-0.005078
14	0.004140
15	0.010685
16	0.017933
17	-0.004520
18	-0.003211
19	0.016052
20	-0.008600
21	0.030509
22	-0.001524
23	-0.013432
24	-0.012282
25	-0.015753
26	0.003482
27	-0.009294
28	-0.002975
29	-0.000672
30	0.000916
31	0.007589
32	-0.007748
33	-0.021828
34	0.007845
35	-0.010749
36	-0.009547
37	-0.012576
38	0.005512
39	-0.005197
40	0.005551
41	0.014728
42	0.014438
43	0.020343
44	-0.007904
45	-0.008645
46	-0.014027
47	-0.005082
48	-0.009458
49	-0.021768
50	-0.021277
51	0.000658
52	-0.002404
53	-0.028319
54	-0.006876
55	-0.006609
56	-0.011804
57	-0.005084
58	-0.002360
59	-0.020419
60	0.009480
61	0.002231
62	-0.003459
63	-0.014973
64	-0.005368
65	-0.006682
66	-0.019633
67	0.003329
68	-0.000238
69	0.010389
70	-0.019202
71	-0.010628
72	-0.010429
73	-0.004862
74	0.014364
75	0.001624
76	0.007834
77	0.009290
78	0.001476
79	-0.019418
80	-0.019085
81	0.070987
82	0.019563
83	0.014670
84	0.000298
85	0.012611
86	0.002662
87	0.006569
88	0.001286
89	-0.013987
90	0.010864
91	0.025995
92	0.021627
93	0.008783
94	0.013517
95	-0.005540
96	-0.016783
97	-0.000764
98	0.006661
99	0.009892
100	-0.022490
101	0.003047
102	0.039119
103	-0.011104
104	-0.015426
105	-0.005358
106	-0.011359
107	-0.011126
108	0.000325
109	0.021577
110	0.015695
111	0.011397
113	0.005651
114	-0.002793
115	0.004478
116	-0.008041
117	-0.023470
118	-0.005823
119	-0.006156
120	-0.004262
121	-0.009324
122	0.009772
123	0.016800
124	0.016348
125	0.008073
126	-0.001125
127	-0.004136
128	-0.005982
129	-0.009813
130	-0.009380
131	0.023042
132	-0.005607
133	0.005449
134	0.007581
135	0.015234
136	-0.015947
137	-0.005048
138	-0.028858
139	-0.011808
140	0.004414
141	-0.017835
142	0.011181
143	-0.000570
144	0.014030
145	-0.032455
146	-0.000886
147	0.015816
148	-0.008434
149	0.013084
150	0.010622
151	0.018873
152	-0.004808
153	-0.003855
154	0.012427
155	-0.011278
156	-0.002144
157	-0.003139
158	0.027833
159	0.006633
160	-0.006322
161	-0.000853
162	0.010102
163	-0.009787
164	-0.017962
165	-0.005948
166	0.028495
167	0.013238
168	-0.012715
169	0.009598
170	-0.017738
171	0.008154
172	0.042502
173	0.016025
174	0.012360
175	0.005948
176	-0.005070
177	-0.008376
178	-0.001765
179	-0.012709
180	0.010945
181	0.006616
182	0.003622
183	-0.007706
184	-0.007569
185	-0.001352
186	-0.003013
187	0.002756
188	0.002403
189	0.014644
190	0.022134
191	0.013785
192	0.009928
193	0.079709
194	-0.007688
195	0.013835
196	-0.017295
197	0.017278
198	0.028446
199	-0.005776
200	0.006865
201	-0.004801
202	-0.029909
203	0.028091
204	0.011988
205	0.010782
206	-0.005456
207	-0.006342
208	0.011887
209	-0.019670
210	-0.006212
211	-0.014613
212	-0.016626
213	0.028570
214	0.018508
215	0.019338
216	0.000383
217	0.004629
218	0.036199
219	0.033148
220	-0.005653
221	-0.034113
222	-0.036041
223	0.010262
224	0.020316
225	0.001802
226	0.005481
227	0.001894
228	0.005519
229	-0.022360
230	0.003450
231	-0.009147
232	0.000514
233	-0.018447
234	-0.011389
235	-0.016890
236	-0.014183
237	-0.001930
238	-0.038410
239	0.001765
240	0.013132
241	-0.032377
242	-0.002133
243	0.020249
244	-0.023076
245	0.013220
246	-0.003563
247	-0.017194
248	0.006314
249	-0.018257
250	0.028458
251	0.012975
252	0.006791
253	-0.007417
254	0.004905
255	0.003297
256	0.030154
257	0.045555
258	0.021529
259	-0.031031
260	-0.004845
261	0.018249
263	-0.001612
264	0.021753
265	0.005027
266	-0.030505
267	0.015313
268	-0.023837
269	-0.004306
270	0.002155
271	-0.010729
272	-0.006402
273	0.011847
274	-0.013487
275	-0.003989
276	-0.015964
277	0.018448
278	-0.002948
279	0.026774
280	-0.001712
281	0.020637
282	-0.015365
283	0.010219
284	-0.008533
285	-0.014753
286	0.003063
287	0.004789
288	0.024229
289	-0.015384
290	-0.026211
291	-0.032107
292	0.006133
293	-0.016415
294	-0.005730
295	-0.034557
296	0.040008
297	0.006271
298	0.013180
299	-0.002867
300	-0.024326
301	-0.000951
302	0.003348
303	0.001229
304	0.005546
305	0.016233
306	0.018297
307	-0.003127
308	0.004287
309	0.012319
311	0.007781
313	-0.004917
314	-0.013372
316	0.015260
317	-0.023866
318	-0.012780
319	-0.006567
320	-0.002801
321	-0.000705
322	0.000806
323	-0.031403
324	0.013692
325	0.018601
327	-0.026861
328	0.006062
330	-0.010203
331	0.004738
332	-0.052954
334	0.003295
337	0.025226
338	-0.010344
339	0.030932
340	0.033431
342	0.003769
344	-0.014661
348	0.003683
351	0.037755
352	-0.010187
353	0.007959
354	-0.021921
355	0.007467
356	0.004331
357	-0.010970
358	-0.033510
359	-0.016904
360	-0.002981
361	-0.017605
362	-0.002809
363	-0.009680
366	0.015435
367	0.004280
368	-0.005682
370	0.021702
371	0.014100
372	-0.000203
373	-0.015797
374	-0.027799
375	0.027392
376	-0.034929
377	0.001531
378	0.004948
379	-0.009608
380	-0.001199
385	0.009325
388	-0.090190
390	0.016402
391	-0.016326
392	-0.001909
394	0.023093
396	0.032743
397	0.010942
401	-0.037969
402	0.009528
403	-0.008856
404	-0.019157
