# 372 minima projected onto PC27
Min	PC
1	0.887670
2	0.762721
3	0.455569
4	0.807986
5	0.142671
6	0.235710
7	-0.102630
8	-0.343881
9	0.310749
10	-0.699377
11	-0.465124
12	1.402499
13	1.102588
14	1.236229
15	-0.406282
16	0.042958
17	-0.713105
18	-0.159345
19	-0.214153
20	-0.563570
21	-0.229493
22	-0.001543
23	0.350331
24	-0.500457
25	-0.742550
26	0.099366
27	0.188697
28	0.189444
29	-0.093614
30	0.323433
31	0.779335
32	0.513763
33	0.124133
34	0.149508
35	0.233645
36	0.169532
37	-0.191096
38	-0.177151
39	0.676079
40	1.461963
41	0.791659
42	0.948170
43	0.687553
44	0.602019
45	-0.880172
46	-0.029814
47	0.237192
48	-0.799851
49	-0.696064
50	-0.230260
51	0.124755
52	0.030392
53	0.518499
54	-0.744479
55	-0.796784
56	-0.828950
57	-0.294888
58	0.552189
59	0.565915
60	1.016064
61	0.426812
62	-0.163872
63	0.072649
64	0.283344
65	0.041494
66	0.386298
67	-0.047036
68	-0.495040
69	-0.528678
70	0.356629
71	-0.348000
72	-0.042817
73	-0.388787
74	-1.226162
75	-0.735005
76	-0.155549
77	-0.454830
78	0.693549
79	0.030293
80	0.737058
81	0.595871
82	0.042482
83	0.311038
84	-0.074733
85	0.087569
86	-0.283222
87	-0.270516
88	-0.324337
89	-0.749590
90	-0.015992
91	-0.343279
92	0.836520
93	0.103624
94	0.601819
95	0.178954
96	0.065146
97	-0.073600
98	-0.077333
99	-0.424269
100	0.410423
101	-0.052333
102	-1.158589
103	0.313012
104	0.705461
105	-0.099989
106	0.507070
107	0.087533
108	-0.280178
109	0.187432
110	-0.160372
111	-0.253632
113	0.067018
114	-0.157852
115	-0.103441
116	-0.402564
117	0.190322
118	0.096276
119	-0.141307
120	-0.181587
121	-0.342837
122	-0.301754
123	0.905178
124	-0.654904
125	0.171120
126	-1.014992
127	-0.773632
128	0.664231
129	-0.258990
130	0.664875
131	-0.634519
132	0.685470
133	-0.657285
134	-0.305118
135	0.640072
136	-0.154405
137	-0.301470
138	0.499828
139	0.285489
140	-0.432455
141	0.750036
142	-0.031244
143	-0.444540
144	1.103676
145	-0.540331
146	-0.847773
147	0.382315
148	-0.545836
149	-0.325901
150	-0.758837
151	-0.511032
152	-0.783131
153	-1.039044
154	-0.701412
155	-0.335385
156	0.164267
157	0.431778
158	-0.271046
159	-0.216196
160	-0.074119
161	0.045060
162	-1.158108
163	0.238718
164	-0.370865
165	-0.771443
166	-0.348470
167	-0.223927
168	-0.805425
169	-0.734604
170	0.230701
171	0.151425
172	0.915723
173	0.307665
174	0.384435
175	-0.084718
176	0.480892
177	0.154106
178	0.472898
179	0.282686
180	0.336027
181	-0.270882
182	0.579159
183	-0.226450
184	0.387782
185	-0.320775
186	-0.033887
187	-0.009607
188	0.478186
189	0.412307
190	0.669123
191	0.153768
192	0.078582
193	0.351654
194	-0.138715
195	-0.254536
196	-0.398629
197	-0.739378
198	0.460974
199	-0.008513
200	-0.401248
201	0.349500
202	-0.044471
203	-0.546012
204	0.378862
205	-0.137299
206	-0.273099
207	-0.363880
208	-0.094136
209	0.132593
210	-0.779706
211	-0.603129
212	0.164454
213	0.117816
214	-0.343797
215	0.127842
216	0.703690
217	-0.124967
218	-0.394665
219	0.668066
220	-0.247136
221	-0.101252
222	-0.092238
223	0.199582
224	-0.202582
225	0.089656
226	0.139332
227	0.162361
228	-0.155019
229	0.358476
230	-0.103685
231	-0.148423
232	0.593396
233	0.520485
234	-0.054487
235	-0.581399
236	0.459914
237	0.097299
238	0.228689
239	0.607036
240	-0.993366
241	-0.005593
242	0.602589
243	-0.488654
244	-0.513434
245	0.661050
246	-0.055472
247	-0.475316
248	0.193644
249	0.003940
250	0.874237
251	-0.325656
252	0.008186
253	-0.584756
254	-0.015273
255	-0.290875
256	-0.199070
257	0.333235
258	-0.057599
259	-0.041698
260	-0.029362
261	0.153561
263	-0.526269
264	0.170379
265	0.100195
266	0.216184
267	0.664598
268	0.748712
269	-0.325380
270	0.068472
271	0.301021
272	-0.457368
273	-0.162605
274	-0.238146
275	0.284298
276	-0.022048
277	-0.073772
278	0.014454
279	0.048118
280	0.526147
281	-0.063374
282	0.017709
283	0.088206
284	-0.295635
285	-0.948706
286	-0.822547
287	-0.128890
288	-0.439443
289	0.514447
290	-0.767253
291	0.352877
292	-0.441395
293	0.300372
294	-0.920854
295	-0.011172
296	0.170238
297	0.322947
298	-0.316959
299	-0.475111
300	-0.028621
301	-0.661209
302	-0.611035
303	-0.371884
304	0.008993
305	0.156443
306	0.187132
307	0.032898
308	0.916312
309	1.054704
311	0.144707
313	0.451017
314	-0.074779
316	-1.033719
317	-0.611953
318	0.163268
319	-1.015719
320	-0.026046
321	0.177680
322	0.902970
323	-0.252519
324	0.041430
325	0.202164
327	0.149879
328	-0.349424
330	-0.228177
331	0.503019
332	0.023301
334	-0.010188
337	0.010148
338	-0.403706
339	-0.014259
340	-0.367553
342	-0.418847
344	-0.135592
348	-0.454478
351	-0.143461
352	-0.210585
353	0.438075
354	-0.788289
355	-0.233374
356	0.033090
357	0.274373
358	0.338283
359	0.184001
360	0.380432
361	0.012115
362	-0.009023
363	0.348304
366	0.309665
367	0.388827
368	0.309976
370	-0.142788
371	0.268353
372	0.527488
373	-0.004302
374	-0.238480
375	0.156684
376	0.087040
377	0.312341
378	0.723047
379	-0.770361
380	-0.279116
385	0.868773
388	1.211468
390	-0.371190
391	-0.735863
392	-0.009205
394	-1.039721
396	0.498519
397	0.485129
401	2.136259
402	-0.551100
403	0.069257
404	-0.204823
