# 372 minima projected onto PC7
Min	PC
1	-0.057614
2	0.678053
3	4.242190
4	1.025288
5	-1.516534
6	-2.507213
7	-0.329471
8	-1.250311
9	-0.866625
10	1.883447
11	-1.417420
12	0.410284
13	-0.977324
14	-2.166369
15	-0.844220
16	-0.512503
17	-0.923039
18	-0.821763
19	2.239435
20	0.055581
21	1.460447
22	3.570472
23	2.845837
24	-2.304748
25	0.855978
26	1.275593
27	-0.667422
28	2.222037
29	2.678249
30	-2.706944
31	-1.212605
32	0.351376
33	2.530409
34	0.672067
35	-0.007310
36	1.206938
37	-1.536248
38	-0.108153
39	-1.630600
40	-3.382039
41	-2.002804
42	-0.726115
43	-0.300643
44	-0.613011
45	-2.133308
46	-0.984374
47	-0.130592
48	-0.259713
49	-1.404362
50	-1.148713
51	-1.582443
52	-0.994788
53	4.669938
54	-1.888711
55	-0.041478
56	-1.290654
57	-0.629155
58	-1.127753
59	-1.913747
60	-1.188859
61	-1.695581
62	3.444127
63	2.941873
64	0.686182
65	1.267889
66	-2.119934
67	-0.484145
68	0.099807
69	-1.063467
70	-3.927251
71	-3.712716
72	-2.111355
73	-3.853243
74	-2.289247
75	-2.150112
76	2.224244
77	3.121003
78	-0.021302
79	3.776742
80	5.451732
81	4.365698
82	3.564588
83	1.449545
84	-2.180522
85	2.183192
86	3.816095
87	2.954127
88	-2.167054
89	-1.940073
90	-1.411708
91	-3.919293
92	-5.860196
93	-0.341823
94	1.102978
95	-0.770852
96	0.269917
97	-1.310932
98	1.559048
99	-3.479333
100	2.814540
101	3.144146
102	0.822003
103	5.725859
104	4.563918
105	-3.358241
106	-4.334340
107	-1.221752
108	-3.255152
109	3.973488
110	-0.115713
111	-1.721354
113	1.644172
114	0.901551
115	-3.047973
116	-2.240963
117	1.793936
118	2.456342
119	-1.314364
120	-3.750464
121	1.310935
122	1.709213
123	2.886795
124	-1.714472
125	-1.571847
126	2.550450
127	3.317750
128	-1.778377
129	1.974383
130	2.181540
131	-1.348459
132	-2.481569
133	-4.785155
134	0.898591
135	3.228067
136	3.954558
137	-0.037241
138	3.131504
139	-1.669698
140	-2.246658
141	-4.996470
142	-3.324579
143	-0.257449
144	0.964466
145	1.452287
146	0.238720
147	0.953002
148	-0.390836
149	-0.625072
150	-0.007770
151	-0.075034
152	0.550098
153	0.653337
154	2.514944
155	-0.461711
156	-2.668702
157	-3.466459
158	-0.535251
159	-0.711925
160	-3.679205
161	-4.054467
162	-4.635032
163	-2.223345
164	0.704812
165	-3.324654
166	0.299048
167	1.457686
168	-1.858830
169	-3.344121
170	0.680211
171	-0.668246
172	-2.445732
173	1.693009
174	-1.873576
175	-2.641961
176	-0.616892
177	2.646943
178	0.180376
179	0.350780
180	-0.489017
181	-0.725007
182	-0.396983
183	0.537852
184	1.559446
185	2.877913
186	-1.228657
187	1.596956
188	-5.143990
189	2.880023
190	4.282984
191	2.607965
192	0.182728
193	3.469321
194	1.533683
195	0.191517
196	1.034914
197	2.286199
198	-0.004795
199	-0.972160
200	1.172934
201	-1.428398
202	-0.618008
203	-0.389915
204	-2.187164
205	-2.492891
206	1.747695
207	-1.602887
208	1.817234
209	-3.472156
210	-1.310798
211	-1.004409
212	0.311543
213	2.211320
214	0.232764
215	2.963499
216	1.770623
217	-2.859327
218	-0.863764
219	-1.575927
220	-1.539691
221	-0.477561
222	-0.317122
223	-0.505820
224	0.051000
225	0.760039
226	0.789183
227	-2.305980
228	0.320472
229	1.002848
230	-0.640153
231	-2.449086
232	0.527830
233	-2.682482
234	-0.641586
235	-2.008946
236	0.023727
237	-1.647577
238	-2.488912
239	2.403798
240	1.355025
241	-3.208293
242	-0.171178
243	-0.451256
244	-4.418272
245	0.647857
246	0.846772
247	2.079609
248	-3.886245
249	-0.736042
250	-1.589725
251	0.209295
252	-1.290636
253	0.144333
254	1.015973
255	-2.082751
256	2.341651
257	1.434027
258	0.401163
259	3.542748
260	1.481411
261	0.183161
263	3.608267
264	2.603894
265	-1.796868
266	-3.647972
267	-2.667604
268	-2.435996
269	-0.745385
270	0.562843
271	-2.071589
272	1.492219
273	2.958444
274	1.336156
275	-0.857417
276	-0.078332
277	-3.389286
278	-0.643874
279	-0.055908
280	2.876337
281	0.852180
282	-0.424695
283	4.109690
284	4.819857
285	5.289370
286	5.172041
287	-2.113002
288	0.581986
289	-0.759061
290	4.047591
291	3.047162
292	-1.568149
293	-3.873333
294	2.974666
295	3.993527
296	1.840437
297	2.629622
298	-2.080703
299	2.201582
300	1.716146
301	0.265667
302	-3.374907
303	-0.957946
304	-1.565391
305	1.466995
306	3.073316
307	-1.675620
308	-3.759208
309	-1.974278
311	3.424099
313	5.484341
314	4.555882
316	1.646521
317	2.675924
318	1.840906
319	-2.956190
320	0.810688
321	0.116305
322	-5.982396
323	-3.217397
324	1.203907
325	-2.086132
327	3.574180
328	-2.662063
330	1.272269
331	0.992571
332	0.046186
334	3.579144
337	0.473779
338	-0.872374
339	1.313753
340	0.324978
342	3.238267
344	3.072787
348	-4.357572
351	0.766558
352	2.979469
353	0.078913
354	-2.129390
355	-2.121247
356	-0.010899
357	-0.172360
358	1.347719
359	0.807779
360	0.172073
361	-1.033355
362	-1.298288
363	-2.262985
366	-0.453412
367	-0.331014
368	-1.705175
370	0.251381
371	-1.225263
372	-1.838825
373	3.899590
374	5.111797
375	1.601077
376	1.087677
377	1.188014
378	-1.864753
379	-0.801632
380	0.065318
385	-0.200273
388	0.814878
390	-1.055150
391	-1.344645
392	5.338558
394	-1.173282
396	-0.140322
397	-5.878385
401	2.922247
402	0.287455
403	1.039958
404	0.561976
