# 372 minima projected onto PC37
Min	PC
1	0.182423
2	0.012448
3	-0.116436
4	-0.041835
5	-0.113601
6	-0.017193
7	-0.064719
8	0.256571
9	0.046309
10	-0.180156
11	0.037742
12	0.201451
13	-0.108305
14	-0.010472
15	-0.321613
16	-0.270768
17	0.034626
18	0.230788
19	-0.024660
20	0.023368
21	0.132197
22	-0.082471
23	-0.084605
24	0.251719
25	-0.124134
26	-0.035905
27	-0.284731
28	0.100492
29	-0.169542
30	0.364602
31	-0.201222
32	-0.190596
33	0.074788
34	0.181538
35	-0.205257
36	-0.015625
37	0.370413
38	-0.030368
39	-0.034737
40	0.256127
41	-0.168898
42	-0.242743
43	0.018769
44	0.110125
45	0.125365
46	0.012354
47	-0.209489
48	-0.006800
49	-0.081835
50	-0.002632
51	-0.041058
52	0.250060
53	-0.255270
54	-0.192908
55	0.039888
56	0.054571
57	0.048113
58	0.016722
59	0.059613
60	0.004235
61	-0.118904
62	-0.066360
63	0.060411
64	0.221581
65	-0.231897
66	0.005727
67	-0.191193
68	0.167795
69	0.153238
70	-0.230363
71	-0.103586
72	-0.060569
73	-0.032381
74	0.206387
75	0.186276
76	-0.117907
77	-0.035664
78	0.275407
79	-0.224971
80	-0.144220
81	-0.026814
82	-0.131364
83	-0.084703
84	0.080766
85	-0.038333
86	-0.223849
87	-0.085840
88	0.322443
89	0.463685
90	0.012452
91	0.092458
92	0.141762
93	0.041559
94	-0.246269
95	-0.065566
96	0.297981
97	-0.045277
98	0.097697
99	-0.323854
100	0.334307
101	-0.003218
102	-0.052539
103	-0.036831
104	-0.205075
105	-0.132095
106	0.166231
107	0.198567
108	0.296851
109	-0.088090
110	0.174030
111	-0.046853
113	-0.037468
114	0.211688
115	0.120573
116	0.273799
117	0.158197
118	0.138324
119	-0.281410
120	0.084145
121	-0.101531
122	0.270777
123	-0.103363
124	0.026443
125	0.252396
126	0.129004
127	0.069583
128	0.001353
129	-0.032903
130	0.335129
131	0.154535
132	-0.026681
133	0.036266
134	0.173220
135	0.039090
136	0.143733
137	-0.068360
138	-0.101108
139	0.097266
140	-0.155806
141	0.110265
142	-0.098262
143	-0.093177
144	0.463662
145	-0.449249
146	0.038498
147	-0.634527
148	-0.134256
149	-0.183253
150	-0.109835
151	0.225505
152	-0.034222
153	-0.065843
154	-0.141460
155	0.070098
156	0.144994
157	0.228705
158	-0.300152
159	-0.010237
160	-0.268580
161	0.013963
162	-0.108403
163	-0.064547
164	-0.100726
165	-0.019136
166	0.233023
167	-0.009561
168	0.392489
169	0.265206
170	-0.081239
171	0.088224
172	0.193783
173	-0.191842
174	-0.140233
175	-0.006582
176	-0.225004
177	-0.215457
178	-0.324132
179	0.093606
180	-0.046096
181	0.146342
182	0.211330
183	0.163434
184	-0.192936
185	0.098191
186	-0.270498
187	-0.040333
188	-0.247216
189	0.052900
190	-0.160051
191	-0.092614
192	-0.190462
193	-0.076650
194	0.095046
195	-0.201589
196	0.409578
197	0.081068
198	0.330585
199	-0.138157
200	0.273996
201	0.233393
202	0.009518
203	0.130359
204	-0.187060
205	-0.464202
206	0.015453
207	-0.162477
208	0.169090
209	-0.007692
210	-0.423947
211	-0.190336
212	0.249725
213	-0.237542
214	0.444294
215	-0.281289
216	-0.115322
217	0.352939
218	-0.054735
219	0.182587
220	0.028999
221	0.214843
222	-0.057487
223	0.084187
224	0.443510
225	-0.051404
226	0.234825
227	0.173201
228	0.114217
229	-0.290804
230	-0.106944
231	-0.177338
232	-0.120334
233	0.225528
234	0.018476
235	0.166306
236	0.172665
237	0.038712
238	-0.060437
239	-0.007819
240	0.076259
241	0.161078
242	-0.032632
243	0.175289
244	-0.013705
245	0.290798
246	-0.027237
247	0.068888
248	0.129262
249	0.455672
250	0.052652
251	-0.099125
252	-0.139960
253	0.114617
254	-0.220532
255	-0.067114
256	-0.252322
257	-0.036985
258	-0.312944
259	-0.174221
260	0.105837
261	0.058096
263	-0.700017
264	-0.061632
265	0.299213
266	-0.372677
267	-0.197230
268	-0.108943
269	0.268099
270	0.299176
271	-0.238362
272	0.107713
273	0.267851
274	0.282878
275	-0.350609
276	0.056007
277	0.159017
278	0.163253
279	0.148550
280	-0.191885
281	0.820092
282	-0.454612
283	0.830595
284	0.248063
285	0.042497
286	-0.102131
287	-0.004691
288	-0.203214
289	-0.329835
290	0.055569
291	-0.475826
292	-0.262318
293	-0.174145
294	0.253125
295	0.170283
296	0.125874
297	0.149817
298	-0.106214
299	0.187023
300	-0.189022
301	0.068331
302	0.244632
303	-0.106958
304	0.253775
305	0.014403
306	-0.111788
307	0.150560
308	-0.024241
309	-0.118651
311	0.451260
313	0.448136
314	-0.088669
316	0.271426
317	0.212664
318	0.413179
319	-0.208739
320	-0.166583
321	-0.330167
322	-0.635791
323	-0.215352
324	-0.127285
325	-0.158209
327	-0.297697
328	-0.566884
330	-0.215904
331	-0.108911
332	-0.262483
334	0.435739
337	-0.557641
338	0.055980
339	-0.386212
340	-0.126752
342	0.087542
344	-0.241851
348	-0.254698
351	-0.190923
352	-0.145888
353	0.001025
354	0.030989
355	-0.011213
356	0.037271
357	0.056444
358	-0.198420
359	0.041613
360	2.110035
361	0.021163
362	-0.205699
363	-0.237991
366	0.168680
367	-0.268647
368	0.101391
370	-0.494919
371	-0.235958
372	-0.148079
373	-0.194542
374	0.167682
375	-0.334025
376	0.198406
377	-0.075548
378	0.156088
379	-0.286238
380	-0.397550
385	0.152588
388	0.061695
390	0.214657
391	-0.467321
392	-0.133407
394	0.197629
396	-0.266527
397	0.427293
401	0.429778
402	-0.079343
403	-0.555770
404	0.394030
