# 372 minima projected onto PC61
Min	PC
1	0.014566
2	-0.010845
3	0.017272
4	0.004395
5	-0.010464
6	-0.008439
7	-0.019686
8	-0.002987
9	-0.013123
10	0.004012
11	-0.002289
12	0.013403
13	0.009798
14	-0.016349
15	-0.001856
16	0.002953
17	0.001078
18	0.027639
19	-0.025054
20	0.007998
21	-0.002208
22	0.010524
23	0.009263
24	0.022074
25	0.003889
26	0.025246
27	0.004864
28	0.017180
29	-0.000091
30	-0.007447
31	-0.006155
32	0.004209
33	0.011813
34	-0.003783
35	-0.017937
36	-0.001655
37	-0.001692
38	-0.005021
39	-0.008771
40	-0.003055
41	-0.000573
42	0.005668
43	0.002010
44	0.008719
45	0.013649
46	0.009528
47	0.005970
48	0.008459
49	-0.005098
50	0.035976
51	0.012097
52	0.001133
53	0.002453
54	-0.015281
55	0.010411
56	-0.005456
57	0.013030
58	0.002017
59	0.003431
60	0.014983
61	0.015136
62	-0.012130
63	0.001628
64	-0.002399
65	-0.018546
66	-0.000097
67	-0.006475
68	0.021742
69	0.010747
70	0.013215
71	0.013048
72	0.024981
73	-0.005708
74	-0.006880
75	-0.009140
76	-0.026473
77	-0.007073
78	0.000176
79	0.020694
80	0.044283
81	-0.041981
82	0.002376
83	0.037392
84	0.005637
85	-0.014071
86	-0.002845
87	-0.018127
88	-0.035590
89	-0.010278
90	0.000212
91	-0.008223
92	0.003195
93	-0.002557
94	-0.010015
95	0.005783
96	0.012621
97	-0.017102
98	0.008725
99	0.013128
100	-0.022255
101	0.019275
102	-0.008909
103	0.023135
104	0.007775
105	-0.006865
106	-0.016699
107	0.024016
108	-0.000636
109	0.009371
110	-0.019572
111	-0.006131
113	-0.009605
114	-0.016959
115	0.001814
116	0.009352
117	0.025493
118	-0.014681
119	-0.008412
120	0.014465
121	-0.030637
122	-0.017091
123	-0.011965
124	0.061242
125	-0.011402
126	-0.016858
127	-0.001163
128	0.006140
129	0.003675
130	0.000887
131	0.010152
132	0.007215
133	0.007671
134	-0.025331
135	0.011964
136	0.017662
137	0.010903
138	0.003833
139	0.022155
140	-0.000372
141	0.024388
142	-0.046972
143	0.009700
144	-0.018685
145	-0.058279
146	-0.022060
147	-0.030369
148	-0.024949
149	-0.000819
150	-0.027958
151	-0.002256
152	-0.013210
153	-0.020736
154	-0.011167
155	0.035419
156	-0.000791
157	-0.010668
158	-0.006724
159	0.011995
160	-0.009151
161	-0.009699
162	0.009697
163	-0.019311
164	-0.019831
165	0.005837
166	0.005116
167	-0.008842
168	0.003444
169	-0.000119
170	-0.001716
171	-0.016299
172	-0.052218
173	0.021023
174	0.009342
175	0.018944
176	-0.000606
177	-0.015615
178	-0.001916
179	-0.035145
180	0.015742
181	0.014962
182	0.006207
183	0.002797
184	-0.011060
185	-0.024051
186	0.026607
187	0.017726
188	0.017776
189	0.008132
190	-0.025524
191	-0.013515
192	-0.002145
193	-0.010322
194	0.024426
195	0.015335
196	0.000159
197	0.014396
198	-0.014753
199	-0.017303
200	-0.004380
201	0.009626
202	0.002157
203	0.012384
204	0.009587
205	0.023819
206	0.042635
207	0.024842
208	-0.000279
209	0.026906
210	-0.028957
211	-0.016464
212	0.024615
213	-0.013724
214	-0.019240
215	-0.005145
216	0.008640
217	-0.024650
218	-0.022627
219	0.010206
220	0.005763
221	0.008686
222	0.007684
223	0.017871
224	0.016014
225	-0.002807
226	0.010760
227	0.011405
228	-0.025100
229	-0.002183
230	-0.000047
231	-0.023418
232	0.030444
233	-0.022968
234	0.023343
235	-0.020971
236	-0.064444
237	0.034647
238	-0.000578
239	-0.001662
240	0.013935
241	-0.039874
242	-0.011204
243	0.017499
244	-0.016017
245	-0.014352
246	-0.016857
247	-0.011677
248	-0.009423
249	-0.082878
250	0.024834
251	-0.007709
252	-0.005837
253	-0.007685
254	0.018129
255	-0.015246
256	-0.037679
257	0.025224
258	-0.038341
259	0.015804
260	-0.041730
261	-0.004278
263	0.009450
264	0.016624
265	-0.005053
266	0.037217
267	0.014057
268	-0.000351
269	-0.016231
270	-0.006403
271	-0.035037
272	0.003903
273	0.030828
274	0.030626
275	0.004485
276	-0.029419
277	-0.003463
278	-0.040956
279	-0.001755
280	0.034054
281	0.000129
282	0.014136
283	0.020753
284	-0.020619
285	-0.004439
286	-0.002447
287	-0.004482
288	-0.009037
289	-0.001426
290	0.008166
291	0.015190
292	-0.013676
293	-0.011903
294	0.036860
295	0.008572
296	-0.013776
297	-0.013920
298	-0.010412
299	-0.016813
300	-0.027246
301	-0.011515
302	0.023068
303	-0.003033
304	-0.004676
305	-0.030557
306	0.037771
307	-0.025958
308	-0.000126
309	-0.036007
311	0.009638
313	0.018267
314	0.018208
316	0.029341
317	-0.020819
318	-0.011913
319	0.027325
320	-0.026087
321	-0.016496
322	0.011244
323	0.003935
324	-0.002784
325	0.030404
327	-0.016230
328	-0.002454
330	-0.006682
331	0.050761
332	0.002178
334	0.004934
337	0.002426
338	-0.040442
339	-0.014190
340	0.022987
342	0.019766
344	-0.004185
348	-0.003551
351	-0.005705
352	-0.022715
353	0.010620
354	0.015785
355	0.046595
356	-0.000764
357	-0.015933
358	-0.061055
359	0.004099
360	0.019852
361	0.026495
362	0.009803
363	0.022777
366	-0.001401
367	0.031255
368	-0.006109
370	0.015787
371	0.002319
372	-0.006258
373	0.021624
374	-0.015780
375	0.004213
376	0.042089
377	0.034303
378	0.015124
379	0.028133
380	0.028223
385	0.003868
388	-0.058219
390	-0.007672
391	0.011420
392	-0.021776
394	0.001113
396	0.002307
397	-0.005659
401	0.000084
402	-0.001013
403	0.015591
404	0.036374
