# 372 minima projected onto PC22
Min	PC
1	0.060184
2	-0.519518
3	-0.387581
4	-0.683744
5	0.057749
6	0.478385
7	0.902964
8	1.334682
9	-0.124647
10	-0.563791
11	-1.194127
12	0.005503
13	0.002762
14	0.321277
15	0.073119
16	-0.496704
17	0.554201
18	-0.531184
19	-0.409383
20	0.694997
21	0.197831
22	1.083649
23	0.627686
24	-1.304655
25	0.433534
26	0.459818
27	0.150077
28	-0.016432
29	0.607888
30	0.665814
31	0.364597
32	-0.388095
33	-0.685854
34	0.270503
35	-0.123156
36	-0.299353
37	-0.608994
38	-0.026748
39	0.089766
40	0.204804
41	-0.273346
42	0.191228
43	-0.450705
44	-0.797596
45	-0.775492
46	-0.512970
47	0.519569
48	-0.603942
49	0.467473
50	-0.429597
51	-1.376488
52	-1.106922
53	0.221422
54	0.556752
55	0.538931
56	0.724205
57	-0.878394
58	-0.396094
59	-0.760962
60	-0.442957
61	0.232196
62	1.378933
63	0.078212
64	-0.449685
65	0.337942
66	-0.016251
67	0.986124
68	1.420000
69	0.941788
70	0.978407
71	0.133126
72	0.276747
73	0.583320
74	-0.732786
75	-0.377942
76	0.191938
77	1.031471
78	-0.629218
79	-0.329285
80	0.406101
81	-0.441715
82	1.194464
83	-0.558257
84	0.426025
85	1.101509
86	0.153724
87	0.781203
88	-0.291223
89	-1.003666
90	-0.096181
91	0.494019
92	1.685441
93	-0.887658
94	0.453461
95	-0.209974
96	-0.285599
97	-0.294112
98	0.268883
99	1.251590
100	0.576656
101	-1.069442
102	-0.693202
103	-0.293962
104	1.178888
105	1.595041
106	-0.478822
107	-0.169105
108	-0.930774
109	0.276334
110	0.778786
111	-0.512665
113	-0.673703
114	-1.288795
115	-0.319423
116	-0.602234
117	0.758913
118	1.354094
119	-0.901995
120	-0.539672
121	-0.464401
122	-0.352632
123	0.124675
124	0.493923
125	0.024876
126	-0.829635
127	-0.362619
128	-0.657306
129	-0.207611
130	-0.525555
131	0.327960
132	0.531396
133	-0.192734
134	-0.421003
135	-0.405503
136	-0.581462
137	1.324033
138	0.441647
139	1.264991
140	-0.188602
141	0.222769
142	0.878580
143	-0.360226
144	-0.392087
145	0.633086
146	0.252507
147	-0.319980
148	0.124242
149	-0.671546
150	-0.293237
151	0.673969
152	-0.606703
153	-0.145694
154	0.601661
155	0.547548
156	0.530693
157	0.084956
158	-0.122359
159	-1.009816
160	0.539832
161	0.302208
162	-0.265048
163	-0.772270
164	-0.843696
165	0.133110
166	0.722405
167	-1.154268
168	-0.316075
169	-0.129901
170	-1.154604
171	-0.349929
172	-0.206489
173	-0.669724
174	-0.545878
175	-0.694450
176	-0.655206
177	-0.485923
178	0.575756
179	-0.244507
180	0.002247
181	-0.383127
182	-0.310917
183	-0.232175
184	0.429519
185	0.794052
186	0.396221
187	0.866369
188	1.328470
189	1.688349
190	-0.200974
191	-0.002615
192	-0.531932
193	-0.946257
194	-0.601695
195	-0.376659
196	0.094806
197	0.873472
198	-0.295905
199	-0.226885
200	-0.852169
201	-0.048386
202	-0.285607
203	0.189141
204	-0.226420
205	-0.202197
206	-0.026045
207	-0.481562
208	0.487775
209	-0.323612
210	0.311227
211	0.238598
212	-0.918368
213	0.005732
214	-0.134296
215	0.544539
216	-0.075464
217	-0.071144
218	-0.069941
219	-0.530298
220	0.359729
221	-0.173842
222	-0.671114
223	0.276885
224	0.552050
225	-0.054982
226	-0.446243
227	0.421584
228	1.101499
229	-0.056314
230	-0.295080
231	0.309424
232	-0.262496
233	-0.639701
234	1.021243
235	0.478364
236	-0.373992
237	0.392762
238	0.162283
239	-0.138180
240	-0.149460
241	-0.703809
242	-0.040822
243	-0.931631
244	-1.173347
245	-1.122752
246	-0.207032
247	-0.611612
248	1.486998
249	0.488896
250	-0.316998
251	-0.000228
252	-0.502342
253	-0.168984
254	-0.131622
255	-0.728477
256	1.385758
257	0.054542
258	0.022984
259	-0.581576
260	-0.586438
261	0.405462
263	-0.534193
264	-0.565396
265	-0.716836
266	1.655191
267	-0.007855
268	-0.290485
269	-0.279424
270	0.057538
271	-0.576952
272	0.254135
273	-0.169373
274	0.004508
275	-0.163112
276	1.727443
277	0.620836
278	1.656916
279	-0.176701
280	-0.429626
281	-0.351503
282	-0.978863
283	0.201671
284	-0.902017
285	-0.728566
286	-0.645611
287	-0.014503
288	0.192084
289	0.434794
290	-0.056825
291	-0.280387
292	0.880300
293	0.603234
294	0.438098
295	-0.512818
296	0.135945
297	0.342590
298	-0.209361
299	0.012659
300	-0.348087
301	0.502654
302	0.728990
303	-0.926507
304	-1.361995
305	-0.448430
306	0.548491
307	1.021381
308	-0.260079
309	-1.082471
311	0.321166
313	0.285054
314	0.785839
316	1.314194
317	1.393738
318	-0.593966
319	-0.378390
320	0.861951
321	-0.694672
322	0.326480
323	-0.784204
324	0.108186
325	-0.434791
327	0.442115
328	-0.777307
330	0.228118
331	0.390096
332	-0.217382
334	1.036451
337	-0.583055
338	-0.636595
339	0.831919
340	-0.192460
342	0.438658
344	1.852981
348	-0.109996
351	0.414115
352	1.151631
353	0.169349
354	0.207206
355	0.072116
356	-0.149968
357	0.049042
358	-0.161061
359	0.223595
360	0.291454
361	0.688240
362	0.536195
363	-0.261921
366	-0.346295
367	-0.879104
368	0.260292
370	0.068083
371	-0.305263
372	-0.892531
373	-0.931352
374	-1.194177
375	-0.028647
376	0.764080
377	0.649157
378	-0.643851
379	0.101252
380	-0.227291
385	-0.519445
388	0.312629
390	0.087198
391	-0.702566
392	-0.612363
394	0.699653
396	-0.012209
397	1.752001
401	0.966429
402	-0.317512
403	-0.620582
404	-0.298521
