# 372 minima projected onto PC62
Min	PC
1	0.017783
2	-0.010235
3	-0.016198
4	0.002041
5	0.015531
6	-0.008463
7	0.000350
8	-0.027249
9	0.003226
10	0.016758
11	-0.006027
12	0.019700
13	0.029344
14	-0.003368
15	0.009492
16	0.000750
17	0.012868
18	-0.029988
19	-0.014667
20	0.006170
21	-0.026380
22	0.019137
23	0.013556
24	0.019757
25	0.010309
26	0.000533
27	0.013767
28	0.036694
29	0.009176
30	-0.032871
31	0.020020
32	-0.000112
33	-0.012942
34	-0.016210
35	-0.003183
36	-0.003309
37	0.018643
38	0.009304
39	0.017681
40	-0.012397
41	0.016332
42	0.056914
43	0.007646
44	-0.002298
45	-0.004716
46	-0.002220
47	0.024201
48	0.007182
49	-0.015494
50	-0.019943
51	0.002507
52	-0.003062
53	0.004340
54	-0.014206
55	-0.025616
56	0.003959
57	0.008343
58	0.002825
59	-0.004197
60	0.007581
61	-0.001704
62	-0.022281
63	-0.017967
64	0.000055
65	-0.034094
66	-0.022646
67	0.005507
68	0.019641
69	-0.018854
70	-0.017612
71	-0.007850
72	-0.006722
73	0.023302
74	-0.009642
75	0.022858
76	-0.009398
77	0.017453
78	0.031123
79	-0.008957
80	-0.003738
81	0.049182
82	0.038084
83	-0.020997
84	-0.007560
85	0.004229
86	-0.011805
87	-0.017461
88	0.004486
89	-0.018172
90	0.002949
91	0.004370
92	-0.007449
93	-0.013453
94	0.011362
95	-0.013371
96	-0.024406
97	0.012857
98	-0.005396
99	0.016432
100	0.016723
101	0.027336
102	0.019700
103	-0.033233
104	-0.020028
105	0.002988
106	-0.013813
107	0.014213
108	0.015212
109	0.000386
110	0.017184
111	0.002390
113	-0.000687
114	0.003542
115	-0.028754
116	0.002417
117	-0.007336
118	-0.002308
119	-0.018194
120	-0.004533
121	-0.015429
122	-0.009161
123	-0.015703
124	-0.004929
125	-0.013208
126	0.022540
127	-0.012551
128	-0.012521
129	-0.009157
130	-0.016338
131	-0.004946
132	0.023903
133	0.013370
134	-0.006853
135	0.024001
136	-0.016325
137	0.018480
138	-0.050903
139	-0.016845
140	-0.002539
141	-0.049674
142	-0.016326
143	0.001066
144	-0.021542
145	-0.003204
146	-0.007446
147	-0.067636
148	0.018813
149	-0.011552
150	-0.009688
151	0.006929
152	-0.051659
153	0.016837
154	-0.026578
155	-0.020996
156	-0.032258
157	-0.028112
158	-0.002032
159	0.008543
160	0.011308
161	0.029742
162	0.010552
163	0.006160
164	-0.022073
165	0.003870
166	0.022887
167	0.015239
168	-0.022455
169	0.013685
170	-0.006194
171	-0.008841
172	0.022670
173	0.011424
174	0.004774
175	0.001074
176	-0.003860
177	0.011635
178	-0.004315
179	-0.023824
180	-0.021680
181	-0.011951
182	-0.003462
183	-0.024562
184	0.009746
185	-0.003439
186	-0.030559
187	-0.022027
188	-0.004186
189	-0.007244
190	0.005679
191	-0.014087
192	-0.015118
193	0.026319
194	0.022921
195	0.000593
196	0.004197
197	0.009597
198	-0.015503
199	0.001513
200	-0.002369
201	0.027969
202	0.039086
203	-0.000785
204	0.021439
205	0.022934
206	0.008696
207	0.009605
208	0.012108
209	0.006004
210	0.035706
211	0.014099
212	0.033693
213	-0.020884
214	-0.006995
215	0.002598
216	0.003000
217	0.001215
218	-0.028574
219	-0.033389
220	0.008679
221	0.014766
222	-0.012274
223	-0.011123
224	0.011685
225	0.011661
226	0.001783
227	-0.025642
228	0.001415
229	-0.031791
230	0.010561
231	0.008819
232	0.014029
233	0.001432
234	-0.022532
235	-0.002863
236	-0.008639
237	-0.030072
238	-0.023851
239	0.002556
240	0.011955
241	0.029373
242	0.004845
243	0.009285
244	0.030042
245	0.007707
246	-0.010882
247	0.009323
248	-0.010695
249	0.028067
250	-0.002316
251	-0.004318
252	-0.013217
253	-0.044242
254	-0.014649
255	0.001125
256	0.006423
257	-0.017787
258	-0.029126
259	-0.004059
260	0.005162
261	-0.015284
263	-0.001206
264	-0.033850
265	-0.007075
266	0.005502
267	0.035472
268	-0.001951
269	0.008810
270	0.000945
271	-0.004396
272	-0.006503
273	-0.016448
274	0.009955
275	0.004944
276	0.012238
277	-0.003070
278	-0.016216
279	-0.005494
280	-0.004721
281	0.010811
282	0.020861
283	0.003948
284	0.018811
285	-0.020655
286	-0.003608
287	-0.017709
288	-0.013359
289	0.011589
290	0.016855
291	0.004110
292	0.006572
293	0.022957
294	-0.010997
295	0.032412
296	-0.021105
297	0.011515
298	0.015525
299	-0.004322
300	-0.002263
301	0.011606
302	0.015595
303	0.012583
304	0.007441
305	0.017484
306	-0.021906
307	0.019888
308	0.020661
309	-0.032898
311	0.021897
313	-0.018588
314	0.011723
316	-0.009843
317	0.010516
318	0.018248
319	0.002904
320	0.002601
321	-0.022110
322	0.002202
323	-0.006747
324	0.015190
325	0.015823
327	0.022288
328	-0.022570
330	0.000493
331	0.009258
332	0.010217
334	0.008173
337	0.005369
338	0.008895
339	-0.011553
340	-0.007572
342	0.039195
344	0.028259
348	-0.025459
351	-0.002999
352	-0.002736
353	0.005236
354	-0.011255
355	0.012758
356	0.017170
357	0.015016
358	0.007173
359	-0.043885
360	-0.018023
361	0.053263
362	0.021100
363	0.006882
366	0.012270
367	0.006433
368	0.003476
370	-0.029822
371	-0.041323
372	-0.009784
373	0.019054
374	0.029440
375	-0.010033
376	-0.003906
377	-0.022427
378	0.008701
379	0.026994
380	0.041823
385	0.005848
388	-0.019098
390	-0.031244
391	0.006882
392	0.000089
394	0.023467
396	0.001203
397	0.013038
401	0.033345
402	-0.019995
403	-0.009863
404	-0.016111
