# 372 minima projected onto PC59
Min	PC
1	0.011655
2	0.038104
3	-0.004886
4	0.034849
5	0.023024
6	0.017746
7	-0.017510
8	0.000236
9	0.026218
10	0.008077
11	0.013951
12	0.009449
13	0.005326
14	0.018696
15	0.011964
16	0.013843
17	0.051167
18	-0.018332
19	0.001256
20	-0.008515
21	0.012699
22	-0.022623
23	0.009820
24	0.006699
25	-0.020648
26	0.011013
27	-0.018284
28	0.002609
29	-0.018847
30	0.009295
31	0.012999
32	0.010647
33	-0.001811
34	0.049681
35	0.010771
36	0.014584
37	0.031288
38	0.030660
39	0.025460
40	-0.000020
41	0.013224
42	0.029411
43	-0.004751
44	0.014002
45	0.002947
46	0.023244
47	0.019256
48	-0.012818
49	0.022046
50	-0.028581
51	-0.000820
52	-0.026337
53	-0.022350
54	-0.029734
55	0.013021
56	-0.005155
57	0.007145
58	0.021415
59	0.020776
60	0.015730
61	0.007827
62	-0.026879
63	-0.008905
64	-0.005753
65	-0.001789
66	-0.023171
67	-0.012255
68	0.014522
69	0.022942
70	0.030094
71	-0.002102
72	0.031373
73	0.011536
74	0.003917
75	-0.026730
76	-0.009757
77	-0.012802
78	-0.046612
79	0.013484
80	0.022599
81	-0.015934
82	-0.054606
83	-0.031958
84	0.010426
85	0.008901
86	-0.003160
87	0.014039
88	0.044037
89	0.038444
90	0.011758
91	-0.007959
92	-0.018373
93	0.018210
94	0.000702
95	-0.018621
96	-0.003148
97	-0.034914
98	0.007701
99	-0.023145
100	0.008646
101	-0.009712
102	-0.043075
103	0.021982
104	0.036694
105	-0.002149
106	0.002611
107	-0.018144
108	-0.014182
109	0.032014
110	-0.021465
111	0.009352
113	-0.011177
114	-0.037872
115	0.000652
116	0.048023
117	-0.039488
118	0.003463
119	0.012047
120	0.005763
121	-0.009044
122	0.006266
123	0.029003
124	-0.013401
125	-0.006439
126	0.012211
127	0.021737
128	0.023216
129	-0.015761
130	0.008456
131	-0.009358
132	-0.007033
133	0.004415
134	-0.019313
135	0.023166
136	0.004840
137	0.001649
138	0.027484
139	-0.023044
140	-0.002217
141	-0.006589
142	-0.036850
143	0.007486
144	-0.063482
145	-0.045272
146	-0.017163
147	0.010804
148	-0.004265
149	0.005538
150	0.017543
151	-0.009485
152	-0.000554
153	-0.033466
154	0.039750
155	-0.004444
156	-0.008935
157	-0.029343
158	0.017143
159	0.002227
160	-0.005325
161	-0.007567
162	0.021665
163	-0.006482
164	-0.019725
165	0.004743
166	0.034854
167	-0.035998
168	0.004951
169	0.004827
170	-0.018984
171	-0.075742
172	-0.031321
173	0.006921
174	0.006937
175	0.000787
176	-0.006985
177	0.019357
178	0.018070
179	0.006835
180	-0.017762
181	-0.049016
182	-0.019951
183	-0.023965
184	-0.013545
185	0.002280
186	-0.009302
187	0.014492
188	0.003565
189	0.002077
190	-0.004885
191	-0.043845
192	-0.023114
193	-0.031153
194	-0.011098
195	0.000437
196	-0.018264
197	-0.035285
198	-0.007408
199	-0.004189
200	0.005036
201	0.014992
202	0.015400
203	0.023587
204	0.001723
205	-0.047832
206	-0.038219
207	0.021328
208	-0.015997
209	0.031716
210	-0.026703
211	-0.022650
212	-0.016004
213	0.045457
214	0.004894
215	-0.025689
216	-0.022569
217	0.008532
218	0.028800
219	0.028432
220	0.031839
221	-0.016436
222	-0.034902
223	0.026131
224	0.012861
225	-0.013748
226	-0.017304
227	0.030798
228	0.013545
229	0.028706
230	0.017113
231	-0.002329
232	0.040057
233	0.022896
234	0.003784
235	0.001421
236	-0.001524
237	-0.006071
238	0.079400
239	0.017252
240	0.012611
241	0.026826
242	-0.004132
243	-0.003016
244	0.027471
245	0.009703
246	0.032728
247	-0.014022
248	-0.007501
249	0.030396
250	0.006951
251	0.003440
252	-0.041337
253	-0.017927
254	0.008410
255	-0.001394
256	0.020218
257	-0.009874
258	-0.016791
259	0.019513
260	0.006686
261	0.002393
263	-0.001003
264	-0.059110
265	-0.021274
266	0.010035
267	0.011843
268	-0.025321
269	-0.044358
270	0.001411
271	-0.002476
272	0.024841
273	0.006703
274	0.024030
275	-0.049084
276	0.049533
277	-0.000271
278	0.013376
279	-0.000994
280	0.014790
281	0.009109
282	-0.015778
283	-0.006058
284	-0.003286
285	0.020755
286	0.013148
287	0.008837
288	-0.000448
289	0.013767
290	-0.014130
291	0.052756
292	-0.004682
293	0.039887
294	0.019129
295	-0.012860
296	0.028917
297	0.006258
298	-0.035155
299	-0.027214
300	-0.001272
301	0.009099
302	0.001337
303	0.006589
304	0.023483
305	0.005944
306	0.032831
307	0.023716
308	0.014829
309	0.097694
311	-0.005053
313	0.009290
314	-0.016215
316	-0.047516
317	0.003173
318	0.026741
319	-0.020845
320	0.080460
321	0.021925
322	-0.016280
323	0.032260
324	0.065717
325	-0.021012
327	0.018180
328	-0.010510
330	0.007637
331	-0.005886
332	0.044099
334	0.003875
337	-0.008733
338	0.020299
339	0.003063
340	-0.008591
342	0.041237
344	-0.012536
348	-0.082000
351	-0.002942
352	0.019229
353	0.039832
354	-0.001802
355	0.012147
356	-0.021691
357	-0.001021
358	-0.052676
359	-0.032313
360	-0.018176
361	-0.007145
362	-0.034166
363	-0.057270
366	-0.025919
367	-0.003855
368	0.005665
370	0.024554
371	-0.091725
372	-0.040470
373	0.028786
374	-0.003816
375	-0.006198
376	-0.035842
377	-0.014896
378	-0.015566
379	-0.015703
380	-0.026112
385	0.040502
388	-0.090410
390	0.003310
391	0.003847
392	-0.001857
394	0.049451
396	-0.027658
397	-0.041258
401	-0.096534
402	-0.064835
403	-0.029583
404	0.011123
