# 372 minima projected onto PC3
Min	PC
1	0.604837
2	3.881738
3	4.930694
4	3.926223
5	0.196577
6	0.254160
7	-0.352083
8	-0.579668
9	0.446081
10	1.906332
11	0.744332
12	0.552796
13	-1.022851
14	-0.368746
15	3.436256
16	3.073577
17	-0.663102
18	1.086424
19	2.544126
20	-2.234658
21	2.654374
22	0.822994
23	0.821370
24	-3.386416
25	-1.702346
26	-0.087697
27	0.528074
28	-0.286961
29	1.138155
30	0.549652
31	-1.125446
32	3.847726
33	4.436997
34	2.505215
35	4.064234
36	-0.103683
37	-3.559090
38	4.385804
39	-1.183648
40	0.734835
41	0.052248
42	-1.323279
43	1.539731
44	1.278536
45	1.444697
46	3.906771
47	-0.372203
48	-0.001233
49	0.470458
50	2.039964
51	-2.683247
52	-2.698625
53	5.547518
54	-0.929162
55	0.484985
56	-1.122239
57	-0.618480
58	3.592225
59	3.474308
60	3.097904
61	4.003415
62	2.617152
63	5.072616
64	-2.827429
65	4.206125
66	-1.722786
67	-1.296248
68	-1.356611
69	-1.063258
70	1.050716
71	3.311539
72	0.327752
73	2.206969
74	2.513821
75	2.367739
76	0.590377
77	-0.423490
78	1.167141
79	1.463911
80	0.593391
81	1.631441
82	-2.612579
83	1.802790
84	0.884440
85	-0.635571
86	4.020435
87	1.162612
88	-0.825360
89	3.641279
90	6.440378
91	1.305853
92	-2.808651
93	3.494726
94	4.947236
95	0.501525
96	4.249882
97	0.570174
98	5.499984
99	5.599693
100	6.498965
101	3.914241
102	3.060405
103	2.733655
104	-1.222625
105	1.060961
106	-1.260096
107	-2.392848
108	-0.888896
109	-0.706097
110	4.710755
111	5.919372
113	1.390405
114	2.015836
115	1.078896
116	1.270267
117	-2.118417
118	2.693738
119	1.127851
120	5.876043
121	1.446738
122	1.136334
123	2.911742
124	2.380781
125	-3.011704
126	-4.191176
127	2.828699
128	5.746642
129	4.039589
130	3.998937
131	0.028809
132	-3.688242
133	3.079627
134	1.253654
135	1.837814
136	2.107553
137	4.913436
138	-0.082092
139	2.120230
140	2.947143
141	2.154952
142	0.017044
143	1.965195
144	-0.060949
145	2.727202
146	1.236734
147	-0.157922
148	-0.364696
149	2.630888
150	3.811246
151	2.017907
152	-0.478739
153	1.648667
154	-0.983032
155	0.167839
156	0.142120
157	-0.065547
158	1.011757
159	-4.029970
160	4.781246
161	0.982650
162	2.435814
163	1.729196
164	1.005748
165	5.519890
166	0.157951
167	3.956206
168	3.751373
169	2.347621
170	0.624000
171	-1.400749
172	2.443274
173	2.551657
174	-2.368881
175	-2.555393
176	-2.133236
177	2.841335
178	2.658653
179	-1.175438
180	-0.017856
181	-1.772684
182	-2.311360
183	-2.227731
184	1.954057
185	-3.620550
186	-0.579131
187	0.664395
188	-4.583246
189	0.839637
190	0.828886
191	-0.181979
192	2.201603
193	2.669763
194	3.865567
195	0.154946
196	-1.249922
197	-0.562307
198	1.048777
199	2.403726
200	-4.298748
201	0.914428
202	1.584640
203	2.705443
204	3.934327
205	5.674369
206	2.489621
207	3.047087
208	4.984444
209	4.043515
210	3.792758
211	3.241812
212	3.705590
213	3.403851
214	1.705083
215	0.474294
216	1.300686
217	3.140095
218	4.709161
219	-2.251797
220	4.977308
221	1.438627
222	1.961517
223	1.955836
224	1.617315
225	0.266686
226	-0.453346
227	-0.930283
228	-4.550371
229	-2.862936
230	-5.992066
231	-4.509910
232	-1.587192
233	-2.858322
234	-0.974693
235	-4.985914
236	-0.802184
237	-4.098080
238	-2.602825
239	-3.378101
240	-4.399534
241	-1.244817
242	-0.410803
243	-4.463517
244	-1.611819
245	-3.746819
246	-1.217385
247	-2.476517
248	-0.111232
249	0.492583
250	-1.145542
251	-2.825297
252	-1.883754
253	-0.269857
254	-2.896962
255	-2.259869
256	-3.999859
257	-3.624332
258	-4.271214
259	-2.506004
260	-3.307570
261	-3.915674
263	-6.329799
264	-0.599533
265	-3.443843
266	1.460014
267	-1.457337
268	-1.076109
269	-2.982091
270	1.125065
271	0.697854
272	0.096937
273	-1.957794
274	-0.622852
275	4.279138
276	-0.652164
277	-3.004476
278	2.795530
279	-4.062012
280	0.719686
281	3.782520
282	-4.703370
283	3.944374
284	1.279608
285	-3.945581
286	-5.104851
287	-1.899141
288	1.229014
289	4.479088
290	-0.088994
291	-3.448697
292	-2.272421
293	0.411313
294	-2.642809
295	0.643803
296	-1.787119
297	4.234436
298	0.975902
299	-2.167691
300	-0.455170
301	-5.326132
302	0.315938
303	-4.046735
304	-4.738995
305	-2.026783
306	-2.295010
307	-4.634034
308	-4.044381
309	-2.372593
311	-6.136411
313	-4.679575
314	-6.102628
316	-5.817084
317	-3.238778
318	-5.416275
319	-3.951363
320	-3.320273
321	-1.696038
322	-3.648765
323	-1.739297
324	-0.889082
325	-3.907409
327	-2.808359
328	-4.069072
330	-4.170177
331	-4.494866
332	-2.391892
334	-3.878667
337	-0.205525
338	-1.435120
339	1.431969
340	-3.225979
342	-3.183143
344	2.738190
348	-0.225640
351	-1.674732
352	-2.666321
353	-1.784089
354	-0.048943
355	-2.133894
356	-4.313205
357	-2.453685
358	-1.592643
359	-2.344943
360	-0.399348
361	0.008095
362	1.571737
363	0.114692
366	-5.924882
367	-4.194298
368	-3.243115
370	-3.174035
371	-0.656573
372	-2.390071
373	0.354859
374	-1.214260
375	0.438008
376	2.525480
377	2.886345
378	-5.422766
379	-0.892558
380	-0.922170
385	-3.278318
388	-2.752458
390	-3.378594
391	-2.588537
392	1.135144
394	1.184734
396	-3.801275
397	-3.594505
401	1.471884
402	-3.983361
403	-5.703305
404	1.273201
