# 372 minima projected onto PC80
Min	PC
1	0.002288
2	0.004904
3	0.006160
4	0.004887
5	0.001164
6	0.000119
7	0.003831
8	0.001315
9	-0.005950
10	0.003563
11	0.001774
12	0.003097
13	-0.000097
14	-0.002628
15	0.001277
16	-0.007001
17	-0.004527
18	0.000949
19	0.009150
20	-0.002001
21	0.005212
22	-0.005353
23	-0.003326
24	0.003380
25	-0.000527
26	0.007013
27	-0.002693
28	-0.000427
29	-0.001814
30	-0.002150
31	-0.000288
32	-0.001818
33	0.000817
34	-0.000890
35	0.002382
36	-0.001399
37	-0.002732
38	-0.001728
39	-0.003865
40	-0.001573
41	0.002672
42	-0.001032
43	0.005727
44	0.003262
45	-0.001822
46	0.002241
47	-0.000167
48	0.003435
49	-0.004179
50	-0.000060
51	0.005292
52	0.000318
53	-0.002748
54	0.004020
55	0.000149
56	0.000328
57	-0.002186
58	0.001068
59	0.002407
60	-0.011745
61	-0.001798
62	-0.001935
63	-0.002312
64	-0.001459
65	0.005982
66	-0.000864
67	0.007335
68	0.001579
69	0.002008
70	0.003877
71	0.003506
72	-0.003090
73	0.008860
74	-0.000646
75	0.001525
76	-0.002352
77	0.004053
78	-0.005473
79	0.005898
80	0.001008
81	0.000917
82	-0.006961
83	-0.007472
84	0.000451
85	0.004516
86	0.002693
87	0.000246
88	-0.003014
89	0.001881
90	-0.003591
91	-0.004882
92	0.003166
93	0.005442
94	0.004501
95	0.008076
96	-0.003113
97	0.000814
98	-0.004023
99	-0.006390
100	-0.000982
101	-0.007547
102	-0.002416
103	0.003109
104	0.002658
105	-0.013214
106	0.004537
107	-0.002028
108	0.000826
109	0.001907
110	0.005008
111	-0.005625
113	-0.004259
114	-0.011910
115	0.003268
116	0.000952
117	-0.003603
118	-0.004893
119	-0.002591
120	-0.000466
121	0.000866
122	0.004431
123	-0.000455
124	-0.004226
125	0.004423
126	-0.004451
127	-0.004172
128	0.002334
129	-0.002888
130	-0.001763
131	0.000538
132	0.000176
133	0.006229
134	0.004971
135	0.011521
136	-0.003879
137	0.000473
138	0.003766
139	0.010394
140	0.001666
141	0.010168
142	0.005092
143	0.004822
144	-0.006400
145	0.004063
146	-0.001249
147	-0.011527
148	-0.001280
149	0.000059
150	0.005766
151	-0.005154
152	-0.004947
153	-0.006559
154	0.010150
155	-0.000509
156	0.002104
157	-0.000678
158	-0.006326
159	-0.006931
160	-0.003120
161	-0.007707
162	0.009052
163	0.002302
164	-0.002765
165	0.000283
166	0.001562
167	-0.003559
168	0.003906
169	-0.004400
170	0.002761
171	-0.003580
172	0.004492
173	-0.008248
174	0.001685
175	0.000591
176	-0.000566
177	-0.001456
178	-0.008699
179	-0.001524
180	-0.001328
181	-0.000178
182	0.001129
183	-0.003946
184	-0.000002
185	0.000675
186	-0.002186
187	0.001830
188	0.005757
189	-0.003849
190	-0.002483
191	-0.000451
192	-0.001249
193	0.004720
194	-0.002256
195	0.008178
196	0.001364
197	0.001179
198	0.001220
199	0.005954
200	-0.002111
201	-0.005345
202	-0.004499
203	0.004336
204	-0.007491
205	0.004880
206	0.000233
207	-0.000902
208	-0.000733
209	0.004867
210	0.009214
211	-0.003849
212	-0.007770
213	-0.002805
214	-0.002420
215	-0.000790
216	0.000864
217	0.001705
218	-0.000482
219	-0.007254
220	0.001522
221	0.006549
222	-0.007757
223	0.000782
224	-0.004331
225	0.004887
226	0.003609
227	0.007810
228	-0.000310
229	-0.004930
230	0.001127
231	0.002702
232	-0.004306
233	-0.003812
234	-0.007755
235	0.000334
236	-0.005297
237	0.002272
238	-0.003546
239	0.001413
240	0.000846
241	0.000307
242	0.004512
243	-0.006864
244	0.004137
245	0.004951
246	-0.001058
247	-0.009957
248	-0.005280
249	0.006503
250	-0.004172
251	-0.000696
252	0.002749
253	-0.001346
254	0.008855
255	0.006233
256	-0.001895
257	0.003673
258	-0.000414
259	-0.002028
260	0.001693
261	0.000690
263	-0.002028
264	-0.005423
265	0.007516
266	-0.006338
267	0.012280
268	0.005830
269	-0.003751
270	0.004449
271	0.002034
272	-0.003621
273	0.003085
274	0.009465
275	-0.001626
276	-0.011205
277	0.001112
278	-0.005846
279	-0.001482
280	0.004203
281	0.000439
282	-0.000576
283	-0.001010
284	-0.003167
285	0.000454
286	0.004330
287	-0.000387
288	-0.000488
289	0.002281
290	0.010012
291	-0.001945
292	0.002662
293	-0.000236
294	-0.002570
295	0.009045
296	-0.000403
297	-0.003056
298	-0.001144
299	-0.005355
300	-0.007972
301	-0.001648
302	-0.000558
303	0.006973
304	-0.002734
305	-0.002094
306	0.004759
307	-0.003757
308	-0.004691
309	-0.008347
311	0.005314
313	0.003932
314	0.006825
316	-0.002804
317	0.008460
318	-0.000436
319	-0.005371
320	-0.007229
321	-0.002597
322	0.004688
323	-0.006649
324	0.003682
325	0.000008
327	-0.001092
328	-0.002683
330	-0.000604
331	0.004115
332	-0.010318
334	-0.004899
337	0.001132
338	0.001977
339	0.002521
340	-0.005331
342	-0.001921
344	0.000004
348	-0.001133
351	-0.000667
352	-0.000100
353	0.005022
354	0.003565
355	0.008939
356	-0.006284
357	-0.003839
358	0.005093
359	0.003763
360	-0.000260
361	0.002412
362	-0.000405
363	0.002566
366	0.002189
367	-0.007100
368	-0.001505
370	0.006585
371	0.001818
372	0.000021
373	0.009116
374	0.009341
375	0.004532
376	-0.005852
377	-0.007321
378	-0.004457
379	-0.000569
380	-0.004024
385	-0.005651
388	0.009042
390	0.000322
391	0.000602
392	0.005126
394	-0.005625
396	0.004867
397	0.004304
401	-0.005325
402	-0.006390
403	-0.006677
404	-0.001158
