# 372 minima projected onto PC32
Min	PC
1	0.177524
2	0.116731
3	-0.032037
4	-0.095045
5	-0.157812
6	0.021724
7	0.749243
8	0.431414
9	-0.343297
10	-0.346462
11	-0.171411
12	-0.012172
13	0.038191
14	-0.024809
15	-0.141910
16	-0.302102
17	-0.021690
18	0.264602
19	0.600478
20	0.424674
21	0.250731
22	-0.444751
23	-0.162375
24	0.212478
25	0.663140
26	0.266208
27	0.261326
28	0.377346
29	-0.453347
30	0.373512
31	0.089480
32	0.193055
33	-0.174375
34	0.331894
35	0.428541
36	-0.033548
37	0.076941
38	0.414980
39	-0.181957
40	0.005062
41	-0.137093
42	-0.219102
43	0.046192
44	0.079459
45	0.249743
46	0.106232
47	0.099111
48	-0.014766
49	0.069090
50	0.290394
51	0.045400
52	-0.104098
53	-0.606386
54	-0.125643
55	0.008236
56	-0.453319
57	-0.253062
58	0.296885
59	0.036996
60	0.112948
61	0.228398
62	-0.162173
63	-0.125258
64	-0.003612
65	0.122667
66	-0.157138
67	-0.180173
68	-0.531156
69	-0.382419
70	-0.320383
71	0.150821
72	-0.057633
73	-0.042570
74	0.265715
75	-0.032252
76	-0.190678
77	-0.333261
78	-0.324162
79	-0.700538
80	-0.259203
81	-0.214607
82	0.535736
83	0.219996
84	-0.204074
85	-0.262650
86	0.070594
87	-0.376531
88	0.525746
89	0.577136
90	0.633741
91	0.338020
92	0.129651
93	-0.530875
94	0.608560
95	0.471397
96	0.549628
97	-0.346130
98	-0.848795
99	0.155932
100	0.522183
101	0.042388
102	-1.364421
103	0.274970
104	0.416251
105	0.366223
106	-0.998817
107	-0.787310
108	-0.773113
109	0.181730
110	0.359539
111	0.503067
113	-0.132230
114	-0.105731
115	0.355912
116	0.107643
117	0.068407
118	0.303473
119	-0.235293
120	0.385885
121	-0.412972
122	-0.751083
123	0.186200
124	0.339010
125	0.526381
126	-0.075084
127	-0.268628
128	0.142509
129	0.022257
130	-1.494733
131	-0.016125
132	0.614676
133	0.266167
134	-0.222089
135	0.303053
136	0.284146
137	-0.737936
138	0.157627
139	-0.885740
140	-0.791703
141	0.261891
142	-0.549846
143	0.194518
144	0.792037
145	0.279025
146	-0.110212
147	-0.209413
148	0.208208
149	-0.132691
150	-0.193119
151	0.364258
152	0.105114
153	0.542530
154	-0.016010
155	-0.802071
156	-0.110708
157	0.106821
158	-0.022281
159	-0.093148
160	-0.209051
161	0.305702
162	0.083261
163	-0.451200
164	-0.062217
165	0.286850
166	-0.215211
167	-0.016013
168	0.611663
169	0.348450
170	-0.043360
171	-0.906846
172	0.385933
173	-0.007666
174	-0.179137
175	-0.043869
176	-0.386226
177	-0.318547
178	0.007111
179	0.662406
180	0.615048
181	0.008219
182	0.019145
183	0.030712
184	0.240322
185	0.069761
186	-0.042890
187	-0.045058
188	-0.254016
189	-0.044402
190	-0.018234
191	0.607132
192	0.137640
193	-0.247634
194	0.302768
195	-0.012081
196	0.374376
197	0.276209
198	0.113377
199	-0.082341
200	-0.407006
201	0.143920
202	0.495903
203	-0.497929
204	-0.114257
205	0.382357
206	-0.106973
207	-0.452901
208	0.282607
209	-0.100627
210	-0.129217
211	-0.330057
212	0.038349
213	0.196320
214	0.076184
215	0.280835
216	-0.005594
217	-0.356385
218	0.002964
219	-0.277570
220	-0.011047
221	0.304815
222	0.064855
223	-0.148074
224	0.320434
225	0.167701
226	0.098506
227	-0.262652
228	-0.365511
229	-0.178372
230	-0.155935
231	-0.025511
232	-0.205172
233	0.167825
234	-0.151186
235	-0.250423
236	-0.290054
237	0.275707
238	0.161503
239	0.133147
240	0.207618
241	0.199361
242	0.266735
243	0.178302
244	0.378555
245	0.106740
246	-0.424185
247	-0.062562
248	0.155655
249	-0.061260
250	-0.206404
251	0.237781
252	0.034750
253	0.003533
254	0.767983
255	0.281547
256	0.738074
257	-0.262230
258	0.091532
259	-0.423939
260	-0.078387
261	0.078337
263	0.335216
264	-0.043416
265	-0.097484
266	0.267691
267	-0.268639
268	-0.407754
269	0.138440
270	0.080172
271	-0.344089
272	0.186901
273	0.726678
274	0.248431
275	-0.162438
276	-0.440123
277	-0.476608
278	-0.258334
279	0.214664
280	-0.310554
281	0.589083
282	0.524851
283	-0.592532
284	0.368741
285	0.905459
286	0.579570
287	-0.394684
288	-0.182853
289	0.131313
290	0.077940
291	-0.843319
292	-0.682679
293	0.421413
294	-0.475407
295	-0.043417
296	-0.048394
297	-0.195738
298	0.100836
299	-0.583803
300	-0.146526
301	0.415320
302	0.003651
303	-0.012998
304	-0.331395
305	-0.663522
306	0.007443
307	0.589713
308	-0.054885
309	-0.329692
311	0.512334
313	0.064897
314	0.517906
316	-0.533671
317	-0.278288
318	0.299544
319	-0.148267
320	0.367542
321	0.249842
322	-0.178528
323	0.469903
324	-1.152390
325	0.111570
327	-0.115737
328	-0.381094
330	0.472747
331	0.032373
332	-0.011898
334	-0.249963
337	0.031843
338	0.211700
339	0.214290
340	0.213951
342	-0.040482
344	0.087652
348	0.472015
351	-0.356691
352	0.250973
353	0.405413
354	0.190368
355	-0.262405
356	0.341671
357	-0.141035
358	-0.572309
359	0.166927
360	-1.042698
361	-0.400153
362	0.325759
363	-0.034592
366	-0.066930
367	-0.027444
368	-1.153783
370	0.362107
371	0.236043
372	0.028120
373	0.155795
374	-0.008538
375	0.254242
376	-0.252498
377	-0.447487
378	0.427400
379	-0.418347
380	-0.141208
385	0.871320
388	-0.481794
390	-0.194277
391	-0.259461
392	0.067240
394	-0.373345
396	-0.623493
397	0.359506
401	0.681414
402	0.357831
403	-0.382443
404	0.031218
