# 372 minima projected onto PC28
Min	PC
1	-0.608212
2	0.069996
3	0.523064
4	0.300122
5	-0.407899
6	-0.464929
7	-0.091649
8	0.166716
9	-0.771103
10	0.766662
11	-0.000392
12	-0.933327
13	-0.491048
14	-0.633717
15	0.038743
16	0.442629
17	-0.158000
18	-0.201177
19	0.085242
20	0.108203
21	0.297052
22	0.395624
23	0.424459
24	0.994515
25	0.146586
26	-0.123047
27	-0.130948
28	0.158986
29	0.296699
30	0.155634
31	-0.102240
32	0.461374
33	0.913004
34	0.004825
35	0.422722
36	-0.182217
37	0.586017
38	-0.329483
39	-0.535571
40	-0.505160
41	-0.314604
42	-0.501952
43	-0.697371
44	-0.391896
45	0.580846
46	-0.354977
47	-0.207522
48	0.595857
49	0.117980
50	-0.010518
51	0.560470
52	0.583803
53	0.151593
54	0.515561
55	0.302701
56	0.331965
57	0.132936
58	-0.487125
59	-0.207545
60	0.350674
61	0.253618
62	0.115107
63	-0.402651
64	-0.478460
65	0.185866
66	-0.018584
67	0.079765
68	0.241241
69	0.289385
70	-0.708871
71	-0.609742
72	-0.616124
73	-0.599323
74	-0.153558
75	-0.082551
76	0.401849
77	0.536406
78	-0.088634
79	0.396670
80	0.213955
81	-0.031575
82	0.209718
83	-0.428785
84	-0.124665
85	0.050521
86	0.513727
87	0.451646
88	-0.464738
89	0.045133
90	-0.529696
91	-0.843078
92	0.730463
93	-0.311602
94	1.082736
95	1.153236
96	0.256076
97	-0.200236
98	-0.596181
99	-0.721716
100	0.498991
101	-0.082057
102	-0.295823
103	0.330621
104	-0.067361
105	0.430640
106	1.437033
107	1.030669
108	0.901282
109	0.588787
110	-1.053152
111	-0.972142
113	-0.245554
114	0.154197
115	-0.398960
116	0.021030
117	0.257794
118	0.534088
119	0.118270
120	-0.563973
121	0.413479
122	0.264942
123	0.003525
124	0.047541
125	0.068808
126	-0.222659
127	-0.020454
128	0.014861
129	0.610423
130	0.540974
131	-0.978510
132	0.290601
133	-0.233082
134	0.642565
135	0.146577
136	0.591704
137	-0.645216
138	0.195512
139	-0.828732
140	-0.259492
141	-0.548873
142	-0.210549
143	0.868825
144	0.270622
145	0.388611
146	0.188429
147	0.404164
148	0.774455
149	-0.380780
150	-0.419761
151	0.286548
152	-0.309849
153	0.295032
154	0.453951
155	-0.824832
156	0.097012
157	0.281568
158	0.065173
159	-0.548589
160	0.012323
161	-0.243597
162	0.180804
163	-0.247801
164	0.178201
165	-0.556077
166	0.296240
167	0.179798
168	-0.153578
169	-0.332546
170	-0.290300
171	-0.243541
172	-0.341996
173	0.142814
174	-0.011771
175	0.189931
176	-0.319573
177	0.309323
178	-0.530468
179	0.973412
180	1.152806
181	-0.154582
182	-0.618685
183	-0.296277
184	0.166755
185	-0.592774
186	0.079964
187	0.652826
188	0.693236
189	0.452989
190	0.046206
191	0.399147
192	-0.050740
193	0.250992
194	0.181435
195	-0.421493
196	0.332030
197	0.163043
198	-0.391943
199	0.037070
200	-0.576662
201	0.386516
202	0.213556
203	-0.192740
204	-0.471597
205	-0.224942
206	0.397203
207	-0.382910
208	-0.049564
209	-0.504688
210	0.129211
211	0.468740
212	0.064277
213	0.024658
214	-0.331288
215	-0.051324
216	0.035324
217	-0.629862
218	0.025511
219	0.362780
220	0.095479
221	-0.240293
222	0.235307
223	-0.077760
224	0.202420
225	-0.269848
226	-0.120004
227	-0.100480
228	-0.299407
229	0.304665
230	-0.527184
231	0.294292
232	-0.179699
233	0.862833
234	-0.448991
235	0.620384
236	-0.911908
237	-0.280750
238	-0.492349
239	-0.618131
240	0.100522
241	0.255810
242	0.729460
243	-0.200956
244	1.062630
245	0.498713
246	-0.854620
247	0.147311
248	1.039173
249	-0.031366
250	0.332636
251	0.513189
252	0.440048
253	-1.171019
254	-0.251506
255	0.573907
256	0.339752
257	-0.300647
258	-0.368808
259	0.257055
260	-0.021703
261	-0.775874
263	-0.901658
264	-0.003046
265	-0.371305
266	0.017036
267	-0.206492
268	0.083382
269	0.306645
270	-0.735388
271	-0.091713
272	0.071825
273	0.182327
274	-0.817288
275	-0.509183
276	0.168433
277	0.567633
278	0.149216
279	0.111444
280	0.698494
281	0.198930
282	0.824836
283	0.498235
284	-0.134407
285	-1.145620
286	-1.259870
287	0.274492
288	-0.320953
289	0.356435
290	-0.105641
291	0.219118
292	-0.314503
293	0.070302
294	-0.548867
295	0.303852
296	0.174644
297	0.575716
298	-0.342783
299	-0.113431
300	0.037344
301	-0.052780
302	-0.088863
303	-0.247076
304	-1.207932
305	0.543175
306	0.303425
307	0.317197
308	0.127621
309	-0.281356
311	-0.153070
313	-0.472144
314	-0.646639
316	-0.351311
317	-0.130739
318	-0.433129
319	1.019500
320	0.486261
321	0.265939
322	0.413390
323	-0.043055
324	0.841081
325	-0.399209
327	0.148653
328	-0.398530
330	-0.252719
331	0.188150
332	-0.463285
334	-0.790040
337	-0.463490
338	-0.730581
339	-0.165752
340	-0.490779
342	-0.419534
344	-0.554928
348	0.458040
351	0.831596
352	-0.943204
353	1.159953
354	0.275913
355	0.265123
356	0.232926
357	-0.630547
358	-0.644344
359	-0.303820
360	0.048312
361	-0.906778
362	-0.690271
363	-0.346430
366	0.056671
367	-0.165128
368	0.878173
370	-0.357631
371	-0.233340
372	0.369768
373	0.115326
374	-0.100774
375	-0.062356
376	0.023399
377	-0.146349
378	1.069498
379	-0.155895
380	-0.005955
385	-0.020920
388	-0.929194
390	-0.024113
391	0.716957
392	0.269407
394	0.420450
396	-0.216476
397	1.220740
401	-0.391364
402	-0.257410
403	-0.326940
404	-0.001619
