# 372 minima projected onto PC39
Min	PC
1	-0.039201
2	0.042960
3	0.073344
4	0.037266
5	-0.021333
6	0.055014
7	-0.033152
8	0.038941
9	0.062355
10	-0.143240
11	-0.072872
12	0.001547
13	-0.096897
14	0.080881
15	0.029716
16	-0.005328
17	-0.031128
18	-0.024702
19	-0.054676
20	-0.004042
21	-0.000902
22	-0.000194
23	-0.042239
24	-0.045234
25	-0.091900
26	0.051301
27	-0.177004
28	-0.009946
29	-0.035183
30	0.046527
31	-0.044117
32	0.076087
33	-0.023706
34	-0.033471
35	-0.005050
36	0.020184
37	0.041486
38	-0.066400
39	0.014791
40	0.006803
41	-0.129839
42	-0.031514
43	-0.180547
44	-0.082932
45	-0.152765
46	-0.007906
47	0.017617
48	0.019995
49	-0.037712
50	-0.069329
51	-0.153254
52	-0.077800
53	-0.260888
54	-0.173410
55	-0.010155
56	-0.023957
57	-0.009312
58	0.108577
59	0.061497
60	-0.017185
61	-0.100962
62	-0.014658
63	-0.102125
64	0.185698
65	0.041572
66	-0.010373
67	-0.106765
68	-0.016266
69	0.011745
70	-0.086579
71	-0.074477
72	-0.021800
73	0.059308
74	0.028093
75	0.083619
76	-0.141518
77	-0.075349
78	0.064462
79	-0.013154
80	0.021702
81	0.006232
82	-0.198868
83	-0.058543
84	0.141783
85	-0.048803
86	0.042065
87	0.046614
88	0.221725
89	0.076685
90	0.002765
91	-0.030671
92	0.175980
93	0.095503
94	-0.217016
95	-0.345421
96	-0.166048
97	-0.077224
98	-0.107413
99	-0.058744
100	-0.270924
101	0.096217
102	0.033216
103	0.055475
104	-0.087077
105	0.184677
106	-0.047985
107	0.084290
108	0.047764
109	0.071523
110	-0.103176
111	-0.004290
113	-0.077733
114	0.010752
115	0.124161
116	0.073992
117	0.004244
118	-0.052623
119	-0.133475
120	-0.083195
121	0.094795
122	0.143853
123	-0.196639
124	0.022265
125	0.030651
126	-0.137612
127	0.157627
128	0.008644
129	-0.064951
130	0.460544
131	0.178445
132	0.028320
133	-0.102011
134	0.008468
135	0.020302
136	-0.007583
137	-0.035869
138	0.008499
139	0.028018
140	0.092050
141	0.100569
142	0.058191
143	0.093270
144	0.031603
145	-0.183185
146	0.124512
147	0.172406
148	0.027786
149	0.077652
150	0.081922
151	-0.002121
152	0.191808
153	-0.048724
154	0.041265
155	0.021788
156	0.096464
157	-0.003641
158	-0.022011
159	0.048789
160	0.008302
161	-0.095562
162	-0.096259
163	0.072980
164	0.063303
165	-0.014646
166	0.027667
167	-0.035861
168	0.008428
169	-0.073952
170	0.078405
171	0.579711
172	0.071534
173	-0.041788
174	-0.094740
175	-0.084872
176	-0.076386
177	-0.427719
178	-0.487561
179	-0.006732
180	-0.271199
181	0.067871
182	0.159652
183	0.120963
184	0.048331
185	0.065212
186	0.054458
187	0.081136
188	-0.034914
189	0.101535
190	0.048248
191	-0.157682
192	-0.080037
193	-0.044287
194	0.013006
195	0.197655
196	0.119117
197	0.284571
198	0.109552
199	0.032180
200	0.050982
201	0.100086
202	0.017087
203	0.054045
204	0.020028
205	0.016164
206	0.001969
207	-0.027586
208	-0.037187
209	-0.063247
210	-0.016708
211	-0.050935
212	0.174860
213	0.076030
214	-0.014591
215	-0.049553
216	0.227793
217	-0.047297
218	0.488665
219	-0.151935
220	0.034334
221	0.099313
222	0.064880
223	-0.396351
224	-0.171623
225	0.321288
226	0.285432
227	-0.403031
228	0.109080
229	-0.046330
230	-0.006430
231	-0.049825
232	0.097802
233	0.067663
234	0.203158
235	0.026702
236	0.035486
237	0.005663
238	0.165397
239	0.255474
240	0.258620
241	0.138484
242	-0.104652
243	0.153532
244	-0.035947
245	-0.037206
246	0.119831
247	-0.055025
248	0.223014
249	-0.159019
250	0.063913
251	-0.051827
252	-0.040208
253	0.149223
254	0.173432
255	-0.102901
256	-0.064068
257	-0.003582
258	-0.191463
259	0.027678
260	-0.059694
261	-0.058078
263	-0.399854
264	0.258757
265	0.109391
266	0.412256
267	-0.512960
268	-0.286986
269	-0.032740
270	0.129366
271	0.173574
272	0.288501
273	0.197935
274	0.075674
275	-0.113870
276	0.034059
277	0.023933
278	-0.466046
279	-0.158828
280	0.080768
281	0.084481
282	-0.275801
283	0.018839
284	0.091971
285	-0.351392
286	-0.654275
287	-0.403102
288	-0.006615
289	-0.378390
290	0.141113
291	0.550425
292	-0.031734
293	-0.117461
294	-0.144874
295	0.090111
296	-0.144740
297	-0.467471
298	0.061675
299	0.238274
300	-0.077002
301	0.172846
302	-0.117674
303	0.163407
304	-0.173328
305	0.564958
306	-0.012051
307	0.101806
308	0.092739
309	-0.097173
311	0.137720
313	-0.062276
314	-0.126089
316	0.016866
317	0.151435
318	0.064727
319	-0.132198
320	0.039288
321	-0.212208
322	0.568044
323	0.068655
324	0.596319
325	-0.037590
327	-0.085024
328	-1.327834
330	0.002059
331	0.015630
332	0.004931
334	-0.072424
337	-0.115918
338	0.025713
339	0.266434
340	-0.145121
342	-0.107853
344	-0.066321
348	0.082369
351	-0.029955
352	0.073364
353	-0.049980
354	-0.297526
355	-0.044766
356	0.057283
357	0.112961
358	0.258345
359	0.187105
360	-0.959887
361	-0.129465
362	0.267933
363	0.199161
366	0.161932
367	0.108040
368	-0.925922
370	0.139685
371	0.170461
372	0.045456
373	-0.008492
374	0.312509
375	0.218023
376	0.095171
377	0.013507
378	-0.007947
379	0.192497
380	0.061294
385	0.330357
388	-0.063667
390	0.109371
391	-0.033672
392	0.110670
394	0.206877
396	-0.542397
397	0.286916
401	-0.070390
402	-0.157352
403	-0.073715
404	0.122724
