# 372 minima projected onto PC36
Min	PC
1	-0.090955
2	-0.045628
3	-0.160333
4	-0.036654
5	-0.001985
6	-0.035635
7	0.292868
8	-0.004801
9	-0.083285
10	-0.255820
11	-0.083055
12	-0.117947
13	0.207148
14	0.023190
15	0.057362
16	0.128251
17	-0.036635
18	0.211679
19	0.164651
20	0.265639
21	-0.114900
22	-0.020726
23	0.157566
24	-0.040608
25	0.442469
26	0.026591
27	0.196189
28	0.017220
29	-0.089121
30	-0.272469
31	0.134736
32	-0.021639
33	-0.184341
34	0.183367
35	0.097049
36	0.060630
37	0.022777
38	0.467302
39	-0.089511
40	-0.298479
41	0.061882
42	0.018633
43	0.273517
44	0.292072
45	-0.261750
46	0.223049
47	0.046067
48	0.185297
49	-0.052810
50	0.104933
51	-0.136209
52	0.054696
53	-0.141128
54	0.045814
55	-0.049027
56	-0.077245
57	0.031289
58	0.401451
59	0.175890
60	-0.033614
61	0.029857
62	0.228409
63	0.229850
64	-0.094560
65	0.015969
66	-0.087094
67	0.002772
68	-0.248995
69	-0.237102
70	-0.015763
71	-0.039268
72	-0.027328
73	-0.105984
74	-0.071040
75	-0.147082
76	-0.037033
77	-0.058044
78	-0.195593
79	-0.176244
80	-0.039551
81	-0.004215
82	0.117583
83	0.126822
84	-0.205251
85	-0.160293
86	-0.129286
87	0.132551
88	-0.029774
89	-0.109912
90	-0.040029
91	0.013092
92	-0.019580
93	-0.122034
94	-0.292182
95	0.039219
96	-0.517085
97	0.320331
98	-0.250593
99	0.079647
100	-0.250218
101	-0.140371
102	-0.357642
103	-0.134041
104	0.288963
105	-0.007334
106	-0.029671
107	0.172858
108	0.120682
109	0.068709
110	-0.159163
111	0.220041
113	0.243683
114	0.033280
115	-0.056533
116	-0.095494
117	-0.247715
118	-0.042091
119	0.231128
120	-0.092437
121	-0.133139
122	-0.408083
123	-0.269371
124	-0.431867
125	0.016845
126	0.316717
127	-0.196881
128	0.058136
129	-0.141073
130	0.697448
131	-0.038615
132	0.175975
133	-0.209305
134	-0.266226
135	-0.001689
136	-0.105711
137	-0.215377
138	0.138156
139	-0.217238
140	-0.017474
141	-0.076873
142	0.287446
143	-0.030540
144	-0.218780
145	-0.079967
146	0.045685
147	0.118917
148	0.192530
149	0.197486
150	0.197958
151	-0.135127
152	0.169164
153	0.203635
154	-0.146498
155	-0.032309
156	-0.200748
157	-0.175818
158	0.230152
159	0.164284
160	0.112642
161	0.255313
162	-0.083153
163	0.099284
164	0.011544
165	0.157696
166	-0.133882
167	-0.019457
168	0.109191
169	0.087166
170	0.115697
171	-0.039625
172	-0.110020
173	0.197701
174	-0.171015
175	0.105877
176	0.182971
177	-0.067509
178	0.206289
179	-0.132384
180	0.113952
181	0.143677
182	0.090830
183	-0.109064
184	-0.174415
185	-0.193145
186	0.235099
187	-0.044523
188	0.216673
189	-0.139706
190	0.004873
191	0.120573
192	0.155988
193	0.028001
194	0.087052
195	0.088883
196	-0.148538
197	-0.184233
198	-0.191483
199	0.256084
200	0.002348
201	-0.272594
202	0.025720
203	0.021152
204	0.268880
205	0.383321
206	0.185273
207	-0.079256
208	0.165841
209	-0.073812
210	0.418658
211	0.147913
212	0.223705
213	0.059742
214	-0.480338
215	0.013968
216	-0.245669
217	-0.720491
218	1.065594
219	0.000489
220	-0.520476
221	-0.065658
222	-0.025121
223	-0.122165
224	-0.255927
225	-0.115093
226	-0.259809
227	0.047193
228	-0.238133
229	-0.100060
230	0.213640
231	0.172935
232	-0.052458
233	-0.047875
234	-0.070030
235	-0.009884
236	0.030060
237	0.189581
238	0.137161
239	0.015620
240	0.139127
241	0.133000
242	-0.169951
243	0.164960
244	0.119651
245	0.044342
246	0.007127
247	-0.012469
248	-0.121719
249	-0.178502
250	-0.051360
251	-0.165732
252	-0.038239
253	0.051951
254	0.331019
255	-0.212577
256	0.168164
257	-0.002170
258	0.412709
259	0.048530
260	0.000005
261	0.125117
263	-0.261994
264	0.313737
265	0.023408
266	0.284745
267	0.580751
268	0.118953
269	0.057214
270	-0.089258
271	0.295091
272	-0.226806
273	0.007827
274	0.047460
275	0.033074
276	-0.079634
277	0.070880
278	-0.233991
279	0.387381
280	-0.311244
281	0.784672
282	0.099951
283	0.523871
284	-0.065413
285	-0.810289
286	-0.712655
287	0.304645
288	0.004475
289	0.018628
290	-0.091249
291	0.469695
292	0.441149
293	0.403835
294	0.262350
295	-0.270519
296	-0.182740
297	-0.304377
298	0.340954
299	-0.401126
300	-0.037560
301	0.293316
302	0.227568
303	0.120685
304	-0.964934
305	0.114876
306	-0.055640
307	0.032417
308	-0.133969
309	-0.123301
311	0.114153
313	0.246591
314	0.458305
316	-0.081365
317	0.184408
318	-0.094634
319	-0.226224
320	-0.271600
321	-0.397609
322	-0.577062
323	-0.060122
324	0.152448
325	-0.313836
327	0.137852
328	0.628958
330	0.543041
331	0.301309
332	-0.069354
334	0.242896
337	-0.092787
338	-0.268909
339	0.051810
340	-0.102402
342	0.192047
344	0.228290
348	-0.359524
351	-0.177979
352	-0.104795
353	-0.123961
354	0.119424
355	0.027436
356	0.016791
357	-0.091057
358	0.057340
359	-0.199385
360	1.307897
361	-1.312980
362	0.290088
363	-0.155023
366	0.020074
367	-0.214667
368	-0.575022
370	-0.146013
371	-0.175121
372	-0.525405
373	0.056210
374	0.322418
375	-0.082571
376	-0.176620
377	0.008618
378	-0.149110
379	-0.236426
380	-0.251433
385	-0.060912
388	-0.011249
390	-0.098313
391	0.306844
392	-0.013249
394	-0.328255
396	-0.530989
397	-0.103688
401	-0.165925
402	-0.163371
403	0.590209
404	-0.229854
