# 372 minima projected onto PC12
Min	PC
1	0.599758
2	1.724663
3	0.423142
4	1.523598
5	0.473541
6	2.491325
7	1.437386
8	-0.088652
9	-0.334495
10	0.302353
11	0.723754
12	0.211743
13	2.841946
14	2.172879
15	2.400392
16	1.938709
17	2.922619
18	2.140308
19	1.080918
20	0.676004
21	-1.035228
22	-0.416827
23	1.442129
24	1.501709
25	2.589291
26	-0.655968
27	-2.222989
28	1.562831
29	-1.018553
30	-0.688305
31	-0.209393
32	-1.200471
33	0.701381
34	1.717489
35	-1.222960
36	1.017597
37	0.537335
38	0.280992
39	0.105028
40	-0.598485
41	-2.700718
42	-1.835506
43	1.680357
44	2.239824
45	-1.977823
46	1.098078
47	-2.493597
48	-2.245764
49	-3.043938
50	-3.653269
51	0.680572
52	-0.331196
53	1.445029
54	-2.480629
55	-1.482707
56	-1.278136
57	-1.703757
58	-2.101742
59	-1.638151
60	-0.874863
61	-0.479749
62	1.115102
63	-0.223760
64	-0.898667
65	-0.116422
66	0.137940
67	-2.653295
68	-1.237670
69	1.837998
70	-2.424601
71	-1.197698
72	-1.593075
73	-1.431073
74	-0.355801
75	-0.688076
76	-0.685098
77	0.014851
78	0.765429
79	-0.017858
80	0.766341
81	-0.929672
82	-1.028164
83	-2.934396
84	0.391630
85	1.840931
86	0.730607
87	1.589264
88	-0.720078
89	1.385444
90	-0.153466
91	1.633264
92	0.590604
93	-0.276607
94	-1.854836
95	0.197882
96	3.194464
97	1.298741
98	-0.529118
99	0.489033
100	0.229174
101	-0.963130
102	2.235125
103	0.083309
104	1.302858
105	1.063815
106	0.586883
107	1.181779
108	0.347205
109	0.997923
110	0.282599
111	0.040848
113	0.095952
114	-0.447987
115	1.334711
116	0.468494
117	2.346017
118	-0.174759
119	-0.717049
120	-0.096128
121	-0.948998
122	1.140764
123	4.076720
124	3.356579
125	0.199005
126	0.108225
127	1.883956
128	-0.087721
129	0.993767
130	0.189902
131	1.247863
132	2.089411
133	0.322315
134	1.001397
135	-0.497584
136	0.154889
137	-0.297300
138	0.589329
139	0.196189
140	-0.092380
141	0.513011
142	0.637293
143	0.125318
144	1.005542
145	1.330028
146	0.786736
147	0.315896
148	-0.476663
149	-0.608857
150	1.743182
151	-0.543222
152	-1.347099
153	1.627260
154	-2.020989
155	1.106660
156	1.847954
157	0.411287
158	-0.945076
159	-2.716418
160	0.311558
161	1.620362
162	-0.120363
163	0.323698
164	-0.626966
165	-0.519765
166	0.947023
167	-0.928596
168	0.874832
169	0.863874
170	2.204784
171	0.376516
172	-0.789499
173	-0.873209
174	-2.976952
175	-2.622035
176	0.877114
177	-2.007022
178	-1.661237
179	-0.934401
180	-0.043755
181	0.480332
182	0.318265
183	-0.821453
184	-0.476923
185	0.744147
186	3.137185
187	-2.335456
188	-1.181986
189	-1.842580
190	0.769220
191	-2.036733
192	-3.271566
193	-2.127572
194	2.324188
195	-2.266632
196	-2.166181
197	-2.679643
198	-1.219468
199	-2.122340
200	-0.467070
201	-0.954770
202	0.954456
203	-0.167251
204	1.079507
205	1.191676
206	2.707148
207	1.373373
208	-1.180625
209	-1.028847
210	2.985220
211	2.562043
212	-1.940451
213	2.145167
214	1.402329
215	-0.568436
216	-0.199578
217	-0.041741
218	0.762507
219	3.642409
220	1.825874
221	2.092732
222	-0.816263
223	-4.050859
224	-3.951311
225	-1.925387
226	-1.556896
227	1.034962
228	-1.491984
229	-2.030979
230	-2.711695
231	-3.099180
232	-0.717697
233	0.786885
234	-1.646922
235	-0.437483
236	0.255054
237	-0.747853
238	-2.193064
239	0.711471
240	-1.663751
241	-1.129906
242	-1.614072
243	-2.731396
244	-0.060333
245	1.623929
246	-0.451442
247	-0.607481
248	0.908698
249	2.095015
250	-0.755792
251	-2.324546
252	-3.771251
253	-1.690462
254	-2.458051
255	-2.753804
256	-3.109370
257	1.300031
258	0.559296
259	-0.254051
260	1.039307
261	-0.001033
263	-0.833267
264	-3.858970
265	-1.492260
266	0.363140
267	2.445300
268	0.821071
269	-0.435740
270	0.899110
271	0.413776
272	0.572981
273	-0.244054
274	0.547429
275	-0.093471
276	0.629307
277	1.200334
278	-2.252517
279	3.488249
280	-1.065652
281	-1.943932
282	2.549947
283	-2.202515
284	-1.824308
285	0.954811
286	1.792228
287	4.977872
288	-0.567375
289	-2.745590
290	0.879194
291	0.411867
292	-0.897068
293	2.609411
294	3.156632
295	0.750345
296	2.156641
297	-2.788906
298	2.228968
299	0.424567
300	-0.001098
301	-0.559841
302	-1.858111
303	-1.111277
304	0.179274
305	0.532540
306	1.003497
307	-0.708638
308	-0.333817
309	-2.251884
311	0.432311
313	0.543786
314	1.215569
316	1.147354
317	-1.133264
318	2.519506
319	1.490203
320	-0.206389
321	0.630132
322	1.533556
323	-0.045669
324	-0.504924
325	2.231059
327	0.305251
328	0.378736
330	1.826697
331	2.252018
332	0.725844
334	-0.844399
337	-0.863863
338	0.125676
339	-0.793270
340	1.095431
342	0.307225
344	-0.679009
348	-0.100596
351	0.905411
352	0.055196
353	0.073369
354	-0.910217
355	-1.058767
356	1.498690
357	0.579703
358	2.234031
359	0.273978
360	-1.668386
361	-2.407247
362	-2.385533
363	-2.003533
366	-1.597095
367	-1.101950
368	-1.807923
370	-2.135169
371	0.498342
372	1.154328
373	-1.821107
374	0.085292
375	2.454518
376	1.140455
377	0.740797
378	2.081560
379	1.092896
380	1.838985
385	0.652494
388	-2.836191
390	1.220351
391	-1.323144
392	0.664896
394	-0.603472
396	1.820019
397	0.660022
401	-0.122422
402	1.718165
403	-0.641967
404	-1.100031
