# 372 minima projected onto PC51
Min	PC
1	-0.056880
2	0.002474
3	-0.045366
4	0.078179
5	-0.012664
6	0.082630
7	0.039732
8	-0.005567
9	0.108421
10	0.016604
11	0.090342
12	0.022658
13	-0.038647
14	-0.019335
15	0.082755
16	0.082586
17	0.189619
18	0.098573
19	0.086876
20	-0.071167
21	-0.048844
22	-0.047697
23	-0.035413
24	0.041107
25	0.022723
26	-0.055050
27	-0.053396
28	-0.003198
29	-0.021902
30	0.040776
31	-0.036434
32	0.015801
33	0.031712
34	0.058413
35	-0.003551
36	0.029842
37	0.056607
38	0.011860
39	0.135890
40	0.038143
41	-0.021420
42	0.025989
43	0.009455
44	-0.012759
45	0.079675
46	0.028787
47	0.075195
48	0.087636
49	0.125062
50	0.037051
51	-0.022235
52	-0.013873
53	0.014986
54	-0.006955
55	0.004316
56	-0.093508
57	0.185695
58	0.003364
59	0.053468
60	-0.013199
61	0.036008
62	-0.055773
63	-0.020968
64	0.000144
65	0.025118
66	0.011235
67	0.013841
68	0.005037
69	0.059369
70	-0.030790
71	-0.029268
72	0.002737
73	-0.056662
74	0.041674
75	-0.045383
76	-0.100428
77	-0.068121
78	0.112027
79	-0.000443
80	-0.066747
81	-0.022627
82	0.121556
83	-0.073779
84	0.010619
85	-0.043996
86	-0.070800
87	-0.063748
88	0.029378
89	0.066818
90	-0.042963
91	-0.018503
92	0.070984
93	0.036300
94	-0.010774
95	0.067200
96	0.020329
97	-0.006200
98	-0.037894
99	-0.097261
100	0.001381
101	0.000558
102	0.083937
103	-0.029531
104	-0.010417
105	-0.009849
106	0.023395
107	0.010921
108	0.067084
109	-0.013489
110	0.068102
111	0.004575
113	-0.039479
114	0.010826
115	0.007506
116	0.019942
117	0.005795
118	-0.039990
119	0.044370
120	-0.032816
121	0.058781
122	-0.056285
123	0.089210
124	-0.060314
125	0.035719
126	-0.018130
127	-0.019687
128	-0.074131
129	-0.030025
130	-0.093708
131	-0.012546
132	-0.061096
133	-0.025583
134	-0.030140
135	0.048338
136	0.065419
137	-0.076774
138	-0.016260
139	-0.078591
140	-0.029154
141	-0.084042
142	0.046065
143	-0.024568
144	0.127815
145	0.054945
146	-0.075503
147	0.034987
148	0.012195
149	-0.016651
150	0.119486
151	0.006846
152	-0.099766
153	0.096818
154	-0.058853
155	-0.006544
156	-0.049948
157	-0.025289
158	0.055183
159	0.012557
160	-0.123809
161	-0.133994
162	-0.067795
163	-0.011497
164	-0.069488
165	-0.096834
166	-0.013191
167	0.004352
168	-0.029000
169	-0.066467
170	-0.029936
171	0.039213
172	-0.010880
173	-0.087679
174	-0.017871
175	0.037348
176	-0.022970
177	0.011132
178	0.016093
179	0.028614
180	0.006267
181	-0.033691
182	-0.050504
183	-0.041534
184	-0.018600
185	0.000402
186	0.041790
187	-0.015156
188	0.100103
189	-0.054737
190	-0.030835
191	0.059690
192	-0.028354
193	-0.027647
194	0.019232
195	-0.008253
196	0.061825
197	-0.052115
198	0.009685
199	0.018657
200	-0.019250
201	-0.060212
202	0.063584
203	-0.043052
204	0.053777
205	-0.041401
206	-0.034745
207	0.116181
208	0.000583
209	-0.073086
210	0.120053
211	0.092658
212	-0.026515
213	-0.021127
214	-0.044210
215	0.001181
216	0.039581
217	0.018487
218	0.044804
219	-0.047260
220	-0.053793
221	0.058525
222	-0.050267
223	0.074350
224	0.028480
225	0.007280
226	-0.007234
227	-0.084731
228	-0.086867
229	-0.003974
230	-0.037563
231	-0.100751
232	0.081864
233	0.025095
234	0.054782
235	-0.079657
236	0.136806
237	0.009647
238	-0.017176
239	-0.087023
240	-0.033072
241	-0.032734
242	-0.025975
243	0.033451
244	-0.044352
245	-0.041481
246	0.048425
247	-0.030452
248	0.004342
249	0.002679
250	0.046573
251	-0.097000
252	-0.098401
253	-0.004599
254	-0.002392
255	-0.107075
256	0.200329
257	0.064616
258	-0.089857
259	-0.023357
260	-0.035717
261	-0.009980
263	0.043292
264	0.007236
265	-0.015817
266	-0.011374
267	-0.161878
268	0.055780
269	-0.020650
270	0.041878
271	-0.068790
272	-0.041987
273	0.062824
274	0.057760
275	-0.000012
276	0.029828
277	0.102399
278	0.023612
279	-0.050490
280	0.060229
281	0.026091
282	-0.074922
283	0.034296
284	0.028988
285	-0.056460
286	-0.032199
287	-0.123721
288	-0.071182
289	-0.052731
290	-0.011672
291	0.007473
292	0.177791
293	-0.037646
294	-0.065692
295	0.024508
296	0.036862
297	0.048420
298	0.058536
299	-0.055255
300	-0.069578
301	-0.083035
302	0.007901
303	-0.019369
304	-0.028477
305	0.027998
306	0.118240
307	-0.041810
308	-0.082832
309	-0.096610
311	0.032611
313	0.045694
314	0.108295
316	0.026112
317	0.029807
318	0.001937
319	-0.023169
320	0.033429
321	0.043771
322	-0.002276
323	0.009173
324	-0.086374
325	0.041814
327	-0.090175
328	-0.033010
330	-0.110178
331	0.015847
332	0.013771
334	0.074045
337	0.043156
338	0.033597
339	-0.079199
340	0.033764
342	0.017191
344	-0.078646
348	0.012298
351	-0.009837
352	-0.013649
353	0.036281
354	-0.025119
355	0.057132
356	-0.132007
357	-0.022157
358	0.026515
359	-0.017361
360	0.012151
361	0.018845
362	-0.002950
363	0.055280
366	-0.076443
367	0.007270
368	-0.013474
370	0.131169
371	-0.014854
372	-0.116792
373	0.036159
374	-0.172320
375	0.023289
376	0.081425
377	0.120269
378	-0.078632
379	0.031822
380	0.080174
385	0.059935
388	0.191601
390	-0.097918
391	0.122182
392	-0.028581
394	-0.061671
396	0.061229
397	0.075455
401	-0.167877
402	-0.025581
403	-0.001090
404	-0.151054
