# 372 minima projected onto PC19
Min	PC
1	0.218793
2	-0.274281
3	-0.459515
4	0.076987
5	0.397305
6	0.602689
7	0.688762
8	0.968352
9	0.026887
10	-0.985378
11	-1.544707
12	0.041900
13	0.943096
14	0.953772
15	0.170888
16	0.772475
17	0.936964
18	-0.834858
19	-0.893513
20	0.731494
21	-0.336438
22	-1.059759
23	-0.296969
24	-0.922745
25	0.803089
26	0.380781
27	0.567268
28	0.201820
29	-0.158787
30	0.917885
31	0.882164
32	0.087335
33	0.382046
34	0.496713
35	0.157626
36	0.054411
37	0.352278
38	-0.663871
39	0.410218
40	0.673805
41	0.452403
42	0.500646
43	0.024670
44	0.255921
45	-1.308938
46	-0.447503
47	0.151770
48	-1.399061
49	0.459109
50	-0.978451
51	-0.162669
52	0.682001
53	-1.198029
54	0.465811
55	0.474774
56	0.570606
57	-1.771045
58	-0.853717
59	-0.355638
60	0.712702
61	0.595132
62	-0.897759
63	-1.543813
64	-1.592276
65	-0.932324
66	0.082458
67	0.170151
68	0.535271
69	0.979848
70	-0.114263
71	-0.554799
72	0.374706
73	0.258393
74	-0.798601
75	0.569659
76	0.337912
77	-0.686571
78	0.323033
79	0.357123
80	-0.585056
81	-0.188995
82	-0.648283
83	-0.255299
84	0.183300
85	0.475162
86	0.112400
87	-0.214572
88	0.481297
89	0.634026
90	-0.408098
91	0.361872
92	-0.945929
93	-0.382860
94	0.160115
95	0.750349
96	0.171685
97	0.483272
98	-0.028540
99	-0.698945
100	-0.707171
101	-0.202701
102	1.196517
103	-0.800195
104	0.266223
105	-1.196659
106	0.906547
107	-0.409487
108	-0.704738
109	-0.589786
110	-0.133161
111	0.229915
113	0.308634
114	-0.194886
115	0.693770
116	0.087157
117	-0.026847
118	-0.165849
119	0.562253
120	-0.708600
121	-0.109172
122	0.252544
123	-0.204343
124	0.803544
125	-0.376828
126	-1.519721
127	0.194851
128	-0.073988
129	0.809491
130	-0.608912
131	0.885142
132	-0.099988
133	-1.348672
134	0.201693
135	-1.197115
136	0.337084
137	-0.177892
138	0.998088
139	0.399479
140	-0.108149
141	-0.071116
142	0.313291
143	0.609668
144	0.346099
145	0.452566
146	1.145082
147	-0.915340
148	-0.198388
149	0.000358
150	0.094835
151	0.200480
152	0.079636
153	-0.067215
154	-0.442491
155	0.789090
156	0.872188
157	0.494363
158	0.139060
159	-0.962627
160	-0.105597
161	0.829969
162	-1.158758
163	-0.720726
164	-0.395798
165	-0.443107
166	0.048167
167	0.165017
168	0.690295
169	0.500348
170	-0.853940
171	0.170591
172	0.363850
173	0.264480
174	-0.849034
175	-1.059650
176	0.939490
177	2.321182
178	1.157559
179	-1.247680
180	-0.001995
181	-0.439479
182	-0.836293
183	-1.176308
184	0.118795
185	1.054624
186	-0.912421
187	0.906766
188	-2.253866
189	0.259681
190	-1.191085
191	-0.125051
192	-0.122718
193	-0.135864
194	0.611205
195	0.936166
196	0.494215
197	0.454181
198	-0.833077
199	-1.300312
200	-0.262828
201	-0.437069
202	-0.985802
203	-0.769462
204	0.373511
205	0.531354
206	0.813211
207	-0.860852
208	-0.582843
209	-1.277922
210	0.510766
211	0.844324
212	-0.523028
213	-0.974544
214	-0.655340
215	-0.347822
216	-0.295056
217	-0.843175
218	-0.653573
219	-0.799117
220	-0.606404
221	-0.916807
222	-0.526452
223	2.608360
224	1.848642
225	0.340188
226	-0.004005
227	-0.576698
228	-0.331025
229	-0.407496
230	-1.040398
231	0.022825
232	-0.345737
233	0.612740
234	-0.960306
235	0.966198
236	-0.111734
237	-0.250588
238	1.218919
239	-1.095146
240	-0.727965
241	1.384040
242	-0.175932
243	-1.457965
244	-0.380886
245	0.935832
246	0.397526
247	-1.813318
248	-1.321644
249	-0.929082
250	1.428488
251	0.550573
252	-0.177142
253	-0.308578
254	0.084704
255	-0.860963
256	-0.294624
257	-0.323958
258	-0.497619
259	-0.957426
260	0.799661
261	-0.540029
263	-0.958357
264	0.016011
265	0.503473
266	-0.474515
267	-0.529790
268	0.435998
269	0.965609
270	1.004238
271	1.929142
272	1.560613
273	1.447430
274	0.358426
275	1.200823
276	-0.824660
277	-1.422434
278	-0.353830
279	-1.153832
280	-0.205923
281	1.424959
282	-0.202053
283	1.164379
284	0.190260
285	-0.227230
286	-0.210951
287	-0.470896
288	0.666119
289	0.354609
290	-0.051786
291	1.212597
292	-0.255390
293	-0.747315
294	-0.253185
295	-0.459127
296	-0.208131
297	1.092590
298	1.429854
299	-0.354735
300	-0.022651
301	0.904039
302	-0.515025
303	0.371058
304	0.495863
305	0.428427
306	-0.544508
307	0.579765
308	-0.332470
309	-1.111123
311	0.366215
313	0.300728
314	0.095224
316	-0.649229
317	0.600629
318	-0.011627
319	-0.146920
320	-0.661969
321	0.446015
322	-0.857675
323	0.061182
324	-0.322831
325	0.229190
327	0.701554
328	0.648192
330	0.041731
331	-0.262980
332	-0.191596
334	0.256178
337	0.120739
338	-0.900084
339	-0.747016
340	-0.741022
342	-0.334411
344	-1.351309
348	0.601171
351	0.098481
352	0.921250
353	-0.004851
354	0.922545
355	0.503243
356	0.272492
357	0.063566
358	0.599173
359	0.973968
360	-0.566647
361	-0.718015
362	-0.643440
363	-0.180481
366	0.921275
367	1.770709
368	0.096015
370	1.800728
371	0.711379
372	1.518611
373	1.251565
374	0.618469
375	-0.176596
376	0.605891
377	0.969279
378	0.488898
379	0.040479
380	-0.178710
385	0.053515
388	-1.113940
390	0.077921
391	1.809276
392	-0.723709
394	1.433585
396	-0.254602
397	-1.480934
401	-0.375527
402	-0.838759
403	0.559920
404	-0.159925
