# 372 minima projected onto PC55
Min	PC
1	0.028522
2	0.024264
3	0.046154
4	0.043203
5	0.006123
6	-0.030801
7	-0.010647
8	-0.016103
9	0.055826
10	0.025656
11	-0.049695
12	0.023570
13	-0.058521
14	-0.028218
15	0.064779
16	0.012560
17	-0.028604
18	0.006703
19	0.027470
20	-0.039492
21	0.076009
22	0.054241
23	0.074016
24	-0.006108
25	-0.005112
26	-0.004297
27	0.053380
28	-0.084754
29	0.074998
30	0.018011
31	-0.025058
32	0.082876
33	0.023262
34	-0.029234
35	0.039924
36	-0.080982
37	-0.072047
38	-0.049168
39	0.003706
40	0.011988
41	0.000709
42	-0.013475
43	0.037938
44	0.013829
45	-0.024559
46	0.021115
47	0.001406
48	-0.070595
49	0.070653
50	0.043003
51	0.001988
52	-0.019712
53	-0.000015
54	-0.020073
55	-0.018268
56	-0.060375
57	-0.078074
58	-0.034988
59	0.028218
60	0.000819
61	0.071610
62	0.002941
63	0.012643
64	-0.037845
65	-0.033550
66	-0.087666
67	-0.040985
68	-0.069874
69	-0.023159
70	-0.010418
71	0.074889
72	0.001809
73	0.063682
74	0.014467
75	0.081051
76	0.071760
77	0.000057
78	-0.091068
79	0.014488
80	-0.015838
81	0.002791
82	-0.070734
83	0.031421
84	-0.016283
85	0.011181
86	0.003091
87	-0.059893
88	-0.004240
89	0.022719
90	0.012085
91	0.019152
92	-0.006914
93	-0.002764
94	-0.037331
95	-0.062601
96	-0.005525
97	0.010678
98	0.024207
99	-0.029243
100	-0.009199
101	-0.022538
102	-0.058322
103	0.053612
104	-0.008438
105	-0.026855
106	-0.050204
107	-0.019554
108	-0.000893
109	-0.020808
110	-0.001950
111	0.001533
113	0.030329
114	-0.004159
115	0.024975
116	0.061614
117	-0.012462
118	0.054629
119	0.087578
120	0.014735
121	0.038387
122	-0.013353
123	0.008513
124	-0.064841
125	-0.001206
126	-0.004292
127	0.048240
128	-0.000731
129	0.002458
130	-0.058080
131	-0.117477
132	-0.038979
133	0.022637
134	0.074505
135	-0.018664
136	0.026117
137	0.016944
138	0.029420
139	0.031346
140	-0.021717
141	0.014383
142	-0.038032
143	-0.014520
144	-0.070212
145	0.054767
146	0.030850
147	-0.095004
148	-0.001322
149	-0.042689
150	0.005181
151	0.037292
152	0.053181
153	0.011480
154	0.039433
155	-0.018140
156	-0.027372
157	-0.078981
158	0.049867
159	-0.008986
160	-0.024602
161	0.049405
162	-0.023186
163	-0.074369
164	0.026480
165	-0.006713
166	0.004649
167	-0.025710
168	0.001155
169	0.038371
170	-0.008110
171	0.084478
172	-0.004565
173	-0.017029
174	-0.013866
175	0.005072
176	0.012567
177	-0.058319
178	-0.043408
179	-0.023011
180	-0.009483
181	-0.016997
182	0.002563
183	-0.055716
184	-0.006994
185	-0.051146
186	0.029567
187	0.013903
188	0.005974
189	0.043700
190	-0.103519
191	-0.000014
192	-0.009475
193	-0.030865
194	0.018055
195	0.003841
196	0.099778
197	0.025377
198	-0.021692
199	-0.008703
200	0.023097
201	0.007127
202	0.074476
203	0.038599
204	0.039902
205	-0.058435
206	-0.038930
207	-0.125439
208	0.042494
209	0.062463
210	0.016703
211	-0.007151
212	-0.043205
213	-0.093806
214	0.019704
215	0.012445
216	-0.009698
217	-0.042168
218	-0.010785
219	-0.040722
220	0.000320
221	0.024827
222	-0.000814
223	-0.006215
224	-0.045083
225	0.023290
226	-0.008511
227	-0.030126
228	-0.013020
229	0.004245
230	-0.022981
231	-0.003379
232	-0.000790
233	0.043687
234	0.043122
235	-0.031943
236	0.103907
237	0.086052
238	-0.025163
239	-0.000524
240	-0.005922
241	0.005219
242	0.068417
243	-0.034489
244	-0.016478
245	0.038315
246	-0.015178
247	0.025343
248	-0.028950
249	-0.035121
250	-0.069389
251	0.026236
252	-0.012808
253	0.036710
254	-0.021174
255	-0.045381
256	-0.003860
257	0.054571
258	-0.016113
259	-0.027582
260	0.020501
261	0.001187
263	-0.023784
264	0.037028
265	0.002667
266	-0.012399
267	0.026576
268	0.064259
269	0.047874
270	-0.028729
271	-0.095773
272	-0.085540
273	-0.036883
274	0.030412
275	-0.038319
276	0.020536
277	0.025318
278	0.036159
279	0.042429
280	-0.021096
281	-0.023146
282	-0.002855
283	-0.013104
284	0.016401
285	-0.010119
286	0.001584
287	0.033591
288	-0.002143
289	-0.033404
290	-0.027278
291	-0.018063
292	-0.028887
293	-0.035095
294	-0.018964
295	0.007566
296	-0.043782
297	-0.009030
298	-0.011756
299	-0.000742
300	0.050650
301	-0.003834
302	0.062215
303	-0.098741
304	0.023742
305	0.032938
306	-0.016976
307	0.041475
308	0.013618
309	0.067203
311	0.035697
313	0.013250
314	-0.015541
316	0.030759
317	0.015974
318	0.069319
319	-0.017410
320	0.020984
321	-0.013497
322	0.054201
323	-0.045231
324	0.038175
325	0.039907
327	0.047303
328	0.029597
330	-0.005266
331	0.058443
332	-0.029066
334	-0.007609
337	0.009822
338	-0.031693
339	0.030522
340	-0.003067
342	0.010896
344	-0.084259
348	0.001721
351	-0.047110
352	-0.064180
353	0.041634
354	-0.059326
355	-0.017869
356	0.055676
357	-0.030910
358	0.077301
359	-0.015035
360	0.061047
361	0.027322
362	-0.017782
363	0.004216
366	0.039316
367	0.034874
368	-0.060114
370	0.009848
371	-0.015809
372	-0.003921
373	-0.008207
374	-0.038846
375	0.055827
376	0.029408
377	0.054650
378	0.079506
379	0.085263
380	0.075768
385	-0.010798
388	-0.084502
390	0.031294
391	0.067656
392	-0.033625
394	-0.001162
396	0.004979
397	-0.008587
401	-0.011854
402	-0.014139
403	0.022044
404	-0.223411
