# 372 minima projected onto PC65
Min	PC
1	0.009264
2	0.021856
3	0.008069
4	0.008575
5	0.001272
6	-0.013282
7	-0.017497
8	0.000607
9	0.015686
10	0.019063
11	0.008558
12	0.023877
13	-0.010056
14	-0.009910
15	-0.004310
16	-0.004457
17	-0.005198
18	0.024928
19	-0.007146
20	-0.003545
21	0.007357
22	-0.002153
23	0.014767
24	-0.014476
25	-0.016765
26	0.019290
27	-0.003374
28	0.010037
29	0.016945
30	-0.020712
31	-0.005863
32	-0.000173
33	-0.005277
34	0.019358
35	0.011565
36	0.008321
37	0.002809
38	-0.020403
39	-0.005630
40	-0.027820
41	-0.000209
42	0.000593
43	0.019151
44	0.024189
45	0.005560
46	-0.013181
47	0.014836
48	-0.006545
49	0.008240
50	-0.010622
51	-0.012056
52	-0.001380
53	0.008250
54	0.019192
55	0.012879
56	0.008892
57	-0.009825
58	-0.014326
59	-0.017627
60	-0.017912
61	-0.016750
62	0.019776
63	0.003168
64	0.017755
65	0.004587
66	-0.006731
67	0.013765
68	0.006862
69	0.001625
70	-0.005367
71	-0.001922
72	-0.011685
73	0.016289
74	-0.028761
75	-0.006762
76	0.005678
77	-0.017487
78	0.011163
79	0.016472
80	0.009115
81	-0.026770
82	-0.010631
83	-0.000006
84	0.033241
85	-0.006831
86	0.005642
87	0.006448
88	0.021778
89	0.019309
90	0.012202
91	-0.015519
92	0.011108
93	-0.020148
94	0.013582
95	0.005915
96	-0.022879
97	-0.009774
98	-0.001964
99	-0.000123
100	0.018262
101	-0.004875
102	-0.007489
103	-0.002699
104	-0.005104
105	0.010007
106	0.005173
107	-0.025842
108	0.001170
109	-0.006386
110	0.017599
111	-0.014450
113	-0.005872
114	0.027723
115	-0.025003
116	-0.023384
117	-0.030870
118	0.001981
119	0.008711
120	0.012015
121	-0.009149
122	-0.013477
123	0.017675
124	-0.030377
125	-0.016965
126	-0.029288
127	-0.006435
128	-0.006177
129	0.007510
130	0.003783
131	0.006396
132	-0.010683
133	0.003760
134	0.012255
135	-0.015590
136	-0.000861
137	-0.007019
138	0.008085
139	0.000761
140	-0.008710
141	-0.016527
142	0.015970
143	0.020499
144	0.001104
145	0.004144
146	0.018499
147	0.010321
148	0.002976
149	0.002259
150	0.010243
151	-0.028509
152	-0.027076
153	-0.037235
154	-0.042705
155	-0.014483
156	-0.016584
157	-0.009913
158	0.019265
159	-0.001944
160	-0.016090
161	-0.017051
162	0.021437
163	0.022371
164	0.022742
165	-0.008705
166	0.004274
167	0.013090
168	0.005901
169	0.001842
170	0.005017
171	0.013537
172	0.018151
173	0.021080
174	-0.015365
175	-0.014257
176	0.021245
177	-0.008848
178	-0.013640
179	-0.018309
180	0.011212
181	0.013069
182	0.017390
183	-0.008981
184	0.028430
185	-0.002991
186	-0.003424
187	0.029514
188	-0.000681
189	0.013188
190	0.022231
191	0.016339
192	0.022800
193	-0.011087
194	0.004457
195	0.003627
196	0.019530
197	0.011597
198	0.019194
199	-0.021160
200	0.005854
201	-0.015606
202	-0.033970
203	-0.001995
204	-0.016630
205	-0.008805
206	0.017509
207	-0.000317
208	0.005642
209	-0.021135
210	-0.027725
211	-0.013294
212	0.026750
213	-0.010307
214	0.001660
215	-0.001872
216	0.027561
217	0.027802
218	-0.021341
219	-0.014265
220	-0.012103
221	0.014753
222	0.041864
223	-0.002782
224	0.006013
225	0.009324
226	0.006968
227	-0.015148
228	-0.005026
229	-0.006644
230	0.000752
231	-0.005856
232	-0.007376
233	-0.008554
234	-0.024277
235	-0.008026
236	-0.000556
237	-0.017263
238	0.019088
239	0.002699
240	0.022549
241	0.024273
242	-0.012797
243	0.003661
244	0.005018
245	-0.012532
246	0.002316
247	-0.020213
248	0.002289
249	0.007959
250	0.006556
251	0.002069
252	-0.019298
253	-0.017595
254	0.018878
255	-0.021231
256	0.000820
257	-0.014223
258	0.022824
259	-0.019323
260	-0.016249
261	0.001333
263	-0.009974
264	-0.010650
265	-0.001461
266	0.005196
267	0.019342
268	0.007614
269	-0.004722
270	0.003888
271	-0.019307
272	0.033049
273	0.020278
274	-0.004214
275	-0.019181
276	-0.006390
277	0.013258
278	-0.006370
279	-0.007913
280	-0.011296
281	-0.007266
282	-0.009491
283	0.003730
284	-0.011112
285	0.012155
286	-0.007506
287	0.015406
288	-0.003324
289	0.001750
290	0.000269
291	-0.010003
292	-0.005540
293	0.018750
294	0.028746
295	-0.021393
296	0.004835
297	-0.014891
298	-0.019323
299	-0.017076
300	0.008174
301	0.006634
302	0.007241
303	-0.004929
304	-0.005260
305	0.002464
306	0.000386
307	0.014614
308	0.008559
309	-0.023607
311	-0.010060
313	-0.006312
314	-0.004538
316	-0.005162
317	0.005719
318	-0.013280
319	-0.009477
320	0.004609
321	-0.005935
322	0.027054
323	0.021682
324	0.003862
325	-0.004032
327	-0.041831
328	0.055007
330	0.000363
331	0.012954
332	0.018554
334	0.013484
337	0.003240
338	0.016635
339	-0.010150
340	0.017942
342	-0.001816
344	-0.008456
348	-0.008005
351	-0.028253
352	-0.019416
353	-0.038413
354	-0.008317
355	0.010310
356	-0.005327
357	-0.007092
358	-0.004451
359	0.005526
360	0.000259
361	0.006752
362	-0.003795
363	0.005328
366	-0.000682
367	0.000872
368	-0.000726
370	0.005375
371	-0.021504
372	-0.005753
373	-0.026559
374	0.013304
375	-0.030482
376	0.017444
377	-0.013271
378	0.004641
379	0.015213
380	0.005704
385	0.036904
388	-0.021575
390	0.003767
391	0.012210
392	0.023538
394	0.015347
396	0.002345
397	0.014690
401	-0.015788
402	0.041268
403	-0.003565
404	-0.039234
