# 372 minima projected onto PC67
Min	PC
1	0.002569
2	-0.000429
3	0.007422
4	0.009458
5	-0.003497
6	-0.004948
7	-0.001605
8	0.007579
9	0.008627
10	-0.007019
11	0.005828
12	0.004988
13	0.010422
14	0.019975
15	-0.004585
16	0.006020
17	0.007735
18	0.000913
19	-0.003325
20	0.008519
21	-0.008124
22	0.003518
23	0.005422
24	0.002028
25	-0.005637
26	-0.012638
27	-0.003123
28	-0.008478
29	-0.009769
30	0.010105
31	0.001929
32	0.003840
33	0.007184
34	-0.004170
35	0.010321
36	0.000482
37	-0.000662
38	-0.019822
39	-0.003581
40	-0.008561
41	0.006532
42	-0.004591
43	0.006179
44	0.009132
45	0.001269
46	0.004957
47	-0.002119
48	-0.009682
49	0.009854
50	-0.007141
51	0.006981
52	0.019037
53	-0.005402
54	0.009551
55	-0.000167
56	0.012378
57	-0.007855
58	-0.032785
59	-0.000685
60	-0.001741
61	-0.006196
62	-0.007296
63	-0.005233
64	0.011258
65	-0.012414
66	-0.006979
67	-0.006255
68	-0.006787
69	-0.005690
70	-0.021422
71	0.012546
72	-0.009605
73	-0.007397
74	0.019916
75	-0.017618
76	0.014406
77	-0.001945
78	-0.019661
79	-0.008336
80	-0.005472
81	-0.013396
82	-0.028121
83	0.006479
84	0.004613
85	0.005946
86	-0.002359
87	-0.003812
88	-0.009334
89	0.005471
90	-0.004198
91	0.011404
92	0.007451
93	0.010642
94	-0.000723
95	-0.010813
96	-0.009306
97	-0.013486
98	-0.002962
99	0.004993
100	-0.004047
101	0.002789
102	0.003220
103	0.016483
104	0.001726
105	0.007156
106	0.011267
107	-0.040826
108	0.011900
109	-0.007540
110	0.004207
111	0.001801
113	-0.015301
114	-0.013160
115	0.013074
116	0.003655
117	-0.008781
118	0.001864
119	-0.006162
120	0.011993
121	0.022288
122	0.012004
123	0.019038
124	0.004221
125	-0.016943
126	0.028511
127	-0.011455
128	-0.004130
129	0.004008
130	0.007386
131	-0.011165
132	-0.025095
133	0.005145
134	-0.007704
135	0.000625
136	0.017539
137	0.016280
138	-0.001228
139	-0.012712
140	-0.002025
141	-0.002582
142	0.001623
143	0.006135
144	-0.009912
145	0.024848
146	-0.004262
147	0.011150
148	0.011873
149	-0.012075
150	-0.020695
151	0.001263
152	0.028091
153	0.003187
154	0.017010
155	0.007103
156	0.006590
157	0.010649
158	0.005765
159	-0.002430
160	-0.002908
161	0.004670
162	-0.005717
163	0.007901
164	-0.010274
165	-0.011955
166	0.009026
167	-0.001855
168	-0.012747
169	-0.001634
170	-0.024837
171	-0.012424
172	0.014987
173	-0.004199
174	-0.017408
175	0.000698
176	-0.004362
177	0.022508
178	-0.004318
179	-0.013409
180	-0.023229
181	-0.017309
182	-0.009997
183	-0.001642
184	0.000022
185	-0.013134
186	-0.030079
187	-0.001802
188	0.016980
189	-0.006445
190	0.025689
191	-0.012382
192	0.001743
193	0.005479
194	-0.005110
195	0.004521
196	0.023867
197	0.001996
198	0.010193
199	-0.015640
200	0.009734
201	-0.005871
202	-0.017790
203	-0.015010
204	-0.002742
205	0.025493
206	0.014898
207	0.039038
208	-0.004780
209	-0.001475
210	-0.004199
211	-0.005919
212	0.009154
213	0.002082
214	-0.008623
215	0.008999
216	-0.005396
217	0.005242
218	0.015794
219	0.007410
220	-0.016028
221	-0.041175
222	-0.040037
223	-0.009948
224	-0.007715
225	-0.023332
226	-0.021735
227	-0.017144
228	0.001191
229	-0.002206
230	0.006428
231	0.000925
232	-0.007073
233	-0.001708
234	0.007772
235	-0.010073
236	-0.021531
237	-0.003523
238	-0.001141
239	0.004948
240	0.011694
241	-0.011489
242	-0.022381
243	0.024142
244	0.009677
245	0.006088
246	-0.023542
247	0.000089
248	-0.014558
249	0.023858
250	-0.005357
251	0.000080
252	-0.002952
253	-0.011729
254	0.004712
255	-0.000123
256	-0.024115
257	-0.000952
258	0.029455
259	-0.000508
260	0.007529
261	0.007981
263	-0.002610
264	-0.001566
265	-0.018385
266	0.019723
267	-0.004337
268	0.007829
269	0.006459
270	-0.005139
271	-0.058251
272	-0.011994
273	0.013432
274	0.013432
275	0.006996
276	0.020688
277	0.011409
278	0.000536
279	-0.012477
280	0.015486
281	0.015587
282	0.002508
283	-0.003510
284	-0.009333
285	-0.011406
286	0.003242
287	-0.037850
288	-0.010069
289	0.012822
290	0.006483
291	0.004294
292	-0.007349
293	0.008869
294	-0.016528
295	0.013662
296	0.006288
297	-0.003776
298	0.018321
299	0.010640
300	-0.016744
301	0.006083
302	0.010613
303	0.012588
304	0.008105
305	-0.014076
306	0.005916
307	-0.004024
308	0.007944
309	-0.003796
311	-0.004657
313	0.008237
314	0.006326
316	-0.001985
317	0.003421
318	0.017556
319	0.007648
320	-0.007538
321	-0.004585
322	0.013988
323	0.021326
324	0.022595
325	-0.007326
327	-0.024590
328	0.023276
330	0.002220
331	-0.009308
332	-0.018315
334	-0.009597
337	-0.007696
338	-0.001625
339	0.003920
340	-0.001523
342	0.008345
344	0.010354
348	0.019649
351	-0.013058
352	-0.010839
353	-0.001568
354	-0.003811
355	-0.001316
356	0.004265
357	0.019608
358	-0.016084
359	0.003256
360	0.004786
361	-0.003638
362	-0.006979
363	-0.003042
366	-0.005353
367	-0.009066
368	-0.001220
370	0.006389
371	0.010276
372	-0.000992
373	0.004970
374	0.010169
375	0.019925
376	0.011001
377	0.015751
378	-0.005685
379	0.002948
380	0.002003
385	0.009365
388	0.024722
390	0.005787
391	0.018720
392	-0.017105
394	0.008451
396	-0.006433
397	-0.009901
401	0.057345
402	-0.000838
403	-0.000870
404	-0.004947
