# 372 minima projected onto PC11
Min	PC
1	-0.692229
2	-0.543679
3	-1.582035
4	-0.427227
5	2.430202
6	3.271137
7	3.970118
8	2.702132
9	3.227612
10	2.308545
11	4.408596
12	0.050155
13	-0.152153
14	3.418355
15	2.117657
16	2.558591
17	-0.309484
18	0.303238
19	-0.407187
20	-1.634777
21	-2.080568
22	-0.129333
23	-0.421991
24	1.399209
25	-0.333000
26	-1.906944
27	-2.660633
28	-0.393059
29	1.495018
30	1.809487
31	-2.167255
32	-2.506238
33	1.107230
34	-1.121358
35	-2.411770
36	3.698289
37	0.768213
38	2.556734
39	-2.534654
40	1.724373
41	0.601534
42	-3.282556
43	-1.550687
44	-1.664730
45	2.629102
46	2.286160
47	-2.301079
48	-1.676866
49	0.946651
50	2.038948
51	2.502156
52	1.893058
53	1.169685
54	1.207102
55	2.004738
56	2.776732
57	-2.495511
58	0.329451
59	0.240356
60	0.787631
61	0.660748
62	-1.650263
63	1.423188
64	1.855389
65	0.638151
66	-2.311645
67	-2.126333
68	-0.730945
69	-0.538486
70	1.407535
71	0.777926
72	-1.709384
73	1.326360
74	-1.379563
75	-0.661893
76	0.956181
77	-1.299709
78	-1.189405
79	1.559372
80	-0.645884
81	-0.623313
82	-1.854264
83	-1.281557
84	1.361376
85	-1.257982
86	-2.330317
87	-2.399170
88	-0.599350
89	-2.929767
90	-1.953572
91	-1.579411
92	0.443102
93	-1.917363
94	0.417345
95	-1.751512
96	-2.884980
97	-1.104574
98	-1.669835
99	0.542493
100	1.134834
101	-1.067174
102	-2.712816
103	-1.642638
104	-0.417268
105	-0.774688
106	-1.104446
107	0.058819
108	0.144456
109	-2.588068
110	-1.632107
111	-2.463115
113	-0.544175
114	-2.298706
115	-1.456519
116	-2.927971
117	-1.781477
118	-1.869368
119	-4.044319
120	0.831064
121	-2.395122
122	-0.895619
123	-1.594370
124	-3.222654
125	-1.105302
126	-0.245345
127	-3.381108
128	-1.677474
129	0.767239
130	0.823218
131	-1.947605
132	-0.701161
133	1.543275
134	1.446370
135	0.995063
136	1.475162
137	1.111912
138	2.249425
139	2.105734
140	1.122131
141	1.819138
142	2.189439
143	2.155247
144	2.189010
145	-3.204032
146	-2.618423
147	-3.971332
148	-3.262518
149	-3.138752
150	-1.085516
151	1.265102
152	-1.368127
153	2.546945
154	-0.515094
155	-1.261631
156	3.394953
157	2.033741
158	-3.939728
159	-0.464564
160	0.716384
161	-1.661829
162	2.257524
163	-3.240318
164	-3.698247
165	1.225346
166	-1.674223
167	2.168673
168	-2.363993
169	-3.231084
170	-1.724461
171	-0.645781
172	2.711884
173	3.780370
174	-1.256233
175	-1.432359
176	0.053348
177	1.058475
178	3.039564
179	-0.400799
180	0.406116
181	3.007166
182	2.771777
183	1.854416
184	2.187918
185	0.082783
186	0.449248
187	1.886756
188	-0.943659
189	-0.453594
190	0.720302
191	1.435859
192	2.285289
193	3.288492
194	0.232370
195	0.122346
196	-0.771634
197	0.815285
198	0.055330
199	0.301104
200	-0.842088
201	0.665153
202	2.155045
203	1.873967
204	-0.037768
205	0.819731
206	0.382766
207	1.777322
208	1.226843
209	0.834297
210	2.114134
211	2.425796
212	2.139724
213	2.478192
214	2.080291
215	2.421629
216	2.191892
217	0.783012
218	1.020019
219	0.266790
220	0.463008
221	1.898652
222	0.160397
223	1.459714
224	1.130148
225	0.115209
226	0.037103
227	-1.769139
228	1.249393
229	-0.165715
230	-0.959009
231	-2.133456
232	0.248497
233	-0.352054
234	0.595925
235	0.440120
236	-0.164683
237	-1.198377
238	-0.382793
239	1.641178
240	-0.186911
241	0.047055
242	-0.126978
243	-0.506727
244	0.742309
245	1.452624
246	-0.299301
247	0.223060
248	-0.770938
249	-0.947234
250	-2.181665
251	-0.645269
252	-0.550517
253	-0.409902
254	-1.394338
255	-0.064775
256	-0.694349
257	-0.680089
258	-1.330696
259	0.338208
260	0.773489
261	-0.650437
263	-0.179954
264	1.187156
265	1.003072
266	-0.254740
267	-2.408066
268	-2.448976
269	-2.173889
270	-1.614795
271	-1.396544
272	-1.996253
273	-1.096192
274	-1.519392
275	-0.798447
276	-0.423279
277	-0.854277
278	0.546372
279	0.640370
280	0.082099
281	0.564352
282	2.067315
283	1.374805
284	1.425485
285	0.660707
286	-0.205948
287	0.325194
288	2.152481
289	1.068952
290	0.018222
291	1.281001
292	1.511987
293	-0.899806
294	-0.495689
295	0.258675
296	-0.891152
297	1.282262
298	-2.124935
299	1.270516
300	0.992947
301	0.625039
302	1.708682
303	0.324179
304	0.305375
305	1.070748
306	-0.797973
307	-0.330935
308	-1.248179
309	1.985328
311	0.165572
313	1.435774
314	1.711381
316	0.792772
317	2.401351
318	0.339846
319	1.418296
320	-0.278346
321	0.426187
322	0.220791
323	0.368676
324	-0.182422
325	-0.739237
327	1.662716
328	1.587296
330	2.467190
331	0.014231
332	0.626097
334	1.553341
337	1.251078
338	0.464065
339	-2.029856
340	0.926515
342	2.212462
344	-1.630623
348	-0.633682
351	-1.385971
352	0.715161
353	-1.529423
354	-1.114481
355	-0.478776
356	0.315872
357	-0.022578
358	0.601224
359	1.322574
360	-2.888954
361	-2.608643
362	-2.028551
363	-1.966848
366	-0.691797
367	-0.703059
368	-1.725567
370	-0.038056
371	1.194576
372	1.082371
373	0.596202
374	-0.554053
375	0.248063
376	0.023142
377	0.479211
378	0.634169
379	-0.731200
380	-0.811053
385	-0.821803
388	-2.494250
390	2.559490
391	-1.702152
392	-2.846596
394	1.888536
396	0.049228
397	0.130628
401	-1.302607
402	0.165379
403	0.596287
404	-3.346291
