# 372 minima projected onto PC1
Min	PC
1	1.866788
2	-2.239098
3	-3.712107
4	-1.046898
5	0.848980
6	-0.564723
7	1.110136
8	-0.474391
9	3.136020
10	1.718917
11	2.625756
12	4.345764
13	2.575097
14	1.378201
15	-4.412109
16	-2.388377
17	0.892246
18	0.178510
19	-1.963576
20	0.353137
21	-3.101372
22	3.400599
23	1.391639
24	1.733374
25	2.142276
26	2.481917
27	-0.417048
28	4.856940
29	2.526242
30	-1.160459
31	1.010957
32	-3.485418
33	-4.611913
34	7.522352
35	-4.942024
36	4.018103
37	2.637203
38	5.565046
39	-1.231872
40	-3.133339
41	-1.011493
42	0.154314
43	5.666876
44	4.775811
45	0.477110
46	4.173164
47	2.354363
48	2.381641
49	1.082948
50	1.175525
51	4.123990
52	4.660218
53	5.253748
54	-0.378849
55	1.839349
56	1.180623
57	0.208921
58	3.745404
59	2.318543
60	-4.615251
61	-6.899486
62	6.035692
63	4.054945
64	1.748618
65	5.107092
66	-2.418252
67	0.479389
68	2.096054
69	0.104521
70	0.039943
71	0.672608
72	0.421820
73	3.346684
74	1.260544
75	4.750978
76	-0.556986
77	0.644224
78	6.086425
79	3.374996
80	4.237194
81	3.412989
82	-1.675258
83	-0.850809
84	5.043271
85	-0.933657
86	-5.998636
87	3.909986
88	3.300411
89	5.469356
90	-3.619191
91	-0.537226
92	-5.423037
93	-0.634765
94	-3.365730
95	3.541585
96	8.384104
97	3.772747
98	-3.977754
99	-5.518239
100	6.333677
101	-3.134858
102	4.308602
103	-2.481411
104	1.950462
105	-7.934831
106	4.181787
107	3.225757
108	2.355880
109	2.808363
110	4.832044
111	-5.038535
113	1.408911
114	3.371462
115	-1.516645
116	4.532793
117	-3.128570
118	5.989698
119	2.054566
120	3.995319
121	-1.264418
122	0.042642
123	8.020220
124	7.042929
125	2.550998
126	-2.371371
127	-6.731153
128	-0.644760
129	-6.763277
130	1.480206
131	-2.539808
132	0.037336
133	0.136188
134	-2.086299
135	1.549852
136	-3.770124
137	-5.568220
138	1.432079
139	-1.427039
140	-1.705946
141	-2.279128
142	3.351519
143	1.343832
144	-4.318720
145	6.703239
146	4.785914
147	5.092598
148	4.516915
149	-6.481635
150	-5.120679
151	-5.284259
152	-2.190664
153	-3.770433
154	0.487369
155	-1.171706
156	-1.174481
157	-3.129240
158	4.261188
159	-3.031591
160	-2.435042
161	2.209347
162	3.039497
163	-1.117779
164	-3.447538
165	6.177067
166	5.856767
167	-3.141167
168	7.406411
169	5.518231
170	-2.110713
171	-2.312099
172	-1.733868
173	2.771578
174	0.671120
175	-1.149003
176	1.896655
177	-7.440668
178	-5.720429
179	0.636076
180	-0.219471
181	-2.890663
182	-1.076710
183	-0.967395
184	-4.740120
185	4.915859
186	-8.451299
187	2.824765
188	-3.540030
189	3.289498
190	2.278194
191	-2.130768
192	-0.192001
193	3.932548
194	-8.397778
195	-8.083747
196	-5.144440
197	-6.206564
198	3.247723
199	2.941073
200	-3.812202
201	0.990083
202	2.191733
203	3.802072
204	-8.388644
205	-5.860484
206	-7.374485
207	1.800129
208	4.397659
209	3.219687
210	-6.694454
211	-5.490861
212	3.597894
213	6.390630
214	4.411923
215	-3.396657
216	-3.752702
217	4.367692
218	7.383219
219	-6.315445
220	6.743351
221	-2.975228
222	-3.566603
223	-7.653371
224	-7.132531
225	-7.451955
226	-6.278704
227	-9.148194
228	-0.311717
229	-0.362096
230	-2.778200
231	-1.162956
232	4.115347
233	5.452864
234	1.969972
235	1.607736
236	-8.019665
237	0.895863
238	2.198944
239	2.326747
240	0.345199
241	5.366433
242	3.221907
243	-0.654263
244	4.359237
245	5.095975
246	2.394587
247	-1.475752
248	-6.306835
249	-8.502085
250	-3.250674
251	3.196031
252	2.522562
253	0.550269
254	-2.610698
255	1.518371
256	-0.735389
257	2.321070
258	-2.528262
259	0.009975
260	-4.931351
261	1.058895
263	-3.614234
264	-2.282951
265	-5.320446
266	-9.011595
267	-9.171250
268	-6.304969
269	-3.155715
270	-4.352216
271	0.921301
272	-5.012407
273	-3.652618
274	-4.513305
275	6.216101
276	-7.990430
277	-4.460030
278	-0.770771
279	-5.848041
280	-1.544246
281	-4.568315
282	3.401713
283	-3.784347
284	-4.494979
285	-5.428607
286	-4.299071
287	-7.866223
288	-6.008256
289	-1.884600
290	-7.822721
291	-1.676373
292	1.336812
293	-8.468650
294	-7.832031
295	-5.948146
296	-6.031563
297	-5.686651
298	-4.646150
299	-2.214695
300	-3.284756
301	-1.640743
302	-0.505867
303	-3.044982
304	-4.978249
305	-2.867556
306	-5.684216
307	-0.092370
308	-2.978715
309	0.228990
311	3.408973
313	5.493184
314	3.618170
316	0.067937
317	4.504872
318	-4.948811
319	0.066984
320	-1.571522
321	-1.686573
322	-5.268985
323	0.787998
324	-0.184366
325	-0.876370
327	6.277044
328	4.307603
330	0.506413
331	-0.079940
332	1.327791
334	5.216023
337	2.754088
338	0.520609
339	4.934117
340	2.578073
342	4.888725
344	2.792807
348	6.089641
351	2.527401
352	6.044310
353	4.266400
354	4.386887
355	3.016764
356	2.387198
357	3.719152
358	4.513839
359	7.642378
360	2.672192
361	2.600365
362	3.768517
363	2.580537
366	4.511936
367	5.283901
368	1.138215
370	6.765888
371	5.490738
372	4.870196
373	-7.763261
374	-5.278333
375	6.028103
376	5.787476
377	6.228773
378	2.770397
379	4.071688
380	4.270434
385	-4.121108
388	-3.817786
390	-2.941130
391	0.302821
392	-3.203949
394	3.807263
396	-1.221597
397	-2.896533
401	4.574768
402	0.117845
403	4.874763
404	-2.537633
