# 372 minima projected onto PC71
Min	PC
1	0.011369
2	0.002639
3	0.006270
4	-0.011617
5	0.009565
6	0.008616
7	-0.005952
8	0.007631
9	0.002733
10	0.001149
11	-0.000807
12	0.007362
13	-0.000555
14	0.002754
15	-0.000675
16	0.003656
17	-0.007951
18	0.004458
19	-0.013032
20	0.010347
21	-0.008949
22	-0.002254
23	-0.005291
24	0.000505
25	-0.019632
26	0.003837
27	0.010694
28	-0.003757
29	0.004566
30	0.003885
31	0.007424
32	0.000035
33	0.002622
34	-0.019166
35	0.011908
36	-0.002748
37	-0.005373
38	-0.008399
39	0.004914
40	0.004135
41	-0.007813
42	0.003974
43	-0.001589
44	0.009264
45	0.000229
46	0.004952
47	0.012035
48	0.001397
49	-0.006312
50	0.007217
51	0.001445
52	-0.002819
53	0.001846
54	-0.008529
55	-0.002206
56	-0.005556
57	-0.005940
58	-0.008433
59	-0.001803
60	0.007064
61	0.005670
62	-0.006003
63	-0.009351
64	-0.009649
65	0.006790
66	0.006975
67	0.002608
68	-0.000518
69	-0.007243
70	0.009212
71	0.009918
72	-0.007159
73	0.012368
74	-0.013189
75	-0.011912
76	-0.013756
77	-0.007525
78	0.007605
79	-0.004509
80	-0.004545
81	-0.004721
82	-0.006479
83	0.009985
84	-0.013512
85	0.002774
86	0.012550
87	-0.009046
88	-0.013912
89	-0.007181
90	-0.001750
91	-0.002668
92	-0.001197
93	0.001807
94	0.003322
95	0.003675
96	0.019389
97	-0.008414
98	-0.014246
99	-0.004004
100	0.007599
101	0.006087
102	0.001375
103	-0.011547
104	0.000887
105	0.000255
106	-0.006759
107	0.012522
108	-0.003043
109	0.006019
110	0.013742
111	0.003176
113	-0.010385
114	0.002121
115	-0.010810
116	-0.003310
117	-0.006548
118	-0.000396
119	0.007778
120	-0.005825
121	0.001873
122	-0.001855
123	0.011097
124	-0.005558
125	0.001492
126	-0.002128
127	0.003713
128	0.000079
129	0.002661
130	-0.004828
131	-0.012059
132	-0.000796
133	0.007228
134	-0.006489
135	-0.006356
136	0.000270
137	-0.008323
138	-0.004029
139	0.009711
140	0.012153
141	0.005851
142	-0.003370
143	-0.001125
144	-0.001461
145	0.002235
146	0.005435
147	0.008699
148	0.000450
149	0.010939
150	0.007169
151	0.004735
152	-0.001136
153	-0.002360
154	0.007378
155	-0.009503
156	-0.005385
157	0.006713
158	-0.004473
159	-0.005604
160	0.001733
161	-0.020937
162	0.003057
163	-0.008338
164	0.015319
165	0.007006
166	-0.010654
167	0.004823
168	0.010495
169	0.003049
170	0.002296
171	0.000126
172	-0.013890
173	-0.005769
174	-0.004476
175	-0.009981
176	0.003717
177	0.006880
178	0.014712
179	-0.005792
180	0.005269
181	0.003100
182	0.005756
183	-0.001995
184	0.002634
185	0.005762
186	0.005338
187	0.005319
188	-0.005117
189	0.008739
190	-0.019432
191	-0.009264
192	-0.000241
193	-0.006967
194	0.001386
195	-0.010831
196	-0.007773
197	-0.013741
198	-0.011138
199	-0.005145
200	0.011470
201	0.008256
202	-0.011540
203	-0.008306
204	0.014466
205	0.007739
206	-0.019180
207	0.010630
208	0.003265
209	-0.011300
210	-0.000354
211	0.000325
212	0.015753
213	0.004016
214	-0.002245
215	-0.012629
216	-0.016223
217	0.008594
218	0.013929
219	0.006540
220	0.006720
221	0.005980
222	0.016205
223	0.002965
224	-0.001089
225	-0.003811
226	-0.004490
227	-0.004119
228	0.011168
229	-0.000042
230	0.002287
231	0.001233
232	0.000029
233	0.002523
234	0.001648
235	0.012183
236	-0.013849
237	-0.003802
238	-0.000024
239	0.004243
240	-0.002751
241	-0.010777
242	-0.000928
243	-0.007383
244	0.001009
245	0.012846
246	-0.002669
247	0.001791
248	0.000294
249	0.007405
250	-0.001104
251	0.006826
252	0.006159
253	0.003877
254	-0.016982
255	0.014251
256	0.000858
257	-0.001230
258	0.013288
259	-0.004358
260	0.001663
261	0.015049
263	-0.008719
264	0.013600
265	0.002128
266	-0.002154
267	-0.010370
268	-0.015090
269	0.003905
270	0.005489
271	-0.021844
272	-0.018786
273	0.003114
274	0.001949
275	0.012094
276	0.001224
277	0.002605
278	-0.021988
279	0.010468
280	0.006336
281	0.001117
282	-0.002497
283	-0.000565
284	-0.005217
285	-0.001432
286	-0.000008
287	-0.014399
288	-0.004243
289	-0.006880
290	0.004570
291	0.001886
292	0.002927
293	-0.000779
294	-0.003581
295	-0.004052
296	0.018627
297	0.001525
298	0.013085
299	0.004421
300	0.001244
301	0.004556
302	0.010898
303	0.010624
304	0.002745
305	-0.000930
306	0.000256
307	0.008733
308	0.006515
309	-0.016227
311	0.009312
313	0.001749
314	0.002378
316	0.004514
317	0.013812
318	-0.002414
319	0.003968
320	0.002087
321	0.004089
322	-0.010908
323	-0.001579
324	0.004364
325	-0.001424
327	-0.000724
328	-0.004805
330	0.000312
331	-0.009057
332	-0.010484
334	-0.004852
337	0.004426
338	-0.002118
339	0.001655
340	0.011481
342	0.007761
344	0.010954
348	-0.008106
351	0.004665
352	-0.000381
353	0.004620
354	-0.001455
355	0.006899
356	0.002999
357	-0.001834
358	-0.005103
359	-0.021430
360	-0.002801
361	-0.002123
362	-0.002988
363	-0.011034
366	0.012379
367	0.002355
368	-0.002246
370	-0.004053
371	-0.014445
372	0.005989
373	-0.000554
374	0.010038
375	-0.003834
376	0.011157
377	-0.001629
378	0.008391
379	0.006925
380	-0.009709
385	-0.001219
388	0.012072
390	-0.001516
391	-0.015761
392	0.015774
394	-0.000835
396	-0.002267
397	0.000303
401	-0.018707
402	0.005836
403	-0.001012
404	-0.021551
