# 372 minima projected onto PC49
Min	PC
1	-0.080645
2	-0.042006
3	-0.009215
4	-0.010651
5	-0.033322
6	-0.046952
7	-0.011372
8	0.015122
9	0.021377
10	0.056409
11	0.116433
12	0.018491
13	0.039110
14	0.003033
15	-0.061920
16	0.011121
17	-0.074035
18	0.015420
19	0.000209
20	0.079459
21	0.001370
22	-0.001295
23	-0.028317
24	-0.051411
25	0.014218
26	0.027980
27	-0.204650
28	0.027621
29	0.015639
30	-0.155457
31	0.018043
32	-0.009638
33	-0.035015
34	0.035850
35	-0.039656
36	0.103209
37	-0.077335
38	0.072444
39	0.060723
40	-0.004224
41	-0.025699
42	-0.020065
43	0.078216
44	0.071316
45	0.014640
46	0.070363
47	-0.059247
48	0.033152
49	-0.154780
50	-0.097161
51	0.012589
52	-0.001589
53	-0.053528
54	-0.002374
55	0.016917
56	0.038099
57	0.087188
58	0.051284
59	-0.000414
60	0.004601
61	-0.038855
62	0.017905
63	0.013754
64	-0.018593
65	-0.089573
66	0.107760
67	0.020517
68	0.038653
69	0.044868
70	-0.004165
71	-0.085695
72	0.044849
73	-0.027602
74	-0.013169
75	0.028263
76	0.009263
77	-0.032318
78	-0.026676
79	0.040599
80	-0.002548
81	-0.024727
82	-0.017921
83	0.054653
84	0.101418
85	0.011121
86	0.082233
87	0.062640
88	-0.005111
89	-0.038925
90	0.039746
91	0.034885
92	-0.012956
93	-0.022656
94	0.148696
95	0.131411
96	-0.011798
97	-0.125092
98	-0.033093
99	0.031014
100	-0.114729
101	-0.005066
102	-0.034791
103	0.038207
104	0.010107
105	0.072625
106	-0.058678
107	-0.073831
108	0.000524
109	0.014160
110	-0.010946
111	-0.035927
113	-0.038212
114	-0.029468
115	0.008375
116	0.004350
117	0.020831
118	-0.032065
119	-0.022889
120	0.038282
121	0.022976
122	0.046058
123	-0.077571
124	0.105086
125	-0.033060
126	0.028147
127	0.006226
128	0.045584
129	0.046243
130	0.038304
131	0.138660
132	-0.031619
133	-0.011211
134	0.035430
135	0.000097
136	0.073711
137	-0.034718
138	0.055159
139	-0.097262
140	-0.034095
141	-0.039119
142	-0.057959
143	-0.017637
144	-0.009603
145	-0.038260
146	0.031771
147	-0.016749
148	0.028278
149	0.050266
150	-0.005198
151	0.047061
152	-0.016555
153	0.014026
154	-0.087890
155	0.013336
156	0.006821
157	0.034835
158	-0.011747
159	-0.037411
160	0.023349
161	0.019823
162	0.067378
163	-0.010992
164	0.025070
165	0.097430
166	0.072311
167	-0.029279
168	0.047404
169	0.069432
170	0.086670
171	-0.011146
172	0.055938
173	-0.043787
174	0.011800
175	-0.041144
176	-0.054362
177	0.140627
178	0.086727
179	0.002821
180	0.064721
181	-0.056475
182	-0.021636
183	-0.089615
184	-0.043251
185	-0.017461
186	0.004627
187	0.026883
188	-0.007709
189	-0.060211
190	-0.072757
191	-0.033471
192	0.023742
193	-0.023864
194	0.003176
195	-0.012085
196	0.023940
197	0.070837
198	0.109714
199	-0.012920
200	0.059646
201	0.104432
202	0.053281
203	0.017168
204	-0.027843
205	-0.052403
206	0.040730
207	-0.172311
208	-0.041671
209	-0.040847
210	-0.026322
211	-0.020847
212	-0.000542
213	-0.027580
214	0.032962
215	-0.003584
216	0.011250
217	-0.125713
218	0.080683
219	-0.075067
220	0.018497
221	0.019005
222	-0.048112
223	0.054765
224	-0.098657
225	0.008411
226	0.018070
227	-0.052865
228	0.051608
229	0.025742
230	0.030254
231	-0.016148
232	0.040401
233	0.068414
234	-0.008624
235	0.049842
236	-0.060977
237	-0.028022
238	0.060060
239	0.045189
240	0.047061
241	0.018610
242	0.074976
243	-0.024493
244	0.020325
245	0.001934
246	-0.027498
247	-0.037385
248	0.029692
249	-0.151666
250	0.032395
251	-0.009804
252	-0.024400
253	-0.075289
254	-0.063949
255	-0.040563
256	-0.133486
257	0.017743
258	0.008207
259	0.036585
260	0.030519
261	-0.050915
263	0.028662
264	0.016421
265	-0.021948
266	-0.009747
267	-0.022736
268	-0.001815
269	0.110675
270	0.023219
271	0.191608
272	-0.029283
273	-0.007267
274	0.133674
275	0.082506
276	0.038925
277	0.002879
278	-0.004673
279	0.019811
280	0.005375
281	-0.000703
282	-0.026453
283	0.003111
284	-0.068211
285	-0.052414
286	0.011733
287	-0.074241
288	-0.003939
289	0.083943
290	0.062741
291	0.091677
292	-0.109340
293	-0.058263
294	-0.042043
295	0.017998
296	-0.010601
297	0.026909
298	-0.011471
299	0.044464
300	-0.054184
301	0.081180
302	-0.100617
303	-0.097066
304	0.036183
305	-0.010084
306	0.103451
307	-0.008210
308	0.025363
309	0.217017
311	-0.006940
313	0.027493
314	0.007996
316	0.086749
317	0.000968
318	0.054700
319	0.036315
320	-0.090981
321	-0.009935
322	-0.004347
323	0.021968
324	-0.085552
325	-0.039014
327	-0.181127
328	-0.133265
330	0.008175
331	0.009075
332	-0.001874
334	0.020520
337	-0.032150
338	-0.018403
339	-0.016493
340	0.086061
342	0.049772
344	0.098671
348	0.047680
351	-0.089750
352	-0.025456
353	0.060951
354	-0.028300
355	-0.004438
356	0.113054
357	-0.192126
358	-0.013228
359	-0.103317
360	-0.009975
361	0.043263
362	0.079115
363	0.022326
366	0.001883
367	-0.225446
368	0.146202
370	-0.045265
371	0.048838
372	-0.101374
373	0.015896
374	-0.098299
375	-0.021262
376	-0.132376
377	-0.050845
378	-0.009545
379	0.066826
380	0.027841
385	-0.034081
388	0.286925
390	0.014068
391	-0.162217
392	-0.137140
394	0.128974
396	0.011467
397	-0.079061
401	-0.067245
402	0.093938
403	0.065513
404	-0.533457
