# 372 minima projected onto PC35
Min	PC
1	0.269583
2	-0.047146
3	-0.020596
4	-0.108703
5	0.080738
6	-0.497533
7	-0.216422
8	-0.156637
9	0.355812
10	0.221774
11	0.050515
12	-0.083093
13	0.029773
14	-0.177372
15	-0.361935
16	-0.036184
17	0.243742
18	0.196668
19	-0.033640
20	0.351240
21	0.336618
22	-0.160733
23	0.014449
24	-0.077733
25	0.261079
26	-0.058677
27	0.253859
28	-0.035413
29	0.275187
30	0.079744
31	-0.047428
32	0.003940
33	0.429269
34	-0.030815
35	0.241449
36	0.378543
37	0.080913
38	0.219991
39	0.364882
40	-0.205139
41	0.150478
42	0.035973
43	-0.019634
44	0.096960
45	0.086281
46	0.035552
47	-0.447960
48	-0.502578
49	0.209928
50	0.053270
51	0.086185
52	0.037228
53	0.247442
54	0.120174
55	0.235968
56	0.221302
57	-0.090593
58	-0.223537
59	-0.161583
60	0.195493
61	0.239696
62	-0.460387
63	0.236626
64	0.136035
65	-0.211251
66	0.413670
67	-0.147062
68	-0.077420
69	0.316441
70	-0.154114
71	0.075943
72	0.011384
73	-0.003926
74	0.131986
75	-0.137769
76	0.138341
77	-0.118656
78	-0.035243
79	0.194317
80	-0.301181
81	-0.073663
82	-0.064203
83	0.065452
84	0.331196
85	-0.004899
86	0.173569
87	-0.207296
88	0.009592
89	0.228443
90	0.262739
91	0.139187
92	0.135407
93	0.084086
94	-0.140441
95	0.319322
96	-0.367724
97	0.091340
98	0.470299
99	-0.057330
100	0.981680
101	-0.114774
102	-0.283681
103	-0.102146
104	-0.073180
105	0.112188
106	0.110567
107	-0.010869
108	-0.193287
109	-0.154603
110	0.093263
111	0.390588
113	0.181922
114	0.236623
115	0.147317
116	0.162837
117	0.325461
118	-0.293293
119	0.106067
120	-0.060495
121	-0.375776
122	-0.185741
123	-0.370368
124	-0.508351
125	0.223504
126	0.014856
127	0.523237
128	0.022236
129	0.096760
130	-0.272110
131	0.063385
132	0.061686
133	-0.233731
134	-0.168579
135	0.101751
136	0.200613
137	-0.094020
138	0.025663
139	-0.508975
140	-0.022592
141	-0.463495
142	-0.045160
143	0.020398
144	-0.263301
145	-0.989647
146	-0.190999
147	-0.606640
148	-0.258087
149	0.569161
150	-0.005822
151	0.163819
152	-0.195461
153	-0.244699
154	0.040184
155	0.159711
156	-0.304686
157	-0.217945
158	-0.467023
159	0.011556
160	0.054612
161	-0.083368
162	-0.152965
163	0.346494
164	0.528853
165	0.116551
166	0.123981
167	-0.029957
168	-0.280847
169	-0.079890
170	0.183017
171	-0.437057
172	-0.311771
173	0.096595
174	0.276132
175	0.230402
176	0.259675
177	-0.170299
178	-0.551900
179	0.027196
180	0.021404
181	-0.058860
182	0.116568
183	0.199898
184	-0.227553
185	0.299049
186	-0.579461
187	0.227751
188	0.074809
189	-0.352704
190	0.283298
191	-0.002266
192	-0.048383
193	0.455560
194	0.233338
195	0.037221
196	-0.021130
197	-0.093149
198	-0.230530
199	0.062794
200	-0.450853
201	-0.152671
202	-0.300260
203	0.425724
204	0.284271
205	-0.263153
206	0.172111
207	-0.297927
208	0.517073
209	-0.031190
210	-0.447542
211	-0.298741
212	-0.073629
213	0.336782
214	-0.022496
215	-0.356346
216	-0.294060
217	-0.445164
218	1.051043
219	-0.337135
220	0.170381
221	-0.654977
222	0.324167
223	0.029272
224	0.267808
225	-0.169529
226	-0.273779
227	0.419675
228	0.162428
229	-0.001522
230	-0.251227
231	0.013535
232	-0.065695
233	0.214625
234	0.122239
235	-0.253381
236	-0.078361
237	-0.099968
238	-0.391866
239	0.031392
240	-0.422613
241	-0.193390
242	-0.208522
243	-0.183172
244	-0.111987
245	0.067831
246	-0.163932
247	-0.123794
248	0.226886
249	0.309526
250	0.325066
251	0.135523
252	0.019204
253	-0.078704
254	-0.386987
255	0.136749
256	-0.126196
257	-0.093552
258	-0.155093
259	-0.413958
260	-0.123841
261	0.051384
263	0.098007
264	0.067923
265	0.110473
266	0.372638
267	0.559025
268	0.076651
269	0.254003
270	0.515544
271	-0.135102
272	0.068827
273	-0.338229
274	0.374631
275	-0.147228
276	0.092559
277	0.041124
278	0.082739
279	-0.459153
280	-0.110555
281	-0.378358
282	0.029835
283	-0.625921
284	-0.110473
285	0.012486
286	0.090147
287	-0.640133
288	-0.302443
289	-0.269177
290	-0.188127
291	-0.024546
292	0.102250
293	-0.172233
294	0.017822
295	-0.062433
296	-0.131348
297	0.078146
298	-0.087212
299	0.036629
300	0.188243
301	0.000448
302	0.107721
303	0.442434
304	-0.324515
305	0.152949
306	-0.119018
307	0.165535
308	0.056860
309	-0.285104
311	0.031100
313	0.150969
314	0.285507
316	0.441740
317	-0.025214
318	0.191665
319	-0.346940
320	0.036208
321	-0.094336
322	0.501999
323	-0.404227
324	-0.260457
325	-0.243215
327	0.350883
328	-0.021540
330	0.087812
331	-0.128645
332	-0.218875
334	0.131557
337	0.047668
338	-0.119410
339	-0.292432
340	0.076483
342	0.257870
344	-0.167239
348	0.226526
351	-0.141985
352	-0.001962
353	0.372162
354	-0.011219
355	0.007354
356	0.217114
357	0.317541
358	0.077469
359	0.743070
360	-0.583396
361	-1.025957
362	-0.133801
363	0.079250
366	-0.212808
367	0.204084
368	0.369969
370	-0.397362
371	0.113382
372	0.259827
373	-0.049787
374	-0.036980
375	-0.026560
376	0.215055
377	0.126564
378	-0.348281
379	0.192605
380	0.247032
385	-0.384011
388	0.563311
390	0.207699
391	-0.106996
392	0.105786
394	0.147604
396	0.375932
397	0.308957
401	-0.276839
402	0.040564
403	-0.102089
404	-0.053606
