# 372 minima projected onto PC50
Min	PC
1	0.023722
2	0.035609
3	0.027013
4	-0.004000
5	0.010475
6	-0.037017
7	0.083728
8	0.049097
9	-0.047179
10	-0.011546
11	-0.042551
12	0.016701
13	-0.090830
14	-0.103942
15	-0.008475
16	-0.093529
17	-0.036519
18	-0.006663
19	0.081130
20	0.083978
21	0.006764
22	0.023009
23	-0.050392
24	-0.013737
25	0.068327
26	0.019842
27	0.018733
28	0.089480
29	0.043447
30	-0.112485
31	-0.033009
32	0.010390
33	-0.046341
34	0.048203
35	-0.002650
36	0.053687
37	0.056194
38	-0.015544
39	0.010278
40	-0.007530
41	0.047907
42	0.061434
43	-0.081526
44	0.027661
45	-0.053826
46	-0.016917
47	0.003700
48	-0.003608
49	-0.093072
50	-0.046171
51	-0.053290
52	-0.036049
53	-0.055620
54	-0.094408
55	-0.048430
56	-0.035257
57	0.038091
58	-0.008855
59	-0.017130
60	-0.010244
61	-0.021771
62	0.111262
63	-0.003545
64	-0.026446
65	-0.039897
66	-0.003507
67	-0.068735
68	0.003913
69	0.088206
70	0.016082
71	0.014200
72	-0.039375
73	0.067974
74	-0.041034
75	-0.028175
76	0.018970
77	-0.007628
78	-0.079335
79	-0.003466
80	-0.002019
81	0.060894
82	-0.008921
83	-0.042829
84	-0.021948
85	-0.050630
86	0.070592
87	0.090254
88	-0.002435
89	0.038333
90	0.011923
91	-0.058636
92	0.031485
93	-0.000321
94	-0.020073
95	0.044796
96	-0.061681
97	-0.049438
98	-0.016918
99	0.007450
100	-0.016958
101	0.014584
102	-0.020428
103	0.003296
104	0.028923
105	0.033722
106	0.038811
107	-0.087830
108	0.055292
109	0.007738
110	-0.016406
111	-0.014763
113	0.007005
114	-0.057299
115	-0.029295
116	-0.010682
117	0.018588
118	0.025234
119	0.006869
120	0.017199
121	-0.092377
122	0.005109
123	0.074877
124	0.007223
125	-0.051370
126	-0.013471
127	0.018925
128	0.067965
129	0.037615
130	0.079832
131	-0.138835
132	-0.097285
133	0.002518
134	0.013694
135	-0.024634
136	0.021763
137	0.011504
138	0.034841
139	0.022276
140	0.011482
141	0.047357
142	-0.010831
143	-0.018987
144	0.078863
145	-0.137641
146	-0.171112
147	-0.001074
148	-0.104771
149	-0.087407
150	0.030974
151	0.039664
152	-0.075149
153	0.076017
154	-0.099840
155	-0.042969
156	0.030471
157	-0.025127
158	-0.057408
159	0.039383
160	0.020871
161	-0.029093
162	0.042393
163	0.015729
164	0.001088
165	0.016625
166	-0.001585
167	0.040297
168	0.066628
169	0.043782
170	0.005616
171	0.075445
172	0.002856
173	0.051554
174	0.061861
175	0.012100
176	0.071988
177	0.027953
178	-0.076700
179	-0.108452
180	-0.116133
181	-0.013707
182	-0.055277
183	0.011459
184	0.017038
185	0.036247
186	-0.121400
187	0.005900
188	-0.007310
189	-0.015704
190	-0.055557
191	0.016621
192	-0.012379
193	0.093033
194	0.053180
195	-0.067001
196	-0.066152
197	0.098043
198	-0.025300
199	-0.127822
200	-0.022580
201	0.059891
202	0.072878
203	-0.009414
204	-0.106142
205	0.071709
206	0.063090
207	-0.096684
208	-0.023936
209	0.002010
210	0.102734
211	0.170254
212	-0.002228
213	0.095464
214	-0.015757
215	0.032032
216	-0.034667
217	-0.009688
218	-0.133167
219	-0.226445
220	-0.059381
221	-0.021226
222	0.012454
223	-0.046004
224	-0.115087
225	0.063644
226	0.002193
227	-0.086793
228	-0.015409
229	-0.012482
230	-0.032250
231	0.001854
232	0.003483
233	-0.008428
234	0.028648
235	0.018514
236	0.110683
237	-0.019211
238	0.083035
239	0.037073
240	0.018502
241	0.030906
242	-0.026147
243	-0.064659
244	0.015406
245	0.009762
246	0.028085
247	0.027457
248	0.009148
249	0.017462
250	-0.063954
251	0.070109
252	-0.035702
253	-0.015772
254	-0.071274
255	-0.037679
256	-0.012256
257	0.008987
258	0.135593
259	-0.046618
260	0.003073
261	0.119161
263	-0.024272
264	-0.046058
265	0.032621
266	0.030319
267	-0.054352
268	0.075703
269	0.088331
270	-0.020658
271	-0.154528
272	-0.076191
273	-0.012914
274	0.008166
275	0.066044
276	0.032440
277	-0.012713
278	-0.030798
279	-0.035326
280	0.046607
281	0.024010
282	-0.040840
283	-0.000482
284	-0.011010
285	-0.020604
286	-0.017254
287	-0.063613
288	-0.057502
289	0.106194
290	-0.003634
291	-0.029581
292	0.026542
293	0.062383
294	-0.041668
295	-0.000152
296	0.027880
297	-0.072321
298	0.064624
299	0.012934
300	-0.020542
301	0.094264
302	0.061057
303	-0.014988
304	0.046288
305	-0.010857
306	-0.040271
307	0.063024
308	-0.020859
309	0.287172
311	-0.044965
313	-0.005011
314	-0.038509
316	-0.014841
317	-0.089218
318	0.007010
319	-0.012078
320	-0.027111
321	-0.001450
322	0.037564
323	0.028812
324	-0.072374
325	-0.027708
327	0.013913
328	-0.055732
330	0.059572
331	-0.039256
332	-0.027526
334	0.031881
337	0.021937
338	0.008525
339	0.053691
340	0.075458
342	-0.027170
344	-0.032703
348	0.052884
351	0.244894
352	-0.000875
353	0.035846
354	0.141570
355	0.059910
356	0.007096
357	-0.006507
358	-0.175134
359	0.025083
360	0.090920
361	0.002773
362	-0.027042
363	0.057103
366	-0.033293
367	0.148205
368	-0.025019
370	-0.002449
371	-0.063395
372	0.056891
373	-0.045667
374	0.030332
375	0.055805
376	0.109816
377	0.121122
378	-0.037962
379	-0.015426
380	-0.002721
385	-0.048648
388	0.102403
390	0.020188
391	0.010861
392	-0.034351
394	-0.186876
396	0.031342
397	-0.001216
401	-0.247510
402	0.104706
403	-0.031712
404	0.184251
