# 372 minima projected onto PC21
Min	PC
1	0.052894
2	-0.246688
3	-1.099092
4	0.381382
5	-0.676319
6	0.069599
7	0.197052
8	0.831379
9	-0.222880
10	-0.649284
11	-0.350328
12	1.451056
13	0.019549
14	-0.990373
15	-0.290575
16	-0.494118
17	0.231682
18	0.709107
19	0.317024
20	0.224999
21	0.584822
22	-0.214158
23	-1.069776
24	-0.344552
25	0.217100
26	0.354366
27	0.401241
28	0.966316
29	-0.539068
30	-0.139571
31	-0.736588
32	-0.308885
33	-1.468418
34	1.313772
35	0.219924
36	-0.472493
37	-0.527794
38	0.811311
39	-0.270961
40	1.541565
41	-0.062168
42	-0.768685
43	0.534282
44	-0.096855
45	0.243792
46	0.050669
47	0.128501
48	0.027338
49	0.034517
50	0.583100
51	-0.074859
52	0.303137
53	-0.362079
54	0.132541
55	0.224639
56	0.275185
57	-0.771720
58	-0.164171
59	0.276944
60	-0.489900
61	1.047751
62	-0.168899
63	-0.377174
64	1.264816
65	0.478930
66	-0.344064
67	0.384598
68	1.132216
69	0.344488
70	-0.735685
71	-0.880752
72	-0.671320
73	0.059150
74	-0.689472
75	0.909025
76	-0.337144
77	-0.748086
78	1.195553
79	-0.930671
80	-0.534186
81	0.191742
82	-0.559624
83	0.287091
84	-0.616381
85	-0.082117
86	0.109896
87	-0.781804
88	-0.512199
89	-1.084888
90	-0.452164
91	-0.411160
92	0.955996
93	-0.073854
94	-0.630822
95	-0.568425
96	1.000724
97	0.144149
98	-0.097387
99	-0.179460
100	0.083294
101	0.102460
102	-0.949581
103	-0.755733
104	-0.826914
105	0.657169
106	-0.735181
107	0.202688
108	0.102606
109	-0.749154
110	-0.717927
111	-0.642421
113	0.082459
114	-0.175379
115	-0.886146
116	-0.834721
117	-0.762079
118	0.476978
119	0.246845
120	-0.694712
121	0.349675
122	1.193674
123	1.585747
124	-0.175782
125	0.100093
126	0.798567
127	-0.334897
128	-0.015564
129	0.737673
130	0.241594
131	-0.373937
132	0.494862
133	-0.349468
134	0.636309
135	-0.109012
136	-0.909573
137	0.199811
138	-0.880512
139	0.350831
140	-0.710716
141	-0.610281
142	-0.522945
143	-0.510244
144	0.793806
145	0.654746
146	0.161948
147	-0.361577
148	0.104931
149	0.602716
150	0.307643
151	0.882176
152	1.045950
153	-0.007784
154	-0.607104
155	-0.031953
156	0.129566
157	0.671538
158	-0.199390
159	0.229437
160	-0.952254
161	-0.221568
162	-0.024529
163	-0.576298
164	0.084299
165	0.072121
166	1.155208
167	-0.204420
168	0.966767
169	0.029472
170	-0.437588
171	2.191559
172	-0.015877
173	0.209156
174	-0.548579
175	0.738312
176	-0.525602
177	1.199599
178	-0.874809
179	0.444613
180	-0.100602
181	-0.158436
182	-0.955376
183	0.241213
184	-0.597911
185	-0.887401
186	0.596528
187	-0.020913
188	-0.324532
189	0.574611
190	-0.540338
191	-0.039284
192	0.059225
193	0.238903
194	0.643219
195	0.220239
196	0.135785
197	0.229674
198	-0.220117
199	0.439493
200	-0.408524
201	0.959035
202	0.304554
203	0.938323
204	1.340573
205	-0.822433
206	-0.278211
207	0.973967
208	0.312624
209	-0.568221
210	0.302924
211	0.051865
212	-0.003030
213	0.896939
214	0.409208
215	-0.680965
216	-0.051125
217	-0.207157
218	0.475968
219	-1.076350
220	-0.235704
221	-0.428726
222	0.465367
223	1.268263
224	-0.482741
225	0.045201
226	-0.604401
227	3.022164
228	0.828819
229	1.095243
230	-0.226319
231	-0.093971
232	0.877824
233	-0.164788
234	-0.605410
235	-0.108583
236	-1.115142
237	0.268963
238	-0.340254
239	0.197425
240	0.277326
241	1.150986
242	2.274873
243	-0.078296
244	0.822139
245	-0.696179
246	-0.245543
247	0.228339
248	-0.646222
249	0.184182
250	-0.662864
251	-0.437723
252	-0.710406
253	-0.259911
254	0.689467
255	-0.343339
256	-0.745371
257	0.033216
258	1.395328
259	0.019553
260	1.433353
261	0.356249
263	0.769004
264	0.877466
265	0.892673
266	-0.077393
267	1.503501
268	-0.427797
269	-0.439371
270	-0.924893
271	-0.035682
272	0.233588
273	-1.070556
274	0.133513
275	1.438585
276	1.252976
277	-0.658375
278	-1.696804
279	-0.627632
280	0.720218
281	-0.654842
282	-0.579941
283	-0.540598
284	0.619955
285	-0.091444
286	-0.136614
287	-0.228388
288	-0.584693
289	-0.489865
290	0.734577
291	0.126177
292	-0.516765
293	-0.044731
294	-0.425026
295	-0.671333
296	-0.105563
297	-1.334601
298	-0.881322
299	0.854868
300	-0.744387
301	0.060788
302	-0.991744
303	-0.577426
304	-0.239431
305	-0.225687
306	0.391587
307	0.780692
308	0.383771
309	-1.143231
311	-1.263777
313	-0.672111
314	-0.770161
316	-0.896270
317	0.511185
318	0.013242
319	0.161679
320	-0.778634
321	-0.086233
322	0.109096
323	-0.188901
324	0.386461
325	0.092096
327	1.801768
328	0.216193
330	-0.373744
331	0.259156
332	0.276703
334	0.540706
337	0.483788
338	0.026527
339	-0.136484
340	0.360721
342	0.206168
344	-0.793211
348	-0.056261
351	-0.405476
352	-0.137919
353	0.160733
354	-0.119197
355	-1.240565
356	-0.650673
357	-0.211909
358	-1.254088
359	2.077102
360	-0.451709
361	-0.392677
362	-0.338853
363	0.156632
366	-1.341409
367	-1.474368
368	1.051006
370	0.009591
371	-0.673708
372	-1.325777
373	0.882012
374	0.288294
375	0.204790
376	0.335229
377	1.335231
378	-1.091669
379	0.248797
380	0.251212
385	1.147691
388	-0.457769
390	-0.173137
391	0.755595
392	-0.616357
394	-0.064914
396	0.506764
397	-0.632085
401	0.311384
402	0.707377
403	-0.228166
404	0.365642
