# 372 minima projected onto PC4
Min	PC
1	2.047509
2	-0.011149
3	-2.302074
4	-0.349543
5	2.531412
6	2.630638
7	4.977253
8	5.331716
9	0.712112
10	-1.198642
11	-0.805502
12	0.725874
13	1.770791
14	2.227100
15	1.311657
16	0.993490
17	2.554973
18	0.591159
19	3.164262
20	4.678185
21	2.916466
22	-0.958016
23	0.123746
24	-2.189153
25	4.726892
26	3.352872
27	2.393774
28	3.079449
29	-0.414750
30	2.979923
31	2.147748
32	-0.768681
33	-0.503347
34	-1.720044
35	-0.615153
36	2.350038
37	-1.241696
38	-2.148078
39	1.894937
40	2.624344
41	2.815145
42	2.680271
43	0.178274
44	0.348731
45	0.374874
46	-0.854088
47	1.770037
48	-0.147654
49	2.293843
50	0.556133
51	-4.048576
52	-3.324127
53	-1.866882
54	5.488591
55	3.385335
56	4.578641
57	0.267006
58	-0.995457
59	0.180717
60	1.116900
61	0.992566
62	-2.421201
63	-3.077762
64	-2.134185
65	0.136165
66	3.019723
67	4.771893
68	4.423614
69	3.231596
70	4.324766
71	0.725902
72	3.712141
73	0.671710
74	0.035644
75	-0.166372
76	1.308037
77	0.879971
78	2.530998
79	1.390298
80	1.400276
81	2.211254
82	4.754233
83	2.757466
84	2.530301
85	1.533137
86	-1.922767
87	-0.840840
88	-3.203963
89	-1.099438
90	-2.594975
91	0.709808
92	-1.764251
93	2.631653
94	-4.880467
95	-2.051589
96	-0.061885
97	3.720277
98	-0.449308
99	-0.868345
100	-3.268676
101	1.305965
102	-0.373271
103	2.135055
104	3.610992
105	-5.660273
106	-4.104933
107	-3.988294
108	-4.257430
109	3.475657
110	-5.070981
111	-1.628772
113	2.860673
114	2.431484
115	1.978130
116	2.740951
117	3.164238
118	0.603440
119	1.324701
120	-1.507394
121	3.630863
122	3.902483
123	0.453160
124	0.027091
125	-2.036261
126	-1.451229
127	0.414011
128	-1.734087
129	0.063943
130	-1.396775
131	-1.966766
132	-0.877726
133	-0.108352
134	0.925514
135	3.197792
136	3.300978
137	1.971969
138	3.635964
139	3.246331
140	3.761428
141	2.644923
142	4.254014
143	0.863417
144	4.260608
145	0.361725
146	0.874493
147	3.643863
148	3.692373
149	1.414226
150	0.221881
151	4.717686
152	-2.911023
153	4.597979
154	-3.236191
155	2.720738
156	3.870154
157	4.525151
158	1.070151
159	-0.632862
160	-0.121984
161	0.825405
162	-0.734283
163	3.726086
164	4.562521
165	-2.550347
166	2.980515
167	2.619791
168	-1.875474
169	-0.075941
170	4.232072
171	-3.406428
172	3.237836
173	2.053444
174	-2.235804
175	-1.794667
176	-0.459014
177	-4.059162
178	-4.209565
179	-2.180982
180	-1.821609
181	-1.282647
182	-1.466464
183	-1.176647
184	-3.943352
185	-4.693149
186	-4.823730
187	1.789750
188	1.936605
189	1.964100
190	3.248791
191	4.893347
192	3.399412
193	1.143953
194	1.602133
195	-1.410093
196	2.230900
197	-0.275070
198	3.418855
199	3.010443
200	1.061350
201	5.042729
202	4.178665
203	2.262653
204	2.274882
205	-0.157787
206	1.333215
207	1.958033
208	-1.136486
209	2.523096
210	1.281694
211	1.105724
212	1.604225
213	0.162898
214	3.293183
215	-0.011353
216	-4.457581
217	3.286358
218	-0.167473
219	-2.701035
220	-0.018703
221	5.051835
222	5.723603
223	-3.522585
224	-2.453136
225	-4.386189
226	-4.005194
227	-3.486664
228	2.106958
229	-0.226600
230	2.518107
231	2.103078
232	0.438390
233	-0.448678
234	0.202736
235	1.520586
236	-3.948643
237	0.055822
238	-0.013627
239	0.394347
240	1.008973
241	-3.698030
242	-2.808278
243	-0.745050
244	-4.169193
245	-0.595981
246	-1.788977
247	-2.326997
248	-4.380830
249	-4.506793
250	-1.600277
251	-0.420321
252	-3.160132
253	-3.646031
254	1.453119
255	-3.100839
256	1.075877
257	-0.925588
258	-0.972887
259	-0.560976
260	-0.849385
261	-1.719228
263	2.154219
264	-0.125250
265	-0.540623
266	-4.744825
267	-1.672263
268	-1.512657
269	1.874465
270	-3.240493
271	-2.916426
272	-2.138139
273	0.684131
274	0.278875
275	-5.982514
276	-1.920117
277	0.510157
278	-0.821079
279	0.823749
280	-0.208373
281	-3.909977
282	0.237033
283	-3.285424
284	-1.855720
285	-0.411262
286	0.716939
287	-2.825627
288	-1.790282
289	-4.703262
290	-4.694822
291	1.399963
292	1.831432
293	-4.574044
294	-2.854692
295	-4.681854
296	-3.789975
297	-4.227930
298	-2.503932
299	0.823750
300	2.040299
301	3.217636
302	-2.025956
303	0.683192
304	1.700050
305	-1.767299
306	-0.505148
307	1.751891
308	0.577555
309	0.142017
311	0.425546
313	-2.004507
314	0.122394
316	-0.285980
317	-3.984136
318	1.551263
319	-0.328877
320	-0.666364
321	-0.237864
322	0.310854
323	-2.165967
324	-3.674793
325	-0.304847
327	-1.776577
328	0.341815
330	2.406009
331	0.735356
332	-1.320414
334	-4.807811
337	-1.541086
338	-3.916843
339	-2.785773
340	-4.388254
342	-5.806959
344	-5.394062
348	-4.952747
351	-0.829255
352	-6.317032
353	0.456104
354	-1.393331
355	1.687172
356	2.526498
357	-0.586448
358	-1.606946
359	-4.400551
360	-0.006563
361	-0.566281
362	-4.959101
363	-3.871721
366	0.811163
367	-2.555842
368	0.877854
370	-5.000221
371	-5.407180
372	-3.900021
373	0.392766
374	1.340091
375	-2.360280
376	-4.404125
377	-5.577929
378	1.053602
379	-0.077837
380	0.573708
385	0.621280
388	3.562020
390	0.932426
391	0.831030
392	4.068480
394	1.254216
396	-1.900790
397	-0.666642
401	-0.101748
402	-2.723983
403	0.788702
404	3.524605
