# 372 minima projected onto PC75
Min	PC
1	-0.009848
2	0.001607
3	0.000975
4	0.000155
5	-0.002615
6	0.001042
7	-0.002929
8	-0.002302
9	0.006854
10	-0.009962
11	0.004831
12	-0.005964
13	-0.004643
14	-0.001788
15	0.007412
16	0.005858
17	0.000213
18	0.003020
19	0.009032
20	0.005097
21	0.007034
22	0.006831
23	0.010588
24	0.002092
25	0.005165
26	-0.010152
27	-0.004551
28	0.002704
29	-0.004036
30	-0.010787
31	0.003308
32	-0.004637
33	-0.001575
34	-0.006496
35	0.001351
36	-0.002299
37	-0.012480
38	0.011089
39	0.010935
40	-0.002069
41	0.002338
42	0.000927
43	-0.002394
44	-0.005361
45	0.003635
46	-0.008084
47	0.001151
48	0.002123
49	0.001139
50	0.002107
51	0.001217
52	0.003178
53	0.003582
54	0.005401
55	-0.003722
56	0.013689
57	0.004492
58	0.005642
59	-0.004857
60	-0.000230
61	-0.008415
62	0.000961
63	0.002246
64	-0.004644
65	0.005619
66	-0.007265
67	-0.004167
68	0.002400
69	-0.002976
70	0.000007
71	-0.001762
72	0.005159
73	-0.000925
74	0.006328
75	0.002548
76	-0.007811
77	-0.006590
78	0.005738
79	-0.004914
80	0.009361
81	-0.002501
82	0.001533
83	0.000219
84	0.007859
85	0.009711
86	0.001528
87	-0.007642
88	-0.006557
89	0.000894
90	-0.006644
91	0.010086
92	0.004890
93	-0.002172
94	-0.004521
95	0.012395
96	0.001206
97	0.003703
98	0.000448
99	-0.003209
100	0.002868
101	0.004613
102	-0.012730
103	-0.002165
104	0.000782
105	0.004716
106	0.013727
107	0.000527
108	-0.007206
109	-0.003339
110	0.008657
111	-0.001777
113	0.000744
114	-0.002217
115	0.005377
116	-0.004425
117	0.000343
118	-0.000250
119	0.003249
120	0.004490
121	-0.007193
122	0.009499
123	0.003157
124	-0.012859
125	-0.006427
126	-0.000866
127	-0.007793
128	-0.005592
129	0.001410
130	0.004206
131	0.004205
132	-0.004726
133	-0.000436
134	-0.007935
135	-0.002074
136	-0.002116
137	0.003156
138	-0.006679
139	0.006443
140	-0.005080
141	0.002909
142	0.002084
143	-0.017215
144	0.004341
145	0.011704
146	-0.014958
147	-0.013781
148	-0.008897
149	0.002331
150	0.009858
151	-0.005817
152	-0.009553
153	-0.001713
154	0.007370
155	0.013679
156	-0.006748
157	-0.004395
158	0.011296
159	-0.001641
160	-0.006066
161	0.001736
162	-0.006471
163	-0.002128
164	0.012578
165	0.004448
166	-0.009103
167	-0.006910
168	-0.003249
169	-0.005148
170	0.008406
171	0.002570
172	-0.007546
173	-0.002222
174	0.003711
175	-0.002415
176	0.007468
177	0.003972
178	-0.000074
179	-0.002463
180	-0.001820
181	0.006136
182	-0.000779
183	-0.002246
184	0.002976
185	0.000101
186	-0.002484
187	-0.002904
188	0.002855
189	0.009606
190	-0.011530
191	0.001814
192	-0.007239
193	0.005408
194	0.008739
195	-0.010254
196	-0.003524
197	0.004662
198	0.000031
199	0.001612
200	-0.002033
201	0.001792
202	-0.000972
203	0.004754
204	0.003867
205	0.007344
206	0.003699
207	0.002775
208	-0.009088
209	0.003187
210	0.009295
211	-0.003703
212	0.006711
213	0.004383
214	0.007439
215	-0.001450
216	-0.005291
217	-0.003787
218	-0.004196
219	0.001164
220	0.003734
221	-0.006989
222	-0.002488
223	-0.012987
224	0.009866
225	-0.004771
226	-0.005077
227	-0.014405
228	0.003728
229	0.002711
230	0.000567
231	0.009502
232	0.010201
233	-0.001414
234	0.002812
235	-0.005135
236	0.003362
237	0.010529
238	-0.010063
239	0.001061
240	-0.002679
241	-0.004142
242	0.000788
243	-0.001765
244	0.000801
245	-0.001234
246	-0.003777
247	-0.013647
248	0.004913
249	0.003905
250	0.003743
251	0.006688
252	0.009205
253	-0.000247
254	0.007794
255	0.004794
256	-0.001465
257	-0.000562
258	0.000384
259	-0.002230
260	0.000261
261	-0.006653
263	0.001993
264	-0.006440
265	0.006470
266	-0.016353
267	0.002451
268	-0.004994
269	-0.003126
270	0.009959
271	0.000213
272	-0.000320
273	-0.002452
274	0.000373
275	0.002774
276	0.006152
277	-0.001352
278	-0.014383
279	-0.006292
280	0.000271
281	0.003131
282	-0.002605
283	0.010480
284	-0.001990
285	0.004763
286	0.000537
287	-0.009408
288	-0.006544
289	-0.006296
290	-0.002427
291	-0.001091
292	-0.003696
293	0.009820
294	0.005648
295	-0.000017
296	0.013990
297	-0.001694
298	-0.008007
299	0.006087
300	0.008381
301	0.000525
302	-0.004746
303	-0.008516
304	0.002120
305	0.001108
306	0.012874
307	-0.002547
308	-0.004840
309	0.010538
311	-0.001496
313	-0.001133
314	-0.005270
316	-0.006337
317	0.011383
318	-0.001731
319	0.000533
320	0.001482
321	-0.002896
322	0.007172
323	-0.001098
324	-0.001511
325	-0.006198
327	0.002486
328	-0.001682
330	0.006882
331	0.001628
332	-0.002023
334	-0.004736
337	-0.006204
338	-0.003105
339	-0.003421
340	0.004787
342	0.000506
344	-0.009073
348	0.016924
351	0.000668
352	0.006146
353	-0.005274
354	0.002339
355	-0.003924
356	0.000116
357	0.003712
358	-0.007220
359	-0.003643
360	0.001953
361	0.003461
362	0.007556
363	-0.002806
366	-0.004110
367	0.000884
368	0.001350
370	0.004887
371	0.006041
372	0.009510
373	-0.001058
374	-0.003712
375	-0.011417
376	0.000906
377	-0.014076
378	0.008232
379	-0.011450
380	0.000855
385	0.005402
388	-0.008852
390	0.009837
391	0.008258
392	0.003647
394	0.003049
396	-0.019779
397	-0.010833
401	0.004756
402	-0.001355
403	0.001368
404	-0.004869
