# 372 minima projected onto PC29
Min	PC
1	-0.366994
2	-0.010126
3	-0.040120
4	0.766808
5	-0.144812
6	-0.339820
7	-0.225779
8	-0.027085
9	-0.570524
10	-0.088111
11	-0.169126
12	-0.461280
13	-0.357840
14	-0.456327
15	-0.094732
16	0.831980
17	-0.447497
18	-0.305280
19	0.081556
20	-0.190034
21	0.032614
22	0.422255
23	0.039464
24	-0.056421
25	-0.154701
26	0.077438
27	0.194586
28	0.414965
29	-0.107867
30	-0.116205
31	-0.319215
32	0.233641
33	0.030852
34	-0.266057
35	-0.047014
36	0.149720
37	-0.200856
38	-0.098933
39	-0.591708
40	-0.120746
41	-0.216717
42	-0.373613
43	-0.563997
44	0.081208
45	-0.091010
46	0.336003
47	-0.415279
48	0.227968
49	-0.398227
50	-0.344500
51	-0.226774
52	0.275610
53	-0.005454
54	-0.120573
55	0.286083
56	-0.235871
57	-0.143733
58	-0.106166
59	0.738325
60	-0.011624
61	-0.153467
62	-0.207127
63	-0.366394
64	-0.032684
65	0.086711
66	0.264858
67	-0.257129
68	-0.112681
69	0.181872
70	-0.138696
71	0.228560
72	-0.241371
73	-0.083924
74	0.139646
75	0.219000
76	0.126290
77	0.354041
78	0.204306
79	0.172214
80	0.438331
81	0.040397
82	0.164444
83	-0.176439
84	0.256084
85	-0.230749
86	-0.428441
87	0.979113
88	0.037222
89	0.151969
90	-0.388177
91	-0.011678
92	1.415614
93	0.181298
94	-0.673253
95	0.267767
96	-0.755349
97	-0.363352
98	-0.035161
99	0.002901
100	-0.077724
101	-0.197149
102	0.317608
103	-0.132635
104	-0.288217
105	-0.050707
106	-1.179947
107	-1.485978
108	-1.434281
109	0.738324
110	0.340746
111	-0.302781
113	-0.306612
114	0.167407
115	0.332934
116	-0.148331
117	0.386927
118	-0.030915
119	1.100181
120	0.373262
121	0.235694
122	0.509310
123	-0.218954
124	-0.677517
125	-0.037882
126	0.345733
127	-0.384120
128	0.689371
129	-0.611885
130	-0.539153
131	0.034724
132	-0.391853
133	0.511501
134	0.248149
135	0.519915
136	-0.332788
137	0.087932
138	-0.460418
139	0.381711
140	0.328498
141	0.480024
142	-0.273261
143	0.262083
144	0.420744
145	-0.332913
146	0.258921
147	0.225965
148	0.052693
149	-0.221386
150	-0.333821
151	-0.240513
152	0.326720
153	-0.029521
154	0.296306
155	0.191917
156	0.040840
157	0.386662
158	-0.113916
159	0.174346
160	1.036190
161	0.064539
162	0.283915
163	0.456390
164	0.246803
165	-0.322379
166	-0.344338
167	-0.096706
168	-0.742497
169	-0.500568
170	0.154645
171	-0.755459
172	0.134755
173	-0.285934
174	-0.341175
175	0.018586
176	0.839566
177	0.384792
178	0.020149
179	-0.008838
180	-0.019646
181	0.474578
182	-0.162244
183	0.031505
184	-0.522733
185	0.298229
186	-0.131475
187	0.228392
188	0.232337
189	0.476862
190	0.650488
191	0.045997
192	-0.065265
193	0.138590
194	-0.865075
195	-0.490028
196	-0.769121
197	-0.403430
198	-0.818855
199	0.057563
200	-0.074313
201	0.933183
202	0.674329
203	-0.003618
204	-0.434263
205	-0.155109
206	-0.817958
207	0.384306
208	0.041132
209	0.066815
210	-0.352683
211	-0.102416
212	0.024396
213	0.111851
214	-0.631946
215	-0.249422
216	0.165407
217	-0.584464
218	-0.610080
219	0.370962
220	0.054292
221	-0.591152
222	0.189793
223	0.649413
224	-0.207171
225	-0.619167
226	0.079099
227	-0.227240
228	-0.400599
229	-0.557142
230	-0.246350
231	-0.375449
232	-0.017599
233	0.074151
234	0.205380
235	-0.394214
236	-0.248670
237	-0.130211
238	-0.147076
239	0.054568
240	0.263033
241	0.360732
242	0.104706
243	-0.097647
244	0.112133
245	0.103673
246	0.282069
247	-0.200974
248	0.665059
249	-0.074826
250	0.448605
251	0.163732
252	0.170418
253	0.142990
254	0.104521
255	-0.068308
256	0.075151
257	0.053377
258	0.268225
259	0.177445
260	0.579388
261	-0.287436
263	-0.039524
264	-0.173700
265	0.707906
266	0.046926
267	-0.330825
268	-0.233449
269	-0.404019
270	0.378969
271	1.995790
272	-0.347530
273	-0.235319
274	-0.223137
275	1.339134
276	-0.021136
277	0.015295
278	0.122382
279	-0.237623
280	0.177446
281	-0.047636
282	-0.484468
283	0.141234
284	0.180911
285	0.367079
286	0.038508
287	0.237940
288	-0.520641
289	-0.019408
290	-0.490779
291	-0.938763
292	-0.120486
293	0.178005
294	-0.002258
295	-0.054774
296	0.101925
297	-0.689595
298	0.389056
299	0.062004
300	0.107103
301	-0.108223
302	0.476423
303	0.801697
304	0.604594
305	-0.612584
306	-0.293937
307	-0.445858
308	-0.120866
309	-0.500073
311	0.193855
313	0.858946
314	-0.098539
316	0.165101
317	0.918836
318	0.503047
319	-0.042640
320	0.061606
321	0.735398
322	0.854234
323	0.139755
324	-1.234096
325	0.464708
327	0.349276
328	-0.362878
330	-0.164515
331	-0.285681
332	-0.130644
334	0.948004
337	-0.168347
338	-0.017430
339	0.072380
340	-0.058569
342	0.506243
344	0.238243
348	-0.610673
351	-0.104658
352	-0.563627
353	-0.297741
354	-0.455113
355	0.017045
356	0.224891
357	-0.740370
358	0.018051
359	-0.752550
360	0.374394
361	-0.263623
362	-0.216179
363	0.457506
366	-0.478671
367	-0.069219
368	-0.326564
370	-0.889852
371	-0.760376
372	-0.169684
373	0.416410
374	0.542024
375	0.052616
376	0.850885
377	1.309183
378	0.200869
379	0.056009
380	0.325013
385	0.229739
388	-0.404675
390	0.410210
391	1.797166
392	0.317876
394	0.642392
396	-0.856052
397	0.497246
401	0.005127
402	0.246132
403	-0.345974
404	-0.561984
