# 372 minima projected onto PC86
Min	PC
1	0.000946
2	0.000778
3	-0.000356
4	-0.000977
5	0.001331
6	0.001771
7	-0.002167
8	-0.001040
9	-0.000230
10	0.000012
11	-0.001459
12	0.001228
13	0.000145
14	-0.000628
15	0.000761
16	-0.000270
17	0.001058
18	0.000889
19	0.001475
20	0.001123
21	0.000841
22	0.002357
23	0.000782
24	0.001547
25	-0.000559
26	-0.001115
27	-0.000590
28	0.000202
29	0.002427
30	0.001144
31	0.001170
32	-0.000275
33	-0.002039
34	0.000416
35	-0.000264
36	-0.002489
37	-0.002493
38	0.001900
39	0.000656
40	0.000363
41	-0.002597
42	-0.001038
43	-0.001732
44	-0.000387
45	-0.001405
46	-0.000031
47	0.000777
48	0.002012
49	-0.000090
50	-0.001621
51	0.002249
52	-0.003714
53	-0.000140
54	-0.002106
55	-0.002735
56	-0.000256
57	0.000304
58	0.003538
59	0.000810
60	-0.001446
61	-0.001538
62	0.000129
63	0.001395
64	-0.002101
65	0.000532
66	-0.000569
67	-0.001819
68	-0.000346
69	-0.000611
70	-0.000470
71	0.001374
72	-0.003902
73	0.001760
74	0.000349
75	0.000106
76	0.000391
77	0.000082
78	0.000105
79	0.000302
80	-0.000351
81	0.000551
82	-0.002022
83	0.000574
84	0.000503
85	0.001072
86	-0.000966
87	0.000528
88	0.000614
89	0.000391
90	-0.001468
91	0.000309
92	-0.002046
93	-0.000239
94	-0.000019
95	0.000746
96	0.000422
97	-0.000255
98	-0.001351
99	-0.000872
100	0.000696
101	0.000338
102	-0.001941
103	0.000320
104	-0.000959
105	0.000758
106	-0.002312
107	0.000951
108	-0.000397
109	0.001661
110	0.002097
111	0.000459
113	-0.000384
114	0.000716
115	-0.001039
116	0.000501
117	-0.000188
118	-0.002913
119	-0.000082
120	-0.001252
121	-0.000158
122	-0.000366
123	0.001290
124	-0.001334
125	0.002326
126	-0.000389
127	0.000196
128	-0.000565
129	-0.001754
130	0.001976
131	0.001121
132	0.001026
133	0.002644
134	0.003550
135	-0.001121
136	-0.000209
137	0.000214
138	-0.001411
139	0.001089
140	-0.000086
141	0.000458
142	-0.001580
143	0.002102
144	-0.000373
145	-0.000481
146	0.000043
147	-0.000586
148	0.003179
149	-0.001907
150	-0.000516
151	0.001966
152	-0.000751
153	0.001429
154	-0.000474
155	-0.000275
156	-0.001088
157	-0.000888
158	-0.000979
159	-0.002308
160	-0.000739
161	-0.001105
162	0.000427
163	0.001700
164	0.000520
165	-0.000260
166	0.002708
167	0.000582
168	-0.001674
169	-0.002028
170	0.000935
171	-0.002757
172	0.000430
173	0.002048
174	-0.002638
175	-0.001559
176	0.000531
177	0.002944
178	0.000725
179	-0.000043
180	-0.003563
181	-0.001024
182	-0.003203
183	0.001118
184	-0.000412
185	-0.004818
186	-0.000519
187	0.002071
188	0.001154
189	0.000557
190	0.002332
191	0.000792
192	0.000410
193	-0.001246
194	-0.001371
195	-0.000470
196	-0.003062
197	0.000924
198	0.000007
199	0.000765
200	0.000425
201	0.001836
202	0.000166
203	-0.000597
204	0.000963
205	-0.001355
206	-0.003467
207	-0.002642
208	-0.002473
209	-0.002888
210	0.000639
211	-0.000531
212	0.000515
213	0.000668
214	0.000076
215	0.000320
216	0.000557
217	-0.000323
218	-0.001173
219	-0.000349
220	0.002743
221	0.000140
222	-0.000072
223	0.001217
224	0.003666
225	0.001034
226	0.000590
227	-0.000571
228	0.001360
229	0.001353
230	0.002321
231	-0.002011
232	-0.000892
233	0.000839
234	0.001514
235	0.001001
236	0.000030
237	0.001881
238	0.001693
239	0.001109
240	0.002186
241	-0.000608
242	-0.000715
243	-0.000938
244	-0.000362
245	-0.001203
246	-0.001581
247	-0.000639
248	-0.000491
249	0.000898
250	-0.000188
251	-0.000014
252	0.000168
253	-0.000767
254	0.000477
255	0.002930
256	0.001709
257	0.000572
258	0.000444
259	0.000195
260	-0.000474
261	0.001374
263	0.001065
264	0.001824
265	-0.001184
266	0.003043
267	-0.000724
268	0.002048
269	0.000496
270	0.002702
271	-0.001572
272	0.002695
273	0.000041
274	0.001032
275	0.005667
276	-0.000643
277	-0.000064
278	0.000847
279	0.001707
280	-0.001669
281	0.000631
282	0.001408
283	-0.000554
284	-0.000505
285	-0.000129
286	-0.000880
287	0.001982
288	-0.002470
289	-0.000245
290	0.000068
291	-0.000293
292	0.000405
293	-0.001456
294	-0.000045
295	0.000557
296	-0.001558
297	0.002047
298	0.001345
299	-0.000059
300	-0.001210
301	0.001178
302	-0.003912
303	-0.000596
304	0.001439
305	-0.002219
306	-0.000872
307	-0.001525
308	0.001040
309	-0.001163
311	-0.004056
313	-0.000425
314	0.002172
316	0.003696
317	-0.002394
318	0.001112
319	0.000221
320	0.002222
321	-0.002823
322	0.000572
323	-0.001236
324	0.002753
325	0.000129
327	-0.001636
328	-0.000211
330	-0.000350
331	-0.000330
332	0.001901
334	-0.001495
337	0.001855
338	-0.001665
339	-0.004319
340	-0.002458
342	0.001770
344	-0.006751
348	-0.000585
351	0.001390
352	-0.000595
353	-0.000500
354	0.001230
355	0.002977
356	0.002019
357	0.000810
358	0.000395
359	0.000438
360	0.001850
361	-0.002496
362	-0.001139
363	0.003725
366	-0.002205
367	-0.001684
368	-0.002301
370	0.001208
371	0.004013
372	0.003079
373	-0.002139
374	-0.001602
375	-0.001689
376	0.001138
377	-0.003051
378	-0.003907
379	0.000155
380	-0.001807
385	-0.000322
388	0.000201
390	0.000952
391	0.001220
392	-0.000225
394	0.001117
396	0.000725
397	-0.001238
401	0.001255
402	0.000238
403	0.002543
404	0.001271
