# 372 minima projected onto PC15
Min	PC
1	0.392995
2	0.467290
3	-1.526348
4	-0.995528
5	0.194458
6	1.023547
7	0.005071
8	0.692383
9	-2.197200
10	-0.238230
11	-1.241497
12	-2.097561
13	-1.394745
14	-1.403312
15	0.431561
16	-1.127378
17	1.341413
18	1.202311
19	-1.010953
20	0.852876
21	0.109546
22	-0.795492
23	-0.495390
24	0.702361
25	0.195090
26	0.639236
27	1.042838
28	0.326730
29	-0.948441
30	-0.379911
31	0.441518
32	0.095249
33	-1.331314
34	-0.787871
35	1.379677
36	-0.099818
37	0.268560
38	-0.857902
39	2.632808
40	1.941698
41	1.704320
42	1.878284
43	-2.835514
44	-0.767216
45	0.159808
46	-0.050688
47	-0.619965
48	0.191511
49	-0.997494
50	-0.528927
51	-1.459049
52	-1.775761
53	1.366347
54	0.134782
55	0.660891
56	-0.601201
57	2.870784
58	0.336287
59	1.023966
60	0.207155
61	1.089007
62	-1.448079
63	-1.162205
64	-1.996011
65	2.144287
66	1.426333
67	-0.005023
68	-0.704441
69	0.371499
70	-0.962200
71	1.566216
72	-1.280962
73	-1.395080
74	1.702561
75	-1.100498
76	1.272000
77	1.599671
78	0.391737
79	0.687818
80	0.659471
81	-0.179235
82	-1.677329
83	-2.051525
84	0.912888
85	1.704594
86	0.715416
87	0.896618
88	1.936993
89	0.946098
90	1.616865
91	1.849863
92	0.900958
93	-0.054883
94	2.194567
95	0.780407
96	0.540110
97	0.793594
98	-0.855877
99	1.352764
100	3.545157
101	-0.574316
102	-0.753945
103	-0.253952
104	0.608830
105	1.005560
106	1.027940
107	3.846974
108	2.673224
109	-1.551731
110	2.208537
111	0.296786
113	0.081931
114	-2.170152
115	0.480804
116	-1.420926
117	0.251492
118	-0.221687
119	-0.011745
120	1.395090
121	1.441857
122	0.157852
123	0.258481
124	0.160828
125	2.409068
126	1.285518
127	0.076758
128	-0.835697
129	0.666427
130	0.935315
131	1.209197
132	2.946163
133	2.460407
134	1.609028
135	-0.908629
136	-0.074178
137	-0.928651
138	0.876666
139	-0.186213
140	0.431856
141	0.791405
142	1.294591
143	1.660647
144	-0.018543
145	1.472584
146	-0.087712
147	1.543764
148	-0.020684
149	0.686382
150	-0.424647
151	0.110108
152	-0.938739
153	-0.632647
154	0.398568
155	-0.499594
156	0.471737
157	1.323393
158	-1.041341
159	2.117727
160	-0.680299
161	-0.633264
162	-0.271540
163	-0.260181
164	0.426261
165	-1.185268
166	-1.066821
167	-0.207391
168	-1.930884
169	-2.629804
170	-1.325781
171	-0.258714
172	-0.209659
173	0.881746
174	1.559935
175	0.720245
176	-1.533370
177	0.004373
178	-0.834053
179	2.316404
180	2.713019
181	0.801865
182	-1.913379
183	0.610813
184	0.536894
185	1.798975
186	-0.990722
187	0.358080
188	-1.414791
189	-0.002792
190	0.459388
191	-1.492655
192	-1.451946
193	0.535197
194	0.063112
195	1.559070
196	1.067894
197	0.864329
198	2.099551
199	1.014973
200	2.257647
201	-1.036602
202	-2.062753
203	-0.265671
204	0.990066
205	0.641019
206	0.786541
207	-0.823610
208	0.679320
209	-0.586743
210	-0.155032
211	0.013755
212	-1.411049
213	0.491580
214	0.064933
215	-1.069348
216	-1.637377
217	0.331672
218	0.440546
219	-2.905597
220	0.945914
221	-0.991587
222	0.763915
223	0.411727
224	-0.811493
225	2.558359
226	0.412348
227	-0.788699
228	-1.271368
229	-0.571643
230	0.889014
231	-0.964634
232	0.226296
233	0.604755
234	-0.109162
235	-1.966197
236	2.215493
237	-0.123609
238	-1.155451
239	-0.493557
240	1.500634
241	-1.097336
242	-1.171828
243	0.037022
244	-0.509501
245	-0.348692
246	-0.708766
247	-1.467049
248	-1.542807
249	-2.842892
250	-1.205301
251	0.599276
252	-0.567603
253	-3.004635
254	-3.181700
255	-0.738325
256	-2.487138
257	0.405664
258	-0.039692
259	0.345658
260	1.233862
261	-2.034882
263	-1.418458
264	-1.701652
265	2.228008
266	0.304979
267	-0.313339
268	0.001872
269	-0.096471
270	-2.782191
271	-0.343773
272	-0.684945
273	-1.811605
274	-1.602687
275	-0.385614
276	-1.321022
277	-0.007233
278	-0.130977
279	-1.775399
280	0.407904
281	0.486429
282	-0.164280
283	-0.405940
284	-0.304912
285	-0.136317
286	0.226530
287	-1.044517
288	-0.599106
289	-1.032506
290	1.386864
291	0.349579
292	0.432070
293	0.245906
294	1.114022
295	-0.932055
296	-1.386782
297	-1.932301
298	-0.174232
299	0.012159
300	-1.131802
301	1.724466
302	-1.303990
303	0.346619
304	3.082479
305	-1.150467
306	-0.075422
307	0.061989
308	0.425935
309	2.428255
311	-0.621720
313	1.778655
314	1.779919
316	1.687194
317	2.009770
318	0.889746
319	-0.502190
320	-0.635045
321	1.807999
322	0.098006
323	0.479664
324	0.545799
325	2.001052
327	2.067149
328	1.446641
330	-0.163397
331	0.836526
332	0.012447
334	0.099192
337	-0.242007
338	-1.987789
339	0.990990
340	-0.313701
342	0.792479
344	0.477168
348	-1.799748
351	-2.563829
352	-0.920665
353	-0.934862
354	-2.981306
355	-1.882436
356	-2.279618
357	-3.692208
358	-1.527963
359	-1.618815
360	0.336794
361	0.743158
362	-0.865335
363	0.205882
366	1.197133
367	2.770791
368	-2.198103
370	0.589501
371	-2.288109
372	-0.429193
373	-0.858114
374	-0.269318
375	-0.692938
376	0.944251
377	-0.337670
378	-2.902424
379	-1.542075
380	-1.388591
385	-1.687051
388	-2.650988
390	0.187507
391	-0.199533
392	-0.294926
394	-0.337595
396	-1.161589
397	-1.502310
401	3.506531
402	2.127553
403	3.637232
404	-0.876688
