# 372 minima projected onto PC70
Min	PC
1	0.006622
2	0.000269
3	-0.004917
4	0.005710
5	-0.003881
6	0.006542
7	-0.016798
8	0.002112
9	-0.002440
10	0.006364
11	0.012365
12	0.001515
13	-0.003791
14	0.004002
15	0.006814
16	0.013757
17	-0.001789
18	0.012734
19	0.008767
20	-0.001944
21	0.010103
22	0.000793
23	0.007387
24	-0.003194
25	-0.022028
26	0.011817
27	0.008653
28	-0.002174
29	-0.005198
30	0.000091
31	-0.008086
32	-0.006037
33	0.000677
34	0.019576
35	-0.000164
36	-0.001566
37	-0.003645
38	0.013620
39	-0.001346
40	-0.002349
41	-0.002496
42	0.003934
43	0.012771
44	0.006916
45	0.001306
46	-0.008410
47	-0.005735
48	-0.002165
49	-0.007559
50	-0.014351
51	-0.004707
52	-0.000985
53	0.005632
54	0.014181
55	0.000255
56	-0.000663
57	0.005209
58	0.009287
59	-0.007746
60	-0.001178
61	-0.002868
62	-0.006330
63	0.001881
64	-0.001182
65	-0.005980
66	0.001046
67	0.009845
68	-0.005920
69	-0.014660
70	-0.002793
71	0.008091
72	-0.000205
73	-0.012945
74	-0.003176
75	-0.008414
76	-0.002079
77	-0.001106
78	-0.003254
79	0.005281
80	0.010734
81	0.016157
82	-0.013977
83	0.001858
84	0.006219
85	-0.008938
86	-0.004596
87	0.001171
88	-0.001867
89	-0.000004
90	-0.001033
91	-0.008868
92	-0.007887
93	-0.005428
94	-0.010693
95	-0.007471
96	-0.002479
97	-0.017656
98	0.005512
99	-0.009119
100	0.001078
101	-0.001235
102	-0.004719
103	0.003101
104	-0.017812
105	0.000705
106	0.012415
107	-0.017134
108	-0.003061
109	-0.011639
110	0.001001
111	-0.002748
113	-0.004038
114	-0.017454
115	-0.006927
116	0.006286
117	-0.011809
118	0.006715
119	0.003986
120	-0.014315
121	-0.000134
122	-0.000840
123	0.004258
124	-0.000098
125	-0.016904
126	-0.001193
127	-0.008459
128	-0.003883
129	-0.001673
130	-0.006146
131	0.013100
132	-0.006100
133	0.008349
134	0.012001
135	-0.010942
136	0.000012
137	0.008543
138	0.002776
139	0.012141
140	-0.003333
141	0.019687
142	-0.007490
143	0.019313
144	0.007726
145	0.004114
146	-0.011976
147	-0.007652
148	0.009337
149	0.011772
150	-0.001287
151	0.016332
152	-0.003282
153	0.000367
154	0.003029
155	-0.019106
156	-0.001123
157	0.014835
158	0.008616
159	0.012955
160	0.003562
161	-0.005376
162	-0.000751
163	0.004151
164	-0.000016
165	-0.002042
166	0.007721
167	0.008164
168	-0.004217
169	0.009088
170	0.009592
171	-0.006906
172	0.013051
173	0.003518
174	-0.007640
175	-0.004064
176	0.001211
177	-0.001630
178	-0.005214
179	-0.004619
180	0.011272
181	0.010526
182	0.013438
183	0.010257
184	-0.009151
185	0.004996
186	-0.002028
187	-0.000509
188	-0.006564
189	-0.000218
190	-0.015126
191	-0.014241
192	-0.001999
193	-0.000129
194	-0.001747
195	0.001628
196	-0.014776
197	0.010630
198	-0.007445
199	0.008627
200	0.007108
201	-0.004943
202	-0.017972
203	0.000473
204	-0.008288
205	-0.001283
206	0.007835
207	-0.013114
208	0.014850
209	0.003910
210	0.009813
211	-0.000861
212	-0.007115
213	-0.005031
214	-0.008594
215	-0.000635
216	-0.012117
217	-0.030259
218	0.005052
219	-0.006699
220	0.002117
221	0.023849
222	0.002353
223	-0.016664
224	-0.004429
225	-0.001838
226	-0.005227
227	-0.013893
228	0.002030
229	0.005245
230	0.006236
231	0.000867
232	-0.003388
233	0.014392
234	0.018710
235	-0.001220
236	0.007804
237	-0.000622
238	0.008347
239	-0.003686
240	-0.010682
241	0.000055
242	-0.004319
243	-0.000134
244	-0.004675
245	0.002107
246	-0.007100
247	0.003273
248	-0.004407
249	0.003001
250	0.000978
251	-0.006543
252	-0.010909
253	-0.014491
254	-0.019540
255	-0.005476
256	0.002499
257	0.000146
258	0.004394
259	-0.001885
260	0.001705
261	0.001401
263	0.000887
264	0.015839
265	0.009639
266	0.004155
267	-0.010441
268	-0.013420
269	0.006130
270	-0.009474
271	0.021747
272	0.011955
273	-0.011895
274	0.000049
275	0.000717
276	0.011917
277	-0.001883
278	0.017712
279	-0.005652
280	0.004627
281	0.003136
282	0.009344
283	0.005827
284	-0.012773
285	0.006497
286	0.009108
287	-0.010429
288	-0.004011
289	-0.016548
290	0.003395
291	-0.009697
292	-0.007885
293	0.006694
294	0.007523
295	0.003827
296	-0.010106
297	-0.008764
298	-0.002310
299	0.000176
300	-0.014291
301	-0.009621
302	0.022300
303	0.000036
304	-0.000057
305	0.004647
306	0.010829
307	0.007943
308	0.007806
309	-0.041756
311	0.005513
313	-0.000030
314	0.004475
316	-0.001678
317	-0.013532
318	0.001626
319	-0.014142
320	0.018309
321	0.001886
322	-0.007117
323	0.004064
324	0.020094
325	-0.001259
327	0.014736
328	0.011500
330	-0.010043
331	0.009538
332	0.006156
334	-0.001023
337	0.001185
338	-0.001786
339	0.003893
340	-0.009945
342	0.000230
344	0.009956
348	0.017065
351	0.018679
352	0.002706
353	0.012483
354	-0.009596
355	-0.020755
356	0.002516
357	0.007167
358	-0.010808
359	-0.014844
360	0.002328
361	0.012561
362	0.008438
363	-0.004743
366	-0.000113
367	0.005603
368	0.002673
370	-0.006148
371	0.010932
372	0.009162
373	0.014458
374	-0.019386
375	-0.002914
376	-0.008888
377	-0.005669
378	0.015645
379	-0.015754
380	0.002004
385	0.010408
388	0.019599
390	-0.006756
391	0.010128
392	-0.020549
394	-0.001924
396	0.000827
397	-0.009908
401	-0.013546
402	0.004766
403	0.006296
404	0.022930
