# 372 minima projected onto PC44
Min	PC
1	-0.017052
2	0.051981
3	0.053935
4	0.011462
5	0.013220
6	0.054596
7	0.022641
8	0.027752
9	-0.050448
10	-0.036683
11	-0.069230
12	-0.005906
13	-0.126603
14	-0.068603
15	0.095438
16	-0.020613
17	-0.016507
18	-0.008077
19	0.086166
20	-0.051661
21	0.007241
22	0.016117
23	0.001952
24	0.009668
25	-0.001233
26	-0.025618
27	-0.012077
28	0.046494
29	-0.042526
30	0.010178
31	-0.087380
32	0.000336
33	-0.014356
34	0.023248
35	0.057541
36	-0.047273
37	-0.010200
38	-0.027747
39	-0.093702
40	0.025533
41	-0.054522
42	-0.062356
43	0.022133
44	-0.023419
45	-0.046619
46	-0.029911
47	0.009295
48	0.049521
49	-0.008928
50	-0.029072
51	-0.060643
52	-0.040130
53	-0.033499
54	-0.045562
55	-0.039525
56	-0.049997
57	-0.013024
58	-0.075002
59	-0.050813
60	-0.066642
61	0.065716
62	0.000160
63	-0.048898
64	0.105535
65	-0.120431
66	-0.112662
67	-0.064501
68	-0.029921
69	-0.099680
70	-0.045137
71	0.073878
72	-0.038945
73	0.014098
74	0.100440
75	0.082446
76	-0.013132
77	0.017417
78	-0.012706
79	-0.021843
80	0.029573
81	0.105360
82	-0.067734
83	-0.003634
84	-0.055953
85	-0.028716
86	0.039562
87	-0.001502
88	0.013204
89	0.072946
90	0.052946
91	-0.027999
92	0.026702
93	0.003469
94	0.063283
95	-0.018250
96	0.057752
97	-0.053256
98	-0.026939
99	0.079702
100	0.111993
101	0.066839
102	-0.046368
103	0.098244
104	-0.022736
105	-0.055942
106	0.206714
107	-0.228098
108	-0.367860
109	-0.085958
110	0.284585
111	0.044618
113	0.041535
114	-0.004798
115	0.002762
116	-0.060799
117	-0.040120
118	0.077932
119	-0.016774
120	0.047721
121	0.040963
122	0.017763
123	0.015180
124	-0.007847
125	-0.065967
126	0.193461
127	0.016442
128	-0.006202
129	0.052788
130	-0.214126
131	-0.015001
132	-0.022940
133	0.043680
134	0.077355
135	-0.066896
136	0.042081
137	0.105718
138	-0.009158
139	0.075008
140	0.031341
141	0.077626
142	-0.056024
143	-0.032507
144	0.085759
145	0.085542
146	-0.102137
147	-0.033816
148	-0.060106
149	-0.009366
150	0.036319
151	0.062666
152	0.175796
153	0.133182
154	0.105906
155	-0.068159
156	-0.025508
157	0.029639
158	0.043585
159	0.077546
160	-0.003397
161	-0.106784
162	-0.043041
163	-0.051633
164	0.038203
165	-0.013969
166	-0.044556
167	0.081821
168	0.046254
169	0.000405
170	0.020291
171	-0.784560
172	0.103558
173	-0.000499
174	-0.062704
175	-0.017063
176	-0.057179
177	-0.093196
178	0.007278
179	0.011145
180	-0.120958
181	0.021986
182	-0.028002
183	0.066244
184	0.024567
185	0.109902
186	0.096288
187	-0.062398
188	0.025581
189	0.024607
190	-0.051640
191	-0.024240
192	0.044792
193	0.015684
194	0.073469
195	-0.082289
196	-0.041902
197	-0.054402
198	-0.030019
199	-0.043064
200	0.123145
201	-0.151164
202	-0.054096
203	0.002587
204	0.037647
205	0.051378
206	-0.042163
207	0.005021
208	0.022513
209	0.028925
210	0.033649
211	-0.064791
212	-0.079113
213	-0.154536
214	0.039875
215	-0.009741
216	-0.025399
217	0.057715
218	-0.056909
219	0.075788
220	-0.059048
221	0.146232
222	0.104841
223	-0.145696
224	-0.103151
225	0.023864
226	0.004470
227	0.120298
228	-0.016545
229	-0.010231
230	0.071726
231	-0.057455
232	0.039456
233	-0.062433
234	-0.037664
235	-0.056731
236	0.005974
237	-0.094499
238	-0.027505
239	0.087831
240	0.166460
241	-0.042429
242	0.011526
243	0.164817
244	-0.075494
245	-0.058968
246	-0.003786
247	0.013113
248	-0.068217
249	-0.024254
250	-0.139856
251	-0.015958
252	0.020474
253	0.137823
254	0.078177
255	-0.027319
256	-0.009853
257	-0.091910
258	0.004146
259	0.030823
260	0.013207
261	-0.047491
263	-0.214389
264	0.062473
265	0.056060
266	-0.156273
267	0.019915
268	-0.146781
269	-0.015847
270	0.033133
271	-0.058675
272	0.093284
273	0.047884
274	0.068091
275	0.198676
276	-0.067806
277	0.066672
278	-0.069140
279	0.189558
280	-0.047650
281	0.050771
282	-0.027101
283	0.041320
284	-0.208849
285	-0.548867
286	-0.643565
287	0.080145
288	-0.039154
289	0.029070
290	0.071755
291	0.681134
292	-0.075235
293	-0.037787
294	0.078996
295	-0.047925
296	-0.183074
297	-0.009331
298	-0.089304
299	0.014725
300	-0.013570
301	0.063035
302	-0.134210
303	0.070492
304	0.130655
305	0.452963
306	-0.178204
307	0.001210
308	-0.027115
309	0.080841
311	0.055155
313	0.064892
314	0.141477
316	0.146800
317	-0.019799
318	0.158987
319	-0.036279
320	0.013679
321	-0.063856
322	0.101613
323	0.010121
324	-0.436892
325	0.035786
327	0.004258
328	-0.149940
330	0.000071
331	-0.015874
332	0.016658
334	0.043495
337	0.129546
338	0.072313
339	-0.152401
340	-0.039872
342	0.005727
344	0.158834
348	0.070398
351	-0.091590
352	0.097026
353	-0.065740
354	0.014512
355	-0.104833
356	-0.050477
357	-0.042199
358	-0.007193
359	0.154662
360	-0.056507
361	-0.002938
362	-0.094705
363	-0.017432
366	0.062397
367	0.158554
368	0.975437
370	0.207527
371	0.040682
372	0.024705
373	-0.067229
374	-0.092186
375	-0.125000
376	0.001412
377	-0.031484
378	-0.121375
379	0.106673
380	0.157749
385	0.145939
388	-0.243634
390	-0.035990
391	-0.039181
392	0.101505
394	-0.226846
396	0.118225
397	0.117415
401	-0.052462
402	0.011102
403	0.109220
404	0.073966
