# 372 minima projected onto PC87
Min	PC
1	0.000023
2	-0.000890
3	-0.000114
4	-0.000136
5	-0.000305
6	-0.000154
7	0.000827
8	0.000900
9	-0.000062
10	0.000844
11	-0.000099
12	-0.000325
13	0.000129
14	0.000063
15	-0.001148
16	0.000075
17	-0.000355
18	0.000413
19	0.000496
20	0.001029
21	-0.000264
22	0.000160
23	0.000050
24	0.001354
25	0.001780
26	0.000600
27	0.000860
28	0.001095
29	0.001051
30	0.000435
31	0.000183
32	0.000130
33	-0.000185
34	-0.000367
35	0.000605
36	-0.000489
37	0.001634
38	-0.000883
39	-0.000267
40	-0.000377
41	-0.000269
42	-0.000225
43	-0.000169
44	-0.001792
45	0.000476
46	-0.000715
47	0.000021
48	0.001128
49	0.000259
50	-0.000875
51	-0.000691
52	-0.000435
53	0.000409
54	-0.000513
55	0.000141
56	0.000063
57	0.000215
58	-0.000508
59	0.000057
60	-0.000469
61	-0.000594
62	-0.001367
63	0.001101
64	0.000101
65	-0.000715
66	0.000193
67	0.000122
68	0.000577
69	0.000633
70	-0.000756
71	-0.000111
72	-0.001175
73	0.000456
74	-0.000582
75	-0.000130
76	0.000679
77	-0.000525
78	-0.000842
79	0.000384
80	0.000484
81	0.000734
82	-0.000404
83	-0.000426
84	0.000086
85	-0.000573
86	0.000343
87	0.000082
88	-0.000114
89	-0.001372
90	0.000007
91	-0.000712
92	-0.002022
93	0.000372
94	-0.000221
95	-0.000811
96	0.000324
97	0.000478
98	0.000086
99	-0.000677
100	0.000203
101	-0.000283
102	-0.000099
103	0.000497
104	0.000511
105	0.001725
106	0.000065
107	-0.001147
108	-0.000171
109	0.000250
110	0.003708
111	0.000540
113	0.000334
114	0.000071
115	-0.000968
116	0.000065
117	-0.001697
118	-0.000615
119	0.001209
120	-0.000237
121	-0.000272
122	0.000392
123	-0.000035
124	0.002612
125	0.000200
126	-0.000330
127	0.000826
128	-0.000590
129	-0.000831
130	0.000968
131	-0.000811
132	-0.001109
133	0.000411
134	-0.000211
135	0.000871
136	-0.000656
137	0.000068
138	0.001389
139	0.000649
140	-0.000652
141	0.000366
142	0.001196
143	-0.000981
144	-0.000013
145	0.000741
146	-0.000633
147	0.001386
148	-0.000679
149	-0.000575
150	0.000070
151	-0.000450
152	0.001221
153	-0.000230
154	0.000093
155	-0.000810
156	-0.000138
157	0.000257
158	0.000904
159	0.000200
160	-0.000061
161	0.000309
162	0.001292
163	-0.001199
164	-0.000046
165	-0.000382
166	0.000538
167	-0.000141
168	-0.002662
169	-0.000064
170	-0.001453
171	-0.000055
172	0.000385
173	-0.001525
174	-0.001532
175	0.001496
176	0.000190
177	-0.000317
178	0.003098
179	-0.000601
180	-0.000827
181	0.001565
182	0.000478
183	0.000224
184	-0.000327
185	0.000079
186	0.003665
187	0.000493
188	-0.001421
189	0.000380
190	0.000419
191	0.000267
192	-0.000336
193	0.000563
194	0.000781
195	-0.000049
196	-0.000446
197	-0.000557
198	-0.000117
199	-0.000681
200	-0.000822
201	-0.000094
202	0.000682
203	0.000473
204	0.000168
205	-0.000385
206	-0.000968
207	0.000699
208	0.001609
209	0.001006
210	-0.000042
211	-0.001514
212	-0.001033
213	-0.000706
214	0.001121
215	-0.000848
216	-0.001299
217	0.000906
218	0.001767
219	0.000636
220	0.000145
221	-0.002173
222	-0.000126
223	-0.000263
224	-0.000486
225	-0.000039
226	0.001086
227	0.000371
228	0.000289
229	-0.000140
230	-0.000756
231	0.002037
232	-0.000366
233	0.000503
234	0.000535
235	0.000648
236	0.003168
237	-0.000208
238	-0.000689
239	0.000851
240	0.000625
241	0.000731
242	-0.000326
243	-0.000349
244	0.000829
245	-0.000075
246	-0.000094
247	-0.000996
248	0.001080
249	0.000191
250	0.001274
251	-0.002234
252	-0.002001
253	0.000058
254	0.000870
255	-0.001538
256	-0.000248
257	0.000597
258	-0.001233
259	-0.000026
260	-0.001957
261	-0.000290
263	-0.000479
264	-0.000241
265	0.000689
266	0.001622
267	-0.000319
268	0.000181
269	0.000559
270	0.001123
271	0.000847
272	0.000687
273	-0.000239
274	0.000426
275	0.001282
276	-0.000754
277	-0.001828
278	-0.001215
279	-0.001245
280	0.001423
281	-0.000481
282	-0.000236
283	-0.000662
284	0.000873
285	0.000656
286	-0.000717
287	-0.001167
288	0.000042
289	-0.000241
290	0.000679
291	-0.001078
292	-0.001132
293	-0.000311
294	-0.001672
295	0.001358
296	-0.000514
297	0.000646
298	0.000076
299	0.000168
300	-0.000659
301	-0.000697
302	0.001198
303	0.001014
304	-0.001042
305	0.000321
306	0.000650
307	0.001052
308	0.000614
309	0.001186
311	0.001166
313	0.000339
314	0.000012
316	0.000213
317	-0.001087
318	-0.002434
319	0.001627
320	-0.001392
321	-0.000237
322	0.000299
323	-0.000196
324	0.000350
325	0.000163
327	0.000534
328	0.001248
330	0.001190
331	-0.000096
332	-0.001203
334	0.000601
337	-0.001841
338	-0.000713
339	-0.003290
340	0.000042
342	-0.000871
344	-0.000253
348	-0.001012
351	0.000832
352	-0.000332
353	0.001204
354	-0.000005
355	-0.000432
356	-0.000086
357	-0.000060
358	-0.001113
359	0.000754
360	-0.000067
361	0.001308
362	-0.001918
363	0.001557
366	0.000238
367	-0.000096
368	-0.000342
370	-0.000552
371	-0.000236
372	-0.000751
373	-0.000928
374	0.000541
375	-0.001803
376	-0.001644
377	-0.002628
378	0.001690
379	0.000070
380	0.000550
385	0.000235
388	0.000138
390	0.000847
391	0.000476
392	0.000260
394	-0.001476
396	0.000265
397	-0.000873
401	0.000131
402	0.000451
403	0.000388
404	-0.000568
