# 372 minima projected onto PC20
Min	PC
1	0.120185
2	-0.532616
3	-0.591615
4	-0.719135
5	0.586927
6	0.487231
7	-0.000258
8	-0.168040
9	0.657676
10	0.408590
11	0.043959
12	0.072724
13	0.557674
14	0.539019
15	0.201010
16	0.073248
17	0.867835
18	-0.036128
19	-0.838016
20	0.336355
21	-0.754316
22	0.201336
23	0.194429
24	-0.087313
25	0.398976
26	-0.012976
27	0.152087
28	-0.047498
29	0.800688
30	0.187767
31	0.680261
32	-0.474090
33	0.107203
34	-0.336625
35	-0.484575
36	0.193157
37	0.430912
38	0.094797
39	0.961129
40	0.114750
41	0.460094
42	0.743217
43	-0.003162
44	-0.290617
45	-0.072021
46	-0.168280
47	0.500485
48	0.117866
49	0.696668
50	0.066223
51	0.158879
52	0.453620
53	0.896184
54	0.467930
55	0.051576
56	0.319315
57	0.413135
58	-0.109828
59	-0.484332
60	-0.056066
61	-0.145420
62	-0.295486
63	0.176644
64	-0.520854
65	0.576701
66	0.317066
67	0.095225
68	-0.051276
69	0.208434
70	-0.016397
71	0.245016
72	0.360733
73	0.437725
74	0.467718
75	0.460064
76	0.563660
77	0.274975
78	-0.246158
79	0.609769
80	-0.031296
81	-0.199523
82	-0.042709
83	-0.329258
84	0.203552
85	0.608815
86	-0.223030
87	-0.429316
88	0.433377
89	-0.176368
90	-0.566379
91	0.615471
92	0.242306
93	-0.866068
94	-0.335688
95	0.327917
96	0.230929
97	-0.011333
98	-1.115183
99	-0.242664
100	1.195189
101	-0.744902
102	-0.342483
103	-0.628257
104	0.093296
105	0.477766
106	-1.503904
107	-1.015170
108	-0.430031
109	-0.369347
110	1.535487
111	-0.896593
113	-0.074029
114	-0.553958
115	0.399901
116	-0.026221
117	0.118138
118	-0.318129
119	-0.167408
120	-0.252574
121	-0.648761
122	-0.890291
123	0.117180
124	0.211951
125	-0.287099
126	-0.600638
127	-0.646562
128	-0.824138
129	0.256740
130	-0.849476
131	0.193368
132	-0.115691
133	-0.017970
134	0.305718
135	-0.331746
136	0.057708
137	-0.923625
138	0.451278
139	-0.685700
140	-0.421027
141	-0.306160
142	-0.124795
143	0.349443
144	-0.479778
145	0.110875
146	-0.719490
147	0.328140
148	-0.095887
149	-0.785437
150	-1.000460
151	-0.452540
152	0.009264
153	-0.272889
154	0.686723
155	-0.030655
156	0.025746
157	-0.118217
158	0.166245
159	0.224945
160	-0.319871
161	0.416073
162	-0.011565
163	-0.638424
164	-0.402070
165	0.160533
166	-0.267666
167	-0.314133
168	-0.180041
169	0.114692
170	-0.479132
171	-0.494386
172	-0.349369
173	-0.036754
174	0.441674
175	-0.083004
176	0.040787
177	-0.583380
178	-0.809802
179	0.018660
180	0.720519
181	0.328835
182	0.026790
183	-0.090021
184	-0.587788
185	-1.404079
186	0.884832
187	0.518092
188	-0.032166
189	-0.147800
190	0.213341
191	-0.005329
192	-0.029855
193	0.067595
194	-0.347777
195	-0.395541
196	-0.043220
197	-0.413965
198	0.729257
199	-0.072093
200	-0.188571
201	-0.654324
202	-0.459299
203	-0.100632
204	-0.555375
205	-0.025697
206	-0.073592
207	-0.092305
208	0.228716
209	-0.211774
210	-0.292246
211	-0.225146
212	-0.677812
213	0.737043
214	0.703247
215	-0.758246
216	-0.826521
217	0.363619
218	0.592405
219	0.431048
220	0.677340
221	0.069502
222	-0.324059
223	-0.734359
224	-0.903485
225	0.315069
226	0.036751
227	0.219168
228	-0.305443
229	2.431822
230	0.070798
231	0.333827
232	-0.366476
233	0.103660
234	-0.362399
235	0.457607
236	0.704325
237	-0.517460
238	0.310236
239	-0.372359
240	-0.330837
241	0.407123
242	-0.201257
243	-0.328058
244	-0.279389
245	0.427675
246	-0.298561
247	-0.294971
248	0.066644
249	-0.436485
250	0.306277
251	0.344386
252	0.547213
253	-0.163417
254	-0.292611
255	0.011912
256	0.135256
257	-0.621264
258	-0.531639
259	-0.260291
260	0.381738
261	-0.551370
263	2.152551
264	2.497514
265	0.709988
266	-0.154570
267	0.207890
268	0.042780
269	0.237471
270	-0.403836
271	0.240929
272	0.589415
273	0.211414
274	-0.711689
275	1.384378
276	-0.567060
277	0.030039
278	-0.807666
279	0.335972
280	-0.937002
281	2.431987
282	-0.087551
283	2.311577
284	2.320833
285	2.246569
286	2.018419
287	0.760386
288	-0.876201
289	-0.811041
290	0.068263
291	2.664123
292	-0.097244
293	0.560407
294	-0.018329
295	-0.345712
296	-0.329390
297	-0.862144
298	-0.076896
299	-0.913040
300	-0.506628
301	0.301293
302	0.015885
303	-0.136406
304	0.368112
305	2.869340
306	-0.436431
307	-0.452072
308	-0.430776
309	-0.616232
311	-1.527683
313	-0.849614
314	-1.184665
316	-1.343696
317	-1.486636
318	-0.190560
319	-0.396337
320	-0.304404
321	-0.148593
322	2.754720
323	-0.450338
324	0.184170
325	-0.943133
327	-1.448281
328	-1.080521
330	0.267543
331	-0.673504
332	-0.859445
334	-0.739774
337	-0.370328
338	-0.769378
339	1.487598
340	-0.878090
342	-1.008680
344	1.128876
348	-0.294336
351	0.205166
352	-1.070179
353	-0.250498
354	0.339894
355	0.052296
356	0.014002
357	-0.023184
358	-0.773506
359	-1.347340
360	1.604162
361	0.940437
362	0.643394
363	-0.267042
366	-1.033073
367	-1.028416
368	0.688527
370	-0.908741
371	0.327897
372	-0.213895
373	-0.763079
374	2.549112
375	1.269987
376	1.571361
377	1.657240
378	-0.683342
379	0.617401
380	0.839957
385	-0.761081
388	-0.136292
390	0.232491
391	-0.024994
392	-0.638608
394	-0.930646
396	1.653609
397	-0.286417
401	-0.515350
402	-0.883211
403	-0.870384
404	-0.133673
