# 372 minima projected onto PC48
Min	PC
1	-0.166737
2	0.025055
3	0.089890
4	0.018152
5	-0.060666
6	0.037930
7	0.028776
8	0.021750
9	0.026935
10	-0.059919
11	-0.045299
12	-0.018542
13	0.003027
14	0.020053
15	0.080151
16	0.010590
17	0.052312
18	-0.044408
19	0.029848
20	-0.009589
21	-0.007905
22	0.024441
23	0.084576
24	-0.036628
25	0.016772
26	-0.079617
27	-0.179705
28	-0.000034
29	0.008683
30	0.026342
31	0.008548
32	-0.015272
33	0.083399
34	0.079312
35	0.013115
36	-0.017601
37	0.056667
38	-0.061274
39	0.019085
40	0.001302
41	-0.086557
42	-0.097564
43	-0.023430
44	-0.032881
45	-0.039508
46	-0.029106
47	0.022291
48	-0.001843
49	0.025664
50	0.013536
51	-0.031657
52	0.082718
53	0.038858
54	-0.022018
55	-0.034785
56	-0.029232
57	-0.040103
58	-0.100077
59	-0.065814
60	-0.012206
61	0.082675
62	0.178127
63	-0.015864
64	0.090535
65	-0.072589
66	0.006208
67	-0.028276
68	-0.005253
69	0.012763
70	0.020530
71	-0.039252
72	-0.030852
73	-0.040771
74	-0.033522
75	-0.044985
76	-0.110286
77	-0.089718
78	0.016969
79	-0.034027
80	0.006410
81	0.046273
82	-0.097602
83	-0.082863
84	-0.034628
85	0.010847
86	0.010421
87	0.023733
88	-0.006477
89	0.034078
90	0.085392
91	-0.014278
92	0.122834
93	-0.032618
94	0.005495
95	-0.109429
96	0.040057
97	-0.003365
98	0.044132
99	0.133389
100	0.002386
101	-0.042448
102	0.121975
103	0.024214
104	0.043750
105	-0.045882
106	0.225050
107	0.006915
108	-0.157191
109	-0.010916
110	0.032787
111	0.107615
113	0.041046
114	0.060129
115	-0.029827
116	0.022241
117	-0.116114
118	0.103712
119	-0.089856
120	-0.000749
121	-0.070126
122	-0.106056
123	0.017874
124	-0.034862
125	0.080355
126	0.053797
127	-0.024552
128	0.046193
129	0.071321
130	0.399063
131	0.068380
132	0.163815
133	-0.074729
134	-0.090204
135	-0.067008
136	-0.024538
137	0.093285
138	0.023467
139	-0.022471
140	-0.010624
141	-0.010820
142	0.057249
143	-0.027729
144	-0.065828
145	0.030510
146	0.027542
147	-0.053717
148	0.054697
149	0.043092
150	0.099127
151	0.012050
152	-0.085468
153	-0.013476
154	0.082434
155	-0.051419
156	-0.011648
157	0.001527
158	-0.001264
159	0.064686
160	0.082660
161	-0.067091
162	-0.096433
163	-0.034956
164	-0.030593
165	-0.026829
166	0.009923
167	0.008762
168	0.097854
169	-0.044089
170	-0.018326
171	-0.247970
172	0.042474
173	-0.042391
174	0.064929
175	0.044329
176	-0.111706
177	0.037801
178	0.033959
179	0.050440
180	-0.075095
181	-0.021323
182	0.024706
183	0.009824
184	0.001038
185	-0.112226
186	-0.064443
187	-0.005109
188	0.103069
189	0.047552
190	-0.128787
191	-0.079909
192	0.020018
193	-0.014890
194	0.060631
195	0.025557
196	-0.022726
197	-0.028586
198	-0.092157
199	-0.061228
200	-0.097337
201	-0.079869
202	-0.026838
203	-0.063971
204	0.106758
205	0.099037
206	-0.016354
207	0.043344
208	0.024390
209	-0.012666
210	0.061354
211	-0.047048
212	0.125503
213	-0.114976
214	-0.088633
215	-0.037641
216	0.007596
217	-0.082849
218	0.022075
219	-0.115825
220	-0.058362
221	0.201044
222	0.138705
223	0.038878
224	0.026845
225	-0.011364
226	-0.028559
227	-0.116019
228	0.021186
229	0.007337
230	0.069005
231	0.025877
232	0.047579
233	0.037234
234	-0.084280
235	0.046285
236	-0.038483
237	0.051700
238	0.030727
239	0.043475
240	0.092223
241	0.012248
242	-0.052775
243	0.100811
244	-0.059801
245	0.051304
246	-0.031317
247	0.121027
248	-0.066907
249	-0.081513
250	-0.008264
251	0.020367
252	0.063002
253	-0.018638
254	-0.083161
255	-0.011301
256	0.116348
257	0.063165
258	0.003818
259	0.106624
260	0.069085
261	0.096268
263	0.060952
264	-0.033920
265	0.114318
266	-0.019477
267	-0.106690
268	-0.089280
269	-0.062686
270	0.016317
271	0.079507
272	0.029498
273	-0.095396
274	-0.016832
275	0.139099
276	-0.084571
277	-0.078017
278	-0.082567
279	-0.121567
280	-0.070594
281	-0.108570
282	-0.094468
283	-0.180749
284	0.203357
285	0.319759
286	0.159263
287	-0.142319
288	-0.004505
289	0.008109
290	-0.027353
291	-0.205424
292	0.079582
293	-0.074531
294	-0.119869
295	0.030661
296	-0.078555
297	0.042011
298	-0.009598
299	-0.085111
300	-0.112508
301	0.119500
302	-0.129675
303	0.090972
304	0.048790
305	-0.121448
306	0.017211
307	0.093166
308	0.026260
309	0.136651
311	0.067381
313	0.034264
314	-0.014781
316	-0.018167
317	-0.114135
318	0.075900
319	-0.021321
320	-0.011067
321	-0.010765
322	0.092063
323	-0.071337
324	0.160008
325	0.056613
327	-0.154176
328	0.157910
330	0.060297
331	0.116086
332	-0.109145
334	0.060302
337	-0.042060
338	-0.123378
339	-0.012798
340	-0.125917
342	-0.118210
344	-0.011758
348	0.032154
351	-0.022345
352	-0.090534
353	0.012114
354	-0.109740
355	0.027950
356	0.051463
357	-0.034636
358	0.059726
359	0.081316
360	0.027173
361	-0.000656
362	0.076647
363	0.095065
366	0.100136
367	-0.145320
368	0.128955
370	-0.168107
371	0.049630
372	-0.129687
373	-0.010458
374	-0.008125
375	0.027898
376	0.100586
377	0.101508
378	0.081142
379	0.008096
380	0.028231
385	-0.043690
388	-0.179308
390	0.092711
391	-0.064406
392	0.013971
394	-0.048577
396	0.011532
397	0.155629
401	-0.111543
402	-0.130936
403	-0.001320
404	-0.027669
