# 372 minima projected onto PC5
Min	PC
1	0.462627
2	0.987768
3	1.687742
4	2.014572
5	0.258488
6	-0.804846
7	-0.456232
8	-1.193803
9	1.642348
10	-0.133915
11	-0.046945
12	2.047760
13	0.863790
14	0.132706
15	1.384609
16	2.233321
17	0.209777
18	-0.715852
19	0.806758
20	-0.809708
21	-0.148697
22	2.126339
23	0.405947
24	0.086794
25	0.139656
26	0.251593
27	-0.748328
28	1.210795
29	1.928474
30	-1.460077
31	-0.188839
32	0.899303
33	2.043592
34	-2.525687
35	-0.496904
36	0.956930
37	1.560592
38	-4.070167
39	-1.192521
40	-2.707177
41	-1.171822
42	-0.052931
43	-2.537499
44	-3.450903
45	-1.519909
46	-4.686918
47	1.344498
48	1.046851
49	0.586973
50	-0.118249
51	0.643299
52	2.203908
53	-1.308213
54	-0.068000
55	0.046409
56	0.884316
57	-0.159940
58	-4.913440
59	-5.726263
60	0.598686
61	-0.744039
62	-2.163049
63	-3.483306
64	1.163063
65	-3.102353
66	-1.985186
67	0.695367
68	1.735801
69	-0.273489
70	2.554616
71	2.254378
72	3.607103
73	3.319812
74	3.262886
75	4.612892
76	-0.177435
77	0.331467
78	4.237803
79	2.142737
80	1.993770
81	3.519218
82	-0.401167
83	2.516033
84	2.783566
85	-0.847099
86	-0.139053
87	-4.021700
88	4.134905
89	-1.078949
90	2.563523
91	1.774945
92	-1.313309
93	4.815480
94	1.804007
95	-1.042990
96	0.223619
97	3.746440
98	2.022667
99	2.450462
100	0.779964
101	4.370503
102	-2.095632
103	2.198814
104	0.829754
105	0.460503
106	-1.029329
107	2.740098
108	2.277183
109	-3.863710
110	1.928933
111	0.557985
113	2.704919
114	-1.206782
115	1.500642
116	-0.638527
117	-2.432215
118	0.018085
119	-4.593885
120	-2.755016
121	2.766344
122	3.231413
123	-1.981253
124	-0.979702
125	4.372003
126	-0.359793
127	-2.319890
128	3.846640
129	0.428499
130	-5.156690
131	5.456939
132	2.553273
133	0.588040
134	-1.630105
135	-4.149137
136	2.965011
137	2.921330
138	1.110266
139	1.158517
140	4.911685
141	0.446147
142	2.590227
143	1.507790
144	-2.629839
145	-2.650151
146	-4.061707
147	-2.426857
148	-3.557159
149	-2.787417
150	-1.648784
151	0.529821
152	0.948424
153	1.643810
154	0.032870
155	1.758904
156	-1.400892
157	-2.776410
158	-3.163654
159	-1.843808
160	3.758957
161	2.802669
162	1.417650
163	2.159353
164	-1.000443
165	-1.555206
166	-2.467377
167	4.674769
168	-0.028128
169	-0.483331
170	-0.346554
171	-0.299372
172	1.160611
173	2.002868
174	-0.135946
175	-0.521058
176	-4.163905
177	-3.834901
178	-4.040953
179	3.342058
180	1.551112
181	-2.394992
182	-1.021994
183	-0.504129
184	-0.931821
185	-3.799985
186	-1.257400
187	3.792800
188	0.537392
189	4.030814
190	-2.509979
191	-0.062695
192	2.499660
193	3.179479
194	-1.877158
195	-4.760855
196	-1.844859
197	-1.559166
198	-2.728982
199	-4.002043
200	1.418642
201	-5.792307
202	-4.914319
203	-3.035314
204	-2.719428
205	2.005246
206	-1.220578
207	-4.422663
208	-0.814257
209	-1.636339
210	-0.615804
211	0.461489
212	-1.986477
213	-2.819967
214	-2.184538
215	-0.272220
216	0.612125
217	-0.076819
218	-0.299821
219	0.587024
220	-0.492568
221	0.222931
222	-0.916060
223	-5.999047
224	-4.796772
225	-2.454338
226	-0.996575
227	-1.610521
228	0.752980
229	3.136011
230	-1.109711
231	0.186193
232	3.385885
233	3.909042
234	1.618718
235	2.064289
236	-2.582427
237	4.649437
238	4.683163
239	0.690680
240	-0.276016
241	5.108838
242	4.775737
243	-0.071085
244	3.052967
245	2.011343
246	3.426804
247	1.475896
248	1.515651
249	1.381013
250	2.477611
251	0.671977
252	0.789690
253	2.793133
254	1.201099
255	-0.444034
256	-0.119887
257	3.612049
258	1.442239
259	1.817999
260	-2.090415
261	3.472615
263	-1.777782
264	1.646362
265	-3.868393
266	-3.188404
267	-2.507772
268	0.489683
269	2.746578
270	3.982328
271	6.116695
272	2.448478
273	3.559422
274	4.901197
275	3.378401
276	2.401734
277	3.084050
278	0.562789
279	1.024768
280	5.336371
281	-0.739721
282	0.667664
283	0.177363
284	2.574388
285	0.068882
286	1.006713
287	-1.657465
288	-3.406526
289	2.125091
290	-1.251681
291	0.323805
292	1.504870
293	-0.126864
294	-2.258521
295	0.982181
296	2.714158
297	-1.858698
298	4.292225
299	2.344622
300	-1.485054
301	-1.743550
302	0.027543
303	-2.293032
304	-3.652941
305	-0.467600
306	2.998293
307	-0.223022
308	-1.809900
309	-1.273275
311	-4.116727
313	1.763344
314	0.431753
316	-1.048392
317	1.941001
318	-3.282462
319	0.095013
320	-2.134484
321	1.439606
322	-2.153420
323	2.545558
324	-1.683299
325	2.585418
327	4.283742
328	3.474987
330	-0.659503
331	2.108264
332	2.242011
334	2.378407
337	2.800106
338	1.416712
339	-2.590324
340	1.769307
342	0.240569
344	-3.777303
348	-0.842527
351	-1.668371
352	-2.331739
353	-0.028761
354	-0.782410
355	-1.829124
356	-4.333480
357	-2.842408
358	-3.280988
359	-1.987471
360	-2.292489
361	-2.555797
362	-4.346601
363	-5.365387
366	-3.416655
367	-3.577998
368	-5.266890
370	-2.516886
371	-3.569402
372	-4.075959
373	-3.280024
374	-0.466816
375	-1.859959
376	-0.114894
377	0.333948
378	-3.686564
379	-1.966235
380	-1.116674
385	-1.203103
388	-1.061465
390	-2.200991
391	-4.867951
392	0.332652
394	-4.957783
396	1.115844
397	0.151774
401	3.130573
402	0.372853
403	1.328295
404	-0.229497
