# 372 minima projected onto PC79
Min	PC
1	0.000161
2	-0.001265
3	-0.003783
4	-0.009145
5	0.002688
6	-0.006960
7	0.000325
8	-0.004499
9	0.001375
10	0.000379
11	-0.002335
12	-0.001050
13	0.001381
14	-0.002457
15	-0.005574
16	-0.001237
17	-0.002395
18	-0.001439
19	0.002955
20	0.000417
21	-0.000289
22	-0.007520
23	-0.005977
24	0.004688
25	0.006293
26	0.007902
27	0.001201
28	0.007273
29	-0.004523
30	-0.002861
31	-0.003460
32	-0.004945
33	-0.004766
34	-0.005534
35	0.008326
36	-0.003132
37	-0.007205
38	-0.008329
39	0.000147
40	0.000169
41	0.004006
42	0.005575
43	0.000773
44	0.002229
45	0.000573
46	0.001453
47	0.005833
48	-0.005233
49	0.005665
50	0.000553
51	0.008338
52	-0.000928
53	0.006375
54	-0.001196
55	0.003716
56	0.006687
57	0.003035
58	-0.005410
59	0.005954
60	0.000774
61	0.005165
62	0.001885
63	-0.000402
64	-0.008633
65	-0.001981
66	0.002776
67	-0.000012
68	0.010296
69	0.000204
70	-0.004861
71	-0.000726
72	0.003440
73	-0.004800
74	-0.000382
75	-0.005064
76	0.008909
77	0.001927
78	0.002823
79	0.000577
80	0.003433
81	0.006436
82	0.001795
83	-0.000457
84	0.000058
85	-0.004086
86	-0.004530
87	0.006026
88	-0.004077
89	0.005498
90	-0.001536
91	0.001763
92	0.010357
93	-0.009177
94	0.001667
95	-0.001154
96	0.001843
97	-0.002926
98	-0.002568
99	-0.001256
100	-0.002262
101	0.000424
102	0.000582
103	-0.003608
104	0.002034
105	0.001961
106	-0.000823
107	-0.009133
108	-0.001473
109	0.002063
110	0.003315
111	-0.004295
113	0.007085
114	0.005311
115	0.002017
116	-0.000959
117	-0.001620
118	-0.002052
119	0.001460
120	-0.002089
121	-0.005044
122	0.000625
123	-0.009625
124	-0.003998
125	-0.005905
126	-0.004924
127	-0.006954
128	-0.002935
129	-0.008228
130	0.003115
131	-0.002861
132	-0.006577
133	0.011754
134	0.007065
135	0.001773
136	-0.000207
137	-0.004480
138	-0.003138
139	-0.008342
140	-0.003959
141	-0.005033
142	-0.005428
143	0.001001
144	-0.007409
145	-0.005385
146	0.000484
147	-0.007731
148	-0.003165
149	0.002975
150	-0.011012
151	0.008136
152	0.004978
153	0.008733
154	0.000489
155	0.006793
156	-0.002099
157	-0.002284
158	-0.000211
159	-0.006733
160	-0.001722
161	-0.003871
162	0.000948
163	0.002928
164	0.006304
165	-0.003966
166	-0.000063
167	0.001831
168	0.005529
169	0.002902
170	0.005038
171	0.001814
172	-0.002916
173	0.001605
174	-0.004452
175	-0.005354
176	-0.004896
177	-0.001311
178	0.001047
179	-0.003552
180	-0.001097
181	0.004586
182	0.001645
183	-0.004185
184	0.009119
185	0.000066
186	0.000265
187	0.000051
188	-0.000893
189	-0.000831
190	-0.000533
191	-0.004797
192	-0.002781
193	-0.004444
194	-0.005436
195	-0.001066
196	0.004154
197	-0.005518
198	0.004456
199	-0.005358
200	-0.000519
201	0.002160
202	0.003669
203	-0.002671
204	0.004908
205	0.003918
206	0.002555
207	0.004318
208	0.001782
209	-0.004655
210	0.002241
211	0.002234
212	0.000473
213	-0.005556
214	-0.002678
215	-0.003245
216	0.006835
217	-0.004122
218	0.008322
219	0.004443
220	0.008918
221	0.012762
222	0.006466
223	-0.003937
224	-0.013864
225	0.004077
226	0.000981
227	-0.008389
228	0.003807
229	0.001065
230	0.001482
231	0.001980
232	0.003232
233	0.005609
234	0.002204
235	0.004132
236	0.002433
237	0.002070
238	-0.000047
239	-0.004146
240	-0.006171
241	-0.009062
242	-0.010321
243	0.003810
244	0.001848
245	0.000200
246	0.000101
247	-0.006988
248	-0.000373
249	0.007126
250	0.000869
251	-0.005591
252	-0.003129
253	0.003749
254	0.002125
255	-0.002449
256	0.003368
257	0.003540
258	0.001280
259	0.001397
260	0.003272
261	0.003091
263	-0.003672
264	-0.000227
265	0.000677
266	-0.001091
267	0.000340
268	0.003045
269	0.002819
270	-0.003228
271	0.008624
272	-0.008333
273	0.004202
274	-0.002293
275	0.002593
276	-0.002867
277	-0.001434
278	0.005566
279	-0.001025
280	-0.012026
281	0.001670
282	-0.009223
283	0.004879
284	0.006113
285	0.001356
286	-0.000820
287	-0.000978
288	-0.000255
289	0.006255
290	-0.002085
291	-0.003836
292	-0.003436
293	0.002294
294	0.001193
295	0.002168
296	-0.000626
297	-0.002741
298	-0.006176
299	-0.000192
300	0.000710
301	-0.007345
302	0.002341
303	0.007365
304	0.002028
305	0.000709
306	0.008831
307	-0.004979
308	0.004051
309	0.010815
311	-0.002363
313	0.000881
314	-0.002803
316	0.001602
317	-0.000803
318	-0.006765
319	-0.000456
320	0.000143
321	0.004442
322	-0.009354
323	-0.004137
324	0.012139
325	0.010288
327	0.003416
328	0.001135
330	-0.005525
331	0.004947
332	-0.001803
334	-0.014327
337	0.002961
338	0.003316
339	0.000945
340	0.003397
342	0.005587
344	-0.001788
348	-0.001143
351	-0.000340
352	0.005645
353	0.002377
354	0.007814
355	-0.006970
356	-0.000335
357	0.002990
358	0.001468
359	0.013314
360	-0.005208
361	0.000641
362	-0.009468
363	-0.000877
366	-0.002217
367	-0.008982
368	0.003891
370	0.009982
371	0.002703
372	-0.003006
373	0.004762
374	-0.002682
375	-0.004261
376	0.007618
377	0.006857
378	-0.002864
379	-0.003483
380	-0.009028
385	0.002758
388	-0.006302
390	-0.000047
391	-0.005560
392	0.001228
394	-0.002763
396	0.000842
397	0.005513
401	0.004862
402	-0.000507
403	0.004735
404	0.002814
