# 372 minima projected onto PC85
Min	PC
1	0.000187
2	0.001290
3	0.002493
4	-0.000336
5	0.000717
6	0.000401
7	0.001967
8	0.001044
9	-0.000431
10	0.000706
11	0.000639
12	0.000333
13	-0.000426
14	-0.000249
15	-0.001158
16	-0.000547
17	-0.000506
18	-0.000953
19	-0.000541
20	-0.000912
21	-0.001085
22	0.002253
23	-0.000956
24	-0.000822
25	0.000388
26	0.000132
27	0.000543
28	-0.000647
29	0.000474
30	-0.000981
31	-0.000656
32	-0.000044
33	0.000532
34	-0.001849
35	0.002191
36	0.000475
37	0.000058
38	-0.001728
39	-0.000343
40	0.000666
41	0.000604
42	-0.000534
43	0.002854
44	-0.001260
45	-0.000349
46	-0.001401
47	-0.001553
48	0.000543
49	-0.002295
50	0.002354
51	0.003570
52	0.002765
53	-0.001399
54	0.000222
55	0.000727
56	0.001001
57	0.000690
58	-0.003569
59	-0.002972
60	0.000810
61	-0.000886
62	-0.004563
63	-0.002481
64	-0.001656
65	-0.004941
66	-0.000080
67	0.000616
68	-0.000072
69	-0.000162
70	0.000726
71	0.001403
72	-0.001583
73	-0.001494
74	0.000043
75	-0.002297
76	0.001074
77	0.002310
78	-0.000721
79	0.000322
80	0.000481
81	-0.001105
82	0.000311
83	0.001936
84	0.001138
85	0.000309
86	0.001930
87	-0.002742
88	0.001045
89	-0.001702
90	0.002186
91	-0.001358
92	-0.000167
93	-0.002708
94	-0.002009
95	0.002968
96	0.001069
97	-0.002326
98	0.000992
99	0.001977
100	0.002124
101	0.001550
102	0.002351
103	0.000245
104	0.000365
105	0.001174
106	0.002246
107	-0.001004
108	-0.002628
109	-0.001437
110	0.000379
111	0.000452
113	-0.000430
114	0.002572
115	-0.000941
116	0.000398
117	-0.000652
118	-0.000351
119	0.001550
120	0.000746
121	-0.000941
122	-0.001519
123	-0.004367
124	0.004509
125	0.002449
126	-0.000757
127	-0.000587
128	-0.000562
129	-0.000329
130	0.002592
131	0.001788
132	0.001749
133	0.000984
134	0.000583
135	0.000119
136	-0.000703
137	0.000218
138	-0.000646
139	-0.000282
140	-0.001082
141	0.000805
142	0.000235
143	0.002632
144	0.001125
145	0.001435
146	-0.000296
147	0.000101
148	-0.001099
149	0.001596
150	0.002025
151	-0.001145
152	0.000422
153	0.000167
154	-0.003285
155	0.000282
156	0.001994
157	0.001689
158	0.002832
159	-0.002099
160	0.000508
161	-0.002093
162	-0.000018
163	-0.000585
164	0.000536
165	-0.000475
166	0.000372
167	0.000212
168	-0.004319
169	0.003183
170	0.000746
171	0.000549
172	0.000313
173	0.000237
174	0.002857
175	0.001525
176	0.002914
177	-0.002363
178	0.003663
179	0.000077
180	-0.002956
181	-0.003625
182	-0.002385
183	-0.000415
184	0.003342
185	-0.005100
186	-0.002022
187	0.001186
188	-0.001161
189	-0.000222
190	0.000833
191	0.000729
192	0.000978
193	-0.001765
194	-0.002152
195	-0.000378
196	-0.002950
197	-0.000097
198	0.002220
199	0.001520
200	0.002118
201	0.001302
202	0.001368
203	0.002416
204	-0.002344
205	-0.001201
206	-0.000648
207	0.000744
208	-0.003380
209	0.002659
210	0.000264
211	0.001735
212	-0.007289
213	-0.001467
214	0.003308
215	-0.002937
216	0.000970
217	0.004578
218	0.000301
219	-0.000995
220	-0.000741
221	-0.000872
222	-0.000756
223	0.000758
224	0.003855
225	0.000230
226	0.000714
227	-0.001164
228	0.001113
229	0.000244
230	-0.000066
231	-0.001026
232	0.000408
233	-0.000453
234	0.000942
235	-0.002774
236	-0.000343
237	0.001092
238	-0.001710
239	-0.001609
240	-0.002476
241	-0.000746
242	-0.000786
243	-0.002077
244	-0.001714
245	-0.001397
246	-0.001382
247	-0.000805
248	0.000572
249	0.001385
250	-0.002152
251	0.000217
252	0.000703
253	0.000563
254	0.000894
255	0.003528
256	-0.001323
257	-0.001337
258	0.001113
259	-0.001369
260	-0.000448
261	0.000994
263	-0.001969
264	0.000526
265	-0.001032
266	-0.000716
267	-0.000173
268	-0.001040
269	-0.002891
270	-0.001576
271	-0.000265
272	-0.001811
273	-0.001535
274	-0.001795
275	-0.000812
276	0.000494
277	0.000094
278	-0.001433
279	-0.000786
280	-0.002245
281	0.000849
282	0.002300
283	0.000143
284	0.000329
285	0.000764
286	-0.000137
287	0.001043
288	0.000856
289	-0.000995
290	0.002344
291	-0.000113
292	-0.000170
293	0.000919
294	0.003440
295	0.003400
296	0.000159
297	-0.000901
298	-0.004122
299	0.001264
300	-0.002218
301	-0.001180
302	-0.004961
303	0.001454
304	0.000569
305	0.001911
306	0.000449
307	0.004696
308	0.000657
309	-0.000263
311	-0.001094
313	0.002697
314	0.004209
316	-0.001709
317	-0.001527
318	-0.000297
319	-0.002255
320	0.000448
321	0.000977
322	-0.002330
323	-0.001644
324	0.000940
325	0.001821
327	0.001717
328	-0.001721
330	-0.001511
331	0.000140
332	0.001993
334	0.004200
337	0.003180
338	0.000117
339	0.001349
340	-0.003279
342	0.003452
344	-0.000669
348	0.004337
351	0.002125
352	-0.004292
353	0.002296
354	0.003690
355	0.001201
356	0.001369
357	0.002404
358	0.001501
359	0.000858
360	0.000145
361	-0.001684
362	0.003571
363	-0.002574
366	-0.000282
367	-0.000663
368	-0.001909
370	-0.001010
371	-0.001931
372	-0.006801
373	-0.003781
374	0.001869
375	0.001269
376	-0.000866
377	0.005599
378	0.001280
379	-0.001925
380	-0.000387
385	0.004004
388	0.000800
390	-0.002453
391	0.001954
392	0.000774
394	-0.002915
396	-0.004307
397	-0.000610
401	-0.002259
402	-0.000760
403	0.002853
404	-0.002197
