# 372 minima projected onto PC42
Min	PC
1	0.068932
2	0.022587
3	0.128234
4	0.164760
5	0.007249
6	-0.063487
7	-0.006039
8	0.066020
9	-0.015890
10	0.052636
11	0.072642
12	0.128085
13	0.157658
14	0.043808
15	-0.226241
16	-0.132644
17	-0.039210
18	0.101889
19	0.039669
20	-0.009929
21	0.009470
22	-0.002525
23	0.113944
24	-0.087698
25	0.055507
26	0.004414
27	-0.033809
28	0.047451
29	-0.000860
30	0.056092
31	-0.036718
32	0.063606
33	-0.021024
34	-0.043646
35	-0.110749
36	-0.163406
37	-0.030218
38	-0.147070
39	-0.088612
40	0.053933
41	0.184790
42	0.003597
43	-0.211877
44	-0.039375
45	0.089752
46	-0.028818
47	-0.068557
48	-0.065437
49	0.001831
50	0.150158
51	0.024738
52	-0.159310
53	-0.098732
54	-0.095472
55	0.009008
56	-0.163652
57	0.073948
58	-0.008038
59	0.113270
60	0.081497
61	-0.096206
62	-0.059506
63	-0.147022
64	-0.057029
65	0.058589
66	-0.123027
67	-0.043791
68	0.008226
69	-0.034524
70	0.029962
71	0.196137
72	-0.027982
73	0.071134
74	0.099964
75	0.020237
76	0.188987
77	0.151398
78	0.002340
79	-0.179068
80	-0.076533
81	-0.164149
82	0.241601
83	-0.005453
84	-0.143422
85	-0.064256
86	-0.014762
87	0.064654
88	0.071806
89	0.118309
90	0.006594
91	0.009722
92	-0.090733
93	0.007092
94	-0.105891
95	-0.011122
96	0.112459
97	0.116383
98	-0.138637
99	-0.000782
100	-0.103670
101	0.063323
102	0.131309
103	0.064253
104	0.054019
105	-0.175404
106	0.083452
107	0.123287
108	-0.146061
109	0.008038
110	0.063883
111	0.073074
113	-0.098138
114	-0.092299
115	-0.184495
116	-0.007338
117	-0.149614
118	-0.084691
119	-0.222805
120	0.066062
121	0.088996
122	0.282254
123	0.050721
124	0.105592
125	-0.005825
126	-0.055447
127	0.144868
128	0.154061
129	-0.057363
130	0.263466
131	0.083200
132	0.081156
133	0.111708
134	0.003018
135	0.031371
136	-0.073049
137	-0.016667
138	-0.016636
139	-0.023920
140	-0.183860
141	-0.046192
142	0.111256
143	0.021106
144	0.008217
145	-0.200279
146	0.142066
147	-0.174857
148	-0.095271
149	0.082252
150	0.088526
151	0.064419
152	0.304023
153	-0.098062
154	0.175774
155	-0.219010
156	-0.139618
157	-0.084810
158	-0.323141
159	0.031941
160	0.000920
161	0.144415
162	0.257251
163	-0.185466
164	-0.104328
165	-0.122377
166	0.034365
167	-0.132307
168	0.050501
169	-0.114087
170	-0.056733
171	-0.189939
172	-0.121369
173	-0.014625
174	0.070027
175	0.101808
176	-0.083631
177	0.013501
178	-0.263222
179	0.066266
180	0.139029
181	-0.110665
182	0.078285
183	0.005695
184	-0.194522
185	0.095805
186	-0.412134
187	-0.228773
188	0.203970
189	-0.082091
190	-0.058460
191	0.196135
192	-0.020334
193	-0.266654
194	0.115330
195	0.152776
196	-0.059481
197	0.015636
198	0.094493
199	-0.075206
200	0.144567
201	0.279749
202	0.105770
203	-0.053160
204	0.025213
205	0.058019
206	0.027918
207	-0.029386
208	-0.110602
209	-0.100692
210	-0.086311
211	-0.036677
212	0.058332
213	0.094909
214	0.074703
215	-0.078386
216	0.055675
217	-0.035025
218	-0.138084
219	-0.172943
220	0.037678
221	-0.011572
222	0.036306
223	0.087303
224	0.044361
225	-0.145354
226	0.096223
227	-0.280109
228	0.071216
229	0.070451
230	0.084013
231	0.101486
232	-0.095415
233	-0.166248
234	-0.168070
235	-0.087776
236	0.382890
237	-0.096926
238	-0.158370
239	-0.034727
240	-0.122567
241	-0.137279
242	0.054536
243	-0.171717
244	0.106146
245	-0.207945
246	0.012332
247	0.057642
248	-0.004437
249	-0.068750
250	0.103240
251	-0.139777
252	-0.128967
253	0.180698
254	0.205788
255	-0.121356
256	0.291936
257	-0.067933
258	0.109502
259	-0.059064
260	-0.164771
261	0.026769
263	-0.031230
264	0.143251
265	-0.053290
266	0.008825
267	-0.007861
268	-0.192234
269	-0.025324
270	0.126156
271	0.060630
272	0.129649
273	-0.006955
274	-0.139923
275	0.230624
276	-0.086807
277	0.079046
278	-0.148824
279	-0.038048
280	0.109658
281	0.272191
282	0.144096
283	0.019050
284	0.016707
285	-0.064015
286	-0.338614
287	0.072572
288	-0.000806
289	-0.012481
290	-0.119683
291	0.242789
292	0.005588
293	0.220328
294	0.250269
295	0.071002
296	0.180728
297	-0.130864
298	-0.231779
299	0.291876
300	-0.173711
301	-0.026423
302	-0.073340
303	-0.080438
304	0.124094
305	0.416959
306	0.205406
307	0.001060
308	-0.153604
309	-0.122724
311	0.096372
313	-0.281378
314	0.129487
316	-0.140267
317	-0.147979
318	-0.183452
319	-0.205743
320	0.053610
321	0.156913
322	-0.051973
323	-0.197986
324	-0.061185
325	-0.031607
327	0.119800
328	0.890163
330	0.157984
331	0.052769
332	-0.009160
334	-0.125526
337	-0.259966
338	-0.057810
339	0.112360
340	0.154122
342	0.088416
344	-0.136389
348	-0.091643
351	0.028860
352	0.059378
353	0.003960
354	-0.120852
355	0.056599
356	0.158229
357	-0.048663
358	0.026374
359	-0.022629
360	-0.255824
361	0.193591
362	-0.125213
363	0.058127
366	-0.107948
367	-0.168188
368	-0.023765
370	-0.251367
371	-0.021082
372	0.188996
373	-0.011952
374	-0.209472
375	0.158012
376	0.200544
377	0.286214
378	0.236069
379	-0.059210
380	-0.061352
385	-0.210934
388	0.426195
390	0.073064
391	-0.182299
392	-0.114066
394	0.408890
396	-0.243369
397	0.047334
401	-0.005800
402	-0.031258
403	-0.083672
404	-0.055812
