# 372 minima projected onto PC43
Min	PC
1	-0.098610
2	-0.080437
3	0.037064
4	0.022539
5	-0.009661
6	0.086999
7	0.023330
8	0.092018
9	0.003170
10	-0.000673
11	-0.034584
12	-0.048815
13	0.038881
14	0.064849
15	-0.148260
16	-0.117513
17	0.160470
18	0.092942
19	0.022206
20	-0.117040
21	0.057466
22	0.079883
23	0.290048
24	-0.033319
25	-0.023784
26	-0.080068
27	-0.095534
28	-0.039937
29	-0.007237
30	0.113148
31	0.002031
32	-0.074010
33	0.071695
34	-0.124631
35	-0.192532
36	0.003838
37	0.105851
38	-0.182720
39	-0.003076
40	0.030262
41	0.015373
42	-0.039307
43	0.087953
44	0.035243
45	-0.010336
46	0.005937
47	0.001100
48	-0.092766
49	0.119235
50	-0.092884
51	0.028255
52	0.072466
53	0.122233
54	0.019972
55	0.081983
56	-0.072566
57	-0.018402
58	-0.150251
59	0.038737
60	-0.188582
61	-0.197105
62	0.197848
63	-0.030581
64	-0.045127
65	0.074232
66	-0.183055
67	-0.070138
68	-0.038430
69	0.000367
70	0.032057
71	0.031359
72	0.035534
73	-0.033044
74	0.075296
75	-0.030899
76	-0.037184
77	0.107161
78	-0.029861
79	-0.089953
80	-0.014184
81	0.131769
82	-0.115622
83	0.018208
84	0.015755
85	0.139394
86	-0.138323
87	0.140520
88	0.007266
89	0.021231
90	-0.213217
91	0.032324
92	-0.009302
93	-0.018464
94	-0.173075
95	0.078629
96	0.359557
97	0.105851
98	-0.209625
99	-0.126458
100	0.044757
101	0.087855
102	-0.246001
103	-0.032987
104	0.072353
105	-0.189231
106	0.011118
107	-0.105777
108	-0.120786
109	-0.022091
110	0.005276
111	-0.192954
113	0.178146
114	0.201882
115	-0.115157
116	-0.010595
117	-0.318465
118	0.318811
119	0.075443
120	0.136818
121	-0.008243
122	0.014680
123	0.226181
124	-0.041322
125	0.119184
126	0.178151
127	-0.125752
128	0.014455
129	-0.066531
130	0.135255
131	0.120463
132	0.132948
133	-0.057837
134	0.046894
135	-0.009716
136	-0.082376
137	-0.163680
138	0.075865
139	-0.063192
140	-0.059599
141	-0.059366
142	0.137882
143	-0.036154
144	-0.219820
145	0.127340
146	-0.221675
147	-0.012623
148	-0.062182
149	-0.012309
150	0.020505
151	-0.056716
152	0.104404
153	-0.140121
154	-0.189360
155	-0.211705
156	-0.037676
157	-0.006564
158	0.063408
159	0.080375
160	-0.002433
161	0.068987
162	-0.037805
163	0.069988
164	-0.007062
165	-0.014656
166	0.009153
167	0.123837
168	0.012140
169	0.073010
170	0.022096
171	0.052754
172	0.125975
173	0.074577
174	0.046311
175	0.183671
176	-0.006172
177	0.213214
178	0.089450
179	-0.068981
180	0.129330
181	-0.069559
182	0.072827
183	-0.004417
184	-0.103312
185	0.030849
186	-0.259693
187	-0.175905
188	0.192080
189	0.036237
190	-0.152004
191	-0.054563
192	0.098394
193	-0.103148
194	-0.114115
195	0.157478
196	0.081328
197	0.146323
198	-0.166261
199	-0.043582
200	0.138306
201	0.110949
202	0.070179
203	-0.025376
204	-0.082244
205	-0.132711
206	-0.042361
207	0.326244
208	-0.028056
209	0.111624
210	-0.023729
211	0.081019
212	0.275189
213	-0.041583
214	-0.123269
215	0.105863
216	0.017790
217	-0.020029
218	0.044409
219	0.029089
220	0.249620
221	0.002216
222	-0.004854
223	0.322401
224	0.223292
225	-0.053482
226	0.060953
227	0.063475
228	-0.029250
229	-0.026319
230	0.130325
231	0.119207
232	-0.161309
233	0.060869
234	0.048459
235	0.002653
236	0.172492
237	0.119099
238	-0.026662
239	-0.076447
240	-0.059196
241	-0.090181
242	-0.204499
243	0.019070
244	-0.063963
245	0.161694
246	0.003440
247	-0.055201
248	-0.008077
249	-0.050943
250	0.128452
251	0.122330
252	-0.104700
253	-0.001657
254	0.031798
255	-0.022157
256	-0.289690
257	-0.021856
258	0.228882
259	-0.244439
260	-0.142268
261	0.154681
263	0.102083
264	0.084875
265	-0.118225
266	-0.137375
267	0.294304
268	0.431884
269	0.104338
270	0.072155
271	0.011015
272	-0.016812
273	-0.031164
274	0.066550
275	0.022494
276	-0.204723
277	0.056771
278	0.392863
279	-0.048829
280	0.009402
281	-0.019054
282	0.141439
283	-0.061941
284	0.055397
285	0.034334
286	0.010535
287	0.123003
288	0.066479
289	-0.050994
290	0.001898
291	0.045794
292	0.112366
293	-0.072232
294	0.316503
295	0.021989
296	0.022643
297	0.046978
298	0.126764
299	0.088670
300	0.105271
301	-0.048452
302	0.156730
303	-0.022096
304	-0.192565
305	0.093249
306	-0.007899
307	0.158401
308	0.063019
309	0.030102
311	0.012502
313	0.074427
314	0.252919
316	0.165374
317	-0.124925
318	-0.183548
319	0.037653
320	-0.369242
321	-0.068655
322	-0.062288
323	-0.031428
324	-0.121487
325	0.043294
327	0.100082
328	-0.805892
330	0.000496
331	-0.021660
332	0.028484
334	0.001676
337	0.114514
338	-0.024047
339	-0.036345
340	-0.031929
342	-0.109664
344	0.050186
348	0.032489
351	-0.113622
352	-0.114349
353	-0.134010
354	0.078047
355	-0.278580
356	-0.243139
357	-0.021078
358	-0.431974
359	-0.209430
360	-0.478249
361	-0.001107
362	-0.094245
363	0.155853
366	-0.089170
367	-0.092037
368	-0.017992
370	-0.247575
371	-0.060424
372	0.081203
373	0.132041
374	-0.072445
375	-0.036546
376	0.016885
377	-0.019185
378	0.048314
379	-0.088100
380	-0.056000
385	-0.113732
388	-0.097444
390	-0.082015
391	-0.094815
392	-0.056777
394	0.021330
396	-0.056193
397	0.132171
401	-0.187661
402	0.020563
403	0.252263
404	0.000164
