# 372 minima projected onto PC40
Min	PC
1	0.054619
2	0.129399
3	0.176448
4	0.137405
5	0.092268
6	-0.041704
7	0.062052
8	-0.140593
9	0.049982
10	0.173349
11	0.161602
12	0.015112
13	0.233388
14	0.151580
15	0.005660
16	0.097768
17	-0.034628
18	0.075726
19	-0.015151
20	-0.080041
21	-0.082928
22	0.028769
23	0.115533
24	-0.138002
25	0.040140
26	-0.075705
27	0.093404
28	-0.069306
29	0.116812
30	-0.143423
31	0.038066
32	0.109825
33	0.078426
34	0.028522
35	0.129093
36	0.068424
37	-0.187750
38	-0.014041
39	-0.071450
40	-0.109037
41	0.186967
42	-0.015469
43	0.001488
44	0.111855
45	0.046007
46	0.013874
47	-0.095150
48	-0.147271
49	-0.054094
50	0.161612
51	-0.004078
52	-0.163872
53	0.114863
54	0.036099
55	-0.037230
56	0.055129
57	-0.127738
58	-0.092761
59	-0.044956
60	0.151013
61	0.066780
62	-0.042326
63	-0.125606
64	0.000135
65	0.083082
66	-0.053317
67	0.023004
68	-0.074755
69	0.005778
70	0.049659
71	0.002251
72	-0.059368
73	-0.021879
74	-0.151032
75	-0.169172
76	0.217956
77	0.026839
78	0.005006
79	0.020408
80	-0.008286
81	-0.029764
82	-0.086335
83	0.044356
84	0.044475
85	-0.045837
86	0.154080
87	-0.001665
88	0.008085
89	-0.098233
90	0.018253
91	-0.118218
92	0.273161
93	0.009340
94	-0.131801
95	-0.130274
96	0.069206
97	0.214023
98	-0.049986
99	-0.081616
100	-0.057073
101	0.033040
102	0.065522
103	0.005346
104	0.065647
105	0.182455
106	0.120730
107	-0.026983
108	0.019263
109	-0.103107
110	-0.197577
111	0.083002
113	0.108698
114	-0.018511
115	-0.123224
116	-0.090148
117	-0.228661
118	-0.118791
119	0.010222
120	-0.068317
121	0.015083
122	-0.001490
123	0.152476
124	0.248345
125	-0.121303
126	-0.053988
127	0.039481
128	0.121265
129	0.082623
130	-0.443928
131	-0.061090
132	0.064317
133	-0.064079
134	-0.068785
135	-0.090210
136	-0.032010
137	-0.163702
138	0.043642
139	-0.212828
140	-0.013752
141	-0.170856
142	0.273943
143	0.133354
144	-0.234817
145	0.169915
146	0.175209
147	-0.133463
148	-0.008713
149	0.110763
150	0.139064
151	-0.140703
152	0.465708
153	-0.099930
154	0.273051
155	-0.129569
156	0.005860
157	-0.143337
158	-0.139877
159	0.091616
160	0.016576
161	0.124480
162	0.170900
163	-0.031135
164	-0.143322
165	-0.032081
166	-0.046990
167	-0.020025
168	-0.094858
169	-0.120017
170	-0.041119
171	-0.049905
172	-0.122839
173	0.275068
174	0.009828
175	-0.001353
176	0.077324
177	0.116141
178	-0.090556
179	-0.058764
180	0.012544
181	-0.000305
182	0.177538
183	0.011417
184	-0.010704
185	0.011981
186	-0.003361
187	0.033041
188	0.318933
189	-0.047372
190	-0.053876
191	0.060920
192	0.056991
193	0.152774
194	0.040623
195	0.153330
196	-0.048581
197	-0.058551
198	0.040382
199	-0.066510
200	-0.031306
201	-0.113696
202	-0.064338
203	-0.080984
204	0.051556
205	0.070544
206	0.076406
207	-0.114535
208	-0.123458
209	-0.103949
210	0.089261
211	0.105392
212	-0.033852
213	0.168108
214	0.095393
215	-0.131577
216	0.014977
217	0.119746
218	-0.087556
219	-0.216921
220	0.127595
221	0.017556
222	-0.094973
223	-0.007136
224	-0.165382
225	0.036908
226	-0.046687
227	-0.446435
228	0.085109
229	0.100699
230	0.145859
231	0.069149
232	-0.079788
233	-0.124340
234	0.035598
235	-0.174689
236	-0.047834
237	-0.065809
238	-0.002787
239	0.044597
240	-0.090547
241	-0.037033
242	-0.165070
243	-0.083827
244	0.128417
245	-0.229162
246	0.085682
247	-0.060557
248	0.207353
249	-0.195434
250	0.045311
251	-0.130170
252	-0.029208
253	0.204408
254	0.269737
255	-0.053987
256	0.015207
257	-0.104317
258	0.130751
259	-0.058598
260	-0.034334
261	-0.092122
263	0.184808
264	-0.109043
265	-0.010284
266	0.531933
267	-0.255873
268	-0.154998
269	-0.194688
270	0.133792
271	0.072976
272	0.257437
273	0.062074
274	-0.092043
275	0.025464
276	-0.026998
277	0.089187
278	-0.368054
279	-0.215901
280	0.005832
281	0.081937
282	0.163594
283	-0.099728
284	0.190018
285	-0.088495
286	0.144088
287	-0.206223
288	0.008952
289	-0.219542
290	-0.017800
291	-0.442071
292	0.289617
293	0.083659
294	-0.037239
295	-0.042994
296	-0.018774
297	-0.177118
298	-0.019377
299	0.068506
300	-0.190690
301	0.020187
302	-0.082339
303	-0.093087
304	0.187351
305	-0.494224
306	-0.016263
307	-0.092421
308	-0.063070
309	-0.059614
311	-0.013707
313	-0.359477
314	0.097618
316	-0.131064
317	-0.054437
318	-0.107751
319	-0.033908
320	0.022935
321	0.169393
322	-0.244458
323	0.135906
324	-0.137794
325	0.027997
327	0.363144
328	-1.220941
330	0.204230
331	0.046112
332	0.202446
334	-0.309995
337	0.328709
338	0.120188
339	-0.178828
340	0.116310
342	0.012285
344	-0.113105
348	0.052346
351	-0.048549
352	0.040172
353	0.007391
354	-0.348878
355	-0.013522
356	0.165115
357	0.011400
358	0.276363
359	0.211392
360	1.085917
361	0.109526
362	-0.245885
363	-0.091870
366	0.126125
367	0.082959
368	0.520790
370	0.045779
371	-0.090196
372	0.030662
373	0.035714
374	0.061036
375	-0.112748
376	-0.252055
377	-0.160044
378	0.013531
379	-0.182084
380	-0.131630
385	-0.033305
388	-0.141677
390	0.103004
391	0.047983
392	-0.131082
394	0.135880
396	0.307665
397	0.194409
401	-0.089137
402	0.074905
403	0.269881
404	-0.080161
