# 372 minima projected onto PC41
Min	PC
1	0.079292
2	0.083824
3	0.053088
4	0.023443
5	0.024857
6	0.003181
7	-0.013193
8	0.122231
9	-0.017010
10	0.100668
11	0.141452
12	0.123790
13	0.015666
14	-0.024588
15	-0.030861
16	-0.107718
17	-0.012210
18	-0.124153
19	0.097422
20	0.078758
21	0.140435
22	-0.013368
23	-0.161166
24	0.162476
25	0.082364
26	0.008401
27	0.047878
28	0.070910
29	0.020218
30	0.008795
31	-0.062532
32	0.004635
33	-0.065987
34	0.085073
35	0.032443
36	-0.105743
37	-0.045620
38	-0.010823
39	-0.056914
40	0.111291
41	0.091402
42	0.011946
43	-0.054058
44	-0.134078
45	0.116604
46	-0.131681
47	0.021258
48	0.118826
49	0.038216
50	-0.009859
51	0.117343
52	-0.089886
53	0.023853
54	0.047288
55	-0.025543
56	-0.000090
57	0.097526
58	0.073508
59	-0.036998
60	0.040986
61	0.067947
62	0.058876
63	0.135927
64	0.040110
65	-0.064829
66	-0.059593
67	0.040018
68	0.098168
69	-0.037124
70	0.046567
71	-0.023449
72	0.032018
73	0.037542
74	-0.001255
75	0.076916
76	0.027536
77	-0.065433
78	0.122059
79	-0.002808
80	-0.025678
81	-0.062099
82	-0.020079
83	0.034680
84	-0.047160
85	-0.136840
86	-0.010197
87	-0.118126
88	-0.110556
89	-0.060807
90	0.083831
91	-0.085081
92	0.113441
93	0.087300
94	0.364027
95	-0.067691
96	-0.169466
97	0.062284
98	0.262476
99	-0.121464
100	0.115532
101	-0.010122
102	0.061794
103	0.135348
104	-0.089549
105	-0.225646
106	0.084324
107	0.075297
108	0.115694
109	-0.117199
110	0.569711
111	0.135565
113	-0.083542
114	-0.156478
115	-0.031584
116	-0.013648
117	-0.124891
118	0.061154
119	-0.192550
120	-0.198707
121	0.069308
122	0.122655
123	-0.111568
124	-0.199542
125	-0.102673
126	0.001491
127	-0.060475
128	0.003440
129	0.050732
130	0.125556
131	-0.022699
132	-0.090081
133	0.062980
134	0.078995
135	-0.038169
136	-0.018679
137	0.163674
138	-0.024452
139	0.168460
140	-0.084959
141	-0.027294
142	0.079971
143	0.041939
144	0.022060
145	-0.231982
146	-0.076843
147	0.079222
148	-0.007226
149	-0.110362
150	-0.034268
151	0.141306
152	0.154162
153	-0.003892
154	-0.183131
155	0.113674
156	-0.060604
157	0.056826
158	-0.056665
159	0.096919
160	-0.190740
161	-0.035493
162	0.141918
163	0.023983
164	0.048230
165	-0.141138
166	0.077183
167	-0.102677
168	0.069516
169	-0.074502
170	0.026299
171	0.252153
172	-0.098983
173	-0.116511
174	-0.173832
175	-0.048337
176	-0.162426
177	0.119387
178	0.093816
179	-0.074889
180	-0.056829
181	-0.199486
182	-0.164488
183	-0.103826
184	-0.160488
185	-0.138091
186	-0.121760
187	-0.067518
188	0.218194
189	0.010688
190	0.060234
191	0.096693
192	0.028341
193	-0.227071
194	0.110848
195	-0.247517
196	-0.228807
197	-0.182912
198	-0.087273
199	0.115388
200	0.214435
201	0.021902
202	-0.079115
203	0.124329
204	0.107288
205	0.065380
206	-0.003545
207	-0.029807
208	0.147576
209	0.000934
210	0.010009
211	-0.062581
212	-0.202500
213	-0.112413
214	-0.173432
215	0.011560
216	-0.296358
217	-0.190084
218	0.026050
219	0.108429
220	-0.302002
221	-0.215034
222	0.191441
223	0.009473
224	0.052702
225	-0.394548
226	-0.278050
227	-0.075052
228	0.034494
229	-0.091786
230	0.180153
231	-0.049692
232	-0.019601
233	0.136868
234	-0.145343
235	-0.031926
236	0.076254
237	-0.115711
238	-0.035285
239	0.003264
240	0.151522
241	-0.052693
242	-0.013726
243	0.126018
244	0.304062
245	-0.035510
246	-0.033265
247	-0.023794
248	-0.105923
249	-0.123490
250	-0.097047
251	-0.195179
252	-0.249221
253	0.096816
254	0.180522
255	-0.079098
256	-0.190364
257	-0.039438
258	-0.098010
259	0.054685
260	-0.030820
261	-0.059167
263	0.217592
264	-0.236730
265	0.025151
266	-0.330263
267	0.075473
268	-0.132209
269	-0.059607
270	0.059094
271	-0.069825
272	0.265409
273	0.002222
274	-0.058151
275	0.241036
276	-0.061387
277	0.256533
278	0.259458
279	0.298443
280	-0.004955
281	0.129518
282	0.222374
283	0.220277
284	-0.240089
285	0.366200
286	0.342084
287	0.377307
288	-0.073842
289	0.180186
290	-0.370644
291	-0.084802
292	-0.014075
293	0.091409
294	0.107674
295	-0.292277
296	-0.217808
297	0.575775
298	-0.158747
299	-0.012745
300	0.057889
301	0.179965
302	-0.233776
303	0.198672
304	0.062636
305	-0.152575
306	-0.159552
307	-0.089775
308	-0.125979
309	-0.149263
311	0.128296
313	-0.166476
314	-0.021788
316	-0.165870
317	-0.108687
318	0.103352
319	0.033080
320	-0.300843
321	-0.038995
322	0.314522
323	0.038980
324	0.000919
325	-0.138138
327	0.008060
328	-0.659671
330	0.039694
331	0.023634
332	0.095897
334	-0.265731
337	-0.222849
338	0.124587
339	0.099169
340	0.068688
342	-0.076029
344	0.597167
348	-0.057383
351	0.213283
352	-0.126451
353	0.107424
354	-0.098913
355	-0.066167
356	0.065305
357	-0.007915
358	0.067144
359	0.502687
360	-0.141894
361	-0.200312
362	0.041093
363	-0.289965
366	0.473687
367	0.408138
368	-0.389788
370	0.294200
371	-0.172745
372	-0.037438
373	-0.123911
374	-0.179937
375	-0.158307
376	0.228645
377	0.284336
378	0.232188
379	-0.037793
380	-0.013916
385	-0.026095
388	0.082255
390	-0.042317
391	-0.048200
392	-0.052684
394	-0.016309
396	-0.189179
397	0.126754
401	-0.092495
402	0.023687
403	0.319755
404	-0.175134
