# 372 minima projected onto PC66
Min	PC
1	0.004008
2	-0.006330
3	0.001842
4	0.009003
5	-0.004059
6	-0.003789
7	-0.007747
8	-0.009348
9	0.002527
10	-0.013170
11	0.009067
12	0.000383
13	-0.019979
14	-0.021349
15	-0.008592
16	0.005621
17	-0.000294
18	0.021091
19	0.010108
20	-0.004800
21	-0.006721
22	-0.016771
23	0.014375
24	-0.017439
25	-0.003971
26	0.004054
27	-0.001357
28	-0.000598
29	-0.011983
30	-0.008347
31	-0.005760
32	-0.002435
33	0.011624
34	0.003677
35	-0.019915
36	0.020162
37	-0.014501
38	0.001686
39	0.003492
40	0.006837
41	0.007390
42	0.002927
43	-0.016314
44	-0.009297
45	0.003663
46	0.010198
47	0.000820
48	-0.004023
49	-0.009572
50	0.003552
51	-0.007463
52	-0.005391
53	-0.017990
54	0.019430
55	-0.007336
56	0.012325
57	0.004735
58	-0.001890
59	-0.004482
60	0.002775
61	-0.009716
62	-0.004074
63	0.004741
64	-0.008891
65	-0.008004
66	-0.007418
67	0.014248
68	0.013460
69	0.006032
70	0.018653
71	0.002276
72	0.027419
73	-0.005435
74	-0.012383
75	-0.005253
76	-0.000812
77	-0.007642
78	0.006340
79	-0.008762
80	0.007955
81	-0.006626
82	0.004635
83	-0.030586
84	0.017711
85	0.000221
86	0.002674
87	-0.005036
88	-0.011539
89	0.010686
90	0.012591
91	0.004014
92	0.011023
93	-0.005424
94	0.007282
95	-0.000482
96	0.019769
97	0.006362
98	-0.005432
99	0.006786
100	-0.023703
101	-0.000560
102	-0.020976
103	-0.005327
104	0.000735
105	-0.015935
106	-0.012870
107	-0.025401
108	-0.002367
109	-0.005132
110	-0.008307
111	0.017901
113	0.002974
114	-0.012741
115	0.006843
116	0.011580
117	-0.003511
118	0.002977
119	-0.008754
120	0.012535
121	0.006155
122	0.009681
123	0.002888
124	0.016083
125	-0.023780
126	0.023656
127	-0.011590
128	0.001303
129	0.011065
130	0.001050
131	-0.028032
132	-0.005880
133	0.008963
134	0.011331
135	-0.004896
136	-0.005900
137	-0.006191
138	-0.009125
139	-0.001459
140	-0.005587
141	0.014384
142	-0.007810
143	-0.005949
144	0.000084
145	-0.020344
146	0.011475
147	0.037119
148	-0.013767
149	-0.028156
150	0.021103
151	-0.017252
152	-0.027346
153	0.001491
154	-0.006377
155	-0.016015
156	-0.000439
157	-0.009227
158	-0.001826
159	0.012140
160	-0.005480
161	-0.002850
162	0.006420
163	-0.022533
164	-0.011107
165	0.000957
166	-0.017811
167	0.022388
168	0.016460
169	0.001694
170	-0.000880
171	0.013784
172	-0.067267
173	0.020806
174	0.010562
175	0.016001
176	-0.013154
177	0.001483
178	0.000197
179	-0.017637
180	0.011078
181	0.015824
182	0.001941
183	-0.014325
184	-0.011896
185	-0.007489
186	-0.011067
187	0.021386
188	-0.001364
189	0.022962
190	0.007768
191	0.003214
192	-0.007684
193	0.015087
194	-0.009884
195	-0.011842
196	-0.007698
197	0.001147
198	0.019110
199	-0.025257
200	0.005084
201	-0.014810
202	0.008801
203	-0.021128
204	-0.022290
205	0.002942
206	-0.018565
207	0.003708
208	-0.004629
209	0.010494
210	0.017493
211	0.009922
212	-0.016090
213	-0.003012
214	0.027434
215	0.003936
216	-0.004895
217	0.000991
218	0.016410
219	0.009471
220	0.004182
221	-0.005283
222	0.001047
223	0.010370
224	0.031536
225	-0.003626
226	0.007718
227	0.029923
228	-0.001838
229	0.006560
230	-0.000253
231	0.010926
232	-0.010704
233	-0.002174
234	-0.027508
235	0.008729
236	0.005808
237	0.005295
238	0.019721
239	-0.002874
240	0.012265
241	-0.014785
242	-0.026921
243	0.022962
244	-0.001966
245	-0.004556
246	0.002408
247	-0.009464
248	-0.010239
249	0.032302
250	0.018284
251	-0.002865
252	-0.008165
253	-0.001515
254	-0.015378
255	0.000072
256	0.009339
257	-0.003030
258	0.017605
259	0.002006
260	0.016529
261	0.007063
263	0.001413
264	-0.027271
265	0.022866
266	0.007006
267	-0.006738
268	0.004682
269	0.006242
270	0.014878
271	-0.010205
272	0.015052
273	-0.006512
274	-0.006714
275	0.004143
276	-0.005831
277	-0.009191
278	-0.002979
279	0.006586
280	0.016462
281	0.019900
282	-0.005779
283	0.010897
284	-0.005740
285	-0.003276
286	-0.011933
287	-0.009056
288	-0.008906
289	-0.001130
290	0.001428
291	-0.000306
292	-0.025713
293	-0.011186
294	-0.009929
295	-0.002506
296	-0.009910
297	0.019875
298	-0.001102
299	0.008743
300	0.011431
301	0.004358
302	-0.003317
303	0.021575
304	-0.007824
305	0.000437
306	-0.013938
307	-0.004064
308	-0.014194
309	-0.018840
311	0.001633
313	0.009998
314	-0.003155
316	0.007277
317	-0.017909
318	0.007860
319	-0.015649
320	0.010538
321	0.001595
322	0.005735
323	-0.000570
324	0.024331
325	-0.001291
327	0.041902
328	0.001771
330	-0.009717
331	0.020211
332	0.005805
334	-0.013570
337	0.032209
338	0.008290
339	-0.004146
340	-0.011517
342	0.004224
344	-0.003912
348	0.018802
351	-0.004072
352	-0.010375
353	0.011387
354	-0.005195
355	-0.015247
356	0.012815
357	-0.017506
358	0.049051
359	-0.013749
360	-0.002939
361	-0.015530
362	0.013397
363	0.029774
366	-0.005654
367	-0.019150
368	-0.001586
370	-0.012358
371	-0.005413
372	-0.005225
373	-0.013885
374	-0.005681
375	-0.001665
376	-0.015435
377	-0.001358
378	0.014518
379	0.024411
380	0.025066
385	-0.022694
388	-0.004438
390	-0.011929
391	-0.013364
392	0.005098
394	-0.004685
396	0.005639
397	0.011997
401	0.030881
402	-0.000342
403	0.012013
404	-0.003730
