# 372 minima projected onto PC8
Min	PC
1	-1.703854
2	-1.866815
3	-0.672888
4	-2.667140
5	-0.477400
6	0.267545
7	3.115014
8	4.749888
9	-0.825824
10	0.626409
11	-0.299593
12	-2.195241
13	-1.668466
14	-0.335519
15	-0.321565
16	-1.575424
17	-1.060480
18	-0.954345
19	0.820962
20	3.850887
21	3.198474
22	-1.266689
23	-0.400890
24	0.185951
25	2.001969
26	3.571344
27	0.321890
28	1.455857
29	-0.313664
30	1.770453
31	0.011281
32	-0.353709
33	0.530163
34	-2.504472
35	0.250557
36	2.595901
37	-0.486802
38	-1.538125
39	0.763359
40	2.275459
41	1.117583
42	-0.028101
43	-2.008607
44	-1.280324
45	1.684774
46	-0.610693
47	-0.340605
48	-0.292435
49	0.948078
50	0.974818
51	-0.595723
52	-1.424406
53	2.962219
54	-2.638914
55	4.584746
56	-4.619225
57	0.015048
58	0.564109
59	1.457676
60	0.590559
61	1.652891
62	-1.018377
63	0.116660
64	-2.103579
65	3.569435
66	-2.546454
67	-3.755016
68	-5.462906
69	-4.792171
70	-1.353568
71	1.044422
72	-2.284964
73	0.513965
74	0.272617
75	-0.638970
76	0.024264
77	-1.070243
78	0.887483
79	3.615605
80	2.245846
81	1.553858
82	-1.542955
83	-1.219523
84	2.689117
85	-0.278291
86	-0.359257
87	-0.714923
88	0.411438
89	0.134422
90	0.051150
91	1.283724
92	2.737824
93	-1.296339
94	-1.117318
95	-0.377345
96	1.260108
97	0.341015
98	4.591785
99	1.491462
100	-1.905289
101	-0.116718
102	4.905941
103	0.682392
104	1.467865
105	1.723308
106	1.596570
107	0.059501
108	1.118757
109	0.060506
110	-0.513472
111	-2.657269
113	1.568125
114	0.154462
115	-2.412551
116	-1.520981
117	-2.286365
118	-5.044803
119	1.059129
120	1.288900
121	-2.373601
122	-4.408396
123	0.551629
124	3.174054
125	0.066891
126	-0.108642
127	-2.595956
128	-0.914616
129	0.908962
130	0.600177
131	0.161455
132	0.744990
133	1.823089
134	1.301610
135	0.407972
136	1.431529
137	5.035063
138	2.675664
139	5.884230
140	-0.567367
141	-1.305685
142	1.224025
143	-3.928213
144	-0.276939
145	3.103059
146	4.470551
147	-1.205571
148	-2.142144
149	-2.267171
150	-4.292950
151	3.689881
152	1.947598
153	1.057083
154	-0.093709
155	5.290745
156	-3.546569
157	-1.475194
158	-0.338582
159	0.374876
160	0.447045
161	0.274366
162	1.021544
163	-1.430842
164	0.132814
165	0.323490
166	-5.103595
167	0.415194
168	-0.736627
169	-0.091854
170	-1.767703
171	2.853567
172	-0.329261
173	1.651594
174	0.963870
175	1.870473
176	-0.287700
177	1.104895
178	-0.315290
179	-0.945993
180	-0.524922
181	-0.648294
182	-0.788981
183	-1.707269
184	-1.807267
185	-0.702664
186	0.936514
187	-4.700455
188	-0.690286
189	-5.303715
190	0.130676
191	-0.354599
192	-0.736026
193	1.957641
194	-0.947314
195	-2.220811
196	0.271602
197	3.018681
198	0.329988
199	-2.390437
200	-1.482155
201	2.869222
202	0.803309
203	-4.870728
204	-0.844363
205	-2.307108
206	-2.345468
207	-0.863512
208	-4.748827
209	-1.260516
210	-3.226634
211	-4.055137
212	0.288171
213	1.071484
214	-1.531096
215	0.898431
216	-2.532555
217	-0.219653
218	0.835791
219	0.178734
220	2.619487
221	-0.422583
222	1.531918
223	1.460380
224	0.753649
225	0.023477
226	-0.410559
227	2.593017
228	-5.413865
229	-4.045274
230	-2.778737
231	-1.318007
232	0.798127
233	2.841714
234	2.111789
235	-4.258225
236	-3.192909
237	-3.419376
238	-2.560865
239	1.569802
240	3.696906
241	0.015762
242	-1.457181
243	-0.405831
244	0.795790
245	2.118369
246	5.467487
247	0.377476
248	1.166792
249	2.918378
250	0.292553
251	4.431515
252	0.291862
253	1.984007
254	0.854195
255	1.324132
256	-1.191561
257	4.560768
258	1.214347
259	3.741739
260	0.980478
261	0.822550
263	-1.053761
264	-1.916267
265	1.385432
266	-0.812310
267	-0.208122
268	-1.777516
269	1.290094
270	1.812110
271	-0.914203
272	0.999935
273	1.366858
274	3.720430
275	-1.036090
276	4.958600
277	0.475377
278	2.007674
279	2.102542
280	-2.812774
281	-3.932098
282	2.457378
283	3.709980
284	0.064564
285	0.430431
286	0.184315
287	-2.609403
288	-4.524578
289	-1.089119
290	-0.446168
291	3.418175
292	0.473991
293	-1.230170
294	-3.641815
295	-0.396102
296	0.651525
297	0.999215
298	-2.288796
299	-3.972901
300	-2.078465
301	3.846500
302	0.364346
303	0.970819
304	-0.863637
305	1.105128
306	3.229591
307	5.082802
308	-0.796262
309	-3.291241
311	-0.431805
313	1.196151
314	0.612930
316	-4.838107
317	-5.262535
318	-1.754763
319	-3.706524
320	-1.903273
321	-3.201680
322	-0.140866
323	-2.435134
324	1.086887
325	-2.180151
327	-2.187772
328	0.939428
330	1.567812
331	4.703491
332	5.529651
334	-1.853616
337	3.152580
338	2.507024
339	3.224600
340	0.755040
342	-1.347873
344	-0.249701
348	0.887834
351	0.984702
352	-0.846784
353	-2.919184
354	-0.410960
355	-0.981653
356	-1.223927
357	-0.778807
358	3.201515
359	-2.346244
360	0.512119
361	-1.708307
362	0.808797
363	2.092837
366	-1.917572
367	0.245923
368	3.218828
370	-0.805652
371	-0.819558
372	0.250854
373	-0.018004
374	1.079749
375	0.874096
376	-2.292629
377	-2.632038
378	1.427654
379	-3.782173
380	-1.824340
385	0.699410
388	1.986799
390	-4.563473
391	1.729586
392	-0.483171
394	5.340984
396	1.555565
397	2.112282
401	-2.391372
402	0.989041
403	-0.806745
404	0.239524
