# 372 minima projected onto PC31
Min	PC
1	-0.285001
2	-0.336420
3	-0.213029
4	0.033874
5	0.183253
6	-0.268915
7	0.278220
8	0.360563
9	0.230803
10	-0.132370
11	0.294762
12	-0.003619
13	0.109429
14	0.275561
15	-0.122382
16	0.219743
17	-0.197075
18	-0.770377
19	0.058200
20	0.196136
21	0.002008
22	0.096130
23	-0.068839
24	-0.440044
25	0.331157
26	0.119804
27	-0.165570
28	0.389407
29	-0.220364
30	0.211999
31	0.122976
32	0.061801
33	-0.185465
34	0.209330
35	-0.192575
36	0.437670
37	-0.463268
38	-0.087224
39	-0.219992
40	-0.354993
41	-0.076918
42	0.121465
43	0.073948
44	-0.115877
45	0.098795
46	-0.082604
47	0.095078
48	0.290952
49	0.162956
50	-0.354333
51	-0.238434
52	-0.154709
53	-0.726974
54	-0.317759
55	0.380163
56	-0.328784
57	0.119522
58	-0.297231
59	-0.190678
60	-0.099372
61	-0.070053
62	-0.301940
63	-0.719180
64	0.353577
65	-0.282346
66	-0.199953
67	-0.516744
68	-0.245966
69	-0.153143
70	-0.113928
71	0.454493
72	0.296718
73	0.397020
74	0.700792
75	0.634290
76	-0.231051
77	0.111590
78	-0.304495
79	-0.076299
80	0.131970
81	-0.070824
82	0.744871
83	0.039818
84	0.351798
85	-0.412342
86	-0.421110
87	0.060725
88	-0.122073
89	0.401797
90	-0.157535
91	0.236841
92	-0.558069
93	-0.273288
94	-0.188830
95	-0.083251
96	-0.116142
97	-0.443046
98	-0.728446
99	0.243477
100	0.218952
101	0.091317
102	-0.490525
103	0.118232
104	0.246562
105	-0.229848
106	1.612978
107	1.731622
108	1.597798
109	0.280592
110	0.495036
111	0.394135
113	-0.347206
114	-0.468161
115	0.728827
116	-0.156976
117	0.199992
118	0.587750
119	0.132669
120	0.243515
121	-0.254462
122	-0.072893
123	0.158457
124	0.055702
125	-0.127658
126	-0.125474
127	-0.047669
128	-0.020156
129	-0.651304
130	0.956843
131	-0.267423
132	-0.524230
133	0.406405
134	-0.303572
135	0.041328
136	0.144606
137	0.023441
138	0.071910
139	-0.207589
140	0.049324
141	0.325415
142	-0.330709
143	0.763551
144	0.255442
145	0.013291
146	-0.141997
147	0.098516
148	-0.461999
149	-0.031115
150	-0.277757
151	0.381087
152	-0.261409
153	0.371473
154	-0.350873
155	-0.264270
156	-0.373507
157	-0.247853
158	0.174695
159	0.062836
160	0.573822
161	0.190311
162	0.482902
163	-0.156850
164	0.253964
165	0.221308
166	-0.214521
167	0.118864
168	-0.026960
169	0.013642
170	0.151261
171	1.270998
172	0.152787
173	-0.291027
174	-0.391086
175	-0.299521
176	0.286305
177	-0.347665
178	0.158716
179	-0.073011
180	-0.286764
181	-0.137859
182	0.220420
183	0.038116
184	0.086616
185	-0.097201
186	-0.153421
187	0.533462
188	-0.649739
189	0.789404
190	0.126249
191	0.474390
192	0.171479
193	-0.353968
194	-0.276796
195	0.094559
196	-0.238364
197	0.393906
198	-0.578812
199	-0.679928
200	0.075993
201	0.093631
202	0.099269
203	-0.382513
204	0.083739
205	0.627212
206	-0.583997
207	-0.357395
208	0.340798
209	-0.097133
210	-0.260869
211	-0.304106
212	-0.428508
213	0.100384
214	-0.205012
215	0.506411
216	0.440860
217	-0.364721
218	-0.129651
219	0.324742
220	0.227894
221	-0.009613
222	0.236146
223	0.211418
224	0.449667
225	0.095732
226	0.413897
227	0.053986
228	-0.178032
229	0.627041
230	-0.173549
231	-0.494280
232	-0.186549
233	-0.459915
234	0.116986
235	-0.689124
236	0.400763
237	0.024196
238	-0.251312
239	0.530872
240	0.290582
241	-0.232365
242	0.022813
243	0.248208
244	-0.368743
245	-0.038051
246	-0.433400
247	-0.427809
248	0.117292
249	-0.100897
250	-0.115098
251	0.082611
252	-0.060265
253	-0.174497
254	0.462426
255	-0.055139
256	0.366525
257	-0.371097
258	-0.189672
259	-0.427638
260	-0.563600
261	-0.309958
263	0.966818
264	-0.034699
265	-0.155484
266	-0.024569
267	0.149835
268	-0.231904
269	-0.245266
270	-0.132625
271	0.152166
272	-0.656463
273	0.191550
274	-0.014064
275	0.423825
276	-0.316796
277	-0.396866
278	0.131319
279	0.389261
280	0.014466
281	-0.434701
282	-0.044342
283	-1.383802
284	-0.732072
285	0.241572
286	0.527205
287	-0.004049
288	0.071929
289	0.150162
290	-0.281102
291	0.323461
292	-0.615083
293	0.301689
294	0.025650
295	-0.150330
296	-0.018527
297	-0.443720
298	0.316214
299	0.177161
300	0.506078
301	0.109474
302	0.100959
303	0.656612
304	0.195837
305	-0.094110
306	-0.125254
307	0.052521
308	-0.417677
309	-0.691127
311	0.041767
313	0.101794
314	0.241419
316	-0.354442
317	0.373916
318	-0.062237
319	-0.602519
320	-0.088785
321	0.625803
322	-0.142363
323	0.116285
324	1.259994
325	0.501840
327	0.079271
328	-0.697349
330	0.345844
331	-0.573301
332	-0.428229
334	-0.156270
337	-0.273958
338	-0.226769
339	0.046672
340	-0.229445
342	-0.195269
344	-0.154323
348	-0.220840
351	-0.716041
352	-0.169007
353	-0.420936
354	-0.051863
355	-0.731114
356	-0.083810
357	0.068660
358	0.064814
359	0.094627
360	0.835932
361	-0.490838
362	0.067167
363	-0.072846
366	-0.667816
367	-0.056189
368	1.794212
370	-0.133018
371	-0.013782
372	-0.231723
373	0.421056
374	-0.122873
375	0.087289
376	-0.042700
377	0.166261
378	-0.308108
379	-0.030046
380	0.183892
385	0.247635
388	0.287525
390	-0.162723
391	0.097804
392	0.584980
394	0.372500
396	0.677638
397	-0.340062
401	-0.234773
402	-0.246383
403	-0.443172
404	-0.161283
