# 372 minima projected onto PC76
Min	PC
1	0.001720
2	0.002082
3	0.004608
4	-0.006072
5	-0.000671
6	-0.005613
7	-0.003047
8	-0.000278
9	-0.000279
10	-0.003498
11	0.005636
12	0.002009
13	-0.013730
14	-0.001776
15	0.001801
16	-0.007822
17	-0.004480
18	-0.004707
19	0.003283
20	-0.000822
21	-0.000716
22	0.006721
23	0.002876
24	0.016242
25	-0.004330
26	0.005039
27	-0.004357
28	0.002297
29	-0.001724
30	0.003599
31	0.001556
32	-0.011925
33	0.006240
34	-0.002233
35	-0.003849
36	0.009792
37	-0.006446
38	-0.006640
39	0.001288
40	0.001619
41	0.015278
42	0.006797
43	-0.009009
44	0.001526
45	0.006844
46	0.003765
47	0.002165
48	-0.009885
49	0.004971
50	-0.000677
51	0.006572
52	-0.013114
53	0.004356
54	0.008484
55	-0.002161
56	-0.003470
57	-0.007510
58	-0.010336
59	-0.004859
60	-0.002387
61	-0.001250
62	0.010612
63	0.002125
64	-0.008837
65	-0.005383
66	-0.004077
67	0.002347
68	-0.007870
69	0.000270
70	0.003686
71	-0.007208
72	0.008812
73	-0.005149
74	-0.000489
75	0.000882
76	0.007174
77	0.000728
78	-0.006022
79	-0.010075
80	-0.005897
81	-0.005907
82	-0.000638
83	0.014229
84	0.000908
85	-0.007090
86	-0.001168
87	0.008060
88	-0.000097
89	-0.005450
90	-0.004632
91	0.000326
92	0.003965
93	-0.005104
94	-0.001032
95	-0.001081
96	-0.001643
97	-0.001523
98	-0.000222
99	0.000008
100	-0.001118
101	-0.003209
102	-0.008311
103	0.003106
104	-0.000117
105	0.007514
106	0.003386
107	-0.000653
108	0.011124
109	0.003551
110	-0.001631
111	0.006372
113	-0.001661
114	-0.005569
115	0.006742
116	0.000018
117	-0.000532
118	0.000566
119	0.004221
120	-0.011560
121	0.013350
122	0.012773
123	0.020185
124	0.000866
125	-0.002266
126	-0.006668
127	0.000099
128	0.000769
129	-0.000422
130	0.009304
131	0.001501
132	0.002242
133	-0.005489
134	-0.004515
135	0.006267
136	0.004043
137	0.003159
138	-0.003049
139	-0.002685
140	-0.003573
141	0.003426
142	0.007853
143	-0.002009
144	0.010448
145	-0.009197
146	0.005305
147	-0.007799
148	0.007087
149	-0.002248
150	0.004068
151	-0.006349
152	0.004434
153	-0.000780
154	-0.007196
155	0.001134
156	-0.004267
157	-0.003257
158	0.008494
159	0.002527
160	-0.000357
161	0.005803
162	-0.001291
163	0.005126
164	-0.003970
165	-0.006815
166	0.009148
167	0.000674
168	-0.004195
169	0.001314
170	-0.005045
171	-0.005985
172	0.007469
173	-0.000299
174	0.002848
175	0.005414
176	-0.000606
177	-0.001309
178	-0.002017
179	-0.004011
180	-0.001918
181	0.000219
182	0.002626
183	-0.006950
184	0.004150
185	0.002069
186	0.005952
187	-0.008582
188	-0.009606
189	-0.008092
190	-0.002631
191	0.008291
192	0.011094
193	-0.009263
194	-0.003882
195	-0.007846
196	0.001808
197	-0.001786
198	0.003550
199	-0.004308
200	-0.000070
201	-0.014900
202	-0.002636
203	0.003795
204	-0.013636
205	0.003111
206	0.007054
207	0.005729
208	0.003672
209	-0.000024
210	0.005472
211	0.002430
212	-0.007986
213	0.004770
214	0.003865
215	-0.006355
216	-0.009190
217	-0.005389
218	0.005163
219	0.003954
220	-0.001908
221	0.007551
222	-0.004966
223	0.000246
224	0.004241
225	0.007791
226	-0.000572
227	0.015339
228	-0.002425
229	0.003374
230	-0.007284
231	0.001549
232	0.009110
233	-0.003620
234	0.006836
235	-0.002603
236	-0.006963
237	-0.003664
238	0.003200
239	0.007638
240	0.002763
241	-0.002002
242	0.003312
243	0.000377
244	0.007264
245	-0.000840
246	0.001338
247	-0.003172
248	0.004167
249	-0.003526
250	-0.003911
251	0.003620
252	-0.002244
253	-0.003452
254	-0.000230
255	0.009673
256	0.001066
257	-0.002946
258	-0.007832
259	-0.003793
260	-0.001579
261	-0.000384
263	-0.002880
264	0.013452
265	0.011678
266	-0.007655
267	0.003678
268	-0.010377
269	-0.005308
270	0.001462
271	0.007381
272	-0.006975
273	-0.014141
274	0.006426
275	0.006416
276	0.002811
277	-0.003574
278	-0.006132
279	-0.002800
280	-0.007555
281	0.003631
282	0.003277
283	-0.003163
284	0.005165
285	0.000392
286	-0.001435
287	-0.002368
288	-0.001502
289	0.004110
290	-0.003133
291	-0.007406
292	0.006382
293	-0.004958
294	-0.006299
295	0.007285
296	0.001303
297	-0.000055
298	0.006256
299	0.004827
300	0.000829
301	0.002405
302	-0.008176
303	0.006094
304	-0.003217
305	0.000285
306	0.001452
307	0.001990
308	-0.000373
309	-0.005613
311	-0.005395
313	0.000300
314	-0.001997
316	0.010063
317	-0.007782
318	-0.004430
319	-0.002175
320	0.008590
321	0.001635
322	-0.006096
323	0.004426
324	-0.009930
325	0.000644
327	-0.009549
328	-0.002109
330	0.001672
331	0.001603
332	0.011034
334	-0.003559
337	-0.004993
338	0.001297
339	0.000243
340	-0.004049
342	0.009153
344	-0.003834
348	-0.002230
351	-0.001787
352	0.004856
353	-0.007257
354	0.006867
355	-0.001989
356	0.001552
357	0.001606
358	0.006594
359	-0.008393
360	-0.002002
361	0.006388
362	-0.003825
363	0.005712
366	0.000859
367	0.014715
368	-0.004109
370	-0.004692
371	-0.010635
372	0.002565
373	0.007778
374	-0.002695
375	0.001058
376	0.014924
377	-0.005960
378	-0.002768
379	0.009003
380	-0.008491
385	-0.000764
388	-0.003551
390	0.000128
391	-0.002760
392	0.002721
394	-0.000204
396	0.000059
397	0.001656
401	0.003071
402	-0.008039
403	0.005326
404	-0.006935
