# 372 minima projected onto PC14
Min	PC
1	-0.323822
2	1.444815
3	1.305128
4	1.617112
5	-2.358417
6	0.903727
7	1.508342
8	1.525439
9	-1.670101
10	1.225376
11	1.202313
12	0.029564
13	2.917827
14	1.058616
15	-0.778583
16	-0.560053
17	2.635871
18	3.580286
19	1.966435
20	2.993238
21	1.892609
22	-0.861144
23	2.391633
24	1.138089
25	2.830279
26	-0.899323
27	-0.299458
28	-1.124745
29	-2.269331
30	1.045413
31	2.491563
32	1.498580
33	-1.154082
34	0.627083
35	1.654664
36	-2.423916
37	-0.864679
38	0.388978
39	2.379266
40	0.429503
41	-2.854563
42	-1.198861
43	0.630575
44	0.350260
45	1.297907
46	-0.317484
47	-0.559827
48	0.789739
49	-1.943462
50	-1.281710
51	2.331315
52	0.534201
53	-1.504477
54	-2.304436
55	-2.323470
56	-1.818209
57	0.342153
58	-0.211339
59	-0.576519
60	-1.006383
61	-0.901288
62	0.050549
63	-0.268368
64	0.572737
65	-1.117849
66	2.115366
67	0.018190
68	0.270423
69	2.736311
70	-1.864291
71	-2.253717
72	-0.583367
73	-2.081227
74	-0.783473
75	-0.955521
76	-3.164328
77	-1.471413
78	-1.373293
79	-2.673375
80	-1.381870
81	0.075319
82	-0.896815
83	0.848725
84	-3.170518
85	1.733259
86	1.045969
87	-0.206338
88	-1.670020
89	-0.259224
90	1.130463
91	1.767020
92	0.695531
93	1.708112
94	0.507427
95	-1.148823
96	-1.737629
97	2.943621
98	1.700100
99	-0.970573
100	-0.575255
101	2.679956
102	-0.821656
103	1.829005
104	2.695379
105	-0.664119
106	-1.729640
107	0.105281
108	0.600905
109	0.111474
110	0.944117
111	0.173273
113	4.093394
114	1.272006
115	1.553768
116	0.204309
117	0.835231
118	0.584885
119	0.610030
120	-0.964634
121	1.552560
122	1.638555
123	-1.118479
124	-2.043700
125	-2.780680
126	-1.688965
127	-0.674415
128	1.099349
129	-1.557836
130	-0.970591
131	-0.968248
132	0.123339
133	0.879202
134	0.601471
135	-0.691626
136	-0.553796
137	0.001391
138	1.309497
139	1.595544
140	-0.428876
141	0.187392
142	1.399923
143	1.180758
144	-0.729075
145	-1.106946
146	-0.551754
147	-0.229844
148	0.254133
149	0.232002
150	0.411983
151	-0.273488
152	-0.647278
153	-0.387968
154	0.624827
155	2.744321
156	0.210045
157	-0.287637
158	0.281422
159	-1.219116
160	-0.835941
161	2.216589
162	1.194605
163	0.381232
164	0.843480
165	-0.560805
166	0.801252
167	0.424276
168	0.014863
169	-0.158076
170	0.682168
171	1.372623
172	1.430794
173	2.636749
174	0.290943
175	0.262146
176	-0.342290
177	-0.440158
178	1.015704
179	-1.411010
180	1.777266
181	2.659762
182	2.984450
183	-0.065677
184	1.174343
185	-1.582385
186	-0.065457
187	-1.799223
188	-1.986319
189	-0.286230
190	-1.276899
191	-2.422577
192	-1.082854
193	-1.098258
194	-3.463985
195	-1.041381
196	-0.365892
197	1.006194
198	-1.067233
199	-0.140746
200	-0.452419
201	-0.977930
202	-0.620120
203	0.229961
204	-3.038194
205	-2.201772
206	-3.680148
207	-0.770780
208	-0.121535
209	-0.428290
210	-2.254595
211	-1.802576
212	0.184493
213	-0.795846
214	-0.459362
215	1.598429
216	1.365057
217	-0.644911
218	-1.795274
219	-0.236259
220	-2.364143
221	-1.275592
222	-1.163793
223	0.252109
224	0.368835
225	0.138674
226	0.196085
227	0.055786
228	-0.475499
229	-1.214718
230	-2.160100
231	-1.200769
232	-1.493529
233	-2.964805
234	-0.860226
235	-0.968917
236	-1.454747
237	-2.631579
238	-1.207786
239	-1.094710
240	-1.580856
241	-1.329948
242	-0.967414
243	-0.705851
244	1.061407
245	-1.835294
246	-1.807345
247	-1.436592
248	-0.268500
249	-1.047832
250	0.320291
251	-0.710783
252	1.102617
253	-0.569373
254	-0.927090
255	2.623040
256	0.128255
257	-3.443004
258	-3.265641
259	-1.824848
260	0.438899
261	-2.773518
263	-2.008559
264	-0.001408
265	1.433941
266	-1.764367
267	-2.083201
268	-1.068395
269	0.190299
270	-0.432332
271	-0.490746
272	0.118733
273	0.872874
274	0.026240
275	0.789151
276	-0.006678
277	-0.077991
278	0.941617
279	-0.004448
280	0.973427
281	-0.228874
282	2.010981
283	0.885952
284	1.780985
285	0.435539
286	-0.339344
287	-1.750585
288	0.101040
289	1.283277
290	-0.551801
291	1.636027
292	3.334565
293	-2.198571
294	-2.355703
295	-0.439016
296	-1.419907
297	0.365400
298	-1.912167
299	1.219589
300	0.393017
301	1.693434
302	3.022601
303	1.620684
304	0.172238
305	1.061946
306	-0.817612
307	2.762140
308	1.070624
309	1.273816
311	-1.549065
313	-2.557443
314	1.580997
316	0.937465
317	2.004760
318	-0.849087
319	1.809958
320	2.359857
321	1.161414
322	-0.091728
323	1.405681
324	2.940398
325	-0.171412
327	2.013966
328	1.487117
330	2.549541
331	0.423690
332	1.754616
334	-1.243584
337	3.678362
338	1.495285
339	1.030032
340	0.550340
342	1.228663
344	2.259311
348	-0.525216
351	-1.568828
352	-1.233121
353	-0.984094
354	-0.353633
355	-0.277763
356	-0.825648
357	-0.236298
358	-1.375423
359	-0.246387
360	1.038130
361	1.859505
362	1.821983
363	1.062786
366	-1.724813
367	-1.991556
368	0.629734
370	-1.349543
371	0.772940
372	-0.390928
373	-0.536604
374	-0.513874
375	0.286185
376	1.505102
377	1.880454
378	-1.079852
379	0.752653
380	0.381061
385	0.951161
388	0.270495
390	1.904672
391	-0.962805
392	0.691083
394	-1.388568
396	0.608827
397	1.314196
401	-1.956904
402	0.095138
403	1.204497
404	0.918115
