# 372 minima projected onto PC53
Min	PC
1	0.062585
2	-0.022365
3	-0.039308
4	0.020397
5	0.007387
6	0.047191
7	0.006277
8	-0.005230
9	-0.087621
10	0.026969
11	-0.045209
12	-0.046042
13	-0.014650
14	0.027132
15	-0.030160
16	0.084110
17	0.072104
18	0.072547
19	0.045503
20	-0.003000
21	-0.020356
22	-0.011700
23	0.053432
24	0.020917
25	0.027603
26	0.040713
27	0.105643
28	-0.002324
29	-0.001464
30	0.035459
31	0.012279
32	-0.039550
33	0.003256
34	-0.019426
35	-0.016978
36	-0.018466
37	-0.000445
38	0.048730
39	-0.039384
40	-0.011202
41	-0.026931
42	-0.047621
43	-0.008916
44	-0.038920
45	-0.026977
46	0.023163
47	-0.015641
48	-0.068982
49	-0.024588
50	-0.078166
51	-0.030079
52	0.007532
53	0.008530
54	0.026952
55	-0.019864
56	-0.018085
57	-0.129795
58	-0.070744
59	-0.045650
60	-0.015209
61	-0.044718
62	-0.004553
63	-0.043812
64	0.022459
65	-0.066429
66	-0.057334
67	0.024118
68	-0.021796
69	-0.028828
70	0.012971
71	0.002568
72	-0.084566
73	0.026770
74	-0.035123
75	-0.009272
76	0.013703
77	-0.038022
78	-0.094905
79	0.069084
80	0.030252
81	-0.058483
82	-0.003347
83	0.093653
84	0.079314
85	0.003480
86	-0.022923
87	0.000275
88	-0.054439
89	0.023217
90	-0.007832
91	-0.016686
92	-0.012813
93	-0.022708
94	-0.054265
95	0.011789
96	-0.010860
97	-0.096900
98	0.038018
99	-0.015768
100	0.024785
101	0.015329
102	0.077873
103	0.044603
104	-0.022852
105	-0.003690
106	-0.026707
107	0.039663
108	0.080090
109	0.065877
110	-0.074748
111	0.024760
113	-0.048873
114	0.057840
115	-0.072671
116	-0.067670
117	-0.097807
118	0.025583
119	-0.011867
120	-0.012647
121	-0.026503
122	-0.055999
123	-0.006709
124	0.043817
125	0.017469
126	0.018500
127	0.024324
128	-0.012784
129	-0.036218
130	-0.140579
131	0.052613
132	0.039380
133	0.035843
134	0.034404
135	-0.023886
136	0.035888
137	-0.011880
138	0.021847
139	0.042811
140	-0.000285
141	0.004362
142	0.000862
143	0.004153
144	0.066738
145	0.010379
146	0.034850
147	-0.037634
148	-0.008774
149	0.041039
150	0.060898
151	-0.029805
152	-0.097842
153	0.066009
154	0.046640
155	-0.035747
156	-0.014251
157	0.024748
158	0.063999
159	0.006492
160	0.022112
161	-0.019769
162	0.079081
163	0.033556
164	0.032404
165	-0.021114
166	-0.051214
167	0.019741
168	-0.036353
169	0.006132
170	-0.013778
171	-0.013409
172	0.031282
173	-0.053483
174	-0.012226
175	-0.010587
176	-0.100054
177	-0.021830
178	-0.055652
179	0.049486
180	0.077469
181	0.051565
182	-0.034553
183	0.055527
184	-0.047913
185	-0.020720
186	-0.144088
187	-0.005247
188	-0.022172
189	0.009920
190	-0.079871
191	0.125488
192	0.063108
193	-0.090936
194	0.017460
195	0.002105
196	0.016177
197	-0.036132
198	-0.086367
199	-0.073079
200	0.000220
201	-0.014839
202	0.029889
203	-0.025694
204	0.011623
205	-0.022625
206	-0.095880
207	0.149756
208	-0.022679
209	-0.073877
210	0.034834
211	-0.008241
212	0.014932
213	-0.033948
214	-0.008259
215	-0.035627
216	-0.019607
217	0.045242
218	-0.026117
219	0.045066
220	0.023547
221	0.024952
222	-0.003389
223	-0.022623
224	0.068703
225	-0.048209
226	-0.003149
227	0.031988
228	0.031731
229	-0.021766
230	0.009950
231	-0.033214
232	0.040046
233	0.016995
234	0.042091
235	-0.042622
236	0.014784
237	-0.053309
238	-0.068222
239	-0.014342
240	-0.025091
241	0.034879
242	0.064375
243	0.040451
244	0.058593
245	-0.088927
246	-0.046260
247	0.002048
248	-0.023227
249	0.102264
250	0.155312
251	-0.073557
252	0.026660
253	-0.114605
254	-0.004724
255	0.006717
256	0.036404
257	0.057157
258	0.029799
259	0.036160
260	0.030993
261	0.032028
263	0.020073
264	0.051313
265	0.018609
266	-0.008398
267	0.055918
268	0.024502
269	0.012479
270	-0.034017
271	0.101231
272	0.035398
273	-0.026731
274	0.043811
275	-0.044091
276	0.069183
277	-0.038766
278	-0.030667
279	-0.017505
280	-0.031630
281	-0.008475
282	-0.025612
283	0.016543
284	-0.040472
285	-0.041970
286	-0.013170
287	-0.017374
288	-0.008132
289	-0.039585
290	-0.058606
291	0.025741
292	0.009916
293	0.058906
294	-0.042307
295	-0.043296
296	-0.033537
297	-0.003234
298	-0.015166
299	-0.014544
300	0.003970
301	-0.018379
302	0.054754
303	0.020009
304	0.024014
305	0.011787
306	-0.011198
307	-0.139670
308	-0.066840
309	0.304669
311	0.006773
313	-0.004932
314	-0.012718
316	-0.048630
317	-0.046320
318	-0.020365
319	-0.012713
320	-0.009128
321	-0.007101
322	-0.025078
323	-0.076883
324	0.061968
325	-0.090708
327	0.016836
328	-0.076154
330	0.033704
331	0.062302
332	-0.003616
334	0.003710
337	-0.039390
338	-0.072479
339	0.029162
340	-0.027165
342	0.035827
344	0.053428
348	0.054016
351	-0.068827
352	-0.010445
353	-0.043969
354	0.035196
355	0.048579
356	-0.001379
357	-0.102667
358	0.001632
359	0.104161
360	0.060211
361	0.045980
362	0.099425
363	0.020923
366	0.033043
367	0.053516
368	-0.078627
370	0.090156
371	0.035556
372	-0.038857
373	0.030638
374	0.023604
375	0.051262
376	0.057884
377	0.008186
378	-0.039952
379	0.074220
380	0.062416
385	-0.054917
388	0.062322
390	0.020190
391	-0.116661
392	0.087129
394	0.012219
396	0.006826
397	-0.051048
401	0.035351
402	0.024876
403	0.029163
404	0.034556
