# 372 minima projected onto PC83
Min	PC
1	-0.002538
2	-0.000047
3	-0.001078
4	-0.001069
5	-0.002411
6	0.001365
7	-0.001321
8	0.005495
9	-0.001432
10	-0.001344
11	0.000164
12	-0.001706
13	0.000857
14	0.001671
15	0.004799
16	-0.000602
17	0.001888
18	-0.000774
19	-0.001191
20	0.001856
21	0.003547
22	0.001333
23	-0.005007
24	0.004691
25	-0.001141
26	0.001581
27	-0.002180
28	0.005988
29	-0.000145
30	-0.000527
31	-0.000986
32	0.002743
33	0.001169
34	-0.001934
35	-0.000022
36	-0.004183
37	-0.000074
38	0.001298
39	0.000055
40	-0.004151
41	-0.001681
42	0.002580
43	-0.001569
44	-0.004635
45	-0.003246
46	-0.001917
47	0.000902
48	0.002400
49	0.001046
50	-0.001723
51	0.002037
52	0.000029
53	0.004394
54	0.000078
55	-0.000946
56	0.001654
57	0.005664
58	-0.000068
59	-0.007481
60	-0.003672
61	-0.003536
62	0.001795
63	0.004360
64	-0.001669
65	-0.001025
66	-0.001549
67	0.001199
68	0.005751
69	0.000391
70	-0.000156
71	-0.001109
72	0.001424
73	0.001574
74	-0.001293
75	0.005049
76	0.002613
77	0.002422
78	-0.004236
79	0.004777
80	-0.001459
81	-0.000192
82	-0.002516
83	0.002568
84	-0.005970
85	0.000513
86	0.002147
87	0.001077
88	-0.001109
89	0.000090
90	0.005288
91	-0.003900
92	-0.002444
93	0.002073
94	-0.001247
95	-0.001029
96	-0.002491
97	-0.002418
98	-0.002391
99	0.000681
100	0.000047
101	0.004896
102	0.002497
103	0.001151
104	-0.000531
105	-0.002650
106	-0.005231
107	0.000865
108	-0.002104
109	-0.001971
110	0.000007
111	0.002747
113	0.001302
114	-0.000855
115	0.002140
116	0.002936
117	-0.004232
118	-0.006161
119	-0.004383
120	-0.001063
121	-0.000545
122	0.008410
123	0.001258
124	-0.001744
125	0.001572
126	-0.003699
127	-0.000625
128	0.001740
129	0.001526
130	0.002857
131	-0.005205
132	-0.000259
133	-0.004549
134	0.003024
135	0.001217
136	0.001767
137	-0.004721
138	0.004905
139	-0.003267
140	-0.000443
141	0.001191
142	-0.003893
143	0.004458
144	-0.001391
145	-0.000702
146	-0.002803
147	0.004770
148	-0.006033
149	0.002673
150	-0.000730
151	0.003948
152	0.001071
153	-0.005445
154	-0.002747
155	-0.008546
156	0.000028
157	0.005295
158	0.000873
159	-0.000188
160	0.004227
161	0.001356
162	-0.002745
163	-0.001016
164	-0.001374
165	0.001071
166	0.000772
167	0.003141
168	-0.000229
169	0.002928
170	0.000332
171	0.002405
172	0.000116
173	-0.001769
174	0.001236
175	0.002205
176	0.001023
177	-0.001079
178	0.004427
179	0.001423
180	0.002969
181	0.000478
182	0.001149
183	-0.002078
184	-0.002282
185	-0.000334
186	0.004654
187	-0.005863
188	-0.000216
189	-0.009843
190	-0.001390
191	-0.000571
192	0.001125
193	-0.000174
194	-0.002693
195	-0.001382
196	0.001399
197	-0.004633
198	-0.000616
199	-0.002405
200	-0.001467
201	0.004927
202	-0.002676
203	0.000954
204	0.000082
205	0.000237
206	0.000476
207	-0.000581
208	-0.001336
209	0.001654
210	-0.000576
211	-0.000014
212	0.004121
213	0.002474
214	-0.002083
215	-0.001851
216	-0.000736
217	-0.001240
218	-0.003174
219	0.003017
220	-0.000099
221	0.005393
222	-0.000621
223	0.000216
224	-0.000288
225	-0.001855
226	-0.001791
227	-0.000703
228	-0.000845
229	0.000060
230	-0.000202
231	0.000706
232	0.006014
233	-0.001105
234	-0.001486
235	-0.001080
236	0.000666
237	0.003902
238	-0.001450
239	-0.001505
240	-0.005060
241	-0.000613
242	0.001961
243	0.001293
244	-0.002914
245	-0.000695
246	0.003273
247	-0.004138
248	-0.000995
249	0.008608
250	-0.001849
251	0.000512
252	0.003516
253	0.000677
254	-0.000807
255	0.002514
256	0.001083
257	0.003837
258	0.004692
259	-0.001414
260	-0.001301
261	-0.001385
263	-0.000180
264	-0.003626
265	0.001099
266	0.005395
267	0.000423
268	-0.001254
269	-0.000587
270	-0.005337
271	-0.002753
272	0.005331
273	0.001053
274	-0.004482
275	-0.001185
276	0.002623
277	-0.002346
278	-0.001256
279	-0.000387
280	-0.003858
281	0.000822
282	0.000555
283	-0.000631
284	-0.003349
285	0.001347
286	0.001793
287	-0.007827
288	-0.000432
289	-0.002037
290	-0.001645
291	0.000871
292	0.002911
293	0.001768
294	-0.001555
295	-0.002241
296	-0.001934
297	0.000834
298	0.003473
299	0.002341
300	0.001412
301	0.000138
302	-0.000306
303	-0.000696
304	-0.001756
305	-0.000072
306	-0.001650
307	-0.001140
308	-0.003918
309	0.000304
311	0.000106
313	0.000773
314	0.001402
316	0.003707
317	0.004019
318	0.001152
319	-0.008226
320	-0.002616
321	0.001989
322	0.004010
323	-0.003121
324	-0.003321
325	0.000289
327	0.004968
328	-0.001192
330	0.001831
331	0.003129
332	-0.001392
334	0.000317
337	-0.002580
338	0.003338
339	0.001313
340	-0.003777
342	-0.003682
344	-0.003860
348	-0.002997
351	-0.004370
352	-0.002224
353	-0.003553
354	0.006638
355	0.005702
356	-0.002446
357	0.002606
358	0.000838
359	-0.002132
360	0.001885
361	-0.000854
362	0.003268
363	0.001357
366	0.000091
367	0.002233
368	0.003191
370	0.002246
371	0.002519
372	-0.001782
373	0.000190
374	-0.003125
375	-0.000024
376	-0.000241
377	0.001306
378	-0.000803
379	-0.000568
380	0.001527
385	0.002680
388	-0.002902
390	0.000849
391	0.000757
392	-0.002620
394	0.007144
396	-0.000063
397	0.003589
401	0.005422
402	0.003657
403	0.000180
404	-0.003468
