# 372 minima projected onto PC23
Min	PC
1	0.877624
2	1.292625
3	0.111882
4	0.884143
5	0.445295
6	-0.662340
7	0.024373
8	0.423259
9	-1.004971
10	-1.043180
11	-0.467011
12	-0.503443
13	0.392126
14	0.310990
15	0.076609
16	0.518414
17	-1.042935
18	-0.543321
19	0.207114
20	0.221344
21	0.707656
22	-1.410239
23	-0.531844
24	0.982866
25	-0.525677
26	0.354410
27	0.517527
28	-0.657055
29	-1.559341
30	0.101409
31	0.220168
32	0.581030
33	0.247188
34	0.469470
35	0.858693
36	-0.494762
37	0.725489
38	0.851831
39	-1.096130
40	-0.729628
41	0.534269
42	0.328277
43	0.549736
44	0.856987
45	-0.358570
46	0.710800
47	-0.647574
48	-0.379366
49	-0.932669
50	-0.548267
51	-0.200379
52	-0.077125
53	-0.091817
54	-0.394284
55	0.271170
56	0.302232
57	-0.428354
58	1.204211
59	0.892610
60	0.831159
61	0.394596
62	-1.642457
63	-0.083231
64	-0.227103
65	0.553525
66	-0.513561
67	0.081194
68	0.460881
69	0.149711
70	0.073929
71	-0.301545
72	-0.203924
73	-0.397902
74	-0.725181
75	-0.463405
76	0.448564
77	0.217950
78	0.254224
79	-0.770340
80	-0.757139
81	-0.022354
82	0.294399
83	0.257927
84	0.024751
85	-0.689164
86	0.109422
87	-0.094659
88	-0.468388
89	0.225850
90	-0.574371
91	-1.350412
92	-0.542699
93	0.218013
94	-1.264266
95	-0.392952
96	0.869878
97	0.225186
98	0.750629
99	-1.625162
100	0.681563
101	-0.305498
102	0.463977
103	-0.227199
104	-0.258242
105	-1.241019
106	-0.027521
107	0.358308
108	-0.312380
109	-0.663676
110	0.155103
111	0.120449
113	0.008646
114	-0.418458
115	-0.549927
116	-0.452744
117	-0.093911
118	-0.206942
119	0.502235
120	0.177556
121	-0.656305
122	-0.297932
123	-0.358427
124	2.048613
125	0.427928
126	0.682777
127	0.335895
128	1.115393
129	-0.038293
130	0.947627
131	-1.776351
132	-0.454398
133	-0.675984
134	-0.303779
135	0.180846
136	-0.435016
137	0.101282
138	-0.517803
139	0.453830
140	-0.391054
141	-0.454397
142	0.166107
143	-0.098150
144	0.303359
145	0.924858
146	0.833295
147	-0.762771
148	-0.877987
149	-0.465637
150	0.761646
151	0.146788
152	-0.074761
153	-0.532789
154	-0.094732
155	0.341354
156	0.135475
157	-0.609968
158	0.186106
159	0.281112
160	0.402706
161	0.671017
162	0.026833
163	0.420787
164	-0.574466
165	0.693992
166	-0.155844
167	-0.516063
168	0.339162
169	0.774751
170	-0.009999
171	0.245380
172	0.031971
173	-0.123464
174	-0.179304
175	-0.035888
176	-0.069997
177	-0.033385
178	0.163516
179	-0.299818
180	-1.185172
181	-0.545353
182	-0.094580
183	-0.083385
184	0.358138
185	0.304700
186	-0.252804
187	0.051622
188	0.542767
189	0.229038
190	0.121326
191	0.343408
192	0.035226
193	0.090705
194	0.577390
195	-1.056237
196	-0.222618
197	0.268915
198	0.154655
199	-0.031228
200	-0.812862
201	-0.252970
202	-0.559261
203	0.508500
204	-0.445718
205	-0.270349
206	1.202161
207	-1.410868
208	0.541655
209	-0.065753
210	0.593568
211	0.600337
212	-0.444224
213	-0.691378
214	-0.219837
215	-0.290005
216	-0.086751
217	0.548289
218	0.005594
219	0.633497
220	0.591710
221	0.211205
222	-0.353332
223	-0.255022
224	0.970771
225	-0.175815
226	0.141464
227	-1.416314
228	0.399935
229	1.197820
230	0.038953
231	-0.298820
232	0.021467
233	0.218910
234	0.590231
235	0.699723
236	-0.316547
237	0.672835
238	0.137684
239	-0.215512
240	0.922413
241	-0.192983
242	-0.219842
243	1.000438
244	0.311851
245	-0.533514
246	0.068171
247	-0.589021
248	0.725728
249	0.419263
250	0.135269
251	-0.113673
252	0.076403
253	-0.722289
254	0.182687
255	-0.101451
256	0.633898
257	0.603311
258	0.437293
259	0.280203
260	-0.290947
261	-0.213291
263	1.516447
264	0.956067
265	-0.592459
266	-0.935431
267	-0.925743
268	-0.504318
269	-1.025903
270	0.135253
271	-0.002989
272	-0.608474
273	-0.566156
274	-0.193479
275	0.015779
276	0.336499
277	-0.052172
278	0.381073
279	-0.181981
280	-0.484489
281	0.182479
282	-0.014625
283	0.514535
284	0.415513
285	0.679496
286	0.820276
287	-0.071429
288	-0.426637
289	0.288768
290	-0.218250
291	0.930579
292	0.485223
293	-0.513554
294	0.773286
295	-0.079390
296	0.163236
297	-0.068311
298	0.081341
299	-0.660841
300	-0.887222
301	0.600325
302	0.255463
303	0.195880
304	-0.713989
305	0.499173
306	0.026257
307	0.486781
308	-0.327597
309	1.263783
311	-0.376157
313	-0.525490
314	0.217310
316	2.124996
317	1.244404
318	0.173924
319	1.113073
320	0.583920
321	-0.399147
322	0.795940
323	0.383059
324	-0.119560
325	0.279487
327	0.072065
328	0.340508
330	-0.278207
331	0.530766
332	0.303632
334	-0.683385
337	0.036731
338	-0.203312
339	-0.764895
340	-0.013739
342	-0.517404
344	0.517622
348	0.545615
351	-1.663099
352	-0.970449
353	-0.621432
354	-0.258563
355	-0.598010
356	-1.297867
357	-1.118825
358	-0.135273
359	-1.101121
360	-1.281350
361	-0.424464
362	0.390662
363	-0.090915
366	-0.678597
367	0.388310
368	0.038440
370	-0.528080
371	0.282197
372	-0.043342
373	-0.538258
374	0.570303
375	-1.008255
376	0.713210
377	-0.014720
378	-0.779524
379	-0.215721
380	-0.686468
385	0.053651
388	0.490773
390	-0.043666
391	0.110348
392	-0.022773
394	0.188509
396	1.353336
397	1.410629
401	0.852430
402	0.887141
403	-0.216099
404	-0.129383
