# 372 minima projected onto PC58
Min	PC
1	0.002515
2	0.003117
3	-0.023331
4	0.012264
5	-0.027081
6	-0.010744
7	0.014198
8	-0.001561
9	-0.034417
10	-0.045825
11	-0.038658
12	0.021764
13	0.017298
14	-0.017241
15	-0.022610
16	0.009061
17	-0.010487
18	0.035955
19	-0.019988
20	-0.012115
21	-0.009168
22	0.065861
23	0.009301
24	-0.026675
25	-0.001423
26	0.022318
27	-0.039792
28	0.046758
29	-0.019397
30	0.007295
31	0.014250
32	-0.017993
33	-0.000971
34	0.010195
35	-0.024458
36	-0.022055
37	-0.027363
38	0.022946
39	-0.008198
40	0.016065
41	-0.003337
42	-0.006273
43	-0.000685
44	-0.008876
45	-0.005200
46	0.001440
47	0.000135
48	0.052240
49	-0.056530
50	0.046067
51	-0.013607
52	0.001521
53	0.010385
54	-0.017951
55	-0.003949
56	-0.021373
57	0.060001
58	0.039246
59	-0.004706
60	0.033558
61	-0.012225
62	-0.020783
63	0.025393
64	-0.002770
65	0.016953
66	-0.003577
67	0.015872
68	0.034918
69	0.033713
70	-0.013629
71	0.054319
72	0.004827
73	-0.015767
74	0.042928
75	0.001403
76	0.010713
77	0.092138
78	0.016746
79	-0.049599
80	0.040388
81	0.011981
82	0.025665
83	0.029224
84	-0.083492
85	0.038496
86	-0.010442
87	0.013960
88	0.041116
89	-0.003847
90	0.012418
91	0.027850
92	0.020126
93	-0.016355
94	-0.027250
95	0.011263
96	0.031720
97	-0.006548
98	-0.002977
99	0.019342
100	0.017865
101	-0.013696
102	-0.008891
103	-0.015001
104	0.033830
105	0.018980
106	0.023739
107	-0.055576
108	0.065038
109	-0.035258
110	0.009083
111	-0.011067
113	-0.011946
114	-0.013678
115	0.008208
116	-0.054061
117	0.006800
118	-0.056999
119	-0.060189
120	0.008089
121	0.007533
122	0.013440
123	0.039297
124	-0.015356
125	-0.024883
126	0.028889
127	-0.009101
128	-0.004217
129	0.002703
130	-0.017919
131	0.038380
132	0.020577
133	0.008608
134	-0.022487
135	0.003261
136	-0.011814
137	-0.006156
138	-0.028627
139	0.040282
140	-0.022915
141	0.032759
142	-0.068835
143	-0.002714
144	-0.001544
145	-0.004097
146	-0.019548
147	0.028500
148	-0.049486
149	0.011289
150	0.007984
151	-0.015568
152	0.030442
153	-0.023766
154	0.040769
155	-0.008039
156	0.039076
157	0.020262
158	-0.036698
159	-0.009353
160	0.003355
161	0.006117
162	-0.048141
163	-0.003904
164	0.021954
165	-0.019641
166	-0.016995
167	-0.011166
168	-0.014463
169	-0.013899
170	-0.004436
171	0.005038
172	0.030387
173	0.025890
174	-0.013652
175	-0.020760
176	-0.000312
177	0.013442
178	-0.017038
179	-0.036350
180	-0.048562
181	-0.019067
182	0.013976
183	0.004083
184	-0.027334
185	0.016001
186	-0.015168
187	-0.036713
188	-0.016584
189	0.022195
190	0.018442
191	-0.002122
192	0.020604
193	0.019640
194	-0.020928
195	0.003085
196	0.102333
197	-0.016775
198	0.036343
199	0.001249
200	0.004921
201	-0.006359
202	-0.035505
203	0.020968
204	0.000252
205	-0.019019
206	-0.006654
207	-0.032001
208	0.025940
209	-0.025443
210	-0.017832
211	0.028675
212	0.011634
213	0.006277
214	-0.001058
215	-0.029440
216	-0.016893
217	0.010973
218	-0.010665
219	0.031819
220	0.002005
221	0.022152
222	0.045301
223	0.005304
224	0.044107
225	-0.036297
226	0.012276
227	-0.018768
228	0.001712
229	0.010629
230	-0.021707
231	-0.010179
232	0.001083
233	-0.005521
234	0.045230
235	-0.013604
236	-0.042441
237	-0.015821
238	0.011422
239	-0.008239
240	0.008820
241	0.010831
242	-0.045941
243	0.028191
244	-0.006530
245	-0.001108
246	-0.001287
247	0.048979
248	-0.001360
249	0.039018
250	0.042042
251	-0.012400
252	0.003534
253	-0.016936
254	0.016175
255	-0.033243
256	-0.005714
257	-0.015519
258	-0.008158
259	0.002212
260	0.009144
261	-0.007697
263	-0.004030
264	0.041405
265	-0.023412
266	-0.010181
267	-0.017262
268	-0.000697
269	0.000101
270	-0.008330
271	0.008986
272	-0.009701
273	-0.007195
274	0.013759
275	-0.023263
276	0.009841
277	-0.017525
278	0.055047
279	-0.011189
280	0.009817
281	-0.017333
282	0.025321
283	-0.027087
284	-0.063489
285	-0.006378
286	0.016343
287	-0.000156
288	-0.012977
289	-0.032109
290	0.042886
291	-0.014690
292	0.016625
293	0.019488
294	-0.019605
295	0.082692
296	-0.040365
297	-0.012968
298	0.024099
299	-0.004744
300	0.040926
301	-0.004349
302	0.017900
303	0.013303
304	-0.046746
305	-0.019262
306	-0.053464
307	0.019473
308	-0.006079
309	0.051266
311	-0.007256
313	-0.027124
314	0.002426
316	-0.053736
317	-0.028902
318	-0.019878
319	0.020103
320	-0.011484
321	-0.018522
322	0.005736
323	0.034340
324	-0.014582
325	-0.015871
327	0.035139
328	0.042713
330	-0.015380
331	0.023800
332	0.017049
334	-0.040000
337	-0.009486
338	-0.036734
339	-0.040672
340	-0.037007
342	-0.020876
344	0.007215
348	0.032038
351	-0.003559
352	0.020717
353	0.021841
354	0.023406
355	0.002713
356	0.006392
357	-0.001341
358	0.046139
359	0.055940
360	0.013187
361	-0.003746
362	-0.012653
363	-0.015446
366	-0.003581
367	0.001972
368	-0.041429
370	0.035644
371	-0.003334
372	0.014171
373	0.026837
374	0.066404
375	-0.035876
376	0.034130
377	-0.013252
378	0.019414
379	0.019318
380	0.011796
385	-0.014830
388	-0.044204
390	-0.016911
391	0.000898
392	0.024300
394	0.004581
396	0.045577
397	0.019236
401	-0.133908
402	-0.066542
403	-0.007562
404	-0.118717
