# 372 minima projected onto PC73
Min	PC
1	-0.003202
2	0.000177
3	0.001281
4	-0.001403
5	0.001692
6	-0.000104
7	-0.003763
8	-0.000181
9	-0.001122
10	0.005387
11	-0.006577
12	0.000284
13	0.018869
14	-0.000281
15	0.009359
16	-0.003142
17	0.009348
18	-0.005031
19	0.001680
20	0.008630
21	0.002341
22	-0.010230
23	-0.009877
24	0.009416
25	0.008715
26	-0.003090
27	-0.004515
28	-0.003138
29	0.002702
30	-0.000898
31	0.002286
32	-0.008195
33	-0.008822
34	-0.001627
35	-0.008327
36	-0.003464
37	0.002453
38	-0.009959
39	0.006232
40	-0.004322
41	-0.006359
42	-0.003716
43	0.010603
44	-0.002938
45	-0.003726
46	-0.007998
47	-0.005433
48	-0.002269
49	-0.007657
50	-0.006059
51	0.007696
52	0.002509
53	-0.003997
54	0.009023
55	0.001386
56	-0.016631
57	-0.001186
58	-0.001946
59	0.001339
60	-0.009782
61	0.000691
62	-0.002874
63	-0.007196
64	0.007367
65	-0.001872
66	0.013661
67	0.002638
68	-0.008680
69	0.004472
70	0.014026
71	0.010652
72	0.003763
73	0.001297
74	-0.004715
75	-0.009022
76	-0.000956
77	-0.008102
78	0.011123
79	0.002545
80	0.003032
81	0.003292
82	0.005193
83	0.003573
84	0.001423
85	-0.004335
86	-0.004781
87	-0.005727
88	-0.001899
89	-0.000792
90	0.000693
91	-0.000158
92	0.004928
93	0.015305
94	0.005055
95	0.002314
96	0.001723
97	0.012691
98	-0.008280
99	0.001135
100	-0.009809
101	-0.016913
102	-0.000288
103	0.022748
104	0.011267
105	-0.000706
106	0.002321
107	-0.003467
108	-0.001378
109	-0.002442
110	0.006622
111	0.002166
113	0.003982
114	-0.009316
115	-0.010723
116	0.002040
117	0.007293
118	-0.000614
119	-0.003947
120	-0.001155
121	0.003530
122	-0.019300
123	-0.007522
124	0.015715
125	-0.012544
126	0.011266
127	0.002835
128	0.003239
129	-0.006372
130	0.009917
131	0.000797
132	-0.018116
133	0.009819
134	-0.000405
135	0.005485
136	0.008221
137	0.001970
138	0.016023
139	0.000502
140	0.001222
141	0.008367
142	0.003661
143	-0.006454
144	0.001605
145	-0.006839
146	0.003874
147	-0.013576
148	0.001065
149	0.005580
150	-0.003297
151	0.002819
152	-0.013307
153	-0.002377
154	-0.003375
155	-0.019484
156	-0.011126
157	0.006703
158	0.002061
159	-0.004099
160	-0.003384
161	-0.002121
162	-0.001023
163	-0.001263
164	0.006991
165	-0.006827
166	-0.007636
167	-0.011748
168	0.002190
169	0.002786
170	0.002530
171	-0.009626
172	-0.001748
173	0.008239
174	0.008389
175	0.005459
176	0.011915
177	0.006808
178	-0.005772
179	-0.000617
180	-0.010350
181	-0.002496
182	0.006340
183	0.000888
184	0.003528
185	0.007709
186	0.005069
187	-0.003188
188	0.000442
189	0.000754
190	-0.008542
191	0.012735
192	0.007933
193	0.003324
194	0.010533
195	-0.004797
196	0.013837
197	-0.001998
198	0.003300
199	0.012093
200	-0.006106
201	0.012236
202	0.005596
203	-0.000051
204	0.003758
205	-0.001320
206	-0.000045
207	0.001001
208	-0.000306
209	0.011121
210	-0.007017
211	-0.003668
212	-0.007958
213	-0.001729
214	-0.001728
215	0.000756
216	0.008061
217	0.001681
218	-0.003832
219	0.004613
220	-0.004275
221	-0.002606
222	0.004641
223	-0.008061
224	-0.001577
225	-0.004578
226	-0.001762
227	0.000059
228	-0.000779
229	0.008980
230	-0.000984
231	0.006975
232	-0.001063
233	-0.000948
234	0.004051
235	-0.000522
236	0.009100
237	-0.007292
238	0.005828
239	0.002096
240	-0.002614
241	0.001609
242	-0.002992
243	0.005725
244	0.003415
245	-0.010983
246	0.003946
247	0.003435
248	0.002500
249	0.013525
250	0.008742
251	0.007158
252	0.011182
253	-0.009077
254	-0.009331
255	0.010647
256	0.000411
257	-0.000719
258	0.007917
259	0.000962
260	0.009095
261	0.001820
263	-0.001898
264	0.011984
265	-0.008583
266	-0.009422
267	-0.003522
268	0.010807
269	0.001225
270	-0.003661
271	0.001007
272	-0.000258
273	-0.007843
274	0.000809
275	-0.002553
276	0.009077
277	-0.008812
278	0.001768
279	-0.003647
280	0.011034
281	0.003346
282	-0.005746
283	0.002808
284	-0.003554
285	-0.001955
286	-0.007234
287	0.001501
288	0.002263
289	-0.014113
290	0.001038
291	-0.004234
292	-0.005718
293	0.002683
294	-0.004785
295	0.004708
296	-0.004750
297	0.002461
298	0.011286
299	-0.006171
300	0.006026
301	-0.000869
302	-0.020346
303	-0.002794
304	-0.007450
305	-0.004488
306	-0.008844
307	-0.007323
308	-0.003573
309	-0.017772
311	-0.005605
313	-0.007228
314	-0.001097
316	0.006695
317	0.001475
318	-0.000748
319	0.001086
320	0.000721
321	0.007194
322	-0.003347
323	0.003235
324	0.006492
325	-0.014633
327	-0.000451
328	-0.005901
330	0.005707
331	-0.010986
332	-0.002435
334	0.006042
337	-0.000928
338	-0.003568
339	0.007158
340	0.012570
342	0.007231
344	-0.011634
348	-0.008684
351	0.009537
352	-0.002452
353	-0.000906
354	-0.002191
355	-0.015227
356	-0.009231
357	0.011868
358	0.004996
359	0.004628
360	0.000477
361	0.013069
362	0.002872
363	-0.002578
366	-0.004902
367	-0.001116
368	-0.001486
370	0.008509
371	-0.002214
372	-0.007088
373	0.006917
374	0.002066
375	0.000028
376	0.008857
377	0.004158
378	-0.009238
379	-0.001026
380	-0.009450
385	-0.014911
388	-0.027097
390	-0.000119
391	0.000301
392	-0.008199
394	0.010234
396	-0.008976
397	0.007405
401	0.001860
402	0.022416
403	0.004477
404	-0.009324
