# 372 minima projected onto PC74
Min	PC
1	-0.002101
2	-0.006093
3	0.006323
4	-0.004150
5	-0.003837
6	0.001588
7	0.003061
8	0.005503
9	-0.002710
10	0.008515
11	-0.001802
12	0.001937
13	0.000592
14	-0.004531
15	0.008255
16	-0.001093
17	0.013644
18	-0.001931
19	-0.004367
20	0.003146
21	0.005711
22	0.000549
23	-0.003248
24	0.006255
25	-0.003098
26	-0.005883
27	0.002378
28	-0.006744
29	0.004646
30	0.004466
31	-0.005731
32	-0.003674
33	0.000320
34	-0.009397
35	0.002858
36	-0.001700
37	-0.008736
38	0.001563
39	-0.007426
40	0.000782
41	-0.006286
42	-0.005911
43	0.000034
44	-0.009732
45	0.007993
46	0.000963
47	0.005761
48	-0.005928
49	0.010127
50	0.005129
51	-0.000479
52	-0.005178
53	-0.007945
54	-0.002486
55	-0.009214
56	-0.001680
57	-0.010601
58	-0.004530
59	0.002932
60	-0.011763
61	0.008807
62	-0.002594
63	-0.002317
64	-0.004236
65	0.009782
66	-0.006557
67	0.003240
68	0.004726
69	-0.008925
70	-0.000793
71	-0.009448
72	0.010632
73	-0.004761
74	0.005599
75	-0.000890
76	0.005711
77	0.001374
78	0.007993
79	0.002520
80	-0.000051
81	0.001148
82	0.000557
83	-0.007251
84	-0.002286
85	-0.005264
86	-0.000615
87	0.013191
88	0.002574
89	0.002461
90	-0.001241
91	0.007731
92	-0.003615
93	0.000751
94	-0.009090
95	-0.015799
96	0.000427
97	0.006389
98	-0.008378
99	0.002821
100	0.002707
101	-0.006719
102	-0.003324
103	0.002164
104	-0.000678
105	-0.013584
106	-0.000697
107	-0.008276
108	0.006747
109	-0.003164
110	0.002624
111	-0.000806
113	-0.004547
114	-0.004255
115	0.006257
116	0.000976
117	0.005108
118	-0.010585
119	0.002974
120	0.001001
121	-0.002828
122	-0.002805
123	0.009563
124	0.016866
125	-0.006146
126	-0.001646
127	-0.008339
128	0.008034
129	-0.006844
130	0.004864
131	0.016496
132	0.002460
133	0.001382
134	-0.001572
135	-0.001306
136	-0.000769
137	-0.008062
138	-0.001120
139	-0.010244
140	-0.001584
141	-0.005276
142	-0.002900
143	0.010629
144	-0.000586
145	0.011419
146	-0.014304
147	-0.002863
148	-0.010033
149	0.008969
150	0.010317
151	0.001344
152	-0.009729
153	-0.008526
154	0.000213
155	0.010194
156	-0.005764
157	-0.005992
158	-0.004692
159	-0.007558
160	0.010609
161	0.011459
162	0.000368
163	0.001693
164	0.000536
165	0.005265
166	-0.006773
167	-0.006455
168	-0.001597
169	0.014861
170	0.002052
171	-0.003261
172	-0.008829
173	0.002626
174	-0.007174
175	-0.000332
176	-0.000068
177	-0.002861
178	0.000100
179	0.006250
180	-0.004469
181	-0.000969
182	-0.000319
183	-0.001525
184	0.009051
185	-0.001012
186	-0.003005
187	0.014100
188	0.003055
189	0.005358
190	0.001820
191	-0.003199
192	-0.005485
193	0.012377
194	0.003706
195	0.001331
196	0.001727
197	0.008268
198	-0.003799
199	-0.002735
200	0.000858
201	0.004290
202	-0.007171
203	0.004355
204	0.015851
205	-0.002829
206	0.002703
207	0.002873
208	0.000774
209	0.000344
210	0.008684
211	-0.017875
212	0.001835
213	0.005654
214	0.000944
215	0.004126
216	0.004494
217	-0.012148
218	-0.004588
219	0.000069
220	-0.001228
221	0.004534
222	-0.002049
223	0.005448
224	0.013255
225	0.010340
226	0.003724
227	0.010195
228	0.000834
229	0.003701
230	-0.006524
231	-0.003650
232	0.002450
233	-0.000193
234	-0.000535
235	0.003196
236	-0.004534
237	-0.010833
238	0.010889
239	-0.002141
240	-0.003610
241	-0.011646
242	-0.012212
243	0.000528
244	-0.005672
245	0.006293
246	0.000334
247	0.012307
248	-0.004428
249	0.004056
250	0.006721
251	-0.000763
252	-0.006036
253	-0.002432
254	-0.009301
255	0.001475
256	0.004486
257	-0.010127
258	0.010890
259	0.006370
260	-0.009207
261	0.004938
263	-0.010793
264	0.005692
265	-0.006608
266	-0.011027
267	0.012120
268	-0.016700
269	-0.001009
270	-0.013293
271	0.015907
272	0.005448
273	0.007875
274	-0.005123
275	-0.009055
276	-0.000453
277	0.007692
278	-0.012007
279	0.008116
280	0.006905
281	-0.003653
282	-0.003761
283	-0.007543
284	0.009258
285	0.000684
286	-0.003164
287	0.002036
288	-0.001768
289	0.000440
290	-0.006687
291	0.003098
292	0.005906
293	0.000856
294	-0.009052
295	0.008257
296	-0.009066
297	0.003547
298	-0.011129
299	0.010203
300	-0.003596
301	-0.004743
302	0.000465
303	-0.007553
304	0.000427
305	0.000664
306	-0.003756
307	-0.004653
308	0.001833
309	0.011086
311	0.005295
313	0.012099
314	-0.001427
316	-0.000007
317	-0.004047
318	0.003003
319	0.005695
320	0.002930
321	-0.000674
322	0.004211
323	0.006919
324	-0.001014
325	-0.004185
327	0.005911
328	-0.000453
330	-0.008374
331	-0.006134
332	0.002365
334	-0.009927
337	0.008482
338	0.008008
339	-0.001204
340	-0.002815
342	-0.004715
344	0.007392
348	-0.013457
351	0.015945
352	-0.006190
353	-0.013306
354	0.003358
355	0.008631
356	0.001037
357	-0.000682
358	-0.011198
359	0.013608
360	0.007396
361	-0.001373
362	0.001063
363	0.004379
366	0.009327
367	0.009162
368	-0.004338
370	-0.005014
371	-0.007265
372	0.005759
373	-0.009134
374	-0.000162
375	0.005951
376	0.001301
377	-0.007947
378	0.004439
379	-0.007092
380	-0.002789
385	0.001221
388	0.021256
390	-0.004363
391	0.019034
392	-0.006340
394	-0.010693
396	-0.004258
397	0.005037
401	0.007363
402	0.016072
403	-0.006046
404	-0.019728
