# 372 minima projected onto PC77
Min	PC
1	-0.002958
2	0.008932
3	0.003621
4	-0.008367
5	0.001153
6	-0.002032
7	-0.007293
8	0.006633
9	0.001812
10	-0.001568
11	0.001158
12	0.002302
13	0.010079
14	0.005571
15	0.011438
16	-0.006647
17	0.004942
18	-0.002633
19	-0.006095
20	0.016121
21	0.007971
22	0.002612
23	0.007461
24	-0.001359
25	0.000084
26	0.008296
27	-0.003614
28	-0.006647
29	-0.005503
30	-0.001867
31	-0.002202
32	-0.011367
33	0.003416
34	-0.012870
35	0.003909
36	-0.007439
37	0.010289
38	-0.003804
39	-0.004190
40	-0.002718
41	-0.004592
42	-0.001473
43	-0.013651
44	-0.000890
45	-0.001334
46	0.005988
47	-0.003457
48	0.002300
49	-0.007609
50	0.005042
51	0.001431
52	0.007283
53	-0.000939
54	0.012500
55	0.007470
56	-0.013517
57	-0.003632
58	-0.001918
59	0.010021
60	-0.001016
61	0.005932
62	0.001095
63	-0.001336
64	0.001824
65	0.000029
66	-0.002055
67	0.007876
68	-0.010876
69	-0.000520
70	-0.005403
71	-0.001913
72	0.004729
73	0.000690
74	-0.004563
75	0.002692
76	-0.004508
77	0.002789
78	0.010398
79	0.003454
80	0.005655
81	0.010090
82	0.002200
83	-0.000338
84	-0.009549
85	-0.006725
86	-0.004757
87	-0.001889
88	-0.004857
89	0.006897
90	-0.000250
91	-0.005029
92	-0.001632
93	0.004287
94	0.003173
95	0.012824
96	-0.006719
97	0.006020
98	0.001795
99	0.001964
100	0.004680
101	-0.002346
102	-0.003106
103	0.001249
104	-0.005292
105	0.005776
106	0.008010
107	0.005052
108	-0.013744
109	-0.006057
110	-0.008327
111	0.001727
113	-0.000267
114	-0.004901
115	0.004568
116	-0.001087
117	0.005877
118	0.004496
119	0.001499
120	-0.001601
121	0.012131
122	-0.005798
123	-0.007670
124	0.003440
125	-0.002934
126	0.006386
127	-0.002097
128	0.007222
129	-0.005627
130	-0.000265
131	-0.010313
132	-0.011209
133	-0.007376
134	-0.007492
135	-0.008882
136	-0.008235
137	0.005485
138	-0.010430
139	-0.011461
140	-0.004407
141	-0.000810
142	-0.001084
143	0.009705
144	-0.007962
145	-0.007235
146	-0.001962
147	0.004419
148	0.009014
149	-0.003315
150	-0.003735
151	0.008211
152	0.001113
153	-0.003716
154	0.002743
155	-0.002333
156	0.000452
157	0.009217
158	-0.009134
159	0.005195
160	0.002104
161	0.008423
162	-0.005972
163	0.002908
164	-0.002249
165	-0.002026
166	-0.010456
167	0.003185
168	0.006265
169	0.001466
170	0.002768
171	0.002190
172	-0.000505
173	0.007869
174	-0.010564
175	-0.005908
176	-0.000964
177	-0.008537
178	0.001845
179	-0.005031
180	0.003608
181	-0.003148
182	0.005002
183	-0.004746
184	0.001122
185	-0.004546
186	-0.000145
187	0.006607
188	-0.005524
189	0.012078
190	0.000731
191	-0.009019
192	0.003911
193	0.001426
194	-0.004196
195	0.000388
196	0.000376
197	0.001493
198	0.000130
199	0.008803
200	-0.000489
201	0.011648
202	-0.002877
203	-0.002498
204	-0.002677
205	-0.002472
206	-0.009036
207	0.012093
208	0.003058
209	-0.002400
210	0.008126
211	0.001082
212	0.001187
213	0.001157
214	0.002494
215	0.000570
216	-0.010453
217	0.013183
218	-0.001219
219	0.002887
220	-0.001588
221	0.002884
222	-0.006897
223	0.004442
224	0.001114
225	0.004956
226	-0.000692
227	0.002108
228	-0.001790
229	-0.005302
230	-0.006186
231	0.003593
232	0.008216
233	-0.006568
234	-0.010494
235	0.002868
236	0.001439
237	0.004556
238	-0.008583
239	0.000913
240	-0.001256
241	-0.001948
242	0.009691
243	0.000018
244	-0.007961
245	0.005729
246	-0.001902
247	-0.002615
248	-0.001693
249	0.001520
250	-0.001746
251	0.002957
252	-0.003651
253	0.002575
254	0.005820
255	-0.008100
256	-0.001373
257	0.009324
258	-0.003133
259	-0.006423
260	0.000217
261	0.000940
263	0.006043
264	-0.003916
265	0.007100
266	0.002887
267	0.000360
268	-0.003113
269	0.001439
270	0.005464
271	-0.001797
272	0.013483
273	0.004026
274	-0.002131
275	0.000621
276	0.003142
277	-0.003801
278	0.003973
279	-0.006457
280	-0.007529
281	0.011972
282	0.003500
283	0.000162
284	-0.004898
285	-0.001932
286	0.001289
287	0.005238
288	0.000064
289	-0.000885
290	0.000054
291	-0.008700
292	0.004244
293	0.005912
294	0.000851
295	0.002167
296	-0.003421
297	-0.008234
298	-0.009544
299	0.003982
300	-0.005962
301	-0.003643
302	-0.000561
303	-0.001680
304	-0.001280
305	0.002793
306	0.004583
307	-0.007935
308	-0.006665
309	0.011811
311	-0.007626
313	0.005698
314	0.005836
316	-0.007172
317	-0.001129
318	0.001680
319	-0.000581
320	0.006012
321	-0.003546
322	0.000716
323	-0.002236
324	0.003116
325	0.002213
327	-0.011815
328	-0.003425
330	0.001415
331	0.010044
332	0.001659
334	0.006183
337	-0.006147
338	-0.002163
339	-0.002252
340	0.002971
342	0.005477
344	0.001435
348	0.004896
351	0.001250
352	0.002346
353	0.004230
354	0.002312
355	-0.006668
356	0.000195
357	0.001793
358	0.002698
359	0.003519
360	-0.002170
361	0.001442
362	-0.007794
363	0.008827
366	-0.005707
367	0.007299
368	-0.001805
370	-0.002263
371	-0.003727
372	0.001597
373	-0.006819
374	-0.002657
375	0.005802
376	0.006093
377	-0.016877
378	-0.007031
379	0.004175
380	0.001495
385	0.003305
388	0.007515
390	-0.001510
391	-0.001198
392	0.000178
394	0.000363
396	0.007407
397	-0.009665
401	-0.008670
402	0.004445
403	0.004675
404	-0.006830
