# 372 minima projected onto PC24
Min	PC
1	0.157863
2	0.391155
3	0.094507
4	0.393449
5	-0.394293
6	0.060095
7	-0.045395
8	-0.119204
9	-0.106134
10	-0.177738
11	0.373078
12	0.587521
13	-0.486332
14	-0.650444
15	0.261334
16	-0.086042
17	-0.372116
18	0.754785
19	0.709382
20	-0.358886
21	0.439502
22	0.675868
23	-0.294720
24	-0.013049
25	-0.328968
26	0.195432
27	-0.104560
28	0.416125
29	-0.102527
30	-0.450272
31	-0.632910
32	0.174185
33	-0.481424
34	0.180450
35	0.143854
36	0.058662
37	-0.156712
38	-0.484317
39	-0.179439
40	0.474239
41	-0.181890
42	-0.453019
43	0.416334
44	0.334040
45	0.476669
46	-0.218430
47	0.042944
48	0.271173
49	-0.331049
50	0.647989
51	0.287747
52	0.077959
53	-0.777759
54	-0.361610
55	-0.113488
56	-0.371141
57	0.282916
58	-0.215367
59	0.054241
60	0.231836
61	0.346364
62	0.895539
63	-0.300038
64	-0.182751
65	-0.355720
66	-0.215932
67	-0.065485
68	-0.160225
69	-0.469937
70	0.020879
71	0.289079
72	-0.819037
73	0.008116
74	-0.241017
75	-0.516210
76	-0.401803
77	0.172912
78	0.064348
79	-0.788721
80	0.361818
81	-0.407172
82	-0.153732
83	-0.521335
84	-0.018175
85	-0.140796
86	-0.023128
87	0.332590
88	0.250080
89	-0.188983
90	1.096997
91	0.171907
92	0.877259
93	0.399313
94	0.218417
95	-0.103920
96	0.107869
97	-0.391541
98	0.273218
99	1.536677
100	-1.080255
101	-0.111825
102	-0.349731
103	0.389199
104	-0.077996
105	0.380198
106	0.089331
107	0.393891
108	0.712768
109	0.309921
110	-1.184577
111	0.461079
113	-0.723633
114	-0.082273
115	-0.797451
116	-0.041894
117	-0.294917
118	0.283550
119	0.200504
120	0.312186
121	0.712794
122	0.754066
123	0.573082
124	0.274862
125	-0.110194
126	-0.527684
127	-0.165194
128	0.511734
129	-0.049146
130	0.145324
131	1.077560
132	-0.278672
133	0.911626
134	-0.414387
135	-0.020330
136	-0.107624
137	0.489528
138	-0.924653
139	0.034219
140	0.483894
141	0.377556
142	-0.043487
143	-0.677289
144	-0.052028
145	0.337297
146	0.619606
147	0.255769
148	0.446346
149	0.378248
150	0.400076
151	0.478720
152	-0.216467
153	0.512755
154	0.225958
155	-0.737677
156	-0.055176
157	0.218050
158	0.097203
159	-0.657840
160	0.462240
161	-0.419636
162	0.475603
163	0.451171
164	0.196001
165	-0.476929
166	0.446502
167	-0.094554
168	0.009388
169	0.346930
170	0.380862
171	0.536285
172	-0.397580
173	-0.616078
174	0.303299
175	0.240739
176	0.052532
177	-0.685296
178	0.343124
179	-0.500472
180	-0.242776
181	-0.034683
182	-0.265097
183	-0.266572
184	-0.290041
185	0.832160
186	-0.648243
187	-0.673121
188	-0.057598
189	0.055164
190	-0.164907
191	-0.439312
192	-0.617430
193	-0.576526
194	-0.090957
195	-0.223905
196	-0.710246
197	-0.505619
198	-0.323044
199	0.199746
200	-0.388734
201	0.637504
202	0.515145
203	-0.147183
204	0.647005
205	0.213866
206	-0.030187
207	0.781133
208	-0.627767
209	0.261323
210	0.324980
211	0.434480
212	-0.379885
213	-0.340812
214	-0.496705
215	0.085858
216	-0.246892
217	-0.341127
218	-0.559688
219	-0.831416
220	-0.461085
221	-0.009882
222	0.358276
223	0.137283
224	-0.408617
225	-0.761938
226	-0.839306
227	0.001340
228	-0.849096
229	1.255265
230	-0.866286
231	-0.092443
232	-0.596377
233	0.072500
234	0.105471
235	-0.362030
236	-0.830921
237	-0.349831
238	-0.401371
239	-0.225899
240	-0.672717
241	-0.116023
242	-0.759956
243	-0.794100
244	0.145697
245	0.288067
246	-0.168111
247	-0.493977
248	-0.160872
249	-0.842191
250	0.091140
251	0.114492
252	0.041697
253	0.057295
254	-0.440496
255	0.231337
256	0.116745
257	-0.440260
258	-0.736537
259	-0.955343
260	-1.039154
261	-0.154059
263	1.259476
264	1.309536
265	-0.517294
266	0.662552
267	-0.226471
268	0.503307
269	0.531970
270	0.043461
271	0.055757
272	0.073897
273	0.329643
274	0.123557
275	-1.236550
276	-0.455055
277	-0.006072
278	0.758040
279	-0.393863
280	-0.536652
281	1.979357
282	0.250098
283	1.830251
284	1.482410
285	1.482368
286	1.527239
287	-0.669459
288	0.078661
289	-0.162946
290	-0.844100
291	0.824752
292	-0.057868
293	-0.434284
294	-0.829939
295	-0.892422
296	-1.092493
297	-0.362711
298	0.262875
299	-0.200611
300	-0.132122
301	-0.890350
302	0.372746
303	-0.772508
304	-0.718176
305	1.245320
306	-0.977661
307	-0.285208
308	0.118683
309	0.966232
311	0.676436
313	1.400803
314	0.897894
316	0.585305
317	1.061275
318	-0.886356
319	-0.044695
320	0.241764
321	-0.766037
322	2.494040
323	0.003262
324	0.354242
325	-0.516852
327	0.448034
328	0.253711
330	-0.400356
331	-0.794020
332	-0.077995
334	1.554668
337	-0.359490
338	0.120143
339	-0.868556
340	0.323749
342	1.370227
344	-1.012048
348	-0.189261
351	0.172087
352	0.870706
353	-0.417600
354	-0.008369
355	0.111145
356	0.058235
357	0.292778
358	0.303232
359	0.524780
360	-0.728421
361	-0.890874
362	-1.091339
363	-0.200617
366	0.396388
367	0.373374
368	1.396024
370	0.649633
371	-0.544134
372	0.234048
373	-0.698023
374	1.393513
375	-0.746528
376	-1.406797
377	-1.252699
378	0.389042
379	-0.804146
380	-0.687071
385	-0.390878
388	-0.357747
390	-0.638376
391	-0.328141
392	0.117233
394	0.382500
396	1.165848
397	0.086075
401	1.208996
402	-0.004190
403	0.489807
404	-0.016825
