# 372 minima projected onto PC33
Min	PC
1	-0.331604
2	-0.025394
3	0.060136
4	0.103775
5	0.215198
6	0.311314
7	-0.052201
8	0.149478
9	0.409038
10	0.043271
11	0.154535
12	-0.131345
13	0.097899
14	0.396516
15	0.131900
16	0.127318
17	0.415847
18	-0.368683
19	-0.277104
20	0.064813
21	0.070733
22	0.019423
23	0.169818
24	0.294684
25	-0.062433
26	-0.106471
27	-0.153941
28	-0.242824
29	-0.004843
30	0.179523
31	0.269492
32	0.145962
33	-0.126519
34	-0.196877
35	0.013167
36	0.142632
37	0.005269
38	-0.175221
39	0.567858
40	0.139075
41	-0.021412
42	0.329006
43	-0.502186
44	-0.389846
45	-0.176787
46	0.148341
47	0.145819
48	0.170222
49	0.282111
50	-0.429948
51	0.072251
52	-0.350909
53	-0.078573
54	-0.209844
55	0.223975
56	-0.120464
57	0.411449
58	-0.057328
59	0.192699
60	-0.357416
61	-0.174967
62	-0.016769
63	-0.238619
64	0.432413
65	0.202966
66	0.199458
67	-0.265267
68	-0.057528
69	0.341793
70	-0.060756
71	0.223960
72	0.132135
73	0.444113
74	0.442340
75	0.553756
76	-0.192295
77	0.146247
78	-0.245154
79	0.210642
80	-0.153911
81	-0.117473
82	0.181006
83	-0.168484
84	0.346298
85	0.463143
86	0.358630
87	0.455334
88	-0.454896
89	0.133765
90	0.063148
91	0.156790
92	-0.536322
93	-0.071693
94	0.408446
95	-0.483321
96	-0.423218
97	-0.295912
98	0.041235
99	0.193496
100	-0.194997
101	0.054040
102	0.290556
103	-0.102363
104	0.005232
105	-0.073541
106	-0.298265
107	-0.741067
108	-0.739981
109	0.089298
110	-0.511640
111	0.198537
113	-0.141934
114	-0.292247
115	0.359183
116	-0.342924
117	0.487490
118	-0.147396
119	-0.002017
120	0.204390
121	-0.153981
122	-0.035816
123	-0.278052
124	-0.281219
125	0.293529
126	0.233799
127	0.518323
128	0.095541
129	-0.088872
130	-0.481827
131	-0.250241
132	0.520587
133	0.006228
134	0.312015
135	-0.133208
136	-0.311137
137	0.041733
138	0.224391
139	0.057951
140	0.076246
141	-0.048353
142	0.107935
143	0.515278
144	-0.108251
145	-0.254286
146	-0.098967
147	0.218179
148	-0.421319
149	0.130540
150	0.144767
151	-0.175422
152	-0.313045
153	-0.345467
154	-0.763398
155	0.027469
156	0.030520
157	-0.170471
158	-0.057550
159	-0.008531
160	0.360490
161	-0.165353
162	0.128621
163	-0.136940
164	0.155174
165	0.270407
166	-0.386104
167	-0.051620
168	-0.122428
169	-0.529268
170	-0.041188
171	-0.197901
172	0.045384
173	-0.074505
174	0.020044
175	0.408685
176	-0.249091
177	-0.155061
178	-0.117241
179	0.102184
180	-0.568192
181	-0.658381
182	-0.322238
183	0.083427
184	0.336390
185	0.273915
186	-0.034265
187	0.114779
188	0.063859
189	0.156273
190	-0.238480
191	-0.178698
192	-0.005873
193	-0.377686
194	-0.229609
195	-0.401288
196	-0.227330
197	-0.037813
198	-0.321986
199	-0.331514
200	-0.208539
201	0.028509
202	-0.138935
203	-0.049688
204	-0.083966
205	0.233541
206	-0.263365
207	0.354395
208	0.063345
209	-0.218337
210	-0.091439
211	-0.098910
212	0.242504
213	0.065731
214	-0.185917
215	0.194677
216	0.511671
217	-0.137344
218	0.276518
219	0.164592
220	0.423993
221	-0.054225
222	-0.056060
223	-0.385349
224	-0.453501
225	-0.157623
226	-0.187949
227	0.488759
228	0.234621
229	0.222103
230	-0.182746
231	-0.189188
232	0.245689
233	0.267888
234	0.048080
235	-0.170134
236	-0.241683
237	0.177563
238	-0.332723
239	0.295754
240	0.083642
241	-0.058276
242	0.431848
243	0.092688
244	0.401395
245	-0.268598
246	-0.239283
247	-0.101921
248	0.089682
249	-0.262341
250	-0.098198
251	-0.323360
252	-0.639626
253	-0.760844
254	-0.060493
255	-0.058595
256	-0.186484
257	0.367173
258	0.375472
259	-0.050375
260	-0.285065
261	0.230031
263	-0.033493
264	0.393990
265	-0.629565
266	-0.561340
267	0.360829
268	0.290188
269	-0.404742
270	-0.548030
271	-0.288322
272	-0.334879
273	-0.719095
274	-0.255688
275	-0.290591
276	-0.038763
277	0.041775
278	0.069085
279	-0.022693
280	0.549168
281	1.496398
282	0.074509
283	1.346452
284	0.992876
285	-0.025902
286	0.052474
287	-0.181997
288	0.003395
289	0.546630
290	-0.049213
291	-0.579867
292	-0.490014
293	-0.346504
294	-0.023488
295	-0.091743
296	-0.004153
297	-0.340079
298	0.096455
299	0.458994
300	0.138385
301	-0.330761
302	-0.807872
303	-0.251710
304	-0.595349
305	-0.579247
306	0.070349
307	0.766308
308	0.533965
309	-0.348097
311	0.471556
313	-0.630605
314	0.031908
316	0.433268
317	0.132330
318	-0.126631
319	0.049901
320	0.240763
321	-0.047043
322	-0.611433
323	-0.081040
324	-0.328958
325	0.679539
327	0.170416
328	0.405331
330	-0.407619
331	0.262247
332	0.013664
334	-0.583248
337	-0.273159
338	-0.244530
339	0.047000
340	-0.095745
342	-0.237802
344	-0.056599
348	0.700943
351	-0.284216
352	-0.070592
353	-0.134586
354	-0.554038
355	-0.908522
356	-0.487114
357	0.040417
358	0.337126
359	0.970996
360	0.659666
361	0.035743
362	0.408610
363	0.951548
366	0.348588
367	0.515056
368	0.278942
370	0.267179
371	0.424419
372	0.490884
373	-0.213559
374	1.084909
375	-0.031899
376	-0.319789
377	-0.327873
378	0.666446
379	0.127520
380	-0.101851
385	0.593740
388	0.446585
390	-0.388839
391	-0.239112
392	0.222277
394	0.629676
396	-0.123174
397	-0.028579
401	-1.228678
402	0.082715
403	0.180789
404	0.189863
