# Principal Component: 31
# Fraction of Variance Captured: 0.00164
0.059862	0.008891	0.044106
0.008891	0.044106	0.091492
0.044106	0.091492	0.004541
0.091492	0.004541	0.060984
0.004541	0.060984	-0.080267
0.060984	-0.080267	-0.030593
-0.080267	-0.030593	-0.010087
-0.030593	-0.010087	-0.085890
-0.010087	-0.085890	0.011243
-0.085890	0.011243	-0.004714
0.011243	-0.004714	0.050303
-0.004714	0.050303	0.005115
0.050303	0.005115	-0.026656
0.005115	-0.026656	-0.158100
-0.026656	-0.158100	-0.072327
-0.158100	-0.072327	-0.324705
-0.072327	-0.324705	0.305214
-0.324705	0.305214	0.115039
0.305214	0.115039	0.349587
0.115039	0.349587	-0.011199
0.349587	-0.011199	-0.033633
-0.011199	-0.033633	-0.016232
-0.033633	-0.016232	-0.132158
-0.016232	-0.132158	-0.059012
-0.132158	-0.059012	-0.023885
-0.059012	-0.023885	-0.166306
-0.023885	-0.166306	-0.097647
-0.166306	-0.097647	-0.023332
-0.097647	-0.023332	0.059432
-0.023332	0.059432	0.104726
0.059432	0.104726	0.057845
