# Principal Component: 16
# Fraction of Variance Captured: 0.01698
0.002385	0.114475	0.049622
0.114475	0.049622	0.020998
0.049622	0.020998	0.139023
0.020998	0.139023	0.075827
0.139023	0.075827	-0.030254
0.075827	-0.030254	0.064992
-0.030254	0.064992	0.008248
0.064992	0.008248	-0.102537
0.008248	-0.102537	0.034231
-0.102537	0.034231	0.001401
0.034231	0.001401	-0.088149
0.001401	-0.088149	-0.134156
-0.088149	-0.134156	-0.056339
-0.134156	-0.056339	-0.035435
-0.056339	-0.035435	-0.113869
-0.035435	-0.113869	-0.041977
-0.113869	-0.041977	-0.065070
-0.041977	-0.065070	-0.121832
-0.065070	-0.121832	-0.041350
-0.121832	-0.041350	-0.134713
-0.041350	-0.134713	-0.111517
-0.134713	-0.111517	-0.064789
-0.111517	-0.064789	0.146373
-0.064789	0.146373	0.079878
0.146373	0.079878	0.101225
0.079878	0.101225	0.117141
0.101225	0.117141	0.065736
0.117141	0.065736	0.039761
0.065736	0.039761	0.196428
0.039761	0.196428	0.074417
0.196428	0.074417	0.221745
