# Principal Component: 19
# Fraction of Variance Captured: 0.00619
-0.113880	0.078309	0.010895
0.078309	0.010895	-0.191929
0.010895	-0.191929	0.133420
-0.191929	0.133420	-0.078309
0.133420	-0.078309	0.142457
-0.078309	0.142457	0.088229
0.142457	0.088229	-0.109663
0.088229	-0.109663	0.214171
-0.109663	0.214171	0.036305
0.214171	0.036305	-0.119070
0.036305	-0.119070	-0.048127
-0.119070	-0.048127	-0.032428
-0.048127	-0.032428	0.078006
-0.032428	0.078006	-0.121826
0.078006	-0.121826	-0.012506
-0.121826	-0.012506	0.125952
-0.012506	0.125952	0.022200
0.125952	0.022200	-0.019165
0.022200	-0.019165	-0.018504
-0.019165	-0.018504	-0.060424
-0.018504	-0.060424	-0.067859
-0.060424	-0.067859	0.109252
-0.067859	0.109252	0.130866
0.109252	0.130866	0.029339
0.130866	0.029339	-0.267815
0.029339	-0.267815	0.111103
-0.267815	0.111103	-0.015818
0.111103	-0.015818	-0.166000
-0.015818	-0.166000	0.075567
-0.166000	0.075567	0.122168
0.075567	0.122168	-0.194501
