# Principal Component: 22
# Fraction of Variance Captured: 0.00449
-0.052535	-0.026777	-0.200823
-0.026777	-0.200823	-0.030333
-0.200823	-0.030333	0.014262
-0.030333	0.014262	-0.237129
0.014262	-0.237129	-0.048054
-0.237129	-0.048054	-0.124223
-0.048054	-0.124223	0.020903
-0.124223	0.020903	-0.029952
0.020903	-0.029952	-0.139113
-0.029952	-0.139113	0.055975
-0.139113	0.055975	-0.008477
0.055975	-0.008477	0.018279
-0.008477	0.018279	0.098505
0.018279	0.098505	0.011850
0.098505	0.011850	-0.008382
0.011850	-0.008382	0.034032
-0.008382	0.034032	-0.064456
0.034032	-0.064456	0.019637
-0.064456	0.019637	0.152107
0.019637	0.152107	0.042453
0.152107	0.042453	0.054360
0.042453	0.054360	0.069938
0.054360	0.069938	0.015143
0.069938	0.015143	0.000113
0.015143	0.000113	0.071915
0.000113	0.071915	-0.050056
0.071915	-0.050056	-0.048714
-0.050056	-0.048714	0.036537
-0.048714	0.036537	0.226683
0.036537	0.226683	0.175046
0.226683	0.175046	0.082815
