# Principal Component: 62
# Fraction of Variance Captured: 0.00000
-0.059199	0.172118	-0.152842
0.172118	-0.152842	0.015618
-0.152842	0.015618	-0.071060
0.015618	-0.071060	0.098650
-0.071060	0.098650	0.226253
0.098650	0.226253	-0.125311
0.226253	-0.125311	-0.082880
-0.125311	-0.082880	-0.134310
-0.082880	-0.134310	0.128704
-0.134310	0.128704	0.100781
0.128704	0.100781	0.008629
0.100781	0.008629	0.054190
0.008629	0.054190	0.014659
0.054190	0.014659	-0.002912
0.014659	-0.002912	0.049310
-0.002912	0.049310	0.007990
0.049310	0.007990	-0.003452
0.007990	-0.003452	0.065271
-0.003452	0.065271	-0.011068
0.065271	-0.011068	-0.014427
-0.011068	-0.014427	0.055834
-0.014427	0.055834	0.001088
0.055834	0.001088	-0.008256
0.001088	-0.008256	0.020596
-0.008256	0.020596	0.005948
0.020596	0.005948	0.004079
0.005948	0.004079	0.020046
0.004079	0.020046	0.028706
0.020046	0.028706	-0.215489
0.028706	-0.215489	0.097892
-0.215489	0.097892	-0.027668
