# Principal Component: 28
# Fraction of Variance Captured: 0.00244
-0.043354	0.024556	0.175913
0.024556	0.175913	-0.067256
0.175913	-0.067256	0.015733
-0.067256	0.015733	0.199430
0.015733	0.199430	0.071225
0.199430	0.071225	0.011797
0.071225	0.011797	-0.011859
0.011797	-0.011859	0.110637
-0.011859	0.110637	0.066675
0.110637	0.066675	-0.060676
0.066675	-0.060676	0.009874
-0.060676	0.009874	-0.035891
0.009874	-0.035891	-0.028159
-0.035891	-0.028159	-0.120224
-0.028159	-0.120224	-0.170346
-0.120224	-0.170346	-0.072867
-0.170346	-0.072867	0.085483
-0.072867	0.085483	0.085106
0.085483	0.085106	0.032020
0.085106	0.032020	0.045852
0.032020	0.045852	-0.021987
0.045852	-0.021987	-0.015432
-0.021987	-0.015432	0.020798
-0.015432	0.020798	-0.045024
0.020798	-0.045024	-0.067752
-0.045024	-0.067752	-0.018473
-0.067752	-0.018473	-0.041458
-0.018473	-0.041458	-0.042712
-0.041458	-0.042712	0.117287
-0.042712	0.117287	-0.045869
0.117287	-0.045869	-0.049685
