# Principal Component: 90
# Fraction of Variance Captured: 0.00000
0.000000	-0.044754	-0.069791
-0.044754	-0.069791	-0.006399
-0.069791	-0.006399	-0.093361
-0.006399	-0.093361	-0.153404
-0.093361	-0.153404	0.000418
-0.153404	0.000418	-0.018208
0.000418	-0.018208	-0.032880
-0.018208	-0.032880	-0.002519
-0.032880	-0.002519	-0.050475
-0.002519	-0.050475	-0.083230
-0.050475	-0.083230	-0.019322
-0.083230	-0.019322	-0.033958
-0.019322	-0.033958	-0.079682
-0.033958	-0.079682	-0.021695
-0.079682	-0.021695	-0.047101
-0.021695	-0.047101	-0.167275
-0.047101	-0.167275	-0.028470
-0.167275	-0.028470	-0.052184
-0.028470	-0.052184	-0.108432
-0.052184	-0.108432	-0.050206
-0.108432	-0.050206	-0.036202
-0.050206	-0.036202	-0.091838
-0.036202	-0.091838	0.026342
-0.091838	0.026342	-0.074133
0.026342	-0.074133	-0.030904
-0.074133	-0.030904	0.052906
-0.030904	0.052906	-0.159770
0.052906	-0.159770	-0.092010
-0.159770	-0.092010	0.041851
-0.092010	0.041851	-0.081322
0.041851	-0.081322	-0.026183
