# Principal Component: 20
# Fraction of Variance Captured: 0.00544
0.092349	-0.108649	-0.088194
-0.108649	-0.088194	0.152652
-0.088194	0.152652	-0.083703
0.152652	-0.083703	-0.087669
-0.083703	-0.087669	-0.098937
-0.087669	-0.098937	-0.106730
-0.098937	-0.106730	-0.029656
-0.106730	-0.029656	-0.136451
-0.029656	-0.136451	-0.163276
-0.136451	-0.163276	0.058901
-0.163276	0.058901	-0.006297
0.058901	-0.006297	0.033899
-0.006297	0.033899	-0.032066
0.033899	-0.032066	-0.052970
-0.032066	-0.052970	0.542712
-0.052970	0.542712	-0.050942
0.542712	-0.050942	0.191532
-0.050942	0.191532	-0.035682
0.191532	-0.035682	-0.186205
-0.035682	-0.186205	-0.146280
-0.186205	-0.146280	-0.339857
-0.146280	-0.339857	0.199541
-0.339857	0.199541	-0.077906
0.199541	-0.077906	0.121174
-0.077906	0.121174	-0.129353
0.121174	-0.129353	-0.100586
-0.129353	-0.100586	0.148477
-0.100586	0.148477	-0.110029
0.148477	-0.110029	0.061117
-0.110029	0.061117	0.040775
0.061117	0.040775	0.009204
