# Principal Component: 82
# Fraction of Variance Captured: 0.00000
0.011140	-0.051352	-0.090085
-0.051352	-0.090085	0.013444
-0.090085	0.013444	0.051311
0.013444	0.051311	0.028142
0.051311	0.028142	-0.048017
0.028142	-0.048017	-0.058291
-0.048017	-0.058291	0.129405
-0.058291	0.129405	0.030189
0.129405	0.030189	0.034364
0.030189	0.034364	-0.051614
0.034364	-0.051614	-0.044361
-0.051614	-0.044361	-0.108051
-0.044361	-0.108051	-0.055110
-0.108051	-0.055110	0.028688
-0.055110	0.028688	0.066370
0.028688	0.066370	0.006303
0.066370	0.006303	0.031079
0.006303	0.031079	0.074718
0.031079	0.074718	0.006671
0.074718	0.006671	0.031962
0.006671	0.031962	0.077714
0.031962	0.077714	0.006095
0.077714	0.006095	0.211191
0.006095	0.211191	0.559351
0.211191	0.559351	-0.282710
0.559351	-0.282710	-0.146622
-0.282710	-0.146622	-0.374803
-0.146622	-0.374803	0.284016
-0.374803	0.284016	-0.039537
0.284016	-0.039537	-0.239738
-0.039537	-0.239738	0.110541
