# Principal Component: 78
# Fraction of Variance Captured: 0.00000
0.008991	0.002915	-0.037678
0.002915	-0.037678	0.001978
-0.037678	0.001978	-0.007812
0.001978	-0.007812	0.018710
-0.007812	0.018710	-0.086274
0.018710	-0.086274	-0.014246
-0.086274	-0.014246	-0.020501
-0.014246	-0.020501	0.037349
-0.020501	0.037349	0.001966
0.037349	0.001966	0.009285
0.001966	0.009285	0.007603
0.009285	0.007603	0.031967
0.007603	0.031967	0.010866
0.031967	0.010866	0.008351
0.010866	0.008351	-0.029959
0.008351	-0.029959	0.019699
-0.029959	0.019699	0.011773
0.019699	0.011773	-0.047894
0.011773	-0.047894	0.025117
-0.047894	0.025117	-0.003417
0.025117	-0.003417	-0.040171
-0.003417	-0.040171	0.011128
-0.040171	0.011128	0.313808
0.011128	0.313808	-0.132543
0.313808	-0.132543	0.102003
-0.132543	0.102003	-0.175550
0.102003	-0.175550	0.080606
-0.175550	0.080606	-0.071420
0.080606	-0.071420	-0.148709
-0.071420	-0.148709	0.071840
-0.148709	0.071840	-0.067470
