# Principal Component: 11
# Fraction of Variance Captured: 0.02960
0.014064	0.063363	0.093374
0.063363	0.093374	0.014867
0.093374	0.014867	0.072984
0.014867	0.072984	0.118634
0.072984	0.118634	-0.095333
0.118634	-0.095333	0.095187
-0.095333	0.095187	0.070035
0.095187	0.070035	-0.021889
0.070035	-0.021889	0.064833
-0.021889	0.064833	-0.017190
0.064833	-0.017190	-0.016861
-0.017190	-0.016861	-0.047353
-0.016861	-0.047353	0.117378
-0.047353	0.117378	-0.027242
0.117378	-0.027242	-0.037054
-0.027242	-0.037054	0.113775
-0.037054	0.113775	-0.022764
0.113775	-0.022764	-0.044657
-0.022764	-0.044657	0.058781
-0.044657	0.058781	0.020825
0.058781	0.020825	-0.054750
0.020825	-0.054750	0.105874
-0.054750	0.105874	-0.106488
0.105874	-0.106488	0.044949
-0.106488	0.044949	-0.017671
0.044949	-0.017671	-0.183768
-0.017671	-0.183768	0.143027
-0.183768	0.143027	0.028750
0.143027	0.028750	0.199811
0.028750	0.199811	-0.279536
0.199811	-0.279536	-0.274620
