# Principal Component: 29
# Fraction of Variance Captured: 0.00209
0.167765	0.055679	0.151558
0.055679	0.151558	0.207261
0.151558	0.207261	0.046715
0.207261	0.046715	0.127465
0.046715	0.127465	-0.021258
0.127465	-0.021258	0.031388
-0.021258	0.031388	0.136629
0.031388	0.136629	-0.176225
0.136629	-0.176225	-0.042877
-0.176225	-0.042877	0.085386
-0.042877	0.085386	-0.033647
0.085386	-0.033647	-0.044591
-0.033647	-0.044591	0.007245
-0.044591	0.007245	0.207993
0.007245	0.207993	0.035352
0.207993	0.035352	0.104390
0.035352	0.104390	-0.262780
0.104390	-0.262780	-0.141722
-0.262780	-0.141722	-0.234796
-0.141722	-0.234796	-0.020140
-0.234796	-0.020140	-0.001399
-0.020140	-0.001399	0.104435
-0.001399	0.104435	0.027310
0.104435	0.027310	0.090033
0.027310	0.090033	-0.078346
0.090033	-0.078346	0.005741
-0.078346	0.005741	0.071207
0.005741	0.071207	-0.114838
0.071207	-0.114838	0.081190
-0.114838	0.081190	0.091914
0.081190	0.091914	0.013658
