# Principal Component: 33
# Fraction of Variance Captured: 0.00128
0.032589	0.116450	-0.194643
0.116450	-0.194643	0.004254
-0.194643	0.004254	0.077023
0.004254	0.077023	-0.222134
0.077023	-0.222134	-0.060195
-0.222134	-0.060195	0.216541
-0.060195	0.216541	-0.053791
0.216541	-0.053791	0.027143
-0.053791	0.027143	0.379131
0.027143	0.379131	-0.027429
0.379131	-0.027429	0.037690
-0.027429	0.037690	0.010315
0.037690	0.010315	0.015949
0.010315	0.015949	0.025760
0.015949	0.025760	0.022315
0.025760	0.022315	0.101276
0.022315	0.101276	-0.010381
0.101276	-0.010381	-0.079130
-0.010381	-0.079130	-0.284154
-0.079130	-0.284154	0.097079
-0.284154	0.097079	0.039317
0.097079	0.039317	0.246239
0.039317	0.246239	-0.197786
0.246239	-0.197786	-0.258777
-0.197786	-0.258777	0.094329
-0.258777	0.094329	-0.235720
0.094329	-0.235720	-0.314105
-0.235720	-0.314105	0.030792
-0.314105	0.030792	-0.005300
0.030792	-0.005300	-0.102520
-0.005300	-0.102520	0.265598
