# Principal Component: 46
# Fraction of Variance Captured: 0.00013
-0.063314	0.021031	-0.026820
0.021031	-0.026820	-0.013607
-0.026820	-0.013607	-0.059374
-0.013607	-0.059374	0.027253
-0.059374	0.027253	-0.059115
0.027253	-0.059115	0.077743
-0.059115	0.077743	0.018531
0.077743	0.018531	0.002426
0.018531	0.002426	0.067372
0.002426	0.067372	0.060550
0.067372	0.060550	0.010763
0.060550	0.010763	0.008453
0.010763	0.008453	0.010564
0.008453	0.010564	0.074613
0.010564	0.074613	-0.000546
0.074613	-0.000546	0.044088
-0.000546	0.044088	-0.042411
0.044088	-0.042411	0.118268
-0.042411	0.118268	-0.031461
0.118268	-0.031461	0.013933
-0.031461	0.013933	-0.118619
0.013933	-0.118619	0.005723
-0.118619	0.005723	0.049324
0.005723	0.049324	0.003457
0.049324	0.003457	-0.065531
0.003457	-0.065531	0.072955
-0.065531	0.072955	0.013133
0.072955	0.013133	-0.050010
0.013133	-0.050010	0.005925
-0.050010	0.005925	0.000432
0.005925	0.000432	-0.011195
