# Principal Component: 56
# Fraction of Variance Captured: 0.00002
0.129747	-0.215213	-0.001932
-0.215213	-0.001932	-0.189722
-0.001932	-0.189722	0.135399
-0.189722	0.135399	0.010038
0.135399	0.010038	0.167447
0.010038	0.167447	-0.216274
0.167447	-0.216274	-0.078020
-0.216274	-0.078020	-0.217811
-0.078020	-0.217811	0.211488
-0.217811	0.211488	0.030183
0.211488	0.030183	0.017019
0.030183	0.017019	-0.066794
0.017019	-0.066794	0.036859
-0.066794	0.036859	-0.093955
0.036859	-0.093955	0.066780
-0.093955	0.066780	0.017849
0.066780	0.017849	-0.025789
0.017849	-0.025789	-0.165640
-0.025789	-0.165640	0.072469
-0.165640	0.072469	0.123966
0.072469	0.123966	-0.029526
0.123966	-0.029526	-0.015002
-0.029526	-0.015002	0.057770
-0.015002	0.057770	-0.037873
0.057770	-0.037873	-0.044738
-0.037873	-0.044738	-0.004499
-0.044738	-0.004499	-0.012757
-0.004499	-0.012757	-0.027904
-0.012757	-0.027904	0.125173
-0.027904	0.125173	0.055474
0.125173	0.055474	0.164479
