# Principal Component: 24
# Fraction of Variance Captured: 0.00366
-0.033855	0.042886	0.163757
0.042886	0.163757	-0.074397
0.163757	-0.074397	0.010028
-0.074397	0.010028	0.172463
0.010028	0.172463	0.136847
0.172463	0.136847	0.166069
0.136847	0.166069	0.031465
0.166069	0.031465	0.185320
0.031465	0.185320	0.238270
0.185320	0.238270	-0.063862
0.238270	-0.063862	-0.053134
-0.063862	-0.053134	-0.069032
-0.053134	-0.069032	-0.012655
-0.069032	-0.012655	-0.216010
-0.012655	-0.216010	0.198912
-0.216010	0.198912	0.039837
0.198912	0.039837	0.266873
0.039837	0.266873	-0.069749
0.266873	-0.069749	-0.149980
-0.069749	-0.149980	-0.240859
-0.149980	-0.240859	-0.307845
-0.240859	-0.307845	0.076574
-0.307845	0.076574	0.113683
0.076574	0.113683	-0.040380
0.113683	-0.040380	0.148474
-0.040380	0.148474	0.126439
0.148474	0.126439	-0.098732
0.126439	-0.098732	0.147753
-0.098732	0.147753	-0.021526
0.147753	-0.021526	0.077828
-0.021526	0.077828	-0.101092
