# Principal Component: 26
# Fraction of Variance Captured: 0.00279
-0.108871	-0.135230	0.148208
-0.135230	0.148208	-0.128511
0.148208	-0.128511	-0.146950
-0.128511	-0.146950	0.171000
-0.146950	0.171000	0.051690
0.171000	0.051690	-0.083873
0.051690	-0.083873	-0.000631
-0.083873	-0.000631	0.139982
-0.000631	0.139982	-0.078389
0.139982	-0.078389	-0.058872
-0.078389	-0.058872	0.008533
-0.058872	0.008533	0.047206
0.008533	0.047206	-0.019279
0.047206	-0.019279	0.063932
-0.019279	0.063932	0.046136
0.063932	0.046136	0.112728
0.046136	0.112728	-0.090099
0.112728	-0.090099	0.030451
-0.090099	0.030451	-0.139820
0.030451	-0.139820	0.047323
-0.139820	0.047323	0.060115
0.047323	0.060115	-0.058581
0.060115	-0.058581	0.016753
-0.058581	0.016753	0.023780
0.016753	0.023780	-0.028205
0.023780	-0.028205	-0.023105
-0.028205	-0.023105	-0.001992
-0.023105	-0.001992	-0.014962
-0.001992	-0.014962	0.110937
-0.014962	0.110937	0.105312
0.110937	0.105312	-0.063798
