# Principal Component: 85
# Fraction of Variance Captured: 0.00000
0.025030	-0.035446	0.046652
-0.035446	0.046652	-0.028921
0.046652	-0.028921	-0.038046
-0.028921	-0.038046	-0.003433
-0.038046	-0.003433	0.022472
-0.003433	0.022472	0.091978
0.022472	0.091978	-0.080602
0.091978	-0.080602	-0.012666
-0.080602	-0.012666	-0.058439
-0.012666	-0.058439	0.051423
-0.058439	0.051423	-0.196519
0.051423	-0.196519	-0.664351
-0.196519	-0.664351	0.486869
-0.664351	0.486869	0.060575
0.486869	0.060575	0.195088
0.060575	0.195088	-0.190626
0.195088	-0.190626	0.063340
-0.190626	0.063340	0.221483
0.063340	0.221483	-0.152358
0.221483	-0.152358	0.055655
-0.152358	0.055655	0.211888
0.055655	0.211888	-0.134401
0.211888	-0.134401	0.000619
-0.134401	0.000619	-0.092550
0.000619	-0.092550	0.028903
-0.092550	0.028903	-0.013397
0.028903	-0.013397	0.001190
-0.013397	0.001190	0.008213
0.001190	0.008213	-0.008724
0.008213	-0.008724	0.025042
-0.008724	0.025042	-0.014363
