# Principal Component: 91
# Fraction of Variance Captured: 0.00000
0.152272	-0.008453	-0.008682
-0.008453	-0.008682	0.315153
-0.008682	0.315153	-0.021026
0.315153	-0.021026	-0.018241
-0.021026	-0.018241	0.057853
-0.018241	0.057853	0.000399
0.057853	0.000399	-0.015333
0.000399	-0.015333	0.133985
-0.015333	0.133985	0.007561
0.133985	0.007561	-0.083459
0.007561	-0.083459	0.209258
-0.083459	0.209258	-0.006240
0.209258	-0.006240	-0.023550
-0.006240	-0.023550	0.270075
-0.023550	0.270075	-0.016300
0.270075	-0.016300	-0.006042
-0.016300	-0.006042	0.292503
-0.006042	0.292503	0.000408
0.292503	0.000408	-0.056536
0.000408	-0.056536	0.333206
-0.056536	0.333206	-0.018713
0.333206	-0.018713	-0.026043
-0.018713	-0.026043	0.114337
-0.026043	0.114337	0.013223
0.114337	0.013223	-0.016554
0.013223	-0.016554	0.254541
-0.016554	0.254541	0.036029
0.254541	0.036029	-0.060135
0.036029	-0.060135	0.055135
-0.060135	0.055135	0.017803
0.055135	0.017803	-0.012281
