# Principal Component: 71
# Fraction of Variance Captured: 0.00000
-0.110789	-0.205417	-0.235580
-0.205417	-0.235580	0.110867
-0.235580	0.110867	0.163072
0.110867	0.163072	0.067790
0.163072	0.067790	-0.019004
0.067790	-0.019004	0.038196
-0.019004	0.038196	0.113521
0.038196	0.113521	0.022185
0.113521	0.022185	-0.012512
0.022185	-0.012512	-0.078365
-0.012512	-0.078365	-0.001429
-0.078365	-0.001429	0.000499
-0.001429	0.000499	0.027072
0.000499	0.027072	-0.000249
0.027072	-0.000249	-0.009653
-0.000249	-0.009653	-0.046901
-0.009653	-0.046901	0.005168
-0.046901	0.005168	-0.009581
0.005168	-0.009581	-0.041660
-0.009581	-0.041660	0.011676
-0.041660	0.011676	-0.008413
0.011676	-0.008413	-0.035243
-0.008413	-0.035243	0.054309
-0.035243	0.054309	-0.095173
0.054309	-0.095173	-0.133359
-0.095173	-0.133359	-0.040568
-0.133359	-0.040568	0.021235
-0.040568	0.021235	0.125668
0.021235	0.125668	0.014723
0.125668	0.014723	0.208424
0.014723	0.208424	0.017223
