# Principal Component: 50
# Fraction of Variance Captured: 0.00004
-0.002089	0.003410	0.045513
0.003410	0.045513	0.032921
0.045513	0.032921	-0.037367
0.032921	-0.037367	-0.142814
-0.037367	-0.142814	-0.018473
-0.142814	-0.018473	0.075965
-0.018473	0.075965	0.055836
0.075965	0.055836	0.010707
0.055836	0.010707	-0.089317
0.010707	-0.089317	-0.098116
-0.089317	-0.098116	-0.071205
-0.098116	-0.071205	0.015867
-0.071205	0.015867	-0.062739
0.015867	-0.062739	-0.110582
-0.062739	-0.110582	-0.002719
-0.110582	-0.002719	-0.090979
-0.002719	-0.090979	-0.037025
-0.090979	-0.037025	-0.043754
-0.037025	-0.043754	-0.050089
-0.043754	-0.050089	-0.033692
-0.050089	-0.033692	0.063213
-0.033692	0.063213	-0.023322
0.063213	-0.023322	0.015036
-0.023322	0.015036	0.005812
0.015036	0.005812	0.027848
0.005812	0.027848	-0.003946
0.027848	-0.003946	-0.024032
-0.003946	-0.024032	-0.008283
-0.024032	-0.008283	0.058111
-0.008283	0.058111	-0.048237
0.058111	-0.048237	-0.127325
