# Principal Component: 42
# Fraction of Variance Captured: 0.00021
0.054120	-0.021721	-0.065016
-0.021721	-0.065016	-0.022086
-0.065016	-0.022086	-0.142896
-0.022086	-0.142896	0.046338
-0.142896	0.046338	-0.251215
0.046338	-0.251215	-0.189188
-0.251215	-0.189188	-0.040267
-0.189188	-0.040267	-0.306047
-0.040267	-0.306047	-0.129786
-0.306047	-0.129786	-0.026323
-0.129786	-0.026323	-0.106260
-0.026323	-0.106260	-0.012737
-0.106260	-0.012737	0.090978
-0.012737	0.090978	-0.134394
0.090978	-0.134394	-0.031005
-0.134394	-0.031005	0.181605
-0.031005	0.181605	-0.097759
0.181605	-0.097759	0.138546
-0.097759	0.138546	-0.012352
0.138546	-0.012352	-0.009058
-0.012352	-0.009058	-0.112265
-0.009058	-0.112265	0.030587
-0.112265	0.030587	0.016583
0.030587	0.016583	-0.126808
0.016583	-0.126808	-0.004138
-0.126808	-0.004138	0.085904
-0.004138	0.085904	-0.106459
0.085904	-0.106459	0.061061
-0.106459	0.061061	-0.043524
0.061061	-0.043524	-0.013956
-0.043524	-0.013956	-0.123468
