# Principal Component: 69
# Fraction of Variance Captured: 0.00000
-0.198425	-0.264457	0.152306
-0.264457	0.152306	0.155006
0.152306	0.155006	0.209190
0.155006	0.209190	-0.037897
0.209190	-0.037897	0.018860
-0.037897	0.018860	0.006397
0.018860	0.006397	-0.266829
0.006397	-0.266829	-0.019134
-0.266829	-0.019134	-0.007653
-0.019134	-0.007653	0.168948
-0.007653	0.168948	0.005504
0.168948	0.005504	-0.032308
0.005504	-0.032308	-0.052911
-0.032308	-0.052911	-0.026415
-0.052911	-0.026415	-0.001038
-0.026415	-0.001038	0.041822
-0.001038	0.041822	-0.031967
0.041822	-0.031967	-0.007693
-0.031967	-0.007693	0.042883
-0.007693	0.042883	-0.022287
0.042883	-0.022287	-0.011217
-0.022287	-0.011217	0.030232
-0.011217	0.030232	0.113700
0.030232	0.113700	0.229160
0.113700	0.229160	0.253344
0.229160	0.253344	-0.131453
0.253344	-0.131453	-0.211036
-0.131453	-0.211036	-0.262442
-0.211036	-0.262442	0.011601
-0.262442	0.011601	-0.113860
0.011601	-0.113860	-0.034657
