# Principal Component: 48
# Fraction of Variance Captured: 0.00007
0.115317	-0.086845	0.159660
-0.086845	0.159660	-0.004973
0.159660	-0.004973	0.124394
-0.004973	0.124394	-0.244377
0.124394	-0.244377	0.233635
-0.244377	0.233635	-0.171707
0.233635	-0.171707	0.130347
-0.171707	0.130347	-0.156609
0.130347	-0.156609	-0.095505
-0.156609	-0.095505	-0.253000
-0.095505	-0.253000	0.032493
-0.253000	0.032493	0.001308
0.032493	0.001308	0.066015
0.001308	0.066015	0.199743
0.066015	0.199743	-0.288682
0.199743	-0.288682	0.120343
-0.288682	0.120343	0.294767
0.120343	0.294767	0.133780
0.294767	0.133780	-0.149411
0.133780	-0.149411	-0.463699
-0.149411	-0.463699	0.145582
-0.463699	0.145582	0.125188
0.145582	0.125188	-0.013494
0.125188	-0.013494	0.014273
-0.013494	0.014273	0.072869
0.014273	0.072869	-0.173677
0.072869	-0.173677	-0.004820
-0.173677	-0.004820	-0.030927
-0.004820	-0.030927	0.109693
-0.030927	0.109693	0.008218
0.109693	0.008218	-0.040533
