# Principal Component: 76
# Fraction of Variance Captured: 0.00000
0.103930	-0.123775	-0.050107
-0.123775	-0.050107	-0.040469
-0.050107	-0.040469	0.071926
-0.040469	0.071926	0.018614
0.071926	0.018614	-0.093272
0.018614	-0.093272	0.043972
-0.093272	0.043972	0.016573
0.043972	0.016573	0.042458
0.016573	0.042458	-0.030184
0.042458	-0.030184	-0.021250
-0.030184	-0.021250	-0.005009
-0.021250	-0.005009	-0.008860
-0.005009	-0.008860	0.011399
-0.008860	0.011399	-0.003133
0.011399	-0.003133	-0.015021
-0.003133	-0.015021	-0.002356
-0.015021	-0.002356	0.000404
-0.002356	0.000404	-0.015763
0.000404	-0.015763	0.002655
-0.015763	0.002655	-0.020045
0.002655	-0.020045	-0.013484
-0.020045	-0.013484	-0.002135
-0.013484	-0.002135	0.128518
-0.002135	0.128518	-0.109395
0.128518	-0.109395	0.021562
-0.109395	0.021562	-0.079662
0.021562	-0.079662	0.085251
-0.079662	0.085251	-0.018018
0.085251	-0.018018	0.029336
-0.018018	0.029336	-0.074998
0.029336	-0.074998	0.007993
