# Principal Component: 3
# Fraction of Variance Captured: 0.08660
0.043721	0.048481	-0.268967
0.048481	-0.268967	0.007041
-0.268967	0.007041	-0.002709
0.007041	-0.002709	-0.244957
-0.002709	-0.244957	0.165692
-0.244957	0.165692	0.180086
0.165692	0.180086	-0.045767
0.180086	-0.045767	0.084370
-0.045767	0.084370	0.042385
0.084370	0.042385	0.011562
0.042385	0.011562	-0.012901
0.011562	-0.012901	0.015983
-0.012901	0.015983	0.048857
0.015983	0.048857	-0.013855
0.048857	-0.013855	-0.002645
-0.013855	-0.002645	0.020457
-0.002645	0.020457	-0.019778
0.020457	-0.019778	0.018340
-0.019778	0.018340	0.132188
0.018340	0.132188	-0.029508
0.132188	-0.029508	-0.010501
-0.029508	-0.010501	-0.020884
-0.010501	-0.020884	0.138717
-0.020884	0.138717	0.138881
0.138717	0.138881	0.228251
0.138881	0.228251	0.097261
0.228251	0.097261	0.119478
0.097261	0.119478	0.229548
0.119478	0.229548	0.164353
0.229548	0.164353	0.094787
0.164353	0.094787	-0.048666
