# Principal Component: 79
# Fraction of Variance Captured: 0.00000
0.094862	-0.116469	0.014073
-0.116469	0.014073	-0.030096
0.014073	-0.030096	0.048230
-0.030096	0.048230	-0.003818
0.048230	-0.003818	0.015707
-0.003818	0.015707	-0.012212
0.015707	-0.012212	-0.012068
-0.012212	-0.012068	0.000001
-0.012068	0.000001	0.021371
0.000001	0.021371	0.005345
0.021371	0.005345	0.005730
0.005345	0.005730	0.035436
0.005730	0.035436	-0.020103
0.035436	-0.020103	-0.009111
-0.020103	-0.009111	-0.008142
-0.009111	-0.008142	0.015904
-0.008142	0.015904	-0.018280
0.015904	-0.018280	0.005149
-0.018280	0.005149	0.008219
0.005149	0.008219	-0.024745
0.008219	-0.024745	-0.003979
-0.024745	-0.003979	0.016296
-0.003979	0.016296	-0.210661
0.016296	-0.210661	-0.044787
-0.210661	-0.044787	0.064956
-0.044787	0.064956	0.148280
0.064956	0.148280	0.049569
0.148280	0.049569	-0.059224
0.049569	-0.059224	0.028045
-0.059224	0.028045	0.004338
0.028045	0.004338	-0.033917
