# Principal Component: 72
# Fraction of Variance Captured: 0.00000
-0.193986	-0.144478	-0.101464
-0.144478	-0.101464	0.122775
-0.101464	0.122775	0.093369
0.122775	0.093369	0.030845
0.093369	0.030845	0.062275
0.030845	0.062275	0.011144
0.062275	0.011144	0.044539
0.011144	0.044539	-0.044072
0.044539	-0.044072	-0.024307
-0.044072	-0.024307	-0.041480
-0.024307	-0.041480	-0.020326
-0.041480	-0.020326	-0.035720
-0.020326	-0.035720	0.006135
-0.035720	0.006135	-0.042978
0.006135	-0.042978	-0.034744
-0.042978	-0.034744	-0.005444
-0.034744	-0.005444	-0.047679
-0.005444	-0.047679	-0.040888
-0.047679	-0.040888	0.006339
-0.040888	0.006339	-0.067307
0.006339	-0.067307	-0.047866
-0.067307	-0.047866	-0.004721
-0.047866	-0.004721	-0.046032
-0.004721	-0.046032	0.025411
-0.046032	0.025411	0.008149
0.025411	0.008149	0.021688
0.008149	0.021688	-0.060394
0.021688	-0.060394	-0.005983
-0.060394	-0.005983	-0.053266
-0.005983	-0.053266	-0.025682
-0.053266	-0.025682	-0.013389
