# Principal Component: 89
# Fraction of Variance Captured: 0.00000
0.000000	-0.017791	0.042204
-0.017791	0.042204	0.008606
0.042204	0.008606	-0.031453
0.008606	-0.031453	0.092821
-0.031453	0.092821	-0.002303
0.092821	-0.002303	-0.004522
-0.002303	-0.004522	0.004295
-0.004522	0.004295	0.001647
0.004295	0.001647	-0.003944
0.001647	-0.003944	0.005601
-0.003944	0.005601	0.016255
0.005601	0.016255	0.007275
0.016255	0.007275	-0.000863
0.007275	-0.000863	0.012025
-0.000863	0.012025	0.001109
0.012025	0.001109	0.006383
0.001109	0.006383	0.018985
0.006383	0.018985	0.020393
0.018985	0.020393	-0.036570
0.020393	-0.036570	0.059000
-0.036570	0.059000	0.033501
0.059000	0.033501	0.014482
0.033501	0.014482	-0.045135
0.014482	-0.045135	-0.038444
-0.045135	-0.038444	-0.005252
-0.038444	-0.005252	-0.096982
-0.005252	-0.096982	-0.071479
-0.096982	-0.071479	-0.032876
-0.071479	-0.032876	-0.065662
-0.032876	-0.065662	-0.058882
-0.065662	-0.058882	-0.005327
