# Principal Component: 39
# Fraction of Variance Captured: 0.00038
0.204896	0.138300	-0.009967
0.138300	-0.009967	0.259738
-0.009967	0.259738	0.213307
0.259738	0.213307	0.023437
0.213307	0.023437	0.023674
0.023437	0.023674	-0.080357
0.023674	-0.080357	-0.084352
-0.080357	-0.084352	-0.100529
-0.084352	-0.100529	-0.165882
-0.100529	-0.165882	-0.125720
-0.165882	-0.125720	-0.065602
-0.125720	-0.065602	0.087174
-0.065602	0.087174	0.083913
0.087174	0.083913	-0.381716
0.083913	-0.381716	0.005487
-0.381716	0.005487	0.405029
0.005487	0.405029	0.071225
0.405029	0.071225	0.185314
0.071225	0.185314	-0.118169
0.185314	-0.118169	0.124220
-0.118169	0.124220	0.034176
0.124220	0.034176	-0.167453
0.034176	-0.167453	0.044719
-0.167453	0.044719	-0.096542
0.044719	-0.096542	0.029638
-0.096542	0.029638	0.049282
0.029638	0.049282	-0.074196
0.049282	-0.074196	0.051181
-0.074196	0.051181	0.028690
0.051181	0.028690	-0.077749
0.028690	-0.077749	0.021518
