# Principal Component: 51
# Fraction of Variance Captured: 0.00004
-0.015360	0.048015	0.183921
0.048015	0.183921	0.046738
0.183921	0.046738	0.022642
0.046738	0.022642	-0.041249
0.022642	-0.041249	-0.021830
-0.041249	-0.021830	0.050658
-0.021830	0.050658	0.143411
0.050658	0.143411	0.032447
0.143411	0.032447	-0.072952
0.032447	-0.072952	-0.060272
-0.072952	-0.060272	-0.042192
-0.060272	-0.042192	0.005154
-0.042192	0.005154	0.055106
0.005154	0.055106	-0.066962
0.055106	-0.066962	0.053364
-0.066962	0.053364	0.001112
0.053364	0.001112	-0.092838
0.001112	-0.092838	-0.025376
-0.092838	-0.025376	0.081865
-0.025376	0.081865	0.055083
0.081865	0.055083	-0.014201
0.055083	-0.014201	0.032057
-0.014201	0.032057	-0.018317
0.032057	-0.018317	-0.042575
-0.018317	-0.042575	0.047298
-0.042575	0.047298	0.047290
0.047298	0.047290	-0.019769
0.047290	-0.019769	0.021394
-0.019769	0.021394	-0.103202
0.021394	-0.103202	-0.118201
-0.103202	-0.118201	0.002623
