# Principal Component: 77
# Fraction of Variance Captured: 0.00000
0.060184	0.133624	0.096563
0.133624	0.096563	-0.055582
0.096563	-0.055582	-0.096321
-0.055582	-0.096321	-0.037926
-0.096321	-0.037926	0.016700
-0.037926	0.016700	-0.089514
0.016700	-0.089514	-0.010043
-0.089514	-0.010043	-0.003423
-0.010043	-0.003423	0.056062
-0.003423	0.056062	-0.001175
0.056062	-0.001175	0.019095
-0.001175	0.019095	-0.003072
0.019095	-0.003072	-0.007418
-0.003072	-0.007418	-0.008334
-0.007418	-0.008334	0.016512
-0.008334	0.016512	0.012555
0.016512	0.012555	-0.006509
0.012555	-0.006509	0.018924
-0.006509	0.018924	0.009629
0.018924	0.009629	-0.008067
0.009629	-0.008067	0.019083
-0.008067	0.019083	0.008903
0.019083	0.008903	-0.184191
0.008903	-0.184191	0.199267
-0.184191	0.199267	0.041468
0.199267	0.041468	0.151490
0.041468	0.151490	-0.110663
0.151490	-0.110663	-0.032804
-0.110663	-0.032804	-0.015640
-0.032804	-0.015640	0.012421
-0.015640	0.012421	-0.036332
