# Principal Component: 9
# Fraction of Variance Captured: 0.04903
0.076254	-0.051195	-0.021830
-0.051195	-0.021830	0.105154
-0.021830	0.105154	-0.068172
0.105154	-0.068172	0.016981
-0.068172	0.016981	0.012556
0.016981	0.012556	-0.030241
0.012556	-0.030241	-0.114918
-0.030241	-0.114918	-0.020936
-0.114918	-0.020936	0.059108
-0.020936	0.059108	-0.025668
0.059108	-0.025668	-0.050163
-0.025668	-0.050163	-0.062201
-0.050163	-0.062201	-0.134814
-0.062201	-0.134814	-0.009208
-0.134814	-0.009208	-0.134313
-0.009208	-0.134313	-0.076321
-0.134313	-0.076321	-0.091194
-0.076321	-0.091194	-0.023554
-0.091194	-0.023554	-0.094270
-0.023554	-0.094270	-0.034875
-0.094270	-0.034875	-0.000990
-0.034875	-0.000990	-0.156614
-0.000990	-0.156614	0.042595
-0.156614	0.042595	-0.020721
0.042595	-0.020721	-0.019200
-0.020721	-0.019200	0.052023
-0.019200	0.052023	-0.040797
0.052023	-0.040797	0.040943
-0.040797	0.040943	0.007091
0.040943	0.007091	0.058852
0.007091	0.058852	-0.093166
