# Principal Component: 18
# Fraction of Variance Captured: 0.01181
0.018016	0.032081	0.008462
0.032081	0.008462	0.025267
0.008462	0.025267	0.025188
0.025267	0.025188	0.006647
0.025188	0.006647	-0.003227
0.006647	-0.003227	0.012453
-0.003227	0.012453	0.011021
0.012453	0.011021	-0.052211
0.011021	-0.052211	0.017856
-0.052211	0.017856	0.009125
0.017856	0.009125	-0.019971
0.009125	-0.019971	-0.055836
-0.019971	-0.055836	-0.041361
-0.055836	-0.041361	-0.002455
-0.041361	-0.002455	-0.021082
-0.002455	-0.021082	-0.032496
-0.021082	-0.032496	-0.010713
-0.032496	-0.010713	-0.044930
-0.010713	-0.044930	-0.052335
-0.044930	-0.052335	-0.041010
-0.052335	-0.041010	-0.073589
-0.041010	-0.073589	-0.021731
-0.073589	-0.021731	0.044939
-0.021731	0.044939	0.016464
0.044939	0.016464	0.081026
0.016464	0.081026	0.068969
0.081026	0.068969	0.036415
0.068969	0.036415	0.057777
0.036415	0.057777	-0.045703
0.057777	-0.045703	-0.049094
-0.045703	-0.049094	0.068877
