# Principal Component: 44
# Fraction of Variance Captured: 0.00016
-0.004941	0.016861	0.046120
0.016861	0.046120	-0.074125
0.046120	-0.074125	0.115534
-0.074125	0.115534	-0.065497
0.115534	-0.065497	0.120644
-0.065497	0.120644	0.011848
0.120644	0.011848	0.079128
0.011848	0.079128	-0.071445
0.079128	-0.071445	0.077776
-0.071445	0.077776	-0.092999
0.077776	-0.092999	0.040506
-0.092999	0.040506	0.027275
0.040506	0.027275	0.007008
0.027275	0.007008	0.291886
0.007008	0.291886	0.019351
0.291886	0.019351	-0.062704
0.019351	-0.062704	-0.299214
-0.062704	-0.299214	0.570417
-0.299214	0.570417	0.062145
0.570417	0.062145	0.112019
0.062145	0.112019	-0.542873
0.112019	-0.542873	-0.005074
-0.542873	-0.005074	0.047978
-0.005074	0.047978	-0.094634
0.047978	-0.094634	0.035082
-0.094634	0.035082	-0.024145
0.035082	-0.024145	-0.145286
-0.024145	-0.145286	-0.022805
-0.145286	-0.022805	0.065950
-0.022805	0.065950	-0.001155
0.065950	-0.001155	-0.026526
