# Principal Component: 34
# Fraction of Variance Captured: 0.00112
-0.035624	-0.045981	-0.030978
-0.045981	-0.030978	-0.005444
-0.030978	-0.005444	-0.018486
-0.005444	-0.018486	0.015460
-0.018486	0.015460	-0.003198
0.015460	-0.003198	-0.114186
-0.003198	-0.114186	-0.019477
-0.114186	-0.019477	0.055302
-0.019477	0.055302	-0.075703
0.055302	-0.075703	-0.030092
-0.075703	-0.030092	-0.011686
-0.030092	-0.011686	0.012518
-0.011686	0.012518	0.030151
0.012518	0.030151	-0.043990
0.030151	-0.043990	0.037874
-0.043990	0.037874	0.016789
0.037874	0.016789	-0.031149
0.016789	-0.031149	0.005577
-0.031149	0.005577	-0.048659
0.005577	-0.048659	0.045517
-0.048659	0.045517	0.010812
0.045517	0.010812	0.131725
0.010812	0.131725	-0.006209
0.131725	-0.006209	-0.046350
-0.006209	-0.046350	0.069270
-0.046350	0.069270	-0.003227
0.069270	-0.003227	-0.051915
-0.003227	-0.051915	0.097988
-0.051915	0.097988	-0.011420
0.097988	-0.011420	0.038900
-0.011420	0.038900	-0.125294
