# Principal Component: 54
# Fraction of Variance Captured: 0.00002
-0.009784	0.082561	-0.279451
0.082561	-0.279451	0.007624
-0.279451	0.007624	0.033075
0.007624	0.033075	0.306457
0.033075	0.306457	-0.100039
0.306457	-0.100039	-0.073820
-0.100039	-0.073820	-0.083641
-0.073820	-0.083641	0.193182
-0.083641	0.193182	-0.038433
0.193182	-0.038433	0.207277
-0.038433	0.207277	-0.010342
0.207277	-0.010342	0.021623
-0.010342	0.021623	-0.001473
0.021623	-0.001473	0.181851
-0.001473	0.181851	-0.182187
0.181851	-0.182187	0.058696
-0.182187	0.058696	0.116819
0.058696	0.116819	0.234025
0.116819	0.234025	-0.102144
0.234025	-0.102144	-0.324737
-0.102144	-0.324737	-0.000833
-0.324737	-0.000833	0.049792
-0.000833	0.049792	-0.074533
0.049792	-0.074533	0.007660
-0.074533	0.007660	-0.039068
0.007660	-0.039068	0.043977
-0.039068	0.043977	0.018362
0.043977	0.018362	-0.007534
0.018362	-0.007534	-0.077592
-0.007534	-0.077592	0.044306
-0.077592	0.044306	0.145325
