# Principal Component: 41
# Fraction of Variance Captured: 0.00025
-0.120668	-0.223186	-0.025369
-0.223186	-0.025369	-0.085898
-0.025369	-0.085898	-0.299447
-0.085898	-0.299447	-0.070727
-0.299447	-0.070727	-0.241692
-0.070727	-0.241692	0.248500
-0.241692	0.248500	0.112114
0.248500	0.112114	-0.377474
0.112114	-0.377474	0.316340
-0.377474	0.316340	0.104117
0.316340	0.104117	0.057960
0.104117	0.057960	0.058447
0.057960	0.058447	0.097815
0.058447	0.097815	0.101241
0.097815	0.101241	-0.072962
0.101241	-0.072962	0.139166
-0.072962	0.139166	0.176284
0.139166	0.176284	0.040220
0.176284	0.040220	0.040310
0.040220	0.040310	-0.084215
0.040310	-0.084215	0.111161
-0.084215	0.111161	0.015104
0.111161	0.015104	0.101168
0.015104	0.101168	0.034722
0.101168	0.034722	-0.069777
0.034722	-0.069777	0.159457
-0.069777	0.159457	-0.013758
0.159457	-0.013758	-0.070365
-0.013758	-0.070365	0.000361
-0.070365	0.000361	0.031108
0.000361	0.031108	-0.097146
