# Principal Component: 43
# Fraction of Variance Captured: 0.00018
-0.078583	0.063289	-0.024646
0.063289	-0.024646	-0.169737
-0.024646	-0.169737	0.019496
-0.169737	0.019496	-0.159656
0.019496	-0.159656	0.042539
-0.159656	0.042539	-0.118835
0.042539	-0.118835	0.365022
-0.118835	0.365022	0.115138
0.365022	0.115138	-0.063451
0.115138	-0.063451	0.365456
-0.063451	0.365456	0.009701
0.365456	0.009701	-0.159721
0.009701	-0.159721	-0.084415
-0.159721	-0.084415	-0.060952
-0.084415	-0.060952	-0.119762
-0.060952	-0.119762	-0.022435
-0.119762	-0.022435	0.034794
-0.022435	0.034794	-0.109310
0.034794	-0.109310	-0.142507
-0.109310	-0.142507	0.037912
-0.142507	0.037912	-0.154015
0.037912	-0.154015	-0.162760
-0.154015	-0.162760	-0.102039
-0.162760	-0.102039	-0.004199
-0.102039	-0.004199	0.004976
-0.004199	0.004976	-0.194423
0.004976	-0.194423	-0.021864
-0.194423	-0.021864	-0.121123
-0.021864	-0.121123	0.052030
-0.121123	0.052030	0.010927
0.052030	0.010927	-0.059502
