# Principal Component: 58
# Fraction of Variance Captured: 0.00001
0.124584	-0.130511	0.028973
-0.130511	0.028973	-0.150917
0.028973	-0.150917	0.114283
-0.150917	0.114283	-0.045629
0.114283	-0.045629	0.081929
-0.045629	0.081929	0.009624
0.081929	0.009624	0.071333
0.009624	0.071333	-0.078478
0.071333	-0.078478	0.059159
-0.078478	0.059159	-0.093843
0.059159	-0.093843	-0.001718
-0.093843	-0.001718	0.022001
-0.001718	0.022001	-0.056946
0.022001	-0.056946	-0.056292
-0.056946	-0.056292	0.044155
-0.056292	0.044155	-0.065148
0.044155	-0.065148	-0.037772
-0.065148	-0.037772	-0.027064
-0.037772	-0.027064	-0.037107
-0.027064	-0.037107	0.075261
-0.037107	0.075261	0.026041
0.075261	0.026041	-0.059198
0.026041	-0.059198	-0.089989
-0.059198	-0.089989	0.158185
-0.089989	0.158185	-0.004500
0.158185	-0.004500	0.079227
-0.004500	0.079227	-0.098497
0.079227	-0.098497	0.021794
-0.098497	0.021794	-0.262337
0.021794	-0.262337	0.267605
-0.262337	0.267605	-0.247119
