# Principal Component: 74
# Fraction of Variance Captured: 0.00000
0.000667	0.030118	-0.068798
0.030118	-0.068798	-0.005359
-0.068798	-0.005359	-0.027682
-0.005359	-0.027682	0.051509
-0.027682	0.051509	0.035692
0.051509	0.035692	-0.078482
0.035692	-0.078482	-0.084488
-0.078482	-0.084488	-0.040701
-0.084488	-0.040701	0.036523
-0.040701	0.036523	0.040213
0.036523	0.040213	-0.004867
0.040213	-0.004867	-0.030009
-0.004867	-0.030009	0.026389
-0.030009	0.026389	-0.037205
0.026389	-0.037205	-0.017201
-0.037205	-0.017201	0.022554
-0.017201	0.022554	-0.034774
0.022554	-0.034774	-0.031260
-0.034774	-0.031260	0.024903
-0.031260	0.024903	-0.037250
0.024903	-0.037250	-0.025024
-0.037250	-0.025024	0.015426
-0.025024	0.015426	-0.021671
0.015426	-0.021671	0.098651
-0.021671	0.098651	0.211425
0.098651	0.211425	0.001578
0.211425	0.001578	-0.100337
0.001578	-0.100337	-0.194094
-0.100337	-0.194094	-0.105796
-0.194094	-0.105796	-0.085866
-0.105796	-0.085866	-0.070438
