# Principal Component: 64
# Fraction of Variance Captured: 0.00000
-0.141502	0.061274	-0.039575
0.061274	-0.039575	0.096643
-0.039575	0.096643	0.019399
0.096643	0.019399	-0.015292
0.019399	-0.015292	-0.108198
-0.015292	-0.108198	-0.400516
-0.108198	-0.400516	0.222258
-0.400516	0.222258	0.044670
0.222258	0.044670	0.338626
0.044670	0.338626	-0.217492
0.338626	-0.217492	-0.071730
-0.217492	-0.071730	-0.027515
-0.071730	-0.027515	0.045192
-0.027515	0.045192	-0.037901
0.045192	-0.037901	0.051865
-0.037901	0.051865	-0.006415
0.051865	-0.006415	-0.027259
-0.006415	-0.027259	0.007647
-0.027259	0.007647	0.017843
0.007647	0.017843	-0.022005
0.017843	-0.022005	0.034717
-0.022005	0.034717	-0.019126
0.034717	-0.019126	-0.000856
-0.019126	-0.000856	0.081679
-0.000856	0.081679	0.079098
0.081679	0.079098	0.026583
0.079098	0.026583	0.078242
0.026583	0.078242	-0.051880
0.078242	-0.051880	0.118031
-0.051880	0.118031	0.077696
0.118031	0.077696	-0.094662
