# Principal Component: 87
# Fraction of Variance Captured: 0.00000
0.034255	0.005757	-0.012040
0.005757	-0.012040	0.021180
-0.012040	0.021180	-0.028092
0.021180	-0.028092	-0.004764
-0.028092	-0.004764	-0.073939
-0.004764	-0.073939	0.002457
-0.073939	0.002457	0.023435
0.002457	0.023435	0.030946
0.023435	0.030946	-0.003496
0.030946	-0.003496	-0.037128
-0.003496	-0.037128	0.847978
-0.037128	0.847978	-0.237426
0.847978	-0.237426	0.012018
-0.237426	0.012018	-0.245604
0.012018	-0.245604	0.074421
-0.245604	0.074421	-0.006870
0.074421	-0.006870	-0.255042
-0.006870	-0.255042	0.077078
-0.255042	0.077078	-0.013798
0.077078	-0.013798	-0.238680
-0.013798	-0.238680	0.078508
-0.238680	0.078508	-0.010318
0.078508	-0.010318	0.052543
-0.010318	0.052543	-0.022218
0.052543	-0.022218	-0.013419
-0.022218	-0.013419	0.030112
-0.013419	0.030112	-0.009259
0.030112	-0.009259	0.000399
-0.009259	0.000399	0.010854
0.000399	0.010854	0.004075
0.010854	0.004075	0.001150
