# Principal Component: 5
# Fraction of Variance Captured: 0.06593
0.195948	-0.169811	0.021857
-0.169811	0.021857	0.233816
0.021857	0.233816	-0.180668
0.233816	-0.180668	0.047649
-0.180668	0.047649	0.052271
0.047649	0.052271	-0.041520
0.052271	-0.041520	-0.107385
-0.041520	-0.107385	0.056108
-0.107385	0.056108	0.139723
0.056108	0.139723	-0.044293
0.139723	-0.044293	-0.076834
-0.044293	-0.076834	-0.117906
-0.076834	-0.117906	-0.122014
-0.117906	-0.122014	-0.071638
-0.122014	-0.071638	-0.188493
-0.071638	-0.188493	-0.056184
-0.188493	-0.056184	-0.114395
-0.056184	-0.114395	-0.013915
-0.114395	-0.013915	-0.112036
-0.013915	-0.112036	-0.027549
-0.112036	-0.027549	-0.094046
-0.027549	-0.094046	-0.127316
-0.094046	-0.127316	-0.040936
-0.127316	-0.040936	0.011047
-0.040936	0.011047	-0.039721
0.011047	-0.039721	-0.053182
-0.039721	-0.053182	-0.016108
-0.053182	-0.016108	-0.015202
-0.016108	-0.015202	-0.012975
-0.015202	-0.012975	0.097260
-0.012975	0.097260	0.046659
