# Principal Component: 67
# Fraction of Variance Captured: 0.00000
-0.109837	0.085381	-0.234310
0.085381	-0.234310	0.095624
-0.234310	0.095624	-0.044520
0.095624	-0.044520	0.121632
-0.044520	0.121632	-0.057373
0.121632	-0.057373	-0.100007
-0.057373	-0.100007	0.091862
-0.100007	0.091862	0.051234
0.091862	0.051234	0.081263
0.051234	0.081263	-0.119061
0.081263	-0.119061	-0.020979
-0.119061	-0.020979	-0.053544
-0.020979	-0.053544	0.057048
-0.053544	0.057048	0.000664
0.057048	0.000664	-0.008210
0.000664	-0.008210	-0.017924
-0.008210	-0.017924	0.002330
-0.017924	0.002330	-0.007908
0.002330	-0.007908	-0.014756
-0.007908	-0.014756	0.028426
-0.014756	0.028426	-0.019792
0.028426	-0.019792	-0.020969
-0.019792	-0.020969	0.047187
-0.020969	0.047187	-0.046864
0.047187	-0.046864	0.093417
-0.046864	0.093417	-0.047264
0.093417	-0.047264	0.123635
-0.047264	0.123635	-0.127772
0.123635	-0.127772	0.004546
-0.127772	0.004546	-0.190052
0.004546	-0.190052	0.054001
