# Principal Component: 66
# Fraction of Variance Captured: 0.00000
-0.216670	0.238573	0.094459
0.238573	0.094459	0.110506
0.094459	0.110506	-0.198071
0.110506	-0.198071	-0.083772
-0.198071	-0.083772	0.183561
-0.083772	0.183561	-0.112942
0.183561	-0.112942	-0.027461
-0.112942	-0.027461	-0.115277
-0.027461	-0.115277	0.080835
-0.115277	0.080835	-0.028857
0.080835	-0.028857	0.019630
-0.028857	0.019630	-0.021051
0.019630	-0.021051	0.001637
-0.021051	0.001637	0.012808
0.001637	0.012808	0.024788
0.012808	0.024788	0.002388
0.024788	0.002388	0.022337
0.002388	0.022337	0.005255
0.022337	0.005255	-0.010289
0.005255	-0.010289	0.026973
-0.010289	0.026973	0.012751
0.026973	0.012751	-0.013814
0.012751	-0.013814	0.072517
-0.013814	0.072517	0.023848
0.072517	0.023848	0.010672
0.023848	0.010672	-0.051120
0.010672	-0.051120	0.012599
-0.051120	0.012599	-0.045576
0.012599	-0.045576	-0.052973
-0.045576	-0.052973	-0.029170
-0.052973	-0.029170	0.027925
