# Principal Component: 23
# Fraction of Variance Captured: 0.00404
0.013697	0.006104	-0.042644
0.006104	-0.042644	0.019306
-0.042644	0.019306	-0.018868
0.019306	-0.018868	-0.032909
-0.018868	-0.032909	-0.030093
-0.032909	-0.030093	0.016370
-0.030093	0.016370	0.004534
0.016370	0.004534	-0.063638
0.004534	-0.063638	0.039984
-0.063638	0.039984	0.032628
0.039984	0.032628	-0.010014
0.032628	-0.010014	-0.029098
-0.010014	-0.029098	-0.048237
-0.029098	-0.048237	-0.035186
-0.048237	-0.035186	0.131223
-0.035186	0.131223	-0.041431
0.131223	-0.041431	0.119781
-0.041431	0.119781	-0.045980
0.119781	-0.045980	-0.040603
-0.045980	-0.040603	-0.115202
-0.040603	-0.115202	-0.145075
-0.115202	-0.145075	-0.042260
-0.145075	-0.042260	0.008447
-0.042260	0.008447	-0.008167
0.008447	-0.008167	0.075554
-0.008167	0.075554	0.064248
0.075554	0.064248	0.029415
0.064248	0.029415	0.078587
0.029415	0.078587	-0.154342
0.078587	-0.154342	-0.116923
-0.154342	-0.116923	-0.054739
