# Principal Component: 4
# Fraction of Variance Captured: 0.07620
-0.019725	0.026215	-0.017012
0.026215	-0.017012	0.014190
-0.017012	0.014190	0.052623
0.014190	0.052623	-0.031205
0.052623	-0.031205	-0.169707
-0.031205	-0.169707	0.001972
-0.169707	0.001972	-0.178340
0.001972	-0.178340	-0.187996
-0.178340	-0.187996	0.052528
-0.187996	0.052528	-0.055987
0.052528	-0.055987	-0.054176
-0.055987	-0.054176	-0.067736
-0.054176	-0.067736	-0.241164
-0.067736	-0.241164	0.022037
-0.241164	0.022037	-0.096911
0.022037	-0.096911	-0.127426
-0.096911	-0.127426	-0.072410
-0.127426	-0.072410	-0.052812
-0.072410	-0.052812	-0.213532
-0.052812	-0.213532	-0.067066
-0.213532	-0.067066	-0.023849
-0.067066	-0.023849	-0.252724
-0.023849	-0.252724	0.010807
-0.252724	0.010807	-0.016133
0.010807	-0.016133	0.070567
-0.016133	0.070567	0.020475
0.070567	0.020475	-0.023533
0.020475	-0.023533	0.158114
-0.023533	0.158114	0.064752
0.158114	0.064752	0.027249
0.064752	0.027249	-0.155276
