# Principal Component: 83
# Fraction of Variance Captured: 0.00000
0.036817	0.015638	-0.010696
0.015638	-0.010696	-0.016409
-0.010696	-0.016409	-0.002723
-0.016409	-0.002723	-0.004988
-0.002723	-0.004988	-0.037389
-0.004988	-0.037389	0.013099
-0.037389	0.013099	0.046637
0.013099	0.046637	0.020841
0.046637	0.020841	-0.011183
0.020841	-0.011183	-0.031010
-0.011183	-0.031010	-0.010142
-0.031010	-0.010142	-0.026226
-0.010142	-0.026226	-0.025083
-0.026226	-0.025083	0.022655
-0.025083	0.022655	0.020885
0.022655	0.020885	-0.013308
0.020885	-0.013308	0.027951
-0.013308	0.027951	0.027968
0.027951	0.027968	-0.019258
0.027968	-0.019258	0.029678
-0.019258	0.029678	0.032464
0.029678	0.032464	-0.007486
0.032464	-0.007486	0.165146
-0.007486	0.165146	0.044022
0.165146	0.044022	-0.104381
0.044022	-0.104381	-0.117781
-0.104381	-0.117781	-0.036982
-0.117781	-0.036982	0.097776
-0.036982	0.097776	-0.119061
0.097776	-0.119061	-0.025948
-0.119061	-0.025948	-0.003100
