# Principal Component: 61
# Fraction of Variance Captured: 0.00000
-0.051106	0.017541	-0.136700
0.017541	-0.136700	-0.017918
-0.136700	-0.017918	-0.032933
-0.017918	-0.032933	0.095043
-0.032933	0.095043	0.121058
0.095043	0.121058	-0.014735
0.121058	-0.014735	0.110850
-0.014735	0.110850	-0.084476
0.110850	-0.084476	-0.003308
-0.084476	-0.003308	-0.182108
-0.003308	-0.182108	-0.004864
-0.182108	-0.004864	0.023657
-0.004864	0.023657	-0.036479
0.023657	-0.036479	-0.036906
-0.036479	-0.036906	0.031174
-0.036906	0.031174	-0.074528
0.031174	-0.074528	-0.017444
-0.074528	-0.017444	-0.015727
-0.017444	-0.015727	-0.059239
-0.015727	-0.059239	0.017557
-0.059239	0.017557	0.039149
0.017557	0.039149	-0.036268
0.039149	-0.036268	0.027808
-0.036268	0.027808	-0.006684
0.027808	-0.006684	0.063532
-0.006684	0.063532	-0.068288
0.063532	-0.068288	-0.031514
-0.068288	-0.031514	-0.170933
-0.031514	-0.170933	-0.143067
-0.170933	-0.143067	-0.024644
-0.143067	-0.024644	0.032573
