# Principal Component: 32
# Fraction of Variance Captured: 0.00148
-0.059336	-0.049460	-0.069786
-0.049460	-0.069786	-0.067806
-0.069786	-0.067806	-0.023448
-0.067806	-0.023448	-0.059017
-0.023448	-0.059017	0.058354
-0.059017	0.058354	-0.027605
0.058354	-0.027605	-0.004461
-0.027605	-0.004461	0.117385
-0.004461	0.117385	-0.008730
0.117385	-0.008730	0.001191
-0.008730	0.001191	-0.022532
0.001191	-0.022532	0.030040
-0.022532	0.030040	0.035206
0.030040	0.035206	0.188848
0.035206	0.188848	0.108868
0.188848	0.108868	0.268574
0.108868	0.268574	-0.219979
0.268574	-0.219979	-0.134593
-0.219979	-0.134593	-0.189566
-0.134593	-0.189566	-0.029926
-0.189566	-0.029926	0.116515
-0.029926	0.116515	-0.058547
0.116515	-0.058547	0.051008
-0.058547	0.051008	-0.018624
0.051008	-0.018624	0.054746
-0.018624	0.054746	0.073463
0.054746	0.073463	-0.008120
0.073463	-0.008120	0.069672
-0.008120	0.069672	-0.055471
0.069672	-0.055471	-0.033008
-0.055471	-0.033008	-0.078829
