# Principal Component: 53
# Fraction of Variance Captured: 0.00003
-0.051120	0.071155	-0.063039
0.071155	-0.063039	-0.017459
-0.063039	-0.017459	-0.083852
-0.017459	-0.083852	0.065282
-0.083852	0.065282	0.071388
0.065282	0.071388	0.150575
0.071388	0.150575	0.037302
0.150575	0.037302	-0.082707
0.037302	-0.082707	-0.036471
-0.082707	-0.036471	-0.036332
-0.036471	-0.036332	0.057065
-0.036332	0.057065	0.071078
0.057065	0.071078	-0.048429
0.071078	-0.048429	0.005355
-0.048429	0.005355	0.102730
0.005355	0.102730	-0.076068
0.102730	-0.076068	0.032753
-0.076068	0.032753	-0.048347
0.032753	-0.048347	-0.007255
-0.048347	-0.007255	0.107459
-0.007255	0.107459	0.060273
0.107459	0.060273	-0.044621
0.060273	-0.044621	0.154341
-0.044621	0.154341	-0.052046
0.154341	-0.052046	0.031348
-0.052046	0.031348	-0.053019
0.031348	-0.053019	-0.011869
-0.053019	-0.011869	-0.007212
-0.011869	-0.007212	0.357714
-0.007212	0.357714	-0.139731
0.357714	-0.139731	-0.205113
