# Principal Component: 55
# Fraction of Variance Captured: 0.00002
0.043988	0.004652	-0.242292
0.004652	-0.242292	0.000686
-0.242292	0.000686	-0.051985
0.000686	-0.051985	0.294573
-0.051985	0.294573	0.133770
0.294573	0.133770	0.069287
0.133770	0.069287	0.018169
0.069287	0.018169	-0.123342
0.018169	-0.123342	-0.016482
-0.123342	-0.016482	-0.001236
-0.016482	-0.001236	0.030597
-0.001236	0.030597	0.011521
0.030597	0.011521	0.015453
0.011521	0.015453	-0.028278
0.015453	-0.028278	0.015048
-0.028278	0.015048	0.008206
0.015048	0.008206	0.016669
0.008206	0.016669	-0.040066
0.016669	-0.040066	0.002344
-0.040066	0.002344	0.071556
0.002344	0.071556	0.029504
0.071556	0.029504	-0.004297
0.029504	-0.004297	0.080442
-0.004297	0.080442	0.045648
0.080442	0.045648	0.082448
0.045648	0.082448	-0.174838
0.082448	-0.174838	-0.096849
-0.174838	-0.096849	-0.134483
-0.096849	-0.134483	0.282226
-0.134483	0.282226	0.138481
0.282226	0.138481	-0.018535
