# Principal Component: 35
# Fraction of Variance Captured: 0.00077
0.017335	0.017667	-0.029848
0.017667	-0.029848	0.002870
-0.029848	0.002870	0.015754
0.002870	0.015754	-0.018653
0.015754	-0.018653	0.000881
-0.018653	0.000881	0.101498
0.000881	0.101498	-0.184746
0.101498	-0.184746	0.023284
-0.184746	0.023284	0.043196
0.023284	0.043196	-0.110854
0.043196	-0.110854	-0.026461
-0.110854	-0.026461	-0.005958
-0.026461	-0.005958	-0.032597
-0.005958	-0.032597	0.062791
-0.032597	0.062791	0.071168
0.062791	0.071168	0.051502
0.071168	0.051502	-0.025950
0.051502	-0.025950	-0.010077
-0.025950	-0.010077	0.057127
-0.010077	0.057127	-0.105342
0.057127	-0.105342	-0.085647
-0.105342	-0.085647	-0.186730
-0.085647	-0.186730	0.004112
-0.186730	0.004112	0.075568
0.004112	0.075568	-0.234372
0.075568	-0.234372	-0.000423
-0.234372	-0.000423	0.121169
-0.000423	0.121169	-0.209329
0.121169	-0.209329	0.014852
-0.209329	0.014852	-0.118756
0.014852	-0.118756	0.223303
