# Principal Component: 88
# Fraction of Variance Captured: 0.00000
0.000000	-0.066281	0.093394
-0.066281	0.093394	-0.007367
0.093394	-0.007367	-0.150849
-0.007367	-0.150849	0.204281
-0.150849	0.204281	-0.001670
0.204281	-0.001670	-0.024790
-0.001670	-0.024790	0.059584
-0.024790	0.059584	-0.005050
0.059584	-0.005050	-0.070376
-0.005050	-0.070376	0.204339
-0.070376	0.204339	-0.034260
0.204339	-0.034260	-0.077487
-0.034260	-0.077487	0.129987
-0.077487	0.129987	-0.046157
0.129987	-0.046157	-0.107092
-0.046157	-0.107092	0.220409
-0.107092	0.220409	-0.056613
0.220409	-0.056613	-0.116231
-0.056613	-0.116231	0.211044
-0.116231	0.211044	-0.068315
0.211044	-0.068315	-0.134750
-0.068315	-0.134750	0.146231
-0.134750	0.146231	0.018331
0.146231	0.018331	-0.057031
0.018331	-0.057031	0.059906
-0.057031	0.059906	0.028994
0.059906	0.028994	-0.126630
0.028994	-0.126630	0.193720
-0.126630	0.193720	0.036590
0.193720	0.036590	-0.035525
0.036590	-0.035525	0.048824
