# Principal Component: 59
# Fraction of Variance Captured: 0.00001
-0.053461	0.020332	0.142732
0.020332	0.142732	0.128308
0.142732	0.128308	0.090419
0.128308	0.090419	-0.144814
0.090419	-0.144814	-0.209016
-0.144814	-0.209016	-0.168053
-0.209016	-0.168053	-0.321985
-0.168053	-0.321985	0.148542
-0.321985	0.148542	0.146818
0.148542	0.146818	0.319826
0.146818	0.319826	0.034371
0.319826	0.034371	0.007967
0.034371	0.007967	-0.024455
0.007967	-0.024455	0.078042
-0.024455	0.078042	0.007792
0.078042	0.007792	0.048357
0.007792	0.048357	0.036999
0.048357	0.036999	0.078755
0.036999	0.078755	0.012772
0.078755	0.012772	0.006558
0.012772	0.006558	0.015895
0.006558	0.015895	0.043101
0.015895	0.043101	-0.015603
0.043101	-0.015603	0.019973
-0.015603	0.019973	-0.079864
0.019973	-0.079864	-0.002609
-0.079864	-0.002609	-0.029397
-0.002609	-0.029397	0.188979
-0.029397	0.188979	0.204215
0.188979	0.204215	0.172998
0.204215	0.172998	-0.108608
