# Principal Component: 8
# Fraction of Variance Captured: 0.05331
-0.049009	0.044838	0.047995
0.044838	0.047995	-0.037219
0.047995	-0.037219	0.040280
-0.037219	0.040280	0.050695
0.040280	0.050695	-0.083335
0.050695	-0.083335	0.050298
-0.083335	0.050298	-0.000569
0.050298	-0.000569	-0.049695
-0.000569	-0.049695	0.007699
-0.049695	0.007699	-0.023284
0.007699	-0.023284	0.004712
-0.023284	0.004712	0.009314
0.004712	0.009314	-0.002140
0.009314	-0.002140	0.001663
-0.002140	0.001663	0.011684
0.001663	0.011684	0.008440
0.011684	0.008440	0.016598
0.008440	0.016598	0.003570
0.016598	0.003570	-0.014309
0.003570	-0.014309	0.008163
-0.014309	0.008163	-0.000384
0.008163	-0.000384	-0.003242
-0.000384	-0.003242	-0.044823
-0.003242	-0.044823	0.022505
-0.044823	0.022505	0.009304
0.022505	0.009304	-0.061568
0.009304	-0.061568	0.035190
-0.061568	0.035190	0.012922
0.035190	0.012922	0.045609
0.012922	0.045609	-0.033409
0.045609	-0.033409	-0.013561
