# Principal Component: 92
# Fraction of Variance Captured: -0.00000
0.000000	-0.116117	-0.048585
-0.116117	-0.048585	0.006151
-0.048585	0.006151	-0.272114
0.006151	-0.272114	-0.105707
-0.272114	-0.105707	-0.002187
-0.105707	-0.002187	-0.044000
-0.002187	-0.044000	-0.015159
-0.044000	-0.015159	0.000636
-0.015159	0.000636	-0.129999
0.000636	-0.129999	-0.092372
-0.129999	-0.092372	0.008595
-0.092372	0.008595	-0.157160
0.008595	-0.157160	-0.001008
-0.157160	-0.001008	0.003264
-0.001008	0.003264	-0.212476
0.003264	-0.212476	0.045781
-0.212476	0.045781	0.007570
0.045781	0.007570	-0.240227
0.007570	-0.240227	0.017626
-0.240227	0.017626	0.039524
0.017626	0.039524	-0.292600
0.039524	-0.292600	-0.022788
-0.292600	-0.022788	-0.035279
-0.022788	-0.035279	-0.074715
-0.035279	-0.074715	-0.003322
-0.074715	-0.003322	-0.077348
-0.003322	-0.077348	-0.174915
-0.077348	-0.174915	0.000857
-0.174915	0.000857	-0.049848
0.000857	-0.049848	-0.015365
-0.049848	-0.015365	0.000915
