# Principal Component: 45
# Fraction of Variance Captured: 0.00013
-0.027443	-0.058711	0.059454
-0.058711	0.059454	0.014116
0.059454	0.014116	-0.088041
0.014116	-0.088041	0.002060
-0.088041	0.002060	-0.060765
0.002060	-0.060765	0.086382
-0.060765	0.086382	0.019754
0.086382	0.019754	-0.137400
0.019754	-0.137400	0.043367
-0.137400	0.043367	-0.114755
0.043367	-0.114755	-0.002630
-0.114755	-0.002630	0.038770
-0.002630	0.038770	0.071026
0.038770	0.071026	0.072738
0.071026	0.072738	-0.026393
0.072738	-0.026393	0.052640
-0.026393	0.052640	0.003043
0.052640	0.003043	0.096983
0.003043	0.096983	0.031120
0.096983	0.031120	-0.065383
0.031120	-0.065383	0.002019
-0.065383	0.002019	0.084927
0.002019	0.084927	0.053006
0.084927	0.053006	0.009557
0.053006	0.009557	-0.019571
0.009557	-0.019571	0.100885
-0.019571	0.100885	0.011797
0.100885	0.011797	-0.007238
0.011797	-0.007238	-0.045919
-0.007238	-0.045919	-0.023803
-0.045919	-0.023803	-0.030082
