# Principal Component: 30
# Fraction of Variance Captured: 0.00182
-0.037546	-0.073286	0.039032
-0.073286	0.039032	-0.018494
0.039032	-0.018494	-0.059806
-0.018494	-0.059806	0.061762
-0.059806	0.061762	-0.026336
0.061762	-0.026336	-0.047849
-0.026336	-0.047849	-0.002816
-0.047849	-0.002816	0.092440
-0.002816	0.092440	0.054399
0.092440	0.054399	-0.037907
0.054399	-0.037907	0.003320
-0.037907	0.003320	0.052376
0.003320	0.052376	0.014514
0.052376	0.014514	-0.074939
0.014514	-0.074939	0.084314
-0.074939	0.084314	0.099085
0.084314	0.099085	0.060711
0.099085	0.060711	0.023692
0.060711	0.023692	-0.105985
0.023692	-0.105985	0.025913
-0.105985	0.025913	0.036017
0.025913	0.036017	0.030045
0.036017	0.030045	-0.083284
0.030045	-0.083284	-0.129516
-0.083284	-0.129516	0.051642
-0.129516	0.051642	-0.130799
0.051642	-0.130799	-0.214755
-0.130799	-0.214755	0.057711
-0.214755	0.057711	0.120419
0.057711	0.120419	0.178185
0.120419	0.178185	-0.022319
