# Principal Component: 12
# Fraction of Variance Captured: 0.02621
-0.096966	-0.030032	0.042106
-0.030032	0.042106	-0.156889
0.042106	-0.156889	0.057273
-0.156889	0.057273	0.015477
0.057273	0.015477	-0.057833
0.015477	-0.057833	0.023400
-0.057833	0.023400	-0.034971
0.023400	-0.034971	-0.035318
-0.034971	-0.035318	-0.033776
-0.035318	-0.033776	-0.016510
-0.033776	-0.016510	0.076885
-0.016510	0.076885	0.145684
0.076885	0.145684	-0.101948
0.145684	-0.101948	0.061871
-0.101948	0.061871	0.110298
0.061871	0.110298	-0.050590
0.110298	-0.050590	0.069962
-0.050590	0.069962	0.127038
0.069962	0.127038	-0.095187
0.127038	-0.095187	0.085735
-0.095187	0.085735	0.123755
0.085735	0.123755	-0.118298
0.123755	-0.118298	-0.068623
-0.118298	-0.068623	-0.023464
-0.068623	-0.023464	0.030732
-0.023464	0.030732	-0.059232
0.030732	-0.059232	-0.047301
-0.059232	-0.047301	0.041126
-0.047301	0.041126	-0.057303
0.041126	-0.057303	0.043263
-0.057303	0.043263	-0.018601
