# Principal Component: 63
# Fraction of Variance Captured: 0.00000
-0.181832	0.115536	-0.007429
0.115536	-0.007429	0.140738
-0.007429	0.140738	-0.083293
0.140738	-0.083293	0.072323
-0.083293	0.072323	-0.050015
0.072323	-0.050015	-0.158745
-0.050015	-0.158745	0.074138
-0.158745	0.074138	0.011721
0.074138	0.011721	0.121431
0.011721	0.121431	-0.068922
0.121431	-0.068922	-0.010218
-0.068922	-0.010218	-0.042083
-0.010218	-0.042083	0.041986
-0.042083	0.041986	0.002250
0.041986	0.002250	0.013758
0.002250	0.013758	0.016143
0.013758	0.016143	-0.000334
0.016143	-0.000334	-0.002789
-0.000334	-0.002789	0.017317
-0.002789	0.017317	0.022711
0.017317	0.022711	-0.010132
0.022711	-0.010132	0.005050
-0.010132	0.005050	0.034981
0.005050	0.034981	0.008821
0.034981	0.008821	0.024694
0.008821	0.024694	-0.035229
0.024694	-0.035229	0.000574
-0.035229	0.000574	-0.019615
0.000574	-0.019615	0.118842
-0.019615	0.118842	0.011293
0.118842	0.011293	-0.020323
