# Principal Component: 17
# Fraction of Variance Captured: 0.01383
-0.065685	-0.119556	0.061687
-0.119556	0.061687	-0.123860
0.061687	-0.123860	-0.106220
-0.123860	-0.106220	0.000151
-0.106220	0.000151	0.021202
0.000151	0.021202	0.032468
0.021202	0.032468	0.055559
0.032468	0.055559	-0.000471
0.055559	-0.000471	-0.057634
-0.000471	-0.057634	-0.035788
-0.057634	-0.035788	0.050686
-0.035788	0.050686	0.042918
0.050686	0.042918	-0.060591
0.042918	-0.060591	0.037621
-0.060591	0.037621	0.069267
0.037621	0.069267	0.008649
0.069267	0.008649	0.066398
0.008649	0.066398	0.081509
0.066398	0.081509	-0.092497
0.081509	-0.092497	0.027220
-0.092497	0.027220	-0.046659
0.027220	-0.046659	-0.110821
-0.046659	-0.110821	0.005425
-0.110821	0.005425	0.165393
0.005425	0.165393	0.341445
0.165393	0.341445	-0.040515
0.341445	-0.040515	0.215635
-0.040515	0.215635	0.229059
0.215635	0.229059	0.128547
0.229059	0.128547	-0.057344
0.128547	-0.057344	0.248933
