# Principal Component: 27
# Fraction of Variance Captured: 0.00262
0.036720	0.137034	-0.083131
0.137034	-0.083131	0.069900
-0.083131	0.069900	0.179232
0.069900	0.179232	-0.132438
0.179232	-0.132438	0.004160
-0.132438	0.004160	0.030479
0.004160	0.030479	0.086116
0.030479	0.086116	-0.104863
0.086116	-0.104863	0.013362
-0.104863	0.013362	0.081033
0.013362	0.081033	-0.017067
0.081033	-0.017067	-0.056159
-0.017067	-0.056159	0.017861
-0.056159	0.017861	-0.031082
0.017861	-0.031082	-0.107254
-0.031082	-0.107254	-0.069513
-0.107254	-0.069513	-0.005403
-0.069513	-0.005403	-0.013213
-0.005403	-0.013213	0.088027
-0.013213	0.088027	-0.012079
0.088027	-0.012079	-0.032633
-0.012079	-0.032633	0.028568
-0.032633	0.028568	0.096469
0.028568	0.096469	-0.018458
0.096469	-0.018458	0.147593
-0.018458	0.147593	0.136343
0.147593	0.136343	0.003442
0.136343	0.003442	0.134535
0.003442	0.134535	-0.057506
0.134535	-0.057506	-0.081407
-0.057506	-0.081407	-0.124043
