# Principal Component: 68
# Fraction of Variance Captured: 0.00000
-0.222723	0.234337	0.075056
0.234337	0.075056	0.132409
0.075056	0.132409	-0.171808
0.132409	-0.171808	-0.052129
-0.171808	-0.052129	0.179374
-0.052129	0.179374	-0.102573
0.179374	-0.102573	-0.025312
-0.102573	-0.025312	-0.108579
-0.025312	-0.108579	0.068000
-0.108579	0.068000	0.040883
0.068000	0.040883	0.000729
0.040883	0.000729	-0.002701
0.000729	-0.002701	-0.002648
-0.002701	-0.002648	-0.018103
-0.002648	-0.018103	-0.000190
-0.018103	-0.000190	-0.023372
-0.000190	-0.023372	-0.015424
-0.023372	-0.015424	-0.012514
-0.015424	-0.012514	-0.016968
-0.012514	-0.016968	-0.008989
-0.016968	-0.008989	0.001452
-0.008989	0.001452	-0.017663
0.001452	-0.017663	0.084082
-0.017663	0.084082	-0.059803
0.084082	-0.059803	-0.170937
-0.059803	-0.170937	-0.094446
-0.170937	-0.094446	0.011845
-0.094446	0.011845	0.187035
0.011845	0.187035	-0.079453
0.187035	-0.079453	0.187034
-0.079453	0.187034	0.005244
