# Principal Component: 21
# Fraction of Variance Captured: 0.00508
0.035987	-0.011169	-0.037085
-0.011169	-0.037085	0.079472
-0.037085	0.079472	0.005113
0.079472	0.005113	-0.023402
0.005113	-0.023402	-0.010823
-0.023402	-0.010823	-0.036095
-0.010823	-0.036095	0.051282
-0.036095	0.051282	-0.041221
0.051282	-0.041221	-0.045517
-0.041221	-0.045517	0.047733
-0.045517	0.047733	0.043489
0.047733	0.043489	0.072974
0.043489	0.072974	-0.020787
0.072974	-0.020787	0.009079
-0.020787	0.009079	0.133897
0.009079	0.133897	-0.058649
0.133897	-0.058649	0.091102
-0.058649	0.091102	0.044956
0.091102	0.044956	0.034575
0.044956	0.034575	0.017451
0.034575	0.017451	0.022761
0.017451	0.022761	-0.032994
0.022761	-0.032994	-0.043417
-0.032994	-0.043417	-0.037980
-0.043417	-0.037980	0.182481
-0.037980	0.182481	-0.006072
0.182481	-0.006072	-0.016245
-0.006072	-0.016245	0.170818
-0.016245	0.170818	-0.130339
0.170818	-0.130339	-0.069614
-0.130339	-0.069614	-0.059472
