# Principal Component: 10
# Fraction of Variance Captured: 0.03634
-0.086289	0.117716	-0.219117
0.117716	-0.219117	-0.102822
-0.219117	-0.102822	0.118333
-0.102822	0.118333	-0.170006
0.118333	-0.170006	-0.110400
-0.170006	-0.110400	0.011412
-0.110400	0.011412	-0.187773
0.011412	-0.187773	-0.085594
-0.187773	-0.085594	-0.039151
-0.085594	-0.039151	-0.055866
-0.039151	-0.055866	-0.054503
-0.055866	-0.054503	-0.069228
-0.054503	-0.069228	-0.006636
-0.069228	-0.006636	-0.046942
-0.006636	-0.046942	-0.000695
-0.046942	-0.000695	-0.021175
-0.000695	-0.021175	0.001527
-0.021175	0.001527	-0.087731
0.001527	-0.087731	0.049558
-0.087731	0.049558	-0.086437
0.049558	-0.086437	-0.083610
-0.086437	-0.083610	0.005828
-0.083610	0.005828	0.031443
0.005828	0.031443	0.017857
0.031443	0.017857	-0.188840
0.017857	-0.188840	0.010006
-0.188840	0.010006	0.026393
0.010006	0.026393	-0.080393
0.026393	-0.080393	0.109135
-0.080393	0.109135	-0.031055
0.109135	-0.031055	-0.165765
