# Principal Component: 52
# Fraction of Variance Captured: 0.00004
-0.064790	0.086005	0.195944
0.086005	0.195944	0.095046
0.195944	0.095046	-0.054263
0.095046	-0.054263	-0.125397
-0.054263	-0.125397	-0.133555
-0.125397	-0.133555	0.177468
-0.133555	0.177468	0.081065
0.177468	0.081065	0.001514
0.081065	0.001514	-0.106068
0.001514	-0.106068	-0.159502
-0.106068	-0.159502	-0.080317
-0.159502	-0.080317	0.058728
-0.080317	0.058728	0.059843
0.058728	0.059843	-0.080729
0.059843	-0.080729	0.108682
-0.080729	0.108682	0.010570
0.108682	0.010570	-0.117129
0.010570	-0.117129	-0.017958
-0.117129	-0.017958	0.112670
-0.017958	0.112670	0.020782
0.112670	0.020782	0.051872
0.020782	0.051872	0.050399
0.051872	0.050399	0.018333
0.050399	0.018333	0.082804
0.018333	0.082804	0.078497
0.082804	0.078497	0.030908
0.078497	0.030908	-0.166057
0.030908	-0.166057	-0.125586
-0.166057	-0.125586	0.034049
-0.125586	0.034049	0.330102
0.034049	0.330102	0.263124
