# Principal Component: 40
# Fraction of Variance Captured: 0.00029
-0.006526	-0.061008	-0.005170
-0.061008	-0.005170	-0.120485
-0.005170	-0.120485	-0.081945
-0.120485	-0.081945	0.118098
-0.081945	0.118098	0.012342
0.118098	0.012342	-0.121872
0.012342	-0.121872	-0.314384
-0.121872	-0.314384	0.046537
-0.314384	0.046537	-0.028582
0.046537	-0.028582	-0.326702
-0.028582	-0.326702	-0.066874
-0.326702	-0.066874	-0.008236
-0.066874	-0.008236	0.009565
-0.008236	0.009565	0.139032
0.009565	0.139032	0.063048
0.139032	0.063048	-0.210353
0.063048	-0.210353	-0.175785
-0.210353	-0.175785	-0.111939
-0.175785	-0.111939	0.117884
-0.111939	0.117884	-0.146302
0.117884	-0.146302	0.055850
-0.146302	0.055850	0.283879
0.055850	0.283879	0.003020
0.283879	0.003020	-0.071901
0.003020	-0.071901	0.063090
-0.071901	0.063090	-0.008919
0.063090	-0.008919	-0.021270
-0.008919	-0.021270	0.157362
-0.021270	0.157362	0.032967
0.157362	0.032967	-0.099898
0.032967	-0.099898	0.030140
