# Principal Component: 38
# Fraction of Variance Captured: 0.00061
-0.137210	-0.050835	-0.033970
-0.050835	-0.033970	-0.131944
-0.033970	-0.131944	-0.079014
-0.131944	-0.079014	-0.068316
-0.079014	-0.068316	-0.030336
-0.068316	-0.030336	0.065800
-0.030336	0.065800	-0.104044
0.065800	-0.104044	0.009389
-0.104044	0.009389	0.023712
0.009389	0.023712	-0.069788
0.023712	-0.069788	-0.004928
-0.069788	-0.004928	0.006985
-0.004928	0.006985	-0.015742
0.006985	-0.015742	-0.249660
-0.015742	-0.249660	-0.168754
-0.249660	-0.168754	0.133703
-0.168754	0.133703	0.124506
0.133703	0.124506	0.186591
0.124506	0.186591	-0.159649
0.186591	-0.159649	0.114231
-0.159649	0.114231	-0.034674
0.114231	-0.034674	-0.016785
-0.034674	-0.016785	0.077291
-0.016785	0.077291	0.076059
0.077291	0.076059	-0.081983
0.076059	-0.081983	0.091062
-0.081983	0.091062	0.088145
0.091062	0.088145	-0.098790
0.088145	-0.098790	-0.000971
-0.098790	-0.000971	-0.060363
-0.000971	-0.060363	0.182598
