# Principal Component: 93
# Fraction of Variance Captured: -0.00000
0.000000	-0.023806	0.009682
-0.023806	0.009682	0.003029
0.009682	0.003029	-0.050787
0.003029	-0.050787	0.021364
-0.050787	0.021364	0.019312
0.021364	0.019312	-0.028832
0.019312	-0.028832	0.001947
-0.028832	0.001947	0.020699
0.001947	0.020699	-0.121145
0.020699	-0.121145	0.000378
-0.121145	0.000378	0.118166
0.000378	0.118166	-0.065167
0.118166	-0.065167	0.004779
-0.065167	0.004779	0.202442
0.004779	0.202442	-0.044253
0.202442	-0.044253	0.014772
-0.044253	0.014772	0.229754
0.014772	0.229754	-0.154813
0.229754	-0.154813	0.000660
-0.154813	0.000660	0.119201
0.000660	0.119201	-0.086055
0.119201	-0.086055	0.007201
-0.086055	0.007201	0.096337
0.007201	0.096337	-0.112031
0.096337	-0.112031	0.000681
-0.112031	0.000681	0.264434
0.000681	0.264434	-0.292558
0.264434	-0.292558	-0.000721
-0.292558	-0.000721	0.085305
-0.000721	0.085305	-0.096711
0.085305	-0.096711	0.000643
