# Principal Component: 37
# Fraction of Variance Captured: 0.00065
0.056326	0.074102	0.044614
0.074102	0.044614	0.122853
0.044614	0.122853	0.089569
0.122853	0.089569	0.060478
0.089569	0.060478	0.017632
0.060478	0.017632	0.077870
0.017632	0.077870	0.037890
0.077870	0.037890	-0.095926
0.037890	-0.095926	0.005762
-0.095926	0.005762	0.060967
0.005762	0.060967	0.033955
0.060967	0.033955	-0.039922
0.033955	-0.039922	-0.045246
-0.039922	-0.045246	-0.057816
-0.045246	-0.057816	-0.188250
-0.057816	-0.188250	-0.264883
-0.188250	-0.264883	-0.036198
-0.264883	-0.036198	0.011616
-0.036198	0.011616	-0.247546
0.011616	-0.247546	0.184153
-0.247546	0.184153	0.041254
0.184153	0.041254	0.531615
0.041254	0.531615	0.051444
0.531615	0.051444	0.085777
0.051444	0.085777	-0.022701
0.085777	-0.022701	0.069782
-0.022701	0.069782	0.085287
0.069782	0.085287	-0.011560
0.085287	-0.011560	-0.018571
-0.011560	-0.018571	0.046525
-0.018571	0.046525	-0.059769
