# Principal Component: 36
# Fraction of Variance Captured: 0.00067
-0.159814	-0.107303	-0.055300
-0.107303	-0.055300	-0.191681
-0.055300	-0.191681	-0.111006
-0.191681	-0.111006	-0.048495
-0.111006	-0.048495	-0.070051
-0.048495	-0.070051	-0.147147
-0.070051	-0.147147	-0.060212
-0.147147	-0.060212	-0.004434
-0.060212	-0.004434	-0.162054
-0.004434	-0.162054	0.008568
-0.162054	0.008568	-0.012589
0.008568	-0.012589	-0.015688
-0.012589	-0.015688	-0.057594
-0.015688	-0.057594	-0.234562
-0.057594	-0.234562	-0.160727
-0.234562	-0.160727	-0.099067
-0.160727	-0.099067	0.006999
-0.099067	0.006999	0.148820
0.006999	0.148820	-0.228025
0.148820	-0.228025	0.209253
-0.228025	0.209253	-0.016895
0.209253	-0.016895	0.266023
-0.016895	0.266023	0.069599
0.266023	0.069599	0.083345
0.069599	0.083345	0.060212
0.083345	0.060212	0.098098
0.060212	0.098098	0.123362
0.098098	0.123362	0.054779
0.123362	0.054779	-0.010131
0.054779	-0.010131	-0.030816
-0.010131	-0.030816	0.075364
