# Principal Component: 1
# Fraction of Variance Captured: 0.18119
-0.175155	0.173122	0.019941
0.173122	0.019941	-0.121540
0.019941	-0.121540	0.134785
-0.121540	0.134785	0.036763
0.134785	0.036763	-0.063393
0.036763	-0.063393	-0.117313
-0.063393	-0.117313	-0.134422
-0.117313	-0.134422	-0.123776
-0.134422	-0.123776	-0.188293
-0.123776	-0.188293	-0.182003
-0.188293	-0.182003	0.224236
-0.182003	0.224236	-0.172326
0.224236	-0.172326	0.046914
-0.172326	0.046914	0.225381
0.046914	0.225381	-0.041112
0.225381	-0.041112	0.146170
-0.041112	0.146170	0.203915
0.146170	0.203915	-0.214281
0.203915	-0.214281	-0.010178
-0.214281	-0.010178	0.188032
-0.010178	0.188032	-0.150062
0.188032	-0.150062	-0.023984
-0.150062	-0.023984	-0.065398
-0.023984	-0.065398	0.052745
-0.065398	0.052745	0.019440
0.052745	0.019440	-0.038925
0.019440	-0.038925	0.036330
-0.038925	0.036330	0.048057
0.036330	0.048057	-0.098799
0.048057	-0.098799	0.117683
-0.098799	0.117683	0.027468
