# Principal Component: 47
# Fraction of Variance Captured: 0.00010
0.020886	0.016266	-0.022877
0.016266	-0.022877	0.072676
-0.022877	0.072676	-0.007806
0.072676	-0.007806	0.070857
-0.007806	0.070857	-0.013436
0.070857	-0.013436	-0.021715
-0.013436	-0.021715	-0.126043
-0.021715	-0.126043	-0.031327
-0.126043	-0.031327	0.005860
-0.031327	0.005860	-0.096441
0.005860	-0.096441	0.011708
-0.096441	0.011708	0.048973
0.011708	0.048973	0.016811
0.048973	0.016811	0.014205
0.016811	0.014205	0.067016
0.014205	0.067016	0.030515
0.067016	0.030515	0.019081
0.030515	0.019081	-0.007995
0.019081	-0.007995	0.045881
-0.007995	0.045881	-0.001914
0.045881	-0.001914	0.067908
-0.001914	0.067908	0.003291
0.067908	0.003291	0.035492
0.003291	0.035492	-0.051811
0.035492	-0.051811	0.020591
-0.051811	0.020591	0.033176
0.020591	0.033176	-0.034868
0.033176	-0.034868	0.071772
-0.034868	0.071772	0.024600
0.071772	0.024600	-0.027462
0.024600	-0.027462	-0.004724
