# Principal Component: 14
# Fraction of Variance Captured: 0.02321
-0.089500	0.180018	0.017593
0.180018	0.017593	-0.189857
0.017593	-0.189857	0.275708
-0.189857	0.275708	0.083363
0.275708	0.083363	-0.091714
0.083363	-0.091714	-0.020843
-0.091714	-0.020843	0.079249
-0.020843	0.079249	-0.142042
0.079249	-0.142042	-0.074074
-0.142042	-0.074074	0.061970
-0.074074	0.061970	-0.032104
0.061970	-0.032104	-0.028959
-0.032104	-0.028959	0.031728
-0.028959	0.031728	0.019321
0.031728	0.019321	0.032649
0.019321	0.032649	-0.024431
0.032649	-0.024431	-0.000793
-0.024431	-0.000793	-0.097725
-0.000793	-0.097725	0.052580
-0.097725	0.052580	-0.092611
0.052580	-0.092611	0.001154
-0.092611	0.001154	0.047793
0.001154	0.047793	0.096481
0.047793	0.096481	-0.049999
0.096481	-0.049999	0.013211
-0.049999	0.013211	0.155013
0.013211	0.155013	-0.082972
0.155013	-0.082972	-0.052593
-0.082972	-0.052593	-0.081111
-0.052593	-0.081111	0.081939
-0.081111	0.081939	0.186827
