# Principal Component: 86
# Fraction of Variance Captured: 0.00000
0.087574	0.076013	-0.028390
0.076013	-0.028390	-0.044622
-0.028390	-0.044622	-0.055073
-0.044622	-0.055073	-0.005443
-0.055073	-0.005443	0.016956
-0.005443	0.016956	0.021731
0.016956	0.021731	0.082654
0.021731	0.082654	-0.018053
0.082654	-0.018053	-0.007536
-0.018053	-0.007536	-0.042665
-0.007536	-0.042665	-0.096810
-0.042665	-0.096810	-0.423671
-0.096810	-0.423671	-0.624142
-0.423671	-0.624142	0.029157
-0.624142	0.029157	0.130709
0.029157	0.130709	0.278482
0.130709	0.278482	0.031222
0.278482	0.031222	0.145032
0.031222	0.145032	0.224653
0.145032	0.224653	0.024910
0.224653	0.024910	0.142803
0.024910	0.142803	0.188074
0.142803	0.188074	-0.008600
0.188074	-0.008600	-0.058717
-0.008600	-0.058717	-0.003854
-0.058717	-0.003854	-0.001456
-0.003854	-0.001456	0.009546
-0.001456	0.009546	-0.012088
0.009546	-0.012088	-0.000740
-0.012088	-0.000740	0.012325
-0.000740	0.012325	-0.005719
