# Principal Component: 84
# Fraction of Variance Captured: 0.00000
0.263249	0.192775	0.063565
0.192775	0.063565	-0.105669
0.063565	-0.105669	-0.081128
-0.105669	-0.081128	-0.012886
-0.081128	-0.012886	-0.103628
-0.012886	-0.103628	-0.067925
-0.103628	-0.067925	-0.002046
-0.067925	-0.002046	0.043795
-0.002046	0.043795	0.020218
0.043795	0.020218	0.002490
0.020218	0.002490	0.065779
0.002490	0.065779	0.194628
0.065779	0.194628	0.238067
0.194628	0.238067	-0.028363
0.238067	-0.028363	-0.067729
-0.028363	-0.067729	-0.105013
-0.067729	-0.105013	-0.029232
-0.105013	-0.029232	-0.078954
-0.029232	-0.078954	-0.080789
-0.078954	-0.080789	-0.033054
-0.080789	-0.033054	-0.076265
-0.033054	-0.076265	-0.070150
-0.076265	-0.070150	0.171469
-0.070150	0.171469	0.151277
0.171469	0.151277	-0.055116
0.151277	-0.055116	-0.117453
-0.055116	-0.117453	-0.106574
-0.117453	-0.106574	0.073101
-0.106574	0.073101	-0.039348
0.073101	-0.039348	-0.044339
-0.039348	-0.044339	0.020022
