# Principal Component: 65
# Fraction of Variance Captured: 0.00000
-0.077879	0.088552	0.186823
0.088552	0.186823	0.011203
0.186823	0.011203	-0.120652
0.011203	-0.120652	-0.104685
-0.120652	-0.104685	0.312382
-0.104685	0.312382	0.079007
0.312382	0.079007	-0.187671
0.079007	-0.187671	-0.202908
-0.187671	-0.202908	-0.054477
-0.202908	-0.054477	0.166282
-0.054477	0.166282	0.034490
0.166282	0.034490	0.043496
0.034490	0.043496	-0.037909
0.043496	-0.037909	-0.025994
-0.037909	-0.025994	0.000952
-0.025994	0.000952	0.031541
0.000952	0.031541	-0.018606
0.031541	-0.018606	0.006871
-0.018606	0.006871	-0.002403
0.006871	-0.002403	-0.015630
-0.002403	-0.015630	0.008887
-0.015630	0.008887	0.010718
0.008887	0.010718	0.048385
0.010718	0.048385	-0.103943
0.048385	-0.103943	-0.127853
-0.103943	-0.127853	-0.166777
-0.127853	-0.166777	0.115427
-0.166777	0.115427	0.095924
0.115427	0.095924	0.017862
0.095924	0.017862	-0.129458
0.017862	-0.129458	0.098838
