# Principal Component: 25
# Fraction of Variance Captured: 0.00323
0.001273	-0.023062	-0.007513
-0.023062	-0.007513	-0.010207
-0.007513	-0.010207	0.014197
-0.010207	0.014197	-0.013042
0.014197	-0.013042	0.037500
-0.013042	0.037500	-0.066315
0.037500	-0.066315	0.041585
-0.066315	0.041585	0.022431
0.041585	0.022431	-0.072928
0.022431	-0.072928	0.046987
-0.072928	0.046987	-0.006294
0.046987	-0.006294	-0.010703
-0.006294	-0.010703	-0.003849
-0.010703	-0.003849	0.016209
-0.003849	0.016209	0.012969
0.016209	0.012969	0.035654
0.012969	0.035654	-0.050701
0.035654	-0.050701	-0.026979
-0.050701	-0.026979	-0.077600
-0.026979	-0.077600	0.014574
-0.077600	0.014574	0.001831
0.014574	0.001831	0.018378
0.001831	0.018378	0.030786
0.018378	0.030786	0.037768
0.030786	0.037768	0.045521
0.037768	0.045521	0.004770
0.045521	0.004770	0.056382
0.004770	0.056382	0.036552
0.056382	0.036552	0.084592
0.036552	0.084592	-0.002471
0.084592	-0.002471	-0.020617
