# Principal Component: 15
# Fraction of Variance Captured: 0.01880
0.017335	0.050686	0.003047
0.050686	0.003047	0.004472
0.003047	0.004472	0.091038
0.004472	0.091038	0.047627
0.091038	0.047627	-0.066168
0.047627	-0.066168	0.019218
-0.066168	0.019218	-0.028025
0.019218	-0.028025	-0.063500
-0.028025	-0.063500	0.025847
-0.063500	0.025847	-0.018121
0.025847	-0.018121	0.015929
-0.018121	0.015929	-0.022335
0.015929	-0.022335	0.017779
-0.022335	0.017779	0.013878
0.017779	0.013878	-0.065205
0.013878	-0.065205	0.011238
-0.065205	0.011238	-0.004595
0.011238	-0.004595	-0.022095
-0.004595	-0.022095	0.032934
-0.022095	0.032934	0.046258
0.032934	0.046258	0.022186
0.046258	0.022186	0.008934
0.022186	0.008934	-0.061507
0.008934	-0.061507	-0.026938
-0.061507	-0.026938	-0.069359
-0.026938	-0.069359	-0.052003
-0.069359	-0.052003	-0.030857
-0.052003	-0.030857	-0.028030
-0.030857	-0.028030	-0.040901
-0.028030	-0.040901	-0.017111
-0.040901	-0.017111	-0.116791
