# Principal Component: 75
# Fraction of Variance Captured: 0.00000
0.295275	0.225053	-0.040416
0.225053	-0.040416	-0.230293
-0.040416	-0.230293	-0.180124
-0.230293	-0.180124	-0.026753
-0.180124	-0.026753	-0.031134
-0.026753	-0.031134	-0.031150
-0.031134	-0.031150	0.049996
-0.031150	0.049996	0.009577
0.049996	0.009577	-0.001490
0.009577	-0.001490	-0.057005
-0.001490	-0.057005	-0.032888
-0.057005	-0.032888	0.013870
-0.032888	0.013870	-0.020090
0.013870	-0.020090	-0.005621
-0.020090	-0.005621	-0.001949
-0.005621	-0.001949	-0.037533
-0.001949	-0.037533	0.001799
-0.037533	0.001799	0.002967
0.001799	0.002967	-0.041891
0.002967	-0.041891	-0.000859
-0.041891	-0.000859	0.006445
-0.000859	0.006445	-0.025692
0.006445	-0.025692	-0.220868
-0.025692	-0.220868	0.030140
-0.220868	0.030140	-0.108686
0.030140	-0.108686	0.115607
-0.108686	0.115607	-0.008939
0.115607	-0.008939	0.065681
-0.008939	0.065681	0.216819
0.065681	0.216819	-0.009242
0.216819	-0.009242	0.061936
