# Principal Component: 60
# Fraction of Variance Captured: 0.00001
-0.113782	-0.066069	0.200166
-0.066069	0.200166	0.094469
0.200166	0.094469	0.043520
0.094469	0.043520	-0.150925
0.043520	-0.150925	-0.245712
-0.150925	-0.245712	-0.163362
-0.245712	-0.163362	0.133626
-0.163362	0.133626	0.129803
0.133626	0.129803	0.142139
0.129803	0.142139	-0.106384
0.142139	-0.106384	-0.029751
-0.106384	-0.029751	-0.031224
-0.029751	-0.031224	-0.000980
-0.031224	-0.000980	-0.003468
-0.000980	-0.003468	0.015126
-0.003468	0.015126	-0.016629
0.015126	-0.016629	0.002656
-0.016629	0.002656	-0.040784
0.002656	-0.040784	0.009765
-0.040784	0.009765	0.010851
0.009765	0.010851	0.002313
0.010851	0.002313	-0.007510
0.002313	-0.007510	0.034832
-0.007510	0.034832	-0.122228
0.034832	-0.122228	-0.065216
-0.122228	-0.065216	0.083636
-0.065216	0.083636	0.118152
0.083636	0.118152	0.014146
0.118152	0.014146	0.021806
0.014146	0.021806	-0.113432
0.021806	-0.113432	0.156232
