# Principal Component: 6
# Fraction of Variance Captured: 0.06489
-0.094694	0.098340	0.117963
0.098340	0.117963	-0.088146
0.117963	-0.088146	0.117961
-0.088146	0.117961	0.163380
0.117961	0.163380	-0.147636
0.163380	-0.147636	0.028593
-0.147636	0.028593	-0.036756
0.028593	-0.036756	-0.177532
-0.036756	-0.177532	-0.002743
-0.177532	-0.002743	-0.011880
-0.002743	-0.011880	0.007697
-0.011880	0.007697	0.024535
0.007697	0.024535	-0.166280
0.024535	-0.166280	0.039212
-0.166280	0.039212	0.030930
0.039212	0.030930	-0.091598
0.030930	-0.091598	0.031987
-0.091598	0.031987	-0.008129
0.031987	-0.008129	-0.179627
-0.008129	-0.179627	-0.028737
-0.179627	-0.028737	0.034475
-0.028737	0.034475	-0.154500
0.034475	-0.154500	0.020622
-0.154500	0.020622	-0.053065
0.020622	-0.053065	0.074781
-0.053065	0.074781	0.011611
0.074781	0.011611	-0.086394
0.011611	-0.086394	0.058924
-0.086394	0.058924	0.104793
0.058924	0.104793	0.045555
0.104793	0.045555	0.081730
