# Principal Component: 73
# Fraction of Variance Captured: 0.00000
0.126287	0.042272	0.080527
0.042272	0.080527	-0.071010
0.080527	-0.071010	-0.035427
-0.071010	-0.035427	-0.073846
-0.035427	-0.073846	-0.109133
-0.073846	-0.109133	-0.046923
-0.109133	-0.046923	-0.112872
-0.046923	-0.112872	0.057718
-0.112872	0.057718	0.018882
0.057718	0.018882	0.031615
0.018882	0.031615	-0.025507
0.031615	-0.025507	-0.028772
-0.025507	-0.028772	-0.014387
-0.028772	-0.014387	0.018919
-0.014387	0.018919	-0.001269
0.018919	-0.001269	-0.007797
-0.001269	-0.007797	0.018127
-0.007797	0.018127	0.007647
0.018127	0.007647	-0.005100
0.007647	-0.005100	-0.003246
-0.005100	-0.003246	0.002545
-0.003246	0.002545	-0.007141
0.002545	-0.007141	0.140061
-0.007141	0.140061	-0.029822
0.140061	-0.029822	0.134386
-0.029822	0.134386	-0.065544
0.134386	-0.065544	0.031106
-0.065544	0.031106	-0.165177
0.031106	-0.165177	-0.081854
-0.165177	-0.081854	0.036639
-0.081854	0.036639	0.048925
