# Principal Component: 7
# Fraction of Variance Captured: 0.05638
0.062893	-0.044533	-0.095362
-0.044533	-0.095362	0.063937
-0.095362	0.063937	-0.067459
0.063937	-0.067459	-0.101543
-0.067459	-0.101543	0.129508
-0.101543	0.129508	-0.063438
0.129508	-0.063438	-0.003367
-0.063438	-0.003367	0.076716
-0.003367	0.076716	-0.014478
0.076716	-0.014478	0.029334
-0.014478	0.029334	-0.008458
0.029334	-0.008458	-0.013160
-0.008458	-0.013160	0.027859
-0.013160	0.027859	-0.019049
0.027859	-0.019049	0.027753
-0.019049	0.027753	0.002935
0.027753	0.002935	0.010463
0.002935	0.010463	-0.019719
0.010463	-0.019719	0.030520
-0.019719	0.030520	-0.037359
0.030520	-0.037359	-0.025169
-0.037359	-0.025169	0.048563
-0.025169	0.048563	0.082021
0.048563	0.082021	-0.032603
0.082021	-0.032603	-0.014050
-0.032603	-0.014050	0.101686
-0.014050	0.101686	-0.059410
0.101686	-0.059410	-0.032803
-0.059410	-0.032803	-0.045185
-0.032803	-0.045185	0.068006
-0.045185	0.068006	0.083408
