# Principal Component: 49
# Fraction of Variance Captured: 0.00005
-0.073381	0.032043	0.042501
0.032043	0.042501	0.018187
0.042501	0.018187	0.035887
0.018187	0.035887	-0.084601
0.035887	-0.084601	-0.040894
-0.084601	-0.040894	-0.047338
-0.040894	-0.047338	-0.028654
-0.047338	-0.028654	0.080368
-0.028654	0.080368	-0.004160
0.080368	-0.004160	-0.005322
-0.004160	-0.005322	-0.011500
-0.005322	-0.011500	-0.013392
-0.011500	-0.013392	-0.038409
-0.013392	-0.038409	0.020466
-0.038409	0.020466	0.015662
0.020466	0.015662	-0.046978
0.015662	-0.046978	-0.018744
-0.046978	-0.018744	-0.013335
-0.018744	-0.013335	-0.005746
-0.013335	-0.005746	-0.026318
-0.005746	-0.026318	-0.018642
-0.026318	-0.018642	-0.017684
-0.018642	-0.017684	-0.036717
-0.017684	-0.036717	-0.093698
-0.036717	-0.093698	-0.026078
-0.093698	-0.026078	0.014417
-0.026078	0.014417	0.013888
0.014417	0.013888	0.054350
0.013888	0.054350	-0.080642
0.054350	-0.080642	-0.232911
-0.080642	-0.232911	-0.045387
