# Principal Component: 13
# Fraction of Variance Captured: 0.02432
0.047075	0.010396	-0.012307
0.010396	-0.012307	0.096670
-0.012307	0.096670	-0.054663
0.096670	-0.054663	-0.016067
-0.054663	-0.016067	0.043126
-0.016067	0.043126	-0.008777
0.043126	-0.008777	0.043977
-0.008777	0.043977	0.001733
0.043977	0.001733	0.020220
0.001733	0.020220	0.044774
0.020220	0.044774	-0.072637
0.044774	-0.072637	-0.063397
-0.072637	-0.063397	-0.001041
-0.063397	-0.001041	-0.053592
-0.001041	-0.053592	-0.088416
-0.053592	-0.088416	-0.039838
-0.088416	-0.039838	-0.059635
-0.039838	-0.059635	-0.041591
-0.059635	-0.041591	0.032913
-0.041591	0.032913	-0.091233
0.032913	-0.091233	-0.031493
-0.091233	-0.031493	0.002876
-0.031493	0.002876	0.105105
0.002876	0.105105	0.011221
0.105105	0.011221	0.035218
0.011221	0.035218	0.115828
0.035218	0.115828	0.009671
0.115828	0.009671	-0.010939
0.009671	-0.010939	0.019291
-0.010939	0.019291	0.021968
0.019291	0.021968	0.136694
