# Principal Component: 80
# Fraction of Variance Captured: 0.00000
0.247610	0.028737	0.074193
0.028737	0.074193	-0.142770
0.074193	-0.142770	-0.046057
-0.142770	-0.046057	-0.032803
-0.046057	-0.032803	-0.156854
-0.032803	-0.156854	-0.028578
-0.156854	-0.028578	0.003787
-0.028578	0.003787	0.075320
0.003787	0.075320	0.021066
0.075320	0.021066	-0.001329
0.021066	-0.001329	-0.017383
-0.001329	-0.017383	-0.001525
-0.017383	-0.001525	-0.056026
-0.001525	-0.056026	0.051416
-0.056026	0.051416	0.011024
0.051416	0.011024	0.029281
0.011024	0.029281	0.047277
0.029281	0.047277	0.017379
0.047277	0.017379	0.021978
0.017379	0.021978	0.039409
0.021978	0.039409	0.012898
0.039409	0.012898	0.025883
0.012898	0.025883	0.390647
0.025883	0.390647	-0.104086
0.390647	-0.104086	0.037184
-0.104086	0.037184	-0.234531
0.037184	-0.234531	0.081352
-0.234531	0.081352	-0.022083
0.081352	-0.022083	-0.091978
-0.022083	-0.091978	0.106607
-0.091978	0.106607	-0.042227
