# Principal Component: 70
# Fraction of Variance Captured: 0.00000
-0.113710	-0.206906	-0.002229
-0.206906	-0.002229	0.094816
-0.002229	0.094816	0.133261
0.094816	0.133261	0.028219
0.133261	0.028219	0.045920
0.028219	0.045920	0.122718
0.045920	0.122718	0.156233
0.122718	0.156233	-0.037520
0.156233	-0.037520	-0.092067
-0.037520	-0.092067	-0.068150
-0.092067	-0.068150	-0.002917
-0.068150	-0.002917	0.012930
-0.002917	0.012930	-0.014695
0.012930	-0.014695	-0.029818
-0.014695	-0.029818	-0.039449
-0.029818	-0.039449	-0.018072
-0.039449	-0.018072	-0.027179
-0.018072	-0.027179	-0.052526
-0.027179	-0.052526	-0.016958
-0.052526	-0.016958	-0.030347
-0.016958	-0.030347	-0.047965
-0.030347	-0.047965	-0.014141
-0.047965	-0.014141	-0.000124
-0.014141	-0.000124	-0.201509
-0.000124	-0.201509	-0.275492
-0.201509	-0.275492	-0.062750
-0.275492	-0.062750	0.070741
-0.062750	0.070741	0.276265
0.070741	0.276265	-0.019127
0.276265	-0.019127	0.057473
-0.019127	0.057473	0.073788
