# Principal Component: 81
# Fraction of Variance Captured: 0.00000
0.056701	0.017633	-0.021693
0.017633	-0.021693	-0.036164
-0.021693	-0.036164	-0.019336
-0.036164	-0.019336	-0.003652
-0.019336	-0.003652	-0.077966
-0.003652	-0.077966	-0.018030
-0.077966	-0.018030	0.018643
-0.018030	0.018643	0.040222
0.018643	0.040222	0.020532
0.040222	0.020532	-0.016498
0.020532	-0.016498	-0.006082
-0.016498	-0.006082	0.020184
-0.006082	0.020184	-0.080203
0.020184	-0.080203	0.031172
-0.080203	0.031172	0.000326
0.031172	0.000326	0.027992
0.000326	0.027992	0.029758
0.027992	0.029758	0.006755
0.029758	0.006755	0.017698
0.006755	0.017698	0.025328
0.017698	0.025328	0.003337
0.025328	0.003337	0.021249
0.003337	0.021249	0.225038
0.021249	0.225038	-0.101087
0.225038	-0.101087	0.009349
-0.101087	0.009349	-0.138266
0.009349	-0.138266	0.077907
-0.138266	0.077907	-0.013084
0.077907	-0.013084	-0.086572
-0.013084	-0.086572	0.079174
-0.086572	0.079174	-0.033936
