# Principal Component: 2
# Fraction of Variance Captured: 0.11106
-0.029168	-0.011312	0.015613
-0.011312	0.015613	-0.029192
0.015613	-0.029192	-0.001034
-0.029192	-0.001034	-0.014568
-0.001034	-0.014568	0.096671
-0.014568	0.096671	-0.189883
0.096671	-0.189883	0.112181
-0.189883	0.112181	-0.010525
0.112181	-0.010525	-0.107524
-0.010525	-0.107524	0.181392
-0.107524	0.181392	-0.045283
0.181392	-0.045283	0.148462
-0.045283	0.148462	-0.097079
0.148462	-0.097079	-0.008156
-0.097079	-0.008156	0.172646
-0.008156	0.172646	-0.172348
0.172646	-0.172348	-0.004294
-0.172348	-0.004294	0.062528
-0.004294	0.062528	-0.068095
0.062528	-0.068095	-0.130053
-0.068095	-0.130053	0.180699
-0.130053	0.180699	0.005636
0.180699	0.005636	0.228737
0.005636	0.228737	-0.256863
0.228737	-0.256863	-0.093537
-0.256863	-0.093537	0.226779
-0.093537	0.226779	-0.238509
0.226779	-0.238509	-0.121259
-0.238509	-0.121259	0.132122
-0.121259	0.132122	-0.161229
0.132122	-0.161229	0.024451
