# Principal Component: 57
# Fraction of Variance Captured: 0.00002
0.167605	-0.187488	0.032022
-0.187488	0.032022	-0.164528
0.032022	-0.164528	0.163628
-0.164528	0.163628	0.040001
0.163628	0.040001	0.164695
0.040001	0.164695	-0.235467
0.164695	-0.235467	-0.019612
-0.235467	-0.019612	-0.138357
-0.019612	-0.138357	0.289613
-0.138357	0.289613	0.076946
0.289613	0.076946	0.062895
0.076946	0.062895	-0.031732
0.062895	-0.031732	0.053484
-0.031732	0.053484	-0.024126
0.053484	-0.024126	0.048081
-0.024126	0.048081	0.030468
0.048081	0.030468	0.018728
0.030468	0.018728	-0.065215
0.018728	-0.065215	0.052203
-0.065215	0.052203	0.152537
0.052203	0.152537	-0.008375
0.152537	-0.008375	0.003644
-0.008375	0.003644	0.032075
0.003644	0.032075	-0.047066
0.032075	-0.047066	-0.067470
-0.047066	-0.067470	0.068194
-0.067470	0.068194	0.134244
0.068194	0.134244	0.046002
0.134244	0.046002	-0.002385
0.046002	-0.002385	-0.108963
-0.002385	-0.108963	0.103949
