# Principal Component: 64
# Fraction of Variance Captured: 0.00019
0.009138	0.016728	-0.055006
0.016728	-0.055006	-0.060890
-0.055006	-0.060890	0.009539
-0.060890	0.009539	0.132846
0.009539	0.132846	0.004346
0.132846	0.004346	-0.040656
0.004346	-0.040656	0.008308
-0.040656	0.008308	0.063877
0.008308	0.063877	0.000729
0.063877	0.000729	0.065520
0.000729	0.065520	0.026568
0.065520	0.026568	-0.007167
0.026568	-0.007167	-0.027011
-0.007167	-0.027011	0.114839
-0.027011	0.114839	-0.028426
0.114839	-0.028426	0.029700
-0.028426	0.029700	-0.059683
0.029700	-0.059683	0.032502
-0.059683	0.032502	0.003438
0.032502	0.003438	0.020406
0.003438	0.020406	-0.082622
0.020406	-0.082622	0.059400
-0.082622	0.059400	-0.116879
0.059400	-0.116879	0.204101
-0.116879	0.204101	-0.067483
0.204101	-0.067483	-0.031902
-0.067483	-0.031902	0.067705
-0.031902	0.067705	-0.102851
0.067705	-0.102851	0.034414
-0.102851	0.034414	-0.006814
0.034414	-0.006814	0.002043
-0.006814	0.002043	-0.031496
0.002043	-0.031496	0.037430
-0.031496	0.037430	-0.064750
0.037430	-0.064750	-0.072293
-0.064750	-0.072293	0.046591
-0.072293	0.046591	0.176087
0.046591	0.176087	-0.045183
0.176087	-0.045183	-0.006347
-0.045183	-0.006347	-0.144474
-0.006347	-0.144474	-0.016973
-0.144474	-0.016973	-0.104291
-0.016973	-0.104291	-0.117690
-0.104291	-0.117690	0.067091
-0.117690	0.067091	0.045580
0.067091	0.045580	-0.053732
