# Principal Component: 84
# Fraction of Variance Captured: 0.00004
0.046567	0.050448	0.074598
0.050448	0.074598	0.142198
0.074598	0.142198	-0.137129
0.142198	-0.137129	-0.030210
-0.137129	-0.030210	0.086511
-0.030210	0.086511	-0.070360
0.086511	-0.070360	0.007414
-0.070360	0.007414	-0.020074
0.007414	-0.020074	0.031245
-0.020074	0.031245	0.024077
0.031245	0.024077	-0.048929
0.024077	-0.048929	-0.017193
-0.048929	-0.017193	0.028210
-0.017193	0.028210	-0.164099
0.028210	-0.164099	0.104989
-0.164099	0.104989	0.040845
0.104989	0.040845	-0.035403
0.040845	-0.035403	0.031504
-0.035403	0.031504	-0.051643
0.031504	-0.051643	0.008061
-0.051643	0.008061	0.155293
0.008061	0.155293	-0.088646
0.155293	-0.088646	-0.066230
-0.088646	-0.066230	0.141237
-0.066230	0.141237	-0.049825
0.141237	-0.049825	0.062543
-0.049825	0.062543	-0.187004
0.062543	-0.187004	0.113129
-0.187004	0.113129	-0.020502
0.113129	-0.020502	-0.004011
-0.020502	-0.004011	-0.002021
-0.004011	-0.002021	0.007163
-0.002021	0.007163	0.030984
0.007163	0.030984	-0.054033
0.030984	-0.054033	-0.125535
-0.054033	-0.125535	0.061794
-0.125535	0.061794	-0.013307
0.061794	-0.013307	0.102751
-0.013307	0.102751	-0.072353
0.102751	-0.072353	-0.056114
-0.072353	-0.056114	0.229136
-0.056114	0.229136	-0.051070
0.229136	-0.051070	0.172835
-0.051070	0.172835	-0.222670
0.172835	-0.222670	-0.158482
-0.222670	-0.158482	0.062483
