# Principal Component: 23
# Fraction of Variance Captured: 0.00450
0.021152	0.015196	-0.049780
0.015196	-0.049780	0.016300
-0.049780	0.016300	-0.017586
0.016300	-0.017586	-0.018246
-0.017586	-0.018246	-0.004331
-0.018246	-0.004331	-0.035075
-0.004331	-0.035075	-0.027600
-0.035075	-0.027600	-0.011313
-0.027600	-0.011313	-0.038691
-0.011313	-0.038691	-0.016417
-0.038691	-0.016417	-0.027266
-0.016417	-0.027266	-0.054086
-0.027266	-0.054086	-0.013625
-0.054086	-0.013625	-0.029939
-0.013625	-0.029939	-0.042511
-0.029939	-0.042511	-0.004492
-0.042511	-0.004492	-0.038891
-0.004492	-0.038891	-0.042419
-0.038891	-0.042419	0.008253
-0.042419	0.008253	-0.026265
0.008253	-0.026265	0.000077
-0.026265	0.000077	0.017144
0.000077	0.017144	-0.016547
0.017144	-0.016547	0.009263
-0.016547	0.009263	0.043151
0.009263	0.043151	-0.046166
0.043151	-0.046166	-0.068658
-0.046166	-0.068658	-0.120418
-0.068658	-0.120418	0.122357
-0.120418	0.122357	-0.066175
0.122357	-0.066175	-0.068127
-0.066175	-0.068127	0.158045
-0.068127	0.158045	-0.044209
0.158045	-0.044209	0.054239
-0.044209	0.054239	-0.176438
0.054239	-0.176438	-0.142918
-0.176438	-0.142918	-0.042295
-0.142918	-0.042295	-0.079837
-0.042295	-0.079837	-0.145432
-0.079837	-0.145432	-0.018485
-0.145432	-0.018485	-0.163455
-0.018485	-0.163455	0.042247
-0.163455	0.042247	0.056825
0.042247	0.056825	-0.031270
0.056825	-0.031270	0.003835
-0.031270	0.003835	0.037178
