# Principal Component: 6
# Fraction of Variance Captured: 0.05104
0.086347	0.088989	0.000693
0.088989	0.000693	-0.032829
0.000693	-0.032829	-0.084594
-0.032829	-0.084594	0.014875
-0.084594	0.014875	0.097530
0.014875	0.097530	0.098617
0.097530	0.098617	-0.004556
0.098617	-0.004556	-0.040672
-0.004556	-0.040672	-0.079722
-0.040672	-0.079722	0.021332
-0.079722	0.021332	0.101400
0.021332	0.101400	0.105156
0.101400	0.105156	0.004531
0.105156	0.004531	-0.045465
0.004531	-0.045465	-0.072093
-0.045465	-0.072093	0.032558
-0.072093	0.032558	0.094359
0.032558	0.094359	0.106744
0.094359	0.106744	0.024936
0.106744	0.024936	-0.056734
0.024936	-0.056734	-0.055226
-0.056734	-0.055226	0.054171
-0.055226	0.054171	0.084392
0.054171	0.084392	0.095712
0.084392	0.095712	0.060208
0.095712	0.060208	0.068953
0.060208	0.068953	0.067773
0.068953	0.067773	0.078243
0.067773	0.078243	0.026312
0.078243	0.026312	0.037869
0.026312	0.037869	-0.033660
0.037869	-0.033660	0.045184
-0.033660	0.045184	-0.043675
0.045184	-0.043675	-0.103256
-0.043675	-0.103256	0.098647
-0.103256	0.098647	-0.035120
0.098647	-0.035120	-0.131161
-0.035120	-0.131161	0.127216
-0.131161	0.127216	0.011774
0.127216	0.011774	-0.100032
0.011774	-0.100032	0.146135
-0.100032	0.146135	-0.004285
0.146135	-0.004285	-0.119229
-0.004285	-0.119229	0.102530
-0.119229	0.102530	0.061552
0.102530	0.061552	-0.079358
