# Principal Component: 22
# Fraction of Variance Captured: 0.00474
-0.065025	-0.128380	0.011012
-0.128380	0.011012	-0.069489
0.011012	-0.069489	-0.118839
-0.069489	-0.118839	-0.006188
-0.118839	-0.006188	-0.033762
-0.006188	-0.033762	-0.099804
-0.033762	-0.099804	0.004369
-0.099804	0.004369	-0.051791
0.004369	-0.051791	-0.085831
-0.051791	-0.085831	-0.005337
-0.085831	-0.005337	-0.014788
-0.005337	-0.014788	-0.072195
-0.014788	-0.072195	-0.001456
-0.072195	-0.001456	-0.020552
-0.001456	-0.020552	-0.044914
-0.020552	-0.044914	-0.017488
-0.044914	-0.017488	0.019139
-0.017488	0.019139	-0.042398
0.019139	-0.042398	-0.024813
-0.042398	-0.024813	0.021143
-0.024813	0.021143	-0.005178
0.021143	-0.005178	-0.038666
-0.005178	-0.038666	0.040774
-0.038666	0.040774	-0.019604
0.040774	-0.019604	0.011436
-0.019604	0.011436	-0.079084
0.011436	-0.079084	-0.074108
-0.079084	-0.074108	-0.057140
-0.074108	-0.057140	-0.055312
-0.057140	-0.055312	0.071493
-0.055312	0.071493	0.052990
0.071493	0.052990	-0.147152
0.052990	-0.147152	-0.051357
-0.147152	-0.051357	-0.013029
-0.051357	-0.013029	0.000158
-0.013029	0.000158	-0.026519
0.000158	-0.026519	0.005443
-0.026519	0.005443	0.039200
0.005443	0.039200	0.024504
0.039200	0.024504	0.002929
0.024504	0.002929	0.090109
0.002929	0.090109	-0.071089
0.090109	-0.071089	-0.060505
-0.071089	-0.060505	0.079510
-0.060505	0.079510	0.044647
0.079510	0.044647	-0.021836
