# Principal Component: 80
# Fraction of Variance Captured: 0.00006
-0.100544	-0.074023	-0.139440
-0.074023	-0.139440	-0.009491
-0.139440	-0.009491	0.062355
-0.009491	0.062355	0.074059
0.062355	0.074059	0.018873
0.074059	0.018873	0.085787
0.018873	0.085787	-0.038692
0.085787	-0.038692	0.039250
-0.038692	0.039250	0.035133
0.039250	0.035133	0.101525
0.035133	0.101525	-0.022997
0.101525	-0.022997	0.140266
-0.022997	0.140266	0.036512
0.140266	0.036512	-0.032748
0.036512	-0.032748	-0.003034
-0.032748	-0.003034	0.090343
-0.003034	0.090343	-0.011239
0.090343	-0.011239	0.011730
-0.011239	0.011730	0.012314
0.011730	0.012314	0.075616
0.012314	0.075616	-0.113492
0.075616	-0.113492	-0.141756
-0.113492	-0.141756	0.093807
-0.141756	0.093807	-0.179666
0.093807	-0.179666	0.085063
-0.179666	0.085063	-0.016688
0.085063	-0.016688	0.080773
-0.016688	0.080773	-0.037152
0.080773	-0.037152	0.007126
-0.037152	0.007126	0.005560
0.007126	0.005560	-0.003149
0.005560	-0.003149	-0.028405
-0.003149	-0.028405	0.059360
-0.028405	0.059360	-0.059217
0.059360	-0.059217	-0.183430
-0.059217	-0.183430	0.168371
-0.183430	0.168371	-0.063631
0.168371	-0.063631	0.082088
-0.063631	0.082088	-0.064508
0.082088	-0.064508	-0.086571
-0.064508	-0.086571	-0.025603
-0.086571	-0.025603	-0.025749
-0.025603	-0.025749	-0.000391
-0.025749	-0.000391	0.019301
-0.000391	0.019301	-0.119042
0.019301	-0.119042	0.010167
