# Principal Component: 36
# Fraction of Variance Captured: 0.00146
0.042275	0.024233	-0.029541
0.024233	-0.029541	0.065555
-0.029541	0.065555	-0.048425
0.065555	-0.048425	-0.040271
-0.048425	-0.040271	0.024107
-0.040271	0.024107	0.022605
0.024107	0.022605	-0.002025
0.022605	-0.002025	0.025453
-0.002025	0.025453	-0.026126
0.025453	-0.026126	-0.014852
-0.026126	-0.014852	-0.001749
-0.014852	-0.001749	0.048899
-0.001749	0.048899	0.029353
0.048899	0.029353	-0.010280
0.029353	-0.010280	0.001203
-0.010280	0.001203	0.014006
0.001203	0.014006	-0.025930
0.014006	-0.025930	0.080693
-0.025930	0.080693	0.066253
0.080693	0.066253	-0.006126
0.066253	-0.006126	0.056304
-0.006126	0.056304	0.074164
0.056304	0.074164	-0.032747
0.074164	-0.032747	-0.015781
-0.032747	-0.015781	-0.197924
-0.015781	-0.197924	0.124916
-0.197924	0.124916	0.041517
0.124916	0.041517	-0.116579
0.041517	-0.116579	-0.287060
-0.116579	-0.287060	-0.090433
-0.287060	-0.090433	0.197770
-0.090433	0.197770	0.059071
0.197770	0.059071	-0.064077
0.059071	-0.064077	-0.047795
-0.064077	-0.047795	0.100189
-0.047795	0.100189	0.000568
0.100189	0.000568	0.021324
0.000568	0.021324	0.114428
0.021324	0.114428	-0.053421
0.114428	-0.053421	-0.059999
-0.053421	-0.059999	0.016569
-0.059999	0.016569	0.036119
0.016569	0.036119	0.032989
0.036119	0.032989	0.006681
0.032989	0.006681	-0.036629
0.006681	-0.036629	-0.014557
