# Principal Component: 137
# Fraction of Variance Captured: 0.00000
0.000000	0.131384	-0.003712
0.131384	-0.003712	0.000023
-0.003712	0.000023	0.135055
0.000023	0.135055	-0.003572
0.135055	-0.003572	-0.000084
-0.003572	-0.000084	0.119388
-0.000084	0.119388	-0.002656
0.119388	-0.002656	-0.000039
-0.002656	-0.000039	0.129421
-0.000039	0.129421	-0.002486
0.129421	-0.002486	-0.000142
-0.002486	-0.000142	0.118638
-0.000142	0.118638	-0.001775
0.118638	-0.001775	-0.000092
-0.001775	-0.000092	0.133588
-0.000092	0.133588	-0.001523
0.133588	-0.001523	-0.000202
-0.001523	-0.000202	0.130116
-0.000202	0.130116	-0.000985
0.130116	-0.000985	-0.000141
-0.000985	-0.000141	0.148792
-0.000141	0.148792	-0.000604
0.148792	-0.000604	-0.000244
-0.000604	-0.000244	0.165364
-0.000244	0.165364	-0.000193
0.165364	-0.000193	0.000010
-0.000193	0.000010	0.161266
0.000010	0.161266	0.000717
0.161266	0.000717	0.000143
0.000717	0.000143	0.154258
0.000143	0.154258	0.001396
0.154258	0.001396	-0.000068
0.001396	-0.000068	0.223488
-0.000068	0.223488	0.000811
0.223488	0.000811	-0.000068
0.000811	-0.000068	0.173079
-0.000068	0.173079	-0.000054
0.173079	-0.000054	-0.000135
-0.000054	-0.000135	0.143670
-0.000135	0.143670	-0.000676
0.143670	-0.000676	-0.000062
-0.000676	-0.000062	0.109664
-0.000062	0.109664	-0.001018
0.109664	-0.001018	-0.000141
-0.001018	-0.000141	0.096854
-0.000141	0.096854	-0.001534
