# Principal Component: 38
# Fraction of Variance Captured: 0.00118
0.027816	-0.012602	0.032185
-0.012602	0.032185	0.000806
0.032185	0.000806	0.005863
0.000806	0.005863	-0.013333
0.005863	-0.013333	-0.006084
-0.013333	-0.006084	0.039918
-0.006084	0.039918	0.028971
0.039918	0.028971	-0.019986
0.028971	-0.019986	0.028692
-0.019986	0.028692	0.000691
0.028692	0.000691	-0.007354
0.000691	-0.007354	0.057500
-0.007354	0.057500	0.051266
0.057500	0.051266	-0.026370
0.051266	-0.026370	0.060332
-0.026370	0.060332	0.026912
0.060332	0.026912	-0.003580
0.026912	-0.003580	0.086083
-0.003580	0.086083	0.077493
0.086083	0.077493	-0.046999
0.077493	-0.046999	0.099078
-0.046999	0.099078	0.081489
0.099078	0.081489	-0.074491
0.081489	-0.074491	-0.050961
-0.074491	-0.050961	-0.094544
-0.050961	-0.094544	-0.018542
-0.094544	-0.018542	-0.009605
-0.018542	-0.009605	-0.036075
-0.009605	-0.036075	0.198165
-0.036075	0.198165	-0.095328
0.198165	-0.095328	0.102432
-0.095328	0.102432	-0.068128
0.102432	-0.068128	-0.136930
-0.068128	-0.136930	-0.025374
-0.136930	-0.025374	-0.125393
-0.025374	-0.125393	0.051190
-0.125393	0.051190	0.061726
0.051190	0.061726	-0.012780
0.061726	-0.012780	-0.044279
-0.012780	-0.044279	-0.016737
-0.044279	-0.016737	-0.008476
-0.016737	-0.008476	0.077485
-0.008476	0.077485	0.030334
0.077485	0.030334	0.033754
0.030334	0.033754	-0.029828
0.033754	-0.029828	-0.044820
