# Principal Component: 4
# Fraction of Variance Captured: 0.09176
0.029076	0.106886	-0.193070
0.106886	-0.193070	-0.094344
-0.193070	-0.094344	-0.020006
-0.094344	-0.020006	-0.148704
-0.020006	-0.148704	0.010904
-0.148704	0.010904	0.121512
0.010904	0.121512	-0.188813
0.121512	-0.188813	-0.127456
-0.188813	-0.127456	-0.015247
-0.127456	-0.015247	-0.138083
-0.015247	-0.138083	-0.007100
-0.138083	-0.007100	0.123433
-0.007100	0.123433	-0.177029
0.123433	-0.177029	-0.154689
-0.177029	-0.154689	-0.016510
-0.154689	-0.016510	-0.128339
-0.016510	-0.128339	-0.025585
-0.128339	-0.025585	0.105571
-0.025585	0.105571	-0.163060
0.105571	-0.163060	-0.170587
-0.163060	-0.170587	-0.024527
-0.170587	-0.024527	-0.119725
-0.024527	-0.119725	-0.033170
-0.119725	-0.033170	0.066054
-0.033170	0.066054	-0.120151
0.066054	-0.120151	-0.117260
-0.120151	-0.117260	-0.018006
-0.117260	-0.018006	-0.093453
-0.018006	-0.093453	-0.036896
-0.093453	-0.036896	0.043190
-0.036896	0.043190	0.014881
0.043190	0.014881	-0.039437
0.014881	-0.039437	0.118286
-0.039437	0.118286	0.147258
0.118286	0.147258	-0.029733
0.147258	-0.029733	0.114769
-0.029733	0.114769	0.181370
0.114769	0.181370	0.004943
0.181370	0.004943	0.073957
0.004943	0.073957	0.165541
0.073957	0.165541	0.027954
0.165541	0.027954	0.040760
0.027954	0.040760	0.126588
0.040760	0.126588	0.093014
0.126588	0.093014	-0.022617
0.093014	-0.022617	0.094577
