# Principal Component: 30
# Fraction of Variance Captured: 0.00223
-0.083582	0.123887	0.092408
0.123887	0.092408	-0.041810
0.092408	-0.041810	0.045375
-0.041810	0.045375	0.038493
0.045375	0.038493	-0.054090
0.038493	-0.054090	0.059454
-0.054090	0.059454	0.076205
0.059454	0.076205	-0.027984
0.076205	-0.027984	0.032391
-0.027984	0.032391	0.030358
0.032391	0.030358	-0.035113
0.030358	-0.035113	0.031076
-0.035113	0.031076	0.056144
0.031076	0.056144	0.002058
0.056144	0.002058	0.030226
0.002058	0.030226	0.014854
0.030226	0.014854	0.021414
0.014854	0.021414	0.016276
0.021414	0.016276	0.031127
0.016276	0.031127	0.084788
0.031127	0.084788	0.073163
0.084788	0.073163	-0.000694
0.073163	-0.000694	0.194393
-0.000694	0.194393	-0.002719
0.194393	-0.002719	-0.190661
-0.002719	-0.190661	0.101465
-0.190661	0.101465	-0.042756
0.101465	-0.042756	-0.252059
-0.042756	-0.252059	-0.137622
-0.252059	-0.137622	0.200670
-0.137622	0.200670	0.102787
0.200670	0.102787	-0.122564
0.102787	-0.122564	-0.133254
-0.122564	-0.133254	0.041670
-0.133254	0.041670	-0.140842
0.041670	-0.140842	-0.078615
-0.140842	-0.078615	-0.016049
-0.078615	-0.016049	-0.004386
-0.016049	-0.004386	-0.090907
-0.004386	-0.090907	-0.043002
-0.090907	-0.043002	-0.009788
-0.043002	-0.009788	-0.001107
-0.009788	-0.001107	-0.036426
-0.001107	-0.036426	0.044645
-0.036426	0.044645	-0.022901
0.044645	-0.022901	-0.055166
