# Principal Component: 104
# Fraction of Variance Captured: 0.00001
0.018443	0.006421	0.029505
0.006421	0.029505	-0.036224
0.029505	-0.036224	0.008543
-0.036224	0.008543	-0.180562
0.008543	-0.180562	-0.178940
-0.180562	-0.178940	0.101739
-0.178940	0.101739	-0.179072
0.101739	-0.179072	-0.006412
-0.179072	-0.006412	-0.095782
-0.006412	-0.095782	0.123210
-0.095782	0.123210	-0.010204
0.123210	-0.010204	-0.054589
-0.010204	-0.054589	-0.055286
-0.054589	-0.055286	0.116493
-0.055286	0.116493	0.089894
0.116493	0.089894	0.164550
0.089894	0.164550	0.176500
0.164550	0.176500	-0.075042
0.176500	-0.075042	0.201809
-0.075042	0.201809	-0.073056
0.201809	-0.073056	-0.003407
-0.073056	-0.003407	-0.091994
-0.003407	-0.091994	-0.031559
-0.091994	-0.031559	0.038221
-0.031559	0.038221	-0.023532
0.038221	-0.023532	-0.002474
-0.023532	-0.002474	0.005181
-0.002474	0.005181	0.002181
0.005181	0.002181	-0.010827
0.002181	-0.010827	-0.001308
-0.010827	-0.001308	-0.008081
-0.001308	-0.008081	0.015208
-0.008081	0.015208	-0.009143
0.015208	-0.009143	0.011254
-0.009143	0.011254	0.010907
0.011254	0.010907	0.033198
0.010907	0.033198	-0.031460
0.033198	-0.031460	-0.121163
-0.031460	-0.121163	-0.049627
-0.121163	-0.049627	-0.014308
-0.049627	-0.014308	0.186588
-0.014308	0.186588	-0.086344
0.186588	-0.086344	0.085260
-0.086344	0.085260	-0.010297
0.085260	-0.010297	0.123919
-0.010297	0.123919	-0.015682
