# Principal Component: 45
# Fraction of Variance Captured: 0.00069
-0.061459	-0.005107	0.047916
-0.005107	0.047916	0.029086
0.047916	0.029086	-0.042954
0.029086	-0.042954	-0.006963
-0.042954	-0.006963	-0.050087
-0.006963	-0.050087	-0.007427
-0.050087	-0.007427	0.035100
-0.007427	0.035100	0.001078
0.035100	0.001078	-0.038562
0.001078	-0.038562	-0.005658
-0.038562	-0.005658	-0.067097
-0.005658	-0.067097	-0.028098
-0.067097	-0.028098	0.025199
-0.028098	0.025199	-0.023487
0.025199	-0.023487	-0.044403
-0.023487	-0.044403	0.002820
-0.044403	0.002820	-0.059231
0.002820	-0.059231	-0.044939
-0.059231	-0.044939	0.021574
-0.044939	0.021574	-0.000449
0.021574	-0.000449	0.008808
-0.000449	0.008808	0.011094
0.008808	0.011094	0.186904
0.011094	0.186904	0.031928
0.186904	0.031928	-0.079061
0.031928	-0.079061	-0.166340
-0.079061	-0.166340	0.091893
-0.166340	0.091893	0.093151
0.091893	0.093151	-0.041147
0.093151	-0.041147	0.004917
-0.041147	0.004917	-0.000049
0.004917	-0.000049	0.276870
-0.000049	0.276870	-0.094316
0.276870	-0.094316	-0.178304
-0.094316	-0.178304	-0.098998
-0.178304	-0.098998	0.147282
-0.098998	0.147282	0.145841
0.147282	0.145841	-0.053920
0.145841	-0.053920	0.099660
-0.053920	0.099660	0.083920
0.099660	0.083920	-0.071829
0.083920	-0.071829	0.046186
-0.071829	0.046186	0.061680
0.046186	0.061680	0.021092
0.061680	0.021092	-0.032307
0.021092	-0.032307	-0.039261
