# Principal Component: 7
# Fraction of Variance Captured: 0.04484
-0.117424	-0.150001	0.006429
-0.150001	0.006429	0.220388
0.006429	0.220388	0.266460
0.220388	0.266460	-0.038822
0.266460	-0.038822	-0.150423
-0.038822	-0.150423	-0.178562
-0.150423	-0.178562	0.022217
-0.178562	0.022217	0.233849
0.022217	0.233849	0.280218
0.233849	0.280218	-0.038701
0.280218	-0.038701	-0.165798
-0.038701	-0.165798	-0.173160
-0.165798	-0.173160	0.027077
-0.173160	0.027077	0.230751
0.027077	0.230751	0.274998
0.230751	0.274998	-0.032634
0.274998	-0.032634	-0.183026
-0.032634	-0.183026	-0.160243
-0.183026	-0.160243	0.031850
-0.160243	0.031850	0.198679
0.031850	0.198679	0.237970
0.198679	0.237970	-0.012736
0.237970	-0.012736	-0.204681
-0.012736	-0.204681	-0.127507
-0.204681	-0.127507	0.021923
-0.127507	0.021923	-0.062989
0.021923	-0.062989	0.028012
-0.062989	0.028012	-0.034028
0.028012	-0.034028	-0.000921
-0.034028	-0.000921	-0.000237
-0.000921	-0.000237	0.072756
-0.000237	0.072756	-0.053078
0.072756	-0.053078	0.016248
-0.053078	0.016248	0.027218
0.016248	0.027218	0.022114
0.027218	0.022114	0.028696
0.022114	0.028696	0.005608
0.028696	0.005608	0.041006
0.005608	0.041006	0.036967
0.041006	0.036967	0.011647
0.036967	0.011647	0.073413
0.011647	0.073413	-0.014097
0.073413	-0.014097	-0.038547
-0.014097	-0.038547	0.053895
-0.038547	0.053895	0.003117
0.053895	0.003117	-0.029493
