# Principal Component: 53
# Fraction of Variance Captured: 0.00037
-0.226161	-0.012708	0.190230
-0.012708	0.190230	0.163499
0.190230	0.163499	0.039911
0.163499	0.039911	-0.083613
0.039911	-0.083613	0.108382
-0.083613	0.108382	0.005815
0.108382	0.005815	-0.060269
0.005815	-0.060269	0.064081
-0.060269	0.064081	0.052916
0.064081	0.052916	-0.030093
0.052916	-0.030093	0.030341
-0.030093	0.030341	-0.013912
0.030341	-0.013912	-0.028294
-0.013912	-0.028294	-0.049003
-0.028294	-0.049003	0.027487
-0.049003	0.027487	0.008774
0.027487	0.008774	-0.078095
0.008774	-0.078095	-0.096126
-0.078095	-0.096126	-0.019378
-0.096126	-0.019378	-0.237606
-0.019378	-0.237606	-0.115384
-0.237606	-0.115384	0.013191
-0.115384	0.013191	0.133282
0.013191	0.133282	0.032094
0.133282	0.032094	0.034473
0.032094	0.034473	0.044690
0.034473	0.044690	-0.038570
0.044690	-0.038570	-0.029329
-0.038570	-0.029329	-0.015704
-0.029329	-0.015704	-0.011137
-0.015704	-0.011137	0.041580
-0.011137	0.041580	-0.004530
0.041580	-0.004530	0.077369
-0.004530	0.077369	-0.113374
0.077369	-0.113374	-0.078602
-0.113374	-0.078602	0.060476
-0.078602	0.060476	-0.059862
0.060476	-0.059862	-0.042324
-0.059862	-0.042324	-0.033895
-0.042324	-0.033895	-0.041582
-0.033895	-0.041582	-0.095053
-0.041582	-0.095053	-0.034803
-0.095053	-0.034803	-0.007990
-0.034803	-0.007990	0.066658
-0.007990	0.066658	-0.090157
0.066658	-0.090157	0.010459
