# Principal Component: 106
# Fraction of Variance Captured: 0.00001
0.039752	0.018540	0.025406
0.018540	0.025406	0.098727
0.025406	0.098727	-0.164630
0.098727	-0.164630	0.178591
-0.164630	0.178591	-0.083271
0.178591	-0.083271	0.041248
-0.083271	0.041248	-0.037258
0.041248	-0.037258	0.036846
-0.037258	0.036846	0.188378
0.036846	0.188378	-0.105662
0.188378	-0.105662	-0.043236
-0.105662	-0.043236	-0.029662
-0.043236	-0.029662	-0.109722
-0.029662	-0.109722	-0.132562
-0.109722	-0.132562	0.013983
-0.132562	0.013983	-0.100764
0.013983	-0.100764	0.091070
-0.100764	0.091070	-0.027113
0.091070	-0.027113	0.097733
-0.027113	0.097733	0.032284
0.097733	0.032284	-0.076462
0.032284	-0.076462	0.056328
-0.076462	0.056328	-0.004939
0.056328	-0.004939	-0.007514
-0.004939	-0.007514	-0.000820
-0.007514	-0.000820	-0.006267
-0.000820	-0.006267	0.009839
-0.006267	0.009839	-0.017134
0.009839	-0.017134	0.001684
-0.017134	0.001684	-0.001276
0.001684	-0.001276	-0.004625
-0.001276	-0.004625	0.001800
-0.004625	0.001800	-0.016287
0.001800	-0.016287	0.019494
-0.016287	0.019494	0.007735
0.019494	0.007735	0.018493
0.007735	0.018493	-0.019134
0.018493	-0.019134	-0.156101
-0.019134	-0.156101	0.028197
-0.156101	0.028197	-0.088629
0.028197	-0.088629	0.081177
-0.088629	0.081177	0.040928
0.081177	0.040928	-0.021863
0.040928	-0.021863	0.249185
-0.021863	0.249185	0.028267
0.249185	0.028267	0.031167
