# Principal Component: 107
# Fraction of Variance Captured: 0.00001
0.026897	0.021992	0.018586
0.021992	0.018586	-0.123497
0.018586	-0.123497	-0.023485
-0.123497	-0.023485	-0.100123
-0.023485	-0.100123	-0.085090
-0.100123	-0.085090	-0.055295
-0.085090	-0.055295	-0.061372
-0.055295	-0.061372	0.206708
-0.061372	0.206708	0.040110
0.206708	0.040110	-0.022010
0.040110	-0.022010	-0.034825
-0.022010	-0.034825	0.037884
-0.034825	0.037884	-0.046043
0.037884	-0.046043	-0.057476
-0.046043	-0.057476	-0.012112
-0.057476	-0.012112	0.236814
-0.012112	0.236814	0.101653
0.236814	0.101653	0.005605
0.101653	0.005605	0.083707
0.005605	0.083707	-0.017615
0.083707	-0.017615	-0.010992
-0.017615	-0.010992	-0.094894
-0.010992	-0.094894	-0.011132
-0.094894	-0.011132	-0.002512
-0.011132	-0.002512	-0.004092
-0.002512	-0.004092	-0.000197
-0.004092	-0.000197	0.003404
-0.000197	0.003404	0.001217
0.003404	0.001217	0.012013
0.001217	0.012013	0.000128
0.012013	0.000128	0.005890
0.000128	0.005890	-0.018938
0.005890	-0.018938	0.029499
-0.018938	0.029499	-0.030673
0.029499	-0.030673	-0.015490
-0.030673	-0.015490	-0.070171
-0.015490	-0.070171	0.037850
-0.070171	0.037850	0.134270
0.037850	0.134270	0.077549
0.134270	0.077549	0.053180
0.077549	0.053180	-0.213271
0.053180	-0.213271	0.067141
-0.213271	0.067141	-0.106092
0.067141	-0.106092	0.091562
-0.106092	0.091562	-0.089249
0.091562	-0.089249	-0.024947
