# Principal Component: 100
# Fraction of Variance Captured: 0.00001
-0.016651	-0.012980	-0.018791
-0.012980	-0.018791	-0.096186
-0.018791	-0.096186	0.146352
-0.096186	0.146352	0.092038
0.146352	0.092038	-0.091693
0.092038	-0.091693	0.066755
-0.091693	0.066755	0.029564
0.066755	0.029564	0.163693
0.029564	0.163693	-0.132732
0.163693	-0.132732	-0.014233
-0.132732	-0.014233	0.066409
-0.014233	0.066409	-0.006100
0.066409	-0.006100	-0.091823
-0.006100	-0.091823	0.034574
-0.091823	0.034574	-0.246992
0.034574	-0.246992	0.003355
-0.246992	0.003355	0.036244
0.003355	0.036244	-0.096218
0.036244	-0.096218	0.064069
-0.096218	0.064069	-0.099564
0.064069	-0.099564	0.290763
-0.099564	0.290763	-0.055071
0.290763	-0.055071	-0.038042
-0.055071	-0.038042	0.107346
-0.038042	0.107346	-0.046878
0.107346	-0.046878	0.044503
-0.046878	0.044503	-0.092114
0.044503	-0.092114	0.057214
-0.092114	0.057214	0.018909
0.057214	0.018909	0.000931
0.018909	0.000931	-0.000866
0.000931	-0.000866	-0.017697
-0.000866	-0.017697	0.026703
-0.017697	0.026703	-0.048955
0.026703	-0.048955	0.004011
-0.048955	0.004011	0.141349
0.004011	0.141349	-0.002382
0.141349	-0.002382	0.102393
-0.002382	0.102393	-0.232065
0.102393	-0.232065	0.115961
-0.232065	0.115961	-0.011117
0.115961	-0.011117	0.036481
-0.011117	0.036481	-0.104920
0.036481	-0.104920	0.007663
-0.104920	0.007663	-0.055295
0.007663	-0.055295	0.156779
