# Principal Component: 109
# Fraction of Variance Captured: 0.00000
0.008378	-0.001481	0.006245
-0.001481	0.006245	0.038572
0.006245	0.038572	-0.011754
0.038572	-0.011754	0.033000
-0.011754	0.033000	0.060730
0.033000	0.060730	-0.008435
0.060730	-0.008435	-0.077165
-0.008435	-0.077165	-0.097859
-0.077165	-0.097859	-0.005051
-0.097859	-0.005051	0.035473
-0.005051	0.035473	-0.042321
0.035473	-0.042321	-0.006685
-0.042321	-0.006685	0.090034
-0.006685	0.090034	0.055651
0.090034	0.055651	0.032163
0.055651	0.032163	-0.123938
0.032163	-0.123938	-0.026932
-0.123938	-0.026932	0.031375
-0.026932	0.031375	-0.027594
0.031375	-0.027594	0.003562
-0.027594	0.003562	-0.005355
0.003562	-0.005355	0.053238
-0.005355	0.053238	0.014050
0.053238	0.014050	-0.016368
0.014050	-0.016368	0.015831
-0.016368	0.015831	0.002192
0.015831	0.002192	-0.006025
0.002192	-0.006025	0.004145
-0.006025	0.004145	0.005115
0.004145	0.005115	0.001820
0.005115	0.001820	-0.003752
0.001820	-0.003752	-0.000979
-0.003752	-0.000979	-0.000622
-0.000979	-0.000622	-0.009647
-0.000622	-0.009647	-0.000437
-0.009647	-0.000437	0.081480
-0.000437	0.081480	-0.032542
0.081480	-0.032542	0.094748
-0.032542	0.094748	-0.102321
0.094748	-0.102321	0.014144
-0.102321	0.014144	-0.135784
0.014144	-0.135784	-0.038220
-0.135784	-0.038220	0.026387
-0.038220	0.026387	-0.010769
0.026387	-0.010769	0.143611
-0.010769	0.143611	-0.025264
