# Principal Component: 105
# Fraction of Variance Captured: 0.00001
0.000599	0.017218	0.016928
0.017218	0.016928	-0.156437
0.016928	-0.156437	0.050376
-0.156437	0.050376	-0.208292
0.050376	-0.208292	0.037440
-0.208292	0.037440	-0.173283
0.037440	-0.173283	0.202339
-0.173283	0.202339	0.263854
0.202339	0.263854	0.073459
0.263854	0.073459	-0.016597
0.073459	-0.016597	0.077434
-0.016597	0.077434	0.008417
0.077434	0.008417	-0.141910
0.008417	-0.141910	-0.142177
-0.141910	-0.142177	-0.121981
-0.142177	-0.121981	0.342749
-0.121981	0.342749	-0.120110
0.342749	-0.120110	0.184230
-0.120110	0.184230	-0.065810
0.184230	-0.065810	0.015631
-0.065810	0.015631	-0.010922
0.015631	-0.010922	-0.145966
-0.010922	-0.145966	0.025695
-0.145966	0.025695	-0.061958
0.025695	-0.061958	0.023819
-0.061958	0.023819	-0.009882
0.023819	-0.009882	0.034600
-0.009882	0.034600	-0.020653
0.034600	-0.020653	0.001735
-0.020653	0.001735	-0.001135
0.001735	-0.001135	0.006121
-0.001135	0.006121	-0.001904
0.006121	-0.001904	-0.001386
-0.001904	-0.001386	0.001246
-0.001386	0.001246	-0.010397
0.001246	-0.010397	-0.086313
-0.010397	-0.086313	0.026974
-0.086313	0.026974	-0.013855
0.026974	-0.013855	0.063876
-0.013855	0.063876	-0.052020
0.063876	-0.052020	0.037958
-0.052020	0.037958	0.042514
0.037958	0.042514	0.025704
0.042514	0.025704	-0.045499
0.025704	-0.045499	-0.106112
-0.045499	-0.106112	0.009430
