# Principal Component: 73
# Fraction of Variance Captured: 0.00009
0.060448	0.084889	0.151966
0.084889	0.151966	0.003414
0.151966	0.003414	0.045707
0.003414	0.045707	0.021704
0.045707	0.021704	0.097395
0.021704	0.097395	-0.214573
0.097395	-0.214573	0.106218
-0.214573	0.106218	-0.088799
0.106218	-0.088799	0.085179
-0.088799	0.085179	-0.013116
0.085179	-0.013116	0.042606
-0.013116	0.042606	-0.115469
0.042606	-0.115469	0.072890
-0.115469	0.072890	-0.078484
0.072890	-0.078484	0.083054
-0.078484	0.083054	-0.067224
0.083054	-0.067224	0.020463
-0.067224	0.020463	0.053555
0.020463	0.053555	-0.015126
0.053555	-0.015126	0.004933
-0.015126	0.004933	-0.043528
0.004933	-0.043528	-0.148167
-0.043528	-0.148167	-0.114289
-0.148167	-0.114289	0.288798
-0.114289	0.288798	-0.121147
0.288798	-0.121147	0.053347
-0.121147	0.053347	-0.197270
0.053347	-0.197270	0.148374
-0.197270	0.148374	-0.012453
0.148374	-0.012453	0.008776
-0.012453	0.008776	0.012038
0.008776	0.012038	0.054409
0.012038	0.054409	-0.004188
0.054409	-0.004188	-0.049356
-0.004188	-0.049356	-0.102616
-0.049356	-0.102616	-0.009910
-0.102616	-0.009910	-0.039390
-0.009910	-0.039390	0.156712
-0.039390	0.156712	0.148665
0.156712	0.148665	0.077063
0.148665	0.077063	-0.141221
0.077063	-0.141221	-0.154410
-0.141221	-0.154410	-0.077682
-0.154410	-0.077682	0.159011
-0.077682	0.159011	0.133384
0.159011	0.133384	0.077438
