# Principal Component: 122
# Fraction of Variance Captured: 0.00000
-0.003081	-0.000442	0.000863
-0.000442	0.000863	-0.074155
0.000863	-0.074155	0.043472
-0.074155	0.043472	0.231776
0.043472	0.231776	0.068636
0.231776	0.068636	-0.008067
0.068636	-0.008067	-0.076827
-0.008067	-0.076827	0.287159
-0.076827	0.287159	-0.193637
0.287159	-0.193637	-0.232191
-0.193637	-0.232191	-0.157262
-0.232191	-0.157262	0.035544
-0.157262	0.035544	0.101549
0.035544	0.101549	-0.248978
0.101549	-0.248978	0.203522
-0.248978	0.203522	-0.063521
0.203522	-0.063521	0.103580
-0.063521	0.103580	-0.041210
0.103580	-0.041210	-0.023240
-0.041210	-0.023240	0.043194
-0.023240	0.043194	-0.068048
0.043194	-0.068048	0.070898
-0.068048	0.070898	-0.006111
0.070898	-0.006111	0.011468
-0.006111	0.011468	-0.002569
0.011468	-0.002569	-0.004846
-0.002569	-0.004846	0.009612
-0.004846	0.009612	-0.007457
0.009612	-0.007457	0.001964
-0.007457	0.001964	-0.000433
0.001964	-0.000433	0.002322
-0.000433	0.002322	0.002236
0.002322	0.002236	-0.000622
0.002236	-0.000622	0.001346
-0.000622	0.001346	-0.018495
0.001346	-0.018495	0.014631
-0.018495	0.014631	-0.020054
0.014631	-0.020054	0.027509
-0.020054	0.027509	0.026878
0.027509	0.026878	-0.024881
0.026878	-0.024881	0.007179
-0.024881	0.007179	-0.120522
0.007179	-0.120522	0.131235
-0.120522	0.131235	-0.028438
0.131235	-0.028438	0.048593
-0.028438	0.048593	-0.026777
