# Principal Component: 131
# Fraction of Variance Captured: 0.00000
-0.001408	0.000295	-0.001800
0.000295	-0.001800	-0.010367
-0.001800	-0.010367	-0.019584
-0.010367	-0.019584	-0.011483
-0.019584	-0.011483	-0.018367
-0.011483	-0.018367	0.021324
-0.018367	0.021324	-0.039565
0.021324	-0.039565	-0.008013
-0.039565	-0.008013	0.034280
-0.008013	0.034280	-0.012834
0.034280	-0.012834	0.012883
-0.012834	0.012883	-0.026532
0.012883	-0.026532	0.050868
-0.026532	0.050868	0.025493
0.050868	0.025493	-0.016515
0.025493	-0.016515	0.034018
-0.016515	0.034018	0.005279
0.034018	0.005279	0.007889
0.005279	0.007889	-0.011125
0.007889	-0.011125	-0.007424
-0.011125	-0.007424	0.000974
-0.007424	0.000974	-0.009891
0.000974	-0.009891	0.001100
-0.009891	0.001100	-0.003188
0.001100	-0.003188	0.000767
-0.003188	0.000767	0.001478
0.000767	0.001478	-0.000636
0.001478	-0.000636	-0.002405
-0.000636	-0.002405	-0.000891
-0.002405	-0.000891	-0.001302
-0.000891	-0.001302	-0.001808
-0.001302	-0.001808	0.000631
-0.001808	0.000631	-0.000382
0.000631	-0.000382	-0.003454
-0.000382	-0.003454	0.004531
-0.003454	0.004531	-0.001508
0.004531	-0.001508	0.000511
-0.001508	0.000511	-0.006303
0.000511	-0.006303	-0.015919
-0.006303	-0.015919	0.000680
-0.015919	0.000680	-0.000952
0.000680	-0.000952	0.029350
-0.000952	0.029350	-0.028087
0.029350	-0.028087	0.009625
-0.028087	0.009625	0.012741
0.009625	0.012741	0.004604
