# Principal Component: 101
# Fraction of Variance Captured: 0.00001
-0.081645	-0.023174	-0.116161
-0.023174	-0.116161	-0.111479
-0.116161	-0.111479	-0.030126
-0.111479	-0.030126	0.064211
-0.030126	0.064211	0.344098
0.064211	0.344098	0.043946
0.344098	0.043946	0.273110
0.043946	0.273110	0.012039
0.273110	0.012039	0.077884
0.012039	0.077884	-0.088199
0.077884	-0.088199	0.071180
-0.088199	0.071180	-0.039957
0.071180	-0.039957	0.021978
-0.039957	0.021978	-0.087828
0.021978	-0.087828	-0.034931
-0.087828	-0.034931	-0.195063
-0.034931	-0.195063	-0.353104
-0.195063	-0.353104	0.096142
-0.353104	0.096142	-0.169769
0.096142	-0.169769	0.137904
-0.169769	0.137904	0.032334
0.137904	0.032334	0.148822
0.032334	0.148822	0.074332
0.148822	0.074332	-0.102151
0.074332	-0.102151	0.051197
-0.102151	0.051197	-0.008262
0.051197	-0.008262	0.012895
-0.008262	0.012895	-0.005013
0.012895	-0.005013	0.007642
-0.005013	0.007642	0.003950
0.007642	0.003950	-0.002442
0.003950	-0.002442	-0.010395
-0.002442	-0.010395	0.014647
-0.010395	0.014647	-0.014035
0.014647	-0.014035	0.014190
-0.014035	0.014190	-0.007026
0.014190	-0.007026	0.017357
-0.007026	0.017357	0.040576
0.017357	0.040576	-0.025712
0.040576	-0.025712	0.090815
-0.025712	0.090815	0.027314
0.090815	0.027314	-0.015638
0.027314	-0.015638	-0.043810
-0.015638	-0.043810	-0.074964
-0.043810	-0.074964	0.003602
-0.074964	0.003602	0.002874
