# Principal Component: 138
# Fraction of Variance Captured: 0.00000
0.000000	0.003271	-0.139282
0.003271	-0.139282	0.000602
-0.139282	0.000602	0.002769
0.000602	0.002769	-0.157005
0.002769	-0.157005	0.001369
-0.157005	0.001369	0.001329
0.001369	0.001329	-0.131115
0.001329	-0.131115	0.001722
-0.131115	0.001722	0.000920
0.001722	0.000920	-0.151626
0.000920	-0.151626	0.002601
-0.151626	0.002601	-0.000254
0.002601	-0.000254	-0.127856
-0.000254	-0.127856	0.002806
-0.127856	0.002806	-0.000822
0.002806	-0.000822	-0.150686
-0.000822	-0.150686	0.003845
-0.150686	0.003845	-0.001992
0.003845	-0.001992	-0.128257
-0.001992	-0.128257	0.003990
-0.128257	0.003990	-0.002851
0.003990	-0.002851	-0.152921
-0.002851	-0.152921	0.005617
-0.152921	0.005617	-0.004577
0.005617	-0.004577	-0.136910
-0.004577	-0.136910	0.006798
-0.136910	0.006798	-0.004847
0.006798	-0.004847	-0.200232
-0.004847	-0.200232	0.006762
-0.200232	0.006762	-0.006031
0.006762	-0.006031	-0.234004
-0.006031	-0.234004	0.007532
-0.234004	0.007532	-0.010632
0.007532	-0.010632	-0.248518
-0.010632	-0.248518	0.004760
-0.248518	0.004760	-0.008138
0.004760	-0.008138	-0.187906
-0.008138	-0.187906	0.002937
-0.187906	0.002937	-0.005060
0.002937	-0.005060	-0.149674
-0.005060	-0.149674	0.002645
-0.149674	0.002645	-0.003839
0.002645	-0.003839	-0.146182
-0.003839	-0.146182	0.002305
-0.146182	0.002305	-0.002207
0.002305	-0.002207	-0.136454
