# Principal Component: 56
# Fraction of Variance Captured: 0.00031
-0.002010	-0.081386	-0.053151
-0.081386	-0.053151	-0.047540
-0.053151	-0.047540	-0.047076
-0.047540	-0.047076	0.021012
-0.047076	0.021012	-0.036103
0.021012	-0.036103	-0.028038
-0.036103	-0.028038	-0.004527
-0.028038	-0.004527	-0.028880
-0.004527	-0.028880	-0.030791
-0.028880	-0.030791	0.020171
-0.030791	0.020171	-0.001965
0.020171	-0.001965	0.032187
-0.001965	0.032187	0.011166
0.032187	0.011166	0.012840
0.011166	0.012840	0.035933
0.012840	0.035933	-0.007240
0.035933	-0.007240	0.065096
-0.007240	0.065096	0.117774
0.065096	0.117774	0.022726
0.117774	0.022726	0.101358
0.022726	0.101358	0.110177
0.101358	0.110177	-0.033996
0.110177	-0.033996	-0.033646
-0.033996	-0.033646	-0.063600
-0.033646	-0.063600	0.019762
-0.063600	0.019762	0.051922
0.019762	0.051922	-0.109243
0.051922	-0.109243	0.061800
-0.109243	0.061800	-0.109110
0.061800	-0.109110	0.041257
-0.109110	0.041257	-0.013939
0.041257	-0.013939	0.103866
-0.013939	0.103866	0.084662
0.103866	0.084662	-0.120377
0.084662	-0.120377	0.048625
-0.120377	0.048625	-0.029149
0.048625	-0.029149	-0.000802
-0.029149	-0.000802	-0.188553
-0.000802	-0.188553	0.008331
-0.188553	0.008331	0.118269
0.008331	0.118269	-0.044646
0.118269	-0.044646	-0.056183
-0.044646	-0.056183	0.045860
-0.056183	0.045860	0.057099
0.045860	0.057099	-0.104959
0.057099	-0.104959	0.051890
