# Principal Component: 20
# Fraction of Variance Captured: 0.00576
-0.060667	0.098617	0.046434
0.098617	0.046434	-0.069746
0.046434	-0.069746	0.004994
-0.069746	0.004994	0.030501
0.004994	0.030501	-0.039908
0.030501	-0.039908	0.048225
-0.039908	0.048225	0.026340
0.048225	0.026340	-0.040986
0.026340	-0.040986	-0.030476
-0.040986	-0.030476	0.000874
-0.030476	0.000874	-0.010866
0.000874	-0.010866	0.006026
-0.010866	0.006026	-0.007938
0.006026	-0.007938	-0.004885
-0.007938	-0.004885	-0.066895
-0.004885	-0.066895	-0.034901
-0.066895	-0.034901	0.015614
-0.034901	0.015614	-0.024748
0.015614	-0.024748	-0.040177
-0.024748	-0.040177	0.033962
-0.040177	0.033962	-0.079325
0.033962	-0.079325	-0.055445
-0.079325	-0.055445	0.011936
-0.055445	0.011936	-0.075051
0.011936	-0.075051	-0.103892
-0.075051	-0.103892	0.036291
-0.103892	0.036291	-0.078814
0.036291	-0.078814	-0.034782
-0.078814	-0.034782	0.012010
-0.034782	0.012010	0.052486
0.012010	0.052486	0.154834
0.052486	0.154834	0.001091
0.154834	0.001091	-0.045602
0.001091	-0.045602	0.063660
-0.045602	0.063660	-0.045347
0.063660	-0.045347	-0.067447
-0.045347	-0.067447	-0.011779
-0.067447	-0.011779	0.058375
-0.011779	0.058375	-0.087382
0.058375	-0.087382	-0.043934
-0.087382	-0.043934	0.061951
-0.043934	0.061951	0.022661
0.061951	0.022661	-0.016473
0.022661	-0.016473	0.104638
-0.016473	0.104638	0.002448
0.104638	0.002448	-0.046391
