# Principal Component: 54
# Fraction of Variance Captured: 0.00035
0.088453	-0.033835	0.132018
-0.033835	0.132018	-0.056145
0.132018	-0.056145	0.063404
-0.056145	0.063404	-0.093877
0.063404	-0.093877	0.018168
-0.093877	0.018168	0.075866
0.018168	0.075866	0.014243
0.075866	0.014243	-0.080278
0.014243	-0.080278	0.013245
-0.080278	0.013245	-0.070587
0.013245	-0.070587	0.009416
-0.070587	0.009416	-0.014963
0.009416	-0.014963	0.012160
-0.014963	0.012160	-0.090349
0.012160	-0.090349	-0.012344
-0.090349	-0.012344	-0.044930
-0.012344	-0.044930	0.042257
-0.044930	0.042257	-0.074231
0.042257	-0.074231	0.023641
-0.074231	0.023641	0.016839
0.023641	0.016839	0.012407
0.016839	0.012407	-0.056383
0.012407	-0.056383	-0.037002
-0.056383	-0.037002	-0.157645
-0.037002	-0.157645	0.052087
-0.157645	0.052087	0.018551
0.052087	0.018551	-0.014322
0.018551	-0.014322	-0.012386
-0.014322	-0.012386	0.045176
-0.012386	0.045176	-0.001802
0.045176	-0.001802	0.008569
-0.001802	0.008569	-0.015553
0.008569	-0.015553	-0.120234
-0.015553	-0.120234	0.056379
-0.120234	0.056379	-0.176026
0.056379	-0.176026	0.090123
-0.176026	0.090123	-0.089220
0.090123	-0.089220	0.143787
-0.089220	0.143787	0.050823
0.143787	0.050823	-0.032743
0.050823	-0.032743	0.044352
-0.032743	0.044352	0.103243
0.044352	0.103243	-0.023102
0.103243	-0.023102	-0.049514
-0.023102	-0.049514	0.001323
-0.049514	0.001323	-0.048546
