# Principal Component: 120
# Fraction of Variance Captured: 0.00000
-0.004924	0.003847	-0.010495
0.003847	-0.010495	-0.106547
-0.010495	-0.106547	0.009601
-0.106547	0.009601	-0.057139
0.009601	-0.057139	0.143385
-0.057139	0.143385	0.009939
0.143385	0.009939	-0.007771
0.009939	-0.007771	0.169333
-0.007771	0.169333	-0.095128
0.169333	-0.095128	0.149249
-0.095128	0.149249	-0.228481
0.149249	-0.228481	-0.024148
-0.228481	-0.024148	0.017458
-0.024148	0.017458	-0.068693
0.017458	-0.068693	0.133036
-0.068693	0.133036	-0.168822
0.133036	-0.168822	0.111289
-0.168822	0.111289	0.008384
0.111289	0.008384	0.020949
0.008384	0.020949	-0.011622
0.020949	-0.011622	-0.043720
-0.011622	-0.043720	0.058944
-0.043720	0.058944	-0.002769
0.058944	-0.002769	0.000137
-0.002769	0.000137	-0.000634
0.000137	-0.000634	0.001371
-0.000634	0.001371	0.000857
0.001371	0.000857	-0.004095
0.000857	-0.004095	-0.000031
-0.004095	-0.000031	-0.002095
-0.000031	-0.002095	-0.002656
-0.002095	-0.002656	0.000483
-0.002656	0.000483	-0.002100
0.000483	-0.002100	-0.000624
-0.002100	-0.000624	-0.029030
-0.000624	-0.029030	-0.020120
-0.029030	-0.020120	-0.002107
-0.020120	-0.002107	0.011620
-0.002107	0.011620	0.097178
0.011620	0.097178	-0.033085
0.097178	-0.033085	0.014156
-0.033085	0.014156	-0.056930
0.014156	-0.056930	0.048745
-0.056930	0.048745	0.007980
0.048745	0.007980	-0.133345
0.007980	-0.133345	0.081717
