# Principal Component: 136
# Fraction of Variance Captured: 0.00000
0.000000	0.161869	0.081213
0.161869	0.081213	0.000579
0.081213	0.000579	0.137397
0.000579	0.137397	0.065368
0.137397	0.065368	0.005781
0.065368	0.005781	0.092093
0.005781	0.092093	0.040369
0.092093	0.040369	0.005078
0.040369	0.005078	0.073359
0.005078	0.073359	0.021638
0.073359	0.021638	0.010401
0.021638	0.010401	0.038445
0.010401	0.038445	0.004254
0.038445	0.004254	0.009215
0.004254	0.009215	0.016350
0.009215	0.016350	-0.019319
0.016350	-0.019319	0.015124
-0.019319	0.015124	-0.015049
0.015124	-0.015049	-0.030006
-0.015049	-0.030006	0.013423
-0.030006	0.013423	-0.046196
0.013423	-0.046196	-0.060283
-0.046196	-0.060283	0.020404
-0.060283	0.020404	-0.087859
0.020404	-0.087859	-0.069251
-0.087859	-0.069251	0.014606
-0.069251	0.014606	-0.108495
0.014606	-0.108495	-0.145773
-0.108495	-0.145773	0.010149
-0.145773	0.010149	-0.117840
0.010149	-0.117840	-0.198537
-0.117840	-0.198537	0.018801
-0.198537	0.018801	-0.173525
0.018801	-0.173525	-0.183609
-0.173525	-0.183609	0.012704
-0.183609	0.012704	-0.102510
0.012704	-0.102510	-0.111395
-0.102510	-0.111395	0.010918
-0.111395	0.010918	-0.057319
0.010918	-0.057319	-0.058666
-0.057319	-0.058666	0.007859
-0.058666	0.007859	-0.020072
0.007859	-0.020072	-0.044173
-0.020072	-0.044173	0.009724
-0.044173	0.009724	0.002899
0.009724	0.002899	-0.013728
