# Principal Component: 34
# Fraction of Variance Captured: 0.00159
0.005257	-0.109419	0.019618
-0.109419	0.019618	-0.006447
0.019618	-0.006447	-0.093038
-0.006447	-0.093038	-0.015511
-0.093038	-0.015511	0.002583
-0.015511	0.002583	0.037665
0.002583	0.037665	0.012754
0.037665	0.012754	0.025035
0.012754	0.025035	-0.045213
0.025035	-0.045213	-0.014501
-0.045213	-0.014501	0.017535
-0.014501	0.017535	0.100421
0.017535	0.100421	0.024783
0.100421	0.024783	0.052680
0.024783	0.052680	0.001967
0.052680	0.001967	-0.001884
0.001967	-0.001884	0.023415
-0.001884	0.023415	0.169135
0.023415	0.169135	0.037877
0.169135	0.037877	0.071100
0.037877	0.071100	0.041489
0.071100	0.041489	0.063177
0.041489	0.063177	-0.090293
0.063177	-0.090293	-0.067489
-0.090293	-0.067489	-0.465293
-0.067489	-0.465293	-0.153178
-0.465293	-0.153178	0.156609
-0.153178	0.156609	0.154168
0.156609	0.154168	-0.075040
0.154168	-0.075040	-0.250294
-0.075040	-0.250294	0.115526
-0.250294	0.115526	0.108685
0.115526	0.108685	0.008638
0.108685	0.008638	0.062102
0.008638	0.062102	-0.042770
0.062102	-0.042770	-0.157277
-0.042770	-0.157277	-0.109819
-0.157277	-0.109819	-0.016621
-0.109819	-0.016621	-0.082712
-0.016621	-0.082712	-0.020785
-0.082712	-0.020785	-0.001599
-0.020785	-0.001599	-0.076628
-0.001599	-0.076628	-0.049162
-0.076628	-0.049162	-0.006476
-0.049162	-0.006476	0.107525
-0.006476	0.107525	0.089709
