# Principal Component: 26
# Fraction of Variance Captured: 0.00334
0.035194	0.088864	-0.051611
0.088864	-0.051611	0.075993
-0.051611	0.075993	0.075830
0.075993	0.075830	-0.038706
0.075830	-0.038706	-0.007328
-0.038706	-0.007328	0.048249
-0.007328	0.048249	-0.023532
0.048249	-0.023532	0.029777
-0.023532	0.029777	0.040911
0.029777	0.040911	-0.014014
0.040911	-0.014014	-0.046321
-0.014014	-0.046321	0.018012
-0.046321	0.018012	0.010452
0.018012	0.010452	-0.009465
0.010452	-0.009465	0.005041
-0.009465	0.005041	0.005510
0.005041	0.005510	-0.080527
0.005510	-0.080527	-0.020184
-0.080527	-0.020184	0.026721
-0.020184	0.026721	-0.028402
0.026721	-0.028402	-0.035067
-0.028402	-0.035067	0.017204
-0.035067	0.017204	-0.064435
0.017204	-0.064435	-0.047738
-0.064435	-0.047738	-0.022435
-0.047738	-0.022435	0.057817
-0.022435	0.057817	0.026729
0.057817	0.026729	0.067373
0.026729	0.067373	-0.092135
0.067373	-0.092135	-0.201331
-0.092135	-0.201331	-0.030497
-0.201331	-0.030497	0.130308
-0.030497	0.130308	0.055085
0.130308	0.055085	0.085332
0.055085	0.085332	-0.098587
0.085332	-0.098587	-0.041375
-0.098587	-0.041375	-0.044100
-0.041375	-0.044100	-0.002962
-0.044100	-0.002962	-0.079465
-0.002962	-0.079465	-0.037680
-0.079465	-0.037680	-0.059986
-0.037680	-0.059986	0.059494
-0.059986	0.059494	-0.000508
0.059494	-0.000508	0.006149
-0.000508	0.006149	-0.010899
0.006149	-0.010899	-0.016185
