# Principal Component: 42
# Fraction of Variance Captured: 0.00097
0.156636	0.159984	-0.162631
0.159984	-0.162631	0.074543
-0.162631	0.074543	0.049131
0.074543	0.049131	-0.027539
0.049131	-0.027539	0.028419
-0.027539	0.028419	-0.023147
0.028419	-0.023147	-0.072067
-0.023147	-0.072067	0.036160
-0.072067	0.036160	-0.010931
0.036160	-0.010931	-0.034264
-0.010931	-0.034264	0.002303
-0.034264	0.002303	-0.077119
0.002303	-0.077119	-0.056816
-0.077119	-0.056816	0.006596
-0.056816	0.006596	-0.074299
0.006596	-0.074299	-0.023657
-0.074299	-0.023657	-0.050924
-0.023657	-0.050924	-0.111005
-0.050924	-0.111005	-0.020706
-0.111005	-0.020706	-0.040671
-0.020706	-0.040671	-0.107023
-0.040671	-0.107023	0.026952
-0.107023	0.026952	-0.173909
0.026952	-0.173909	-0.054047
-0.173909	-0.054047	0.152895
-0.054047	0.152895	0.191909
0.152895	0.191909	-0.107316
0.191909	-0.107316	-0.087510
-0.107316	-0.087510	-0.170156
-0.087510	-0.170156	0.077421
-0.170156	0.077421	-0.038252
0.077421	-0.038252	0.048943
-0.038252	0.048943	0.007737
0.048943	0.007737	0.140895
0.007737	0.140895	0.002441
0.140895	0.002441	-0.142274
0.002441	-0.142274	-0.080451
-0.142274	-0.080451	0.173044
-0.080451	0.173044	-0.056566
0.173044	-0.056566	-0.010265
-0.056566	-0.010265	0.041601
-0.010265	0.041601	-0.017076
0.041601	-0.017076	-0.018056
-0.017076	-0.018056	0.034647
-0.018056	0.034647	0.080383
0.034647	0.080383	0.037986
