# Principal Component: 1
# Fraction of Variance Captured: 0.24253
0.106194	0.005956	0.037927
0.005956	0.037927	0.102561
0.037927	0.102561	-0.002093
0.102561	-0.002093	0.040160
-0.002093	0.040160	0.083750
0.040160	0.083750	-0.026111
0.083750	-0.026111	0.050376
-0.026111	0.050376	0.077007
0.050376	0.077007	-0.031119
0.077007	-0.031119	0.050577
-0.031119	0.050577	0.057507
0.050577	0.057507	-0.057939
0.057507	-0.057939	0.060574
-0.057939	0.060574	0.042885
0.060574	0.042885	-0.059160
0.042885	-0.059160	0.057712
-0.059160	0.057712	0.026766
0.057712	0.026766	-0.086523
0.026766	-0.086523	0.066793
-0.086523	0.066793	0.006472
0.066793	0.006472	-0.083723
0.006472	-0.083723	0.060756
-0.083723	0.060756	-0.010404
0.060756	-0.010404	-0.100211
-0.010404	-0.100211	0.062395
-0.100211	0.062395	-0.019033
0.062395	-0.019033	-0.093067
-0.019033	-0.093067	0.062146
-0.093067	0.062146	0.008523
0.062146	0.008523	-0.067843
0.008523	-0.067843	0.083536
-0.067843	0.083536	0.010896
0.083536	0.010896	-0.043348
0.010896	-0.043348	0.084322
-0.043348	0.084322	0.003168
0.084322	0.003168	-0.064392
0.003168	-0.064392	0.096531
-0.064392	0.096531	0.033297
0.096531	0.033297	-0.089423
0.033297	-0.089423	0.112685
-0.089423	0.112685	0.043580
0.112685	0.043580	-0.085559
0.043580	-0.085559	0.108153
-0.085559	0.108153	0.086989
0.108153	0.086989	-0.104426
0.086989	-0.104426	0.112953
