# Principal Component: 128
# Fraction of Variance Captured: 0.00000
-0.002373	0.005252	0.001133
0.005252	0.001133	-0.041367
0.001133	-0.041367	-0.013363
-0.041367	-0.013363	-0.135083
-0.013363	-0.135083	-0.001725
-0.135083	-0.001725	0.034868
-0.001725	0.034868	0.052532
0.034868	0.052532	0.131129
0.052532	0.131129	-0.002207
0.131129	-0.002207	0.339464
-0.002207	0.339464	-0.019471
0.339464	-0.019471	-0.075533
-0.019471	-0.075533	-0.088574
-0.075533	-0.088574	-0.107809
-0.088574	-0.107809	0.030888
-0.107809	0.030888	-0.251263
0.030888	-0.251263	0.016582
-0.251263	0.016582	0.050209
0.016582	0.050209	0.019773
0.050209	0.019773	0.031426
0.019773	0.031426	-0.026466
0.031426	-0.026466	0.059104
-0.026466	0.059104	0.004674
0.059104	0.004674	-0.006080
0.004674	-0.006080	0.006874
-0.006080	0.006874	0.002050
0.006874	0.002050	0.002071
0.002050	0.002071	-0.007680
0.002071	-0.007680	0.006954
-0.007680	0.006954	-0.000055
0.006954	-0.000055	-0.002756
-0.000055	-0.002756	0.000937
-0.002756	0.000937	-0.000993
0.000937	-0.000993	-0.001694
-0.000993	-0.001694	-0.005419
-0.001694	-0.005419	0.014162
-0.005419	0.014162	-0.007940
0.014162	-0.007940	0.002463
-0.007940	0.002463	0.025976
0.002463	0.025976	-0.007377
0.025976	-0.007377	0.014729
-0.007377	0.014729	-0.019000
0.014729	-0.019000	-0.000819
-0.019000	-0.000819	0.056708
-0.000819	0.056708	-0.071512
0.056708	-0.071512	0.062264
