# Principal Component: 111
# Fraction of Variance Captured: 0.00000
0.017972	0.013847	0.032772
0.013847	0.032772	0.024227
0.032772	0.024227	-0.072572
0.024227	-0.072572	0.121392
-0.072572	0.121392	-0.021889
0.121392	-0.021889	-0.059773
-0.021889	-0.059773	-0.020030
-0.059773	-0.020030	0.111961
-0.020030	0.111961	0.135686
0.111961	0.135686	-0.037187
0.135686	-0.037187	-0.053694
-0.037187	-0.053694	0.083168
-0.053694	0.083168	0.021113
0.083168	0.021113	-0.157106
0.021113	-0.157106	-0.073574
-0.157106	-0.073574	-0.127090
-0.073574	-0.127090	0.043542
-0.127090	0.043542	-0.035688
0.043542	-0.035688	-0.043976
-0.035688	-0.043976	0.033342
-0.043976	0.033342	-0.010140
0.033342	-0.010140	0.071750
-0.010140	0.071750	-0.011030
0.071750	-0.011030	0.010172
-0.011030	0.010172	0.000059
0.010172	0.000059	-0.011466
0.000059	-0.011466	0.012082
-0.011466	0.012082	-0.003074
0.012082	-0.003074	-0.002163
-0.003074	-0.002163	-0.001179
-0.002163	-0.001179	0.006070
-0.001179	0.006070	-0.008718
0.006070	-0.008718	0.010978
-0.008718	0.010978	-0.002739
0.010978	-0.002739	0.038920
-0.002739	0.038920	-0.084193
0.038920	-0.084193	0.050624
-0.084193	0.050624	0.024565
0.050624	0.024565	0.058637
0.024565	0.058637	0.106818
0.058637	0.106818	-0.041587
0.106818	-0.041587	0.100239
-0.041587	0.100239	-0.172667
0.100239	-0.172667	-0.089696
-0.172667	-0.089696	-0.242313
-0.089696	-0.242313	-0.080616
