# Principal Component: 61
# Fraction of Variance Captured: 0.00023
0.043652	0.045017	0.178133
0.045017	0.178133	0.137786
0.178133	0.137786	-0.150091
0.137786	-0.150091	0.079036
-0.150091	0.079036	0.109699
0.079036	0.109699	-0.060293
0.109699	-0.060293	0.057184
-0.060293	0.057184	0.019118
0.057184	0.019118	-0.080094
0.019118	-0.080094	0.052093
-0.080094	0.052093	0.041061
0.052093	0.041061	-0.077827
0.041061	-0.077827	0.003836
-0.077827	0.003836	-0.055423
0.003836	-0.055423	-0.036676
-0.055423	-0.036676	-0.047456
-0.036676	-0.047456	-0.016557
-0.047456	-0.016557	-0.121219
-0.016557	-0.121219	-0.105329
-0.121219	-0.105329	-0.113092
-0.105329	-0.113092	0.058321
-0.113092	0.058321	-0.164739
0.058321	-0.164739	-0.091159
-0.164739	-0.091159	-0.028114
-0.091159	-0.028114	-0.006298
-0.028114	-0.006298	-0.079213
-0.006298	-0.079213	0.258935
-0.079213	0.258935	-0.139658
0.258935	-0.139658	-0.006617
-0.139658	-0.006617	-0.010534
-0.006617	-0.010534	0.006902
-0.010534	0.006902	-0.002525
0.006902	-0.002525	0.036350
-0.002525	0.036350	-0.020874
0.036350	-0.020874	-0.012995
-0.020874	-0.012995	-0.031947
-0.012995	-0.031947	-0.130050
-0.031947	-0.130050	0.008141
-0.130050	0.008141	-0.022911
0.008141	-0.022911	0.129541
-0.022911	0.129541	0.036326
0.129541	0.036326	0.069717
0.036326	0.069717	0.139218
0.069717	0.139218	-0.002861
0.139218	-0.002861	-0.032431
-0.002861	-0.032431	0.077836
