# Principal Component: 8
# Fraction of Variance Captured: 0.02875
0.081295	-0.007466	-0.064030
-0.007466	-0.064030	0.040886
-0.064030	0.040886	0.093374
0.040886	0.093374	0.011312
0.093374	0.011312	0.100185
0.011312	0.100185	-0.018011
0.100185	-0.018011	-0.084881
-0.018011	-0.084881	0.050871
-0.084881	0.050871	0.074522
0.050871	0.074522	0.005729
0.074522	0.005729	0.109580
0.005729	0.109580	-0.042933
0.109580	-0.042933	-0.092770
-0.042933	-0.092770	0.055280
-0.092770	0.055280	0.049728
0.055280	0.049728	0.000407
0.049728	0.000407	0.115021
0.000407	0.115021	-0.061098
0.115021	-0.061098	-0.102321
-0.061098	-0.102321	0.058776
-0.102321	0.058776	0.015050
0.058776	0.015050	-0.007682
0.015050	-0.007682	0.099605
-0.007682	0.099605	-0.095216
0.099605	-0.095216	-0.144949
-0.095216	-0.144949	0.062904
-0.144949	0.062904	-0.036424
0.062904	-0.036424	-0.030681
-0.036424	-0.030681	0.035015
-0.030681	0.035015	0.058015
0.035015	0.058015	0.080839
0.058015	0.080839	0.031763
0.080839	0.031763	0.139799
0.031763	0.139799	0.081149
0.139799	0.081149	0.054022
0.081149	0.054022	0.097481
0.054022	0.097481	0.031919
0.097481	0.031919	0.064485
0.031919	0.064485	0.147274
0.064485	0.147274	0.059825
0.147274	0.059825	0.104614
0.059825	0.104614	0.097371
0.104614	0.097371	-0.002437
0.097371	-0.002437	0.076406
-0.002437	0.076406	0.170289
0.076406	0.170289	0.029700
