# Principal Component: 32
# Fraction of Variance Captured: 0.00185
0.064108	-0.130225	-0.063596
-0.130225	-0.063596	-0.011927
-0.063596	-0.011927	-0.046746
-0.011927	-0.046746	-0.035165
-0.046746	-0.035165	0.052047
-0.035165	0.052047	-0.021026
0.052047	-0.021026	-0.049271
-0.021026	-0.049271	0.014966
-0.049271	0.014966	0.009264
0.014966	0.009264	-0.035205
0.009264	-0.035205	0.067724
-0.035205	0.067724	0.033716
0.067724	0.033716	-0.051045
0.033716	-0.051045	0.033027
-0.051045	0.033027	0.039263
0.033027	0.039263	-0.031744
0.039263	-0.031744	0.079937
-0.031744	0.079937	0.048018
0.079937	0.048018	-0.036649
0.048018	-0.036649	0.021166
-0.036649	0.021166	0.057454
0.021166	0.057454	-0.020715
0.057454	-0.020715	0.079385
-0.020715	0.079385	0.151401
0.079385	0.151401	0.201123
0.151401	0.201123	-0.021341
0.201123	-0.021341	0.023476
-0.021341	0.023476	-0.078812
0.023476	-0.078812	0.176768
-0.078812	0.176768	0.030765
0.176768	0.030765	0.090274
0.030765	0.090274	-0.039704
0.090274	-0.039704	-0.026737
-0.039704	-0.026737	0.056077
-0.026737	0.056077	-0.015773
0.056077	-0.015773	-0.031603
-0.015773	-0.031603	0.024727
-0.031603	0.024727	0.050089
0.024727	0.050089	0.017463
0.050089	0.017463	0.047866
0.017463	0.047866	0.045408
0.047866	0.045408	-0.028146
0.045408	-0.028146	0.004552
-0.028146	0.004552	0.031858
0.004552	0.031858	0.025102
0.031858	0.025102	0.002410
