# Principal Component: 76
# Fraction of Variance Captured: 0.00008
0.030455	0.082867	0.010470
0.082867	0.010470	-0.050860
0.010470	-0.050860	-0.123875
-0.050860	-0.123875	-0.099716
-0.123875	-0.099716	-0.024308
-0.099716	-0.024308	-0.217347
-0.024308	-0.217347	0.199683
-0.217347	0.199683	0.065443
0.199683	0.065443	0.020226
0.065443	0.020226	-0.137563
0.020226	-0.137563	0.120685
-0.137563	0.120685	-0.009270
0.120685	-0.009270	0.089882
-0.009270	0.089882	0.117888
0.089882	0.117888	0.213944
0.117888	0.213944	-0.132951
0.213944	-0.132951	0.089464
-0.132951	0.089464	0.073422
0.089464	0.073422	-0.005522
0.073422	-0.005522	-0.335197
-0.005522	-0.335197	0.124176
-0.335197	0.124176	-0.001196
0.124176	-0.001196	-0.007096
-0.001196	-0.007096	0.040995
-0.007096	0.040995	-0.027259
0.040995	-0.027259	0.046063
-0.027259	0.046063	-0.062133
0.046063	-0.062133	0.052572
-0.062133	0.052572	-0.033037
0.052572	-0.033037	-0.001556
-0.033037	-0.001556	-0.029847
-0.001556	-0.029847	0.016510
-0.029847	0.016510	-0.088523
0.016510	-0.088523	0.138768
-0.088523	0.138768	0.035562
0.138768	0.035562	0.079646
0.035562	0.079646	-0.029524
0.079646	-0.029524	-0.104978
-0.029524	-0.104978	-0.062925
-0.104978	-0.062925	-0.068490
-0.062925	-0.068490	-0.078097
-0.068490	-0.078097	0.137617
-0.078097	0.137617	-0.075034
0.137617	-0.075034	0.031353
-0.075034	0.031353	-0.008970
0.031353	-0.008970	-0.079278
