# Principal Component: 62
# Fraction of Variance Captured: 0.00023
0.071114	-0.003036	0.074596
-0.003036	0.074596	0.068916
0.074596	0.068916	0.059420
0.068916	0.059420	-0.017801
0.059420	-0.017801	0.064097
-0.017801	0.064097	0.046058
0.064097	0.046058	-0.050103
0.046058	-0.050103	0.004500
-0.050103	0.004500	0.003323
0.004500	0.003323	-0.005678
0.003323	-0.005678	0.007641
-0.005678	0.007641	-0.014648
0.007641	-0.014648	-0.023793
-0.014648	-0.023793	-0.045639
-0.023793	-0.045639	-0.058019
-0.045639	-0.058019	-0.011436
-0.058019	-0.011436	-0.018797
-0.011436	-0.018797	-0.040058
-0.018797	-0.040058	-0.000282
-0.040058	-0.000282	0.009766
-0.000282	0.009766	-0.026895
0.009766	-0.026895	-0.014461
-0.026895	-0.014461	-0.046505
-0.014461	-0.046505	-0.027683
-0.046505	-0.027683	-0.030379
-0.027683	-0.030379	-0.022923
-0.030379	-0.022923	0.065392
-0.022923	0.065392	-0.053332
0.065392	-0.053332	0.008344
-0.053332	0.008344	-0.010909
0.008344	-0.010909	0.010299
-0.010909	0.010299	0.011620
0.010299	0.011620	-0.016296
0.011620	-0.016296	-0.020644
-0.016296	-0.020644	-0.091405
-0.020644	-0.091405	0.031766
-0.091405	0.031766	-0.203696
0.031766	-0.203696	-0.007196
-0.203696	-0.007196	0.057314
-0.007196	0.057314	0.096934
0.057314	0.096934	0.097123
0.096934	0.097123	0.081531
0.097123	0.081531	0.002097
0.081531	0.002097	-0.015319
0.002097	-0.015319	-0.018285
-0.015319	-0.018285	0.035549
