# Principal Component: 31
# Fraction of Variance Captured: 0.00194
0.115624	0.049281	-0.093622
0.049281	-0.093622	0.070716
-0.093622	0.070716	-0.007163
0.070716	-0.007163	-0.035282
-0.007163	-0.035282	0.077930
-0.035282	0.077930	0.028332
0.077930	0.028332	-0.054946
0.028332	-0.054946	0.045392
-0.054946	0.045392	-0.011092
0.045392	-0.011092	-0.016649
-0.011092	-0.016649	0.067436
-0.016649	0.067436	0.029996
0.067436	0.029996	-0.038187
0.029996	-0.038187	0.027669
-0.038187	0.027669	-0.023930
0.027669	-0.023930	-0.009799
-0.023930	-0.009799	0.028951
-0.009799	0.028951	0.030765
0.028951	0.030765	-0.025423
0.030765	-0.025423	-0.060044
-0.025423	-0.060044	-0.057582
-0.060044	-0.057582	0.033882
-0.057582	0.033882	-0.229566
0.033882	-0.229566	-0.204239
-0.229566	-0.204239	-0.173121
-0.204239	-0.173121	-0.068507
-0.173121	-0.068507	-0.097956
-0.068507	-0.097956	0.106064
-0.097956	0.106064	0.369108
0.106064	0.369108	-0.102808
0.369108	-0.102808	-0.104751
-0.102808	-0.104751	-0.194797
-0.104751	-0.194797	-0.121228
-0.194797	-0.121228	0.003793
-0.121228	0.003793	-0.169894
0.003793	-0.169894	-0.059620
-0.169894	-0.059620	0.080048
-0.059620	0.080048	-0.115767
0.080048	-0.115767	-0.042190
-0.115767	-0.042190	0.053284
-0.042190	0.053284	-0.057821
0.053284	-0.057821	-0.075714
-0.057821	-0.075714	0.010484
-0.075714	0.010484	0.054673
0.010484	0.054673	-0.004130
0.054673	-0.004130	-0.000600
