# Principal Component: 113
# Fraction of Variance Captured: 0.00000
0.025064	0.025935	0.042745
0.025935	0.042745	-0.023537
0.042745	-0.023537	-0.099667
-0.023537	-0.099667	-0.052361
-0.099667	-0.052361	-0.016604
-0.052361	-0.016604	-0.217040
-0.016604	-0.217040	-0.166430
-0.217040	-0.166430	-0.032858
-0.166430	-0.032858	0.361459
-0.032858	0.361459	0.106663
0.361459	0.106663	-0.071070
0.106663	-0.071070	0.331584
-0.071070	0.331584	0.215354
0.331584	0.215354	0.082108
0.215354	0.082108	-0.395555
0.082108	-0.395555	-0.123735
-0.395555	-0.123735	0.061770
-0.123735	0.061770	-0.154756
0.061770	-0.154756	-0.089096
-0.154756	-0.089096	-0.032645
-0.089096	-0.032645	0.138690
-0.032645	0.138690	0.057236
0.138690	0.057236	-0.000360
0.057236	-0.000360	0.005375
-0.000360	0.005375	-0.005402
0.005375	-0.005402	0.008041
-0.005402	0.008041	-0.012826
0.008041	-0.012826	0.013803
-0.012826	0.013803	-0.000752
0.013803	-0.000752	0.000970
-0.000752	0.000970	-0.000400
0.000970	-0.000400	0.005169
-0.000400	0.005169	-0.012475
0.005169	-0.012475	0.014606
-0.012475	0.014606	-0.018890
0.014606	-0.018890	0.044630
-0.018890	0.044630	-0.036192
0.044630	-0.036192	-0.025660
-0.036192	-0.025660	0.072443
-0.025660	0.072443	-0.062132
0.072443	-0.062132	0.053225
-0.062132	0.053225	-0.169800
0.053225	-0.169800	0.166596
-0.169800	0.166596	0.076489
0.166596	0.076489	0.017705
0.076489	0.017705	0.040123
