# Principal Component: 118
# Fraction of Variance Captured: 0.00000
-0.016183	-0.017465	-0.024888
-0.017465	-0.024888	-0.026226
-0.024888	-0.026226	-0.035043
-0.026226	-0.035043	0.114379
-0.035043	0.114379	0.038813
0.114379	0.038813	0.211156
0.038813	0.211156	-0.081910
0.211156	-0.081910	0.005503
-0.081910	0.005503	-0.027218
0.005503	-0.027218	-0.127925
-0.027218	-0.127925	-0.020900
-0.127925	-0.020900	-0.298183
-0.020900	-0.298183	0.142558
-0.298183	0.142558	0.073300
0.142558	0.073300	0.067317
0.073300	0.067317	0.047484
0.067317	0.047484	0.001265
0.047484	0.001265	0.119665
0.001265	0.119665	-0.041127
0.119665	-0.041127	-0.055810
-0.041127	-0.055810	-0.001924
-0.055810	-0.001924	-0.035462
-0.001924	-0.035462	0.002722
-0.035462	0.002722	-0.010847
0.002722	-0.010847	0.007854
-0.010847	0.007854	0.001812
0.007854	0.001812	-0.000051
0.001812	-0.000051	0.002563
-0.000051	0.002563	-0.001966
0.002563	-0.001966	0.002002
-0.001966	0.002002	0.005222
0.002002	0.005222	0.000097
0.005222	0.000097	0.003240
0.000097	0.003240	-0.001629
0.003240	-0.001629	-0.006794
-0.001629	-0.006794	-0.048382
-0.006794	-0.048382	0.015695
-0.048382	0.015695	0.030608
0.015695	0.030608	0.054651
0.030608	0.054651	0.020142
0.054651	0.020142	-0.046658
0.020142	-0.046658	0.011604
-0.046658	0.011604	-0.026140
0.011604	-0.026140	0.001356
-0.026140	0.001356	-0.062957
0.001356	-0.062957	-0.108348
