# Principal Component: 50
# Fraction of Variance Captured: 0.00051
0.117063	0.007970	-0.094279
0.007970	-0.094279	0.002167
-0.094279	0.002167	0.045165
0.002167	0.045165	-0.014738
0.045165	-0.014738	-0.039901
-0.014738	-0.039901	0.009317
-0.039901	0.009317	0.058184
0.009317	0.058184	-0.000841
0.058184	-0.000841	0.037860
-0.000841	0.037860	0.004907
0.037860	0.004907	-0.070018
0.004907	-0.070018	0.012467
-0.070018	0.012467	0.080922
0.012467	0.080922	-0.020868
0.080922	-0.020868	0.014097
-0.020868	0.014097	-0.000238
0.014097	-0.000238	-0.081063
-0.000238	-0.081063	-0.018000
-0.081063	-0.018000	0.079842
-0.018000	0.079842	-0.035214
0.079842	-0.035214	-0.050861
-0.035214	-0.050861	-0.018106
-0.050861	-0.018106	0.148110
-0.018106	0.148110	-0.011331
0.148110	-0.011331	-0.075572
-0.011331	-0.075572	-0.013062
-0.075572	-0.013062	-0.060330
-0.013062	-0.060330	0.063074
-0.060330	0.063074	0.056110
0.063074	0.056110	-0.028286
0.056110	-0.028286	0.020739
-0.028286	0.020739	-0.116477
0.020739	-0.116477	0.102903
-0.116477	0.102903	-0.065096
0.102903	-0.065096	-0.013248
-0.065096	-0.013248	-0.019991
-0.013248	-0.019991	-0.280215
-0.019991	-0.280215	-0.128908
-0.280215	-0.128908	0.033287
-0.128908	0.033287	0.003137
0.033287	0.003137	0.035085
0.003137	0.035085	0.050985
0.035085	0.050985	-0.105959
0.050985	-0.105959	0.062300
-0.105959	0.062300	0.112920
0.062300	0.112920	0.107788
