# Principal Component: 72
# Fraction of Variance Captured: 0.00010
-0.024126	-0.029410	0.000200
-0.029410	0.000200	0.161845
0.000200	0.161845	-0.000730
0.161845	-0.000730	-0.046363
-0.000730	-0.046363	0.025485
-0.046363	0.025485	0.071254
0.025485	0.071254	-0.127834
0.071254	-0.127834	-0.016513
-0.127834	-0.016513	-0.063571
-0.016513	-0.063571	0.041234
-0.063571	0.041234	-0.101869
0.041234	-0.101869	0.015634
-0.101869	0.015634	-0.062562
0.015634	-0.062562	-0.108249
-0.062562	-0.108249	-0.077824
-0.108249	-0.077824	0.094463
-0.077824	0.094463	-0.026720
0.094463	-0.026720	0.079392
-0.026720	0.079392	-0.027988
0.079392	-0.027988	0.120834
-0.027988	0.120834	0.118713
0.120834	0.118713	0.115660
0.118713	0.115660	0.030118
0.115660	0.030118	-0.045938
0.030118	-0.045938	0.044330
-0.045938	0.044330	0.006563
0.044330	0.006563	-0.074944
0.006563	-0.074944	0.065536
-0.074944	0.065536	0.011205
0.065536	0.011205	0.003968
0.011205	0.003968	-0.009064
0.003968	-0.009064	-0.016502
-0.009064	-0.016502	-0.010166
-0.016502	-0.010166	0.062743
-0.010166	0.062743	0.106737
0.062743	0.106737	-0.008572
0.106737	-0.008572	0.001504
-0.008572	0.001504	-0.096097
0.001504	-0.096097	0.001176
-0.096097	0.001176	-0.061035
0.001176	-0.061035	0.030938
-0.061035	0.030938	0.084655
0.030938	0.084655	0.044783
0.084655	0.044783	-0.000446
0.044783	-0.000446	0.000390
-0.000446	0.000390	-0.054307
