# Principal Component: 119
# Fraction of Variance Captured: 0.00000
-0.006660	-0.000612	0.000653
-0.000612	0.000653	-0.042664
0.000653	-0.042664	0.114533
-0.042664	0.114533	-0.073810
0.114533	-0.073810	0.046075
-0.073810	0.046075	-0.236210
0.046075	-0.236210	-0.047454
-0.236210	-0.047454	0.045933
-0.047454	0.045933	-0.152722
0.045933	-0.152722	-0.016188
-0.152722	-0.016188	-0.006404
-0.016188	-0.006404	0.366481
-0.006404	0.366481	0.176003
0.366481	0.176003	-0.048286
0.176003	-0.048286	0.032103
-0.048286	0.032103	0.020626
0.032103	0.020626	-0.031381
0.020626	-0.031381	-0.152810
-0.031381	-0.152810	-0.113723
-0.152810	-0.113723	0.032776
-0.113723	0.032776	0.014455
0.032776	0.014455	0.057928
0.014455	0.057928	-0.002680
0.057928	-0.002680	0.015557
-0.002680	0.015557	-0.005143
0.015557	-0.005143	0.002162
-0.005143	0.002162	-0.005430
0.002162	-0.005430	0.001258
-0.005430	0.001258	0.001532
0.001258	0.001532	0.000090
0.001532	0.000090	-0.001126
0.000090	-0.001126	0.001770
-0.001126	0.001770	0.000743
0.001770	0.000743	-0.002894
0.000743	-0.002894	0.012413
-0.002894	0.012413	0.018454
0.012413	0.018454	-0.006570
0.018454	-0.006570	0.003869
-0.006570	0.003869	-0.031808
0.003869	-0.031808	0.069227
-0.031808	0.069227	-0.016731
0.069227	-0.016731	-0.035681
-0.016731	-0.035681	-0.032096
-0.035681	-0.032096	0.001847
-0.032096	0.001847	0.033110
0.001847	0.033110	-0.154990
