# Principal Component: 18
# Fraction of Variance Captured: 0.00664
-0.033591	-0.024162	0.065538
-0.024162	0.065538	-0.035992
0.065538	-0.035992	-0.053749
-0.035992	-0.053749	0.031721
-0.053749	0.031721	-0.031731
0.031721	-0.031731	-0.027003
-0.031731	-0.027003	0.066553
-0.027003	0.066553	-0.034857
0.066553	-0.034857	-0.052023
-0.034857	-0.052023	0.031748
-0.052023	0.031748	-0.031558
0.031748	-0.031558	-0.023667
-0.031558	-0.023667	0.065432
-0.023667	0.065432	-0.036284
0.065432	-0.036284	-0.036114
-0.036284	-0.036114	0.036891
-0.036114	0.036891	-0.028460
0.036891	-0.028460	-0.006283
-0.028460	-0.006283	0.061775
-0.006283	0.061775	-0.033414
0.061775	-0.033414	-0.000597
-0.033414	-0.000597	0.040033
-0.000597	0.040033	0.005743
0.040033	0.005743	-0.084226
0.005743	-0.084226	-0.166530
-0.084226	-0.166530	0.056936
-0.166530	0.056936	-0.127188
0.056936	-0.127188	-0.234947
-0.127188	-0.234947	0.269049
-0.234947	0.269049	0.106627
0.269049	0.106627	0.023040
0.106627	0.023040	0.321535
0.023040	0.321535	0.288603
0.321535	0.288603	0.169927
0.288603	0.169927	0.043251
0.169927	0.043251	0.056825
0.043251	0.056825	-0.015597
0.056825	-0.015597	0.039296
-0.015597	0.039296	0.029533
0.039296	0.029533	-0.044612
0.029533	-0.044612	-0.034587
-0.044612	-0.034587	0.084507
-0.034587	0.084507	0.004750
0.084507	0.004750	-0.057610
0.004750	-0.057610	0.006502
-0.057610	0.006502	-0.044249
