# Principal Component: 85
# Fraction of Variance Captured: 0.00004
-0.071651	-0.046895	-0.044671
-0.046895	-0.044671	0.164957
-0.044671	0.164957	0.052556
0.164957	0.052556	0.081064
0.052556	0.081064	0.106673
0.081064	0.106673	-0.015356
0.106673	-0.015356	-0.085155
-0.015356	-0.085155	-0.100421
-0.085155	-0.100421	0.019557
-0.100421	0.019557	0.112948
0.019557	0.112948	-0.050311
0.112948	-0.050311	0.040712
-0.050311	0.040712	0.103506
0.040712	0.103506	-0.136804
0.103506	-0.136804	0.017277
-0.136804	0.017277	0.037457
0.017277	0.037457	0.003556
0.037457	0.003556	0.022505
0.003556	0.022505	0.041322
0.022505	0.041322	0.045530
0.041322	0.045530	-0.044247
0.045530	-0.044247	-0.276231
-0.044247	-0.276231	0.000581
-0.276231	0.000581	-0.012979
0.000581	-0.012979	-0.011682
-0.012979	-0.011682	-0.005273
-0.011682	-0.005273	-0.014550
-0.005273	-0.014550	0.015362
-0.014550	0.015362	0.003791
0.015362	0.003791	0.010692
0.003791	0.010692	0.000265
0.010692	0.000265	-0.014277
0.000265	-0.014277	0.042511
-0.014277	0.042511	-0.041676
0.042511	-0.041676	0.055826
-0.041676	0.055826	-0.074291
0.055826	-0.074291	0.056901
-0.074291	0.056901	0.046901
0.056901	0.046901	-0.076932
0.046901	-0.076932	0.002968
-0.076932	0.002968	-0.040856
0.002968	-0.040856	0.005671
-0.040856	0.005671	0.037210
0.005671	0.037210	0.000411
0.037210	0.000411	0.079417
0.000411	0.079417	-0.019620
