# Principal Component: 67
# Fraction of Variance Captured: 0.00015
-0.034639	-0.007561	0.044640
-0.007561	0.044640	0.027005
0.044640	0.027005	0.103035
0.027005	0.103035	0.040376
0.103035	0.040376	0.057489
0.040376	0.057489	-0.028848
0.057489	-0.028848	-0.097360
-0.028848	-0.097360	-0.054140
-0.097360	-0.054140	0.004285
-0.054140	0.004285	0.065527
0.004285	0.065527	-0.028579
0.065527	-0.028579	-0.031452
-0.028579	-0.031452	-0.028578
-0.031452	-0.028578	-0.056575
-0.028578	-0.056575	-0.015422
-0.056575	-0.015422	0.056772
-0.015422	0.056772	-0.052802
0.056772	-0.052802	0.051858
-0.052802	0.051858	-0.058695
0.051858	-0.058695	0.162877
-0.058695	0.162877	-0.072401
0.162877	-0.072401	-0.059552
-0.072401	-0.059552	-0.064496
-0.059552	-0.064496	0.192181
-0.064496	0.192181	-0.074286
0.192181	-0.074286	0.047892
-0.074286	0.047892	-0.169796
0.047892	-0.169796	0.060348
-0.169796	0.060348	0.019065
0.060348	0.019065	0.031303
0.019065	0.031303	-0.020484
0.031303	-0.020484	0.028342
-0.020484	0.028342	-0.037657
0.028342	-0.037657	-0.008044
-0.037657	-0.008044	-0.140095
-0.008044	-0.140095	0.145459
-0.140095	0.145459	0.130676
0.145459	0.130676	-0.079221
0.130676	-0.079221	0.028077
-0.079221	0.028077	-0.209336
0.028077	-0.209336	0.046249
-0.209336	0.046249	-0.114141
0.046249	-0.114141	-0.282119
-0.114141	-0.282119	-0.007320
-0.282119	-0.007320	0.024042
-0.007320	0.024042	0.035361
