# Principal Component: 102
# Fraction of Variance Captured: 0.00001
-0.022918	-0.029667	-0.027090
-0.029667	-0.027090	0.064749
-0.027090	0.064749	-0.069372
0.064749	-0.069372	0.116131
-0.069372	0.116131	-0.063745
0.116131	-0.063745	0.153206
-0.063745	0.153206	-0.028117
0.153206	-0.028117	-0.088695
-0.028117	-0.088695	-0.022231
-0.088695	-0.022231	0.010758
-0.022231	0.010758	0.074886
0.010758	0.074886	-0.023271
0.074886	-0.023271	-0.108972
-0.023271	-0.108972	0.013350
-0.108972	0.013350	0.035031
0.013350	0.035031	-0.137688
0.035031	-0.137688	0.004412
-0.137688	0.004412	-0.147894
0.004412	-0.147894	0.138857
-0.147894	0.138857	0.033283
0.138857	0.033283	0.040218
0.033283	0.040218	0.054091
0.040218	0.054091	-0.025791
0.054091	-0.025791	0.052299
-0.025791	0.052299	-0.018793
0.052299	-0.018793	0.004043
-0.018793	0.004043	-0.025732
0.004043	-0.025732	0.011752
-0.025732	0.011752	-0.005106
0.011752	-0.005106	-0.000413
-0.005106	-0.000413	0.006442
-0.000413	0.006442	-0.002904
0.006442	-0.002904	0.005065
-0.002904	0.005065	-0.015986
0.005065	-0.015986	-0.029319
-0.015986	-0.029319	0.200012
-0.029319	0.200012	-0.064061
0.200012	-0.064061	0.123740
-0.064061	0.123740	-0.151787
0.123740	-0.151787	0.215242
-0.151787	0.215242	-0.029066
0.215242	-0.029066	-0.140575
-0.029066	-0.140575	-0.045674
-0.140575	-0.045674	-0.212823
-0.045674	-0.212823	-0.083720
-0.212823	-0.083720	-0.003120
