# Principal Component: 88
# Fraction of Variance Captured: 0.00003
0.090985	0.070296	0.114194
0.070296	0.114194	0.035037
0.114194	0.035037	-0.046043
0.035037	-0.046043	0.121453
-0.046043	0.121453	-0.036025
0.121453	-0.036025	-0.052687
-0.036025	-0.052687	-0.045132
-0.052687	-0.045132	0.086949
-0.045132	0.086949	-0.027299
0.086949	-0.027299	0.060742
-0.027299	0.060742	-0.051189
0.060742	-0.051189	-0.026538
-0.051189	-0.026538	-0.102015
-0.026538	-0.102015	0.014075
-0.102015	0.014075	0.039032
0.014075	0.039032	-0.003017
0.039032	-0.003017	-0.073109
-0.003017	-0.073109	0.077141
-0.073109	0.077141	-0.051044
0.077141	-0.051044	-0.121948
-0.051044	-0.121948	0.054553
-0.121948	0.054553	-0.162803
0.054553	-0.162803	0.036143
-0.162803	0.036143	-0.016614
0.036143	-0.016614	0.001144
-0.016614	0.001144	0.044038
0.001144	0.044038	-0.073428
0.044038	-0.073428	0.034845
-0.073428	0.034845	-0.019401
0.034845	-0.019401	0.010383
-0.019401	0.010383	-0.020052
0.010383	-0.020052	0.048435
-0.020052	0.048435	-0.099750
0.048435	-0.099750	0.094891
-0.099750	0.094891	-0.003676
0.094891	-0.003676	0.203432
-0.003676	0.203432	-0.145696
0.203432	-0.145696	0.056866
-0.145696	0.056866	0.004280
0.056866	0.004280	-0.131038
0.004280	-0.131038	-0.120861
-0.131038	-0.120861	-0.093400
-0.120861	-0.093400	0.129316
-0.093400	0.129316	0.008634
0.129316	0.008634	-0.064039
0.008634	-0.064039	0.049933
