# Principal Component: 112
# Fraction of Variance Captured: 0.00000
0.003801	0.005224	0.009124
0.005224	0.009124	-0.019644
0.009124	-0.019644	-0.068053
-0.019644	-0.068053	0.069701
-0.068053	0.069701	-0.057611
0.069701	-0.057611	-0.057136
-0.057611	-0.057136	0.131132
-0.057136	0.131132	0.222567
0.131132	0.222567	0.056015
0.222567	0.056015	-0.113823
0.056015	-0.113823	0.027733
-0.113823	0.027733	0.080582
0.027733	0.080582	-0.281691
0.080582	-0.281691	-0.265736
-0.281691	-0.265736	0.036999
-0.265736	0.036999	0.060345
0.036999	0.060345	0.012252
0.060345	0.012252	-0.047127
0.012252	-0.047127	0.137243
-0.047127	0.137243	0.080420
0.137243	0.080420	-0.048192
0.080420	-0.048192	-0.004952
-0.048192	-0.004952	-0.001507
-0.004952	-0.001507	0.008220
-0.001507	0.008220	-0.007457
0.008220	-0.007457	-0.004228
-0.007457	-0.004228	-0.005404
-0.004228	-0.005404	0.006578
-0.005404	0.006578	0.007346
0.006578	0.007346	0.004010
0.007346	0.004010	0.001434
0.004010	0.001434	-0.007091
0.001434	-0.007091	0.005825
-0.007091	0.005825	0.004519
0.005825	0.004519	0.027960
0.004519	0.027960	-0.000627
0.027960	-0.000627	0.012734
-0.000627	0.012734	-0.031207
0.012734	-0.031207	-0.109563
-0.031207	-0.109563	-0.051665
-0.109563	-0.051665	-0.016245
-0.051665	-0.016245	0.114242
-0.016245	0.114242	-0.012274
0.114242	-0.012274	-0.025488
-0.012274	-0.025488	0.215456
-0.025488	0.215456	0.093724
