# Principal Component: 75
# Fraction of Variance Captured: 0.00008
0.021698	0.005318	0.163236
0.005318	0.163236	0.282267
0.163236	0.282267	-0.002913
0.282267	-0.002913	-0.080824
-0.002913	-0.080824	0.076281
-0.080824	0.076281	0.064614
0.076281	0.064614	-0.164266
0.064614	-0.164266	-0.073289
-0.164266	-0.073289	-0.126676
-0.073289	-0.126676	0.071377
-0.126676	0.071377	-0.145805
0.071377	-0.145805	-0.034894
-0.145805	-0.034894	-0.059933
-0.034894	-0.059933	-0.202717
-0.059933	-0.202717	-0.096626
-0.202717	-0.096626	0.085857
-0.096626	0.085857	-0.079678
0.085857	-0.079678	0.059279
-0.079678	0.059279	-0.079440
0.059279	-0.079440	0.079153
-0.079440	0.079153	0.231649
0.079153	0.231649	0.054924
0.231649	0.054924	-0.020834
0.054924	-0.020834	0.013377
-0.020834	0.013377	0.001292
0.013377	0.001292	-0.008875
0.001292	-0.008875	-0.038988
-0.008875	-0.038988	0.030097
-0.038988	0.030097	0.019351
0.030097	0.019351	0.015426
0.019351	0.015426	-0.038073
0.015426	-0.038073	-0.019891
-0.038073	-0.019891	-0.102954
-0.019891	-0.102954	0.155536
-0.102954	0.155536	0.219630
0.155536	0.219630	-0.015929
0.219630	-0.015929	0.048422
-0.015929	0.048422	-0.087326
0.048422	-0.087326	-0.025178
-0.087326	-0.025178	-0.125494
-0.025178	-0.125494	-0.227800
-0.125494	-0.227800	0.138039
-0.227800	0.138039	-0.082491
0.138039	-0.082491	0.060354
-0.082491	0.060354	0.065337
0.060354	0.065337	-0.061521
