# Principal Component: 98
# Fraction of Variance Captured: 0.00001
-0.005235	-0.018891	-0.004675
-0.018891	-0.004675	0.031738
-0.004675	0.031738	-0.068773
0.031738	-0.068773	0.008591
-0.068773	0.008591	-0.010148
0.008591	-0.010148	0.086254
-0.010148	0.086254	-0.021199
0.086254	-0.021199	0.002239
-0.021199	0.002239	0.038529
0.002239	0.038529	0.015042
0.038529	0.015042	0.010730
0.015042	0.010730	-0.005616
0.010730	-0.005616	-0.057939
-0.005616	-0.057939	-0.052437
-0.057939	-0.052437	0.018097
-0.052437	0.018097	0.061394
0.018097	0.061394	0.020666
0.061394	0.020666	-0.117317
0.020666	-0.117317	0.091797
-0.117317	0.091797	0.029068
0.091797	0.029068	-0.012073
0.029068	-0.012073	-0.068954
-0.012073	-0.068954	-0.027795
-0.068954	-0.027795	0.038468
-0.027795	0.038468	-0.024635
0.038468	-0.024635	0.009224
-0.024635	0.009224	-0.009561
0.009224	-0.009561	0.000472
-0.009561	0.000472	0.017263
0.000472	0.017263	0.005143
0.017263	0.005143	0.000871
0.005143	0.000871	-0.004193
0.000871	-0.004193	0.011346
-0.004193	0.011346	-0.020243
0.011346	-0.020243	0.008514
-0.020243	0.008514	0.145409
0.008514	0.145409	-0.025317
0.145409	-0.025317	0.025083
-0.025317	0.025083	-0.225597
0.025083	-0.225597	0.015183
-0.225597	0.015183	0.022849
0.015183	0.022849	0.060359
0.022849	0.060359	0.000092
0.060359	0.000092	-0.026049
0.000092	-0.026049	0.023235
-0.026049	0.023235	0.058633
