# Principal Component: 11
# Fraction of Variance Captured: 0.01837
0.016771	-0.070051	0.005552
-0.070051	0.005552	-0.011083
0.005552	-0.011083	-0.026789
-0.011083	-0.026789	0.040011
-0.026789	0.040011	0.013519
0.040011	0.013519	-0.030833
0.013519	-0.030833	0.036240
-0.030833	0.036240	-0.010014
0.036240	-0.010014	0.019094
-0.010014	0.019094	0.060859
0.019094	0.060859	0.014439
0.060859	0.014439	0.024298
0.014439	0.024298	0.063072
0.024298	0.063072	-0.008531
0.063072	-0.008531	0.065390
-0.008531	0.065390	0.080915
0.065390	0.080915	0.019608
0.080915	0.019608	0.075261
0.019608	0.075261	0.087844
0.075261	0.087844	0.004264
0.087844	0.004264	0.122930
0.004264	0.122930	0.085903
0.122930	0.085903	0.059203
0.085903	0.059203	0.103115
0.059203	0.103115	0.075402
0.103115	0.075402	-0.184560
0.075402	-0.184560	-0.134502
-0.184560	-0.134502	-0.228548
-0.134502	-0.228548	-0.173814
-0.228548	-0.173814	-0.289157
-0.173814	-0.289157	-0.338186
-0.289157	-0.338186	-0.127569
-0.338186	-0.127569	-0.095695
-0.127569	-0.095695	-0.156838
-0.095695	-0.156838	0.121104
-0.156838	0.121104	0.137456
0.121104	0.137456	0.065994
0.137456	0.065994	0.090678
0.065994	0.090678	0.146107
0.090678	0.146107	0.076870
0.146107	0.076870	0.094028
0.076870	0.094028	0.121799
0.094028	0.121799	0.070424
0.121799	0.070424	0.066071
0.070424	0.066071	0.115843
0.066071	0.115843	0.066821
