# Principal Component: 135
# Fraction of Variance Captured: 0.00000
-0.207968	0.016330	0.016236
0.016330	0.016236	-0.174492
0.016236	-0.174492	0.013799
-0.174492	0.013799	0.011973
0.013799	0.011973	-0.188933
0.011973	-0.188933	0.009182
-0.188933	0.009182	0.006957
0.009182	0.006957	-0.157206
0.006957	-0.157206	0.007226
-0.157206	0.007226	0.002071
0.007226	0.002071	-0.171253
0.002071	-0.171253	0.003666
-0.171253	0.003666	-0.001206
0.003666	-0.001206	-0.146005
-0.001206	-0.146005	0.001352
-0.146005	0.001352	-0.007200
0.001352	-0.007200	-0.161015
-0.007200	-0.161015	-0.001864
-0.161015	-0.001864	-0.008971
-0.001864	-0.008971	-0.141084
-0.008971	-0.141084	-0.005118
-0.141084	-0.005118	-0.016409
-0.005118	-0.016409	-0.168101
-0.016409	-0.168101	-0.009438
-0.168101	-0.009438	-0.017669
-0.009438	-0.017669	-0.174630
-0.017669	-0.174630	-0.011556
-0.174630	-0.011556	-0.033584
-0.011556	-0.033584	-0.151835
-0.033584	-0.151835	-0.012482
-0.151835	-0.012482	-0.038843
-0.012482	-0.038843	-0.166990
-0.038843	-0.166990	-0.018338
-0.166990	-0.018338	-0.032282
-0.018338	-0.032282	-0.115259
-0.032282	-0.115259	-0.010907
-0.115259	-0.010907	-0.016016
-0.010907	-0.016016	-0.088624
-0.016016	-0.088624	-0.006213
-0.088624	-0.006213	-0.010469
-0.006213	-0.010469	-0.085714
-0.010469	-0.085714	-0.002294
-0.085714	-0.002294	-0.003520
-0.002294	-0.003520	-0.098987
-0.003520	-0.098987	0.000085
-0.098987	0.000085	-0.000882
