# Principal Component: 58
# Fraction of Variance Captured: 0.00029
0.034137	0.117040	-0.133560
0.117040	-0.133560	-0.102918
-0.133560	-0.102918	-0.017943
-0.102918	-0.017943	0.080573
-0.017943	0.080573	-0.059338
0.080573	-0.059338	-0.020802
-0.059338	-0.020802	0.090135
-0.020802	0.090135	-0.055820
0.090135	-0.055820	0.022024
-0.055820	0.022024	0.042394
0.022024	0.042394	-0.032460
0.042394	-0.032460	0.012743
-0.032460	0.012743	0.055500
0.012743	0.055500	-0.004197
0.055500	-0.004197	0.057183
-0.004197	0.057183	-0.028914
0.057183	-0.028914	0.067923
-0.028914	0.067923	0.038544
0.067923	0.038544	-0.021721
0.038544	-0.021721	0.127317
-0.021721	0.127317	0.070447
0.127317	0.070447	-0.151086
0.070447	-0.151086	0.006076
-0.151086	0.006076	-0.112006
0.006076	-0.112006	0.036891
-0.112006	0.036891	-0.013760
0.036891	-0.013760	-0.088093
-0.013760	-0.088093	0.115682
-0.088093	0.115682	-0.041729
0.115682	-0.041729	0.018894
-0.041729	0.018894	-0.031831
0.018894	-0.031831	0.030043
-0.031831	0.030043	-0.033179
0.030043	-0.033179	0.046247
-0.033179	0.046247	0.044928
0.046247	0.044928	-0.060635
0.044928	-0.060635	-0.023333
-0.060635	-0.023333	0.021794
-0.023333	0.021794	0.046471
0.021794	0.046471	0.082498
0.046471	0.082498	-0.040012
0.082498	-0.040012	-0.026706
-0.040012	-0.026706	0.005775
-0.026706	0.005775	0.004144
0.005775	0.004144	0.067210
0.004144	0.067210	0.033212
