# Principal Component: 39
# Fraction of Variance Captured: 0.00117
-0.114609	-0.114199	0.111256
-0.114199	0.111256	-0.058114
0.111256	-0.058114	-0.073154
-0.058114	-0.073154	0.016298
-0.073154	0.016298	-0.001571
0.016298	-0.001571	-0.023928
-0.001571	-0.023928	-0.002845
-0.023928	-0.002845	0.015170
-0.002845	0.015170	-0.057026
0.015170	-0.057026	-0.016430
-0.057026	-0.016430	0.039525
-0.016430	0.039525	-0.009898
0.039525	-0.009898	-0.034882
-0.009898	-0.034882	0.055221
-0.034882	0.055221	-0.047866
0.055221	-0.047866	-0.028184
-0.047866	-0.028184	0.052059
-0.028184	0.052059	0.023128
0.052059	0.023128	-0.044087
0.023128	-0.044087	0.083823
-0.044087	0.083823	-0.017476
0.083823	-0.017476	-0.020037
-0.017476	-0.020037	0.024075
-0.020037	0.024075	-0.017685
0.024075	-0.017685	-0.153684
-0.017685	-0.153684	-0.168477
-0.153684	-0.168477	0.055595
-0.168477	0.055595	0.138131
0.055595	0.138131	-0.123931
0.138131	-0.123931	0.092087
-0.123931	0.092087	-0.157441
0.092087	-0.157441	-0.032685
-0.157441	-0.032685	0.057879
-0.032685	0.057879	0.140996
0.057879	0.140996	-0.018230
0.140996	-0.018230	-0.105711
-0.018230	-0.105711	-0.052264
-0.105711	-0.052264	0.089336
-0.052264	0.089336	-0.025943
0.089336	-0.025943	0.017410
-0.025943	0.017410	0.047713
0.017410	0.047713	-0.076342
0.047713	-0.076342	-0.026955
-0.076342	-0.026955	0.003127
-0.026955	0.003127	0.053569
0.003127	0.053569	0.046226
