# Principal Component: 63
# Fraction of Variance Captured: 0.00021
0.016163	-0.014874	-0.048754
-0.014874	-0.048754	0.028383
-0.048754	0.028383	0.020911
0.028383	0.020911	-0.083311
0.020911	-0.083311	0.003367
-0.083311	0.003367	-0.062083
0.003367	-0.062083	0.006205
-0.062083	0.006205	0.044569
0.006205	0.044569	0.034062
0.044569	0.034062	-0.075121
0.034062	-0.075121	0.028810
-0.075121	0.028810	-0.035306
0.028810	-0.035306	0.040909
-0.035306	0.040909	0.022999
0.040909	0.022999	0.034977
0.022999	0.034977	-0.037815
0.034977	-0.037815	-0.046681
-0.037815	-0.046681	-0.056022
-0.046681	-0.056022	0.095049
-0.056022	0.095049	-0.198129
0.095049	-0.198129	-0.100685
-0.198129	-0.100685	0.052081
-0.100685	0.052081	0.099190
0.052081	0.099190	0.031482
0.099190	0.031482	-0.027820
0.031482	-0.027820	0.000554
-0.027820	0.000554	-0.018792
0.000554	-0.018792	0.027659
-0.018792	0.027659	-0.008231
0.027659	-0.008231	0.010214
-0.008231	0.010214	0.006036
0.010214	0.006036	0.000979
0.006036	0.000979	-0.004975
0.000979	-0.004975	-0.002804
-0.004975	-0.002804	0.023358
-0.002804	0.023358	-0.010492
0.023358	-0.010492	0.155808
-0.010492	0.155808	0.012336
0.155808	0.012336	-0.039397
0.012336	-0.039397	-0.105224
-0.039397	-0.105224	-0.004671
-0.105224	-0.004671	-0.048052
-0.004671	-0.048052	-0.019725
-0.048052	-0.019725	-0.036516
-0.019725	-0.036516	0.019899
-0.036516	0.019899	-0.023868
