# Principal Component: 41
# Fraction of Variance Captured: 0.00101
-0.001184	0.113303	-0.054864
0.113303	-0.054864	0.030724
-0.054864	0.030724	-0.041323
0.030724	-0.041323	-0.029046
-0.041323	-0.029046	0.005900
-0.029046	0.005900	-0.106013
0.005900	-0.106013	-0.048795
-0.106013	-0.048795	0.020995
-0.048795	0.020995	-0.092667
0.020995	-0.092667	-0.052686
-0.092667	-0.052686	0.006550
-0.052686	0.006550	-0.139452
0.006550	-0.139452	-0.080066
-0.139452	-0.080066	0.020038
-0.080066	0.020038	-0.102653
0.020038	-0.102653	-0.052051
-0.102653	-0.052051	0.016512
-0.052051	0.016512	-0.097635
0.016512	-0.097635	-0.078596
-0.097635	-0.078596	0.045331
-0.078596	0.045331	-0.077981
0.045331	-0.077981	-0.044847
-0.077981	-0.044847	0.016477
-0.044847	0.016477	-0.074839
0.016477	-0.074839	-0.052449
-0.074839	-0.052449	-0.066628
-0.052449	-0.066628	-0.059517
-0.066628	-0.059517	0.037204
-0.059517	0.037204	-0.013314
0.037204	-0.013314	-0.058190
-0.013314	-0.058190	0.123589
-0.058190	0.123589	-0.021872
0.123589	-0.021872	0.074293
-0.021872	0.074293	-0.171519
0.074293	-0.171519	0.083123
-0.171519	0.083123	0.146915
0.083123	0.146915	-0.004274
0.146915	-0.004274	0.024275
-0.004274	0.024275	0.070269
0.024275	0.070269	-0.106467
0.070269	-0.106467	-0.110392
-0.106467	-0.110392	-0.075143
-0.110392	-0.075143	-0.019647
-0.075143	-0.019647	-0.080682
-0.019647	-0.080682	-0.123872
-0.080682	-0.123872	-0.063321
