# Principal Component: 59
# Fraction of Variance Captured: 0.00025
0.010659	0.066517	0.075959
0.066517	0.075959	0.078178
0.075959	0.078178	-0.052298
0.078178	-0.052298	0.096210
-0.052298	0.096210	0.147391
0.096210	0.147391	-0.047637
0.147391	-0.047637	0.006040
-0.047637	0.006040	0.017263
0.006040	0.017263	-0.059835
0.017263	-0.059835	0.113590
-0.059835	0.113590	0.080731
0.113590	0.080731	-0.029040
0.080731	-0.029040	0.023259
-0.029040	0.023259	-0.007422
0.023259	-0.007422	-0.062815
-0.007422	-0.062815	0.072451
-0.062815	0.072451	0.014898
0.072451	0.014898	-0.010016
0.014898	-0.010016	-0.014198
-0.010016	-0.014198	0.059105
-0.014198	0.059105	0.033133
0.059105	0.033133	0.015937
0.033133	0.015937	-0.232934
0.015937	-0.232934	0.133058
-0.232934	0.133058	-0.018103
0.133058	-0.018103	-0.082271
-0.018103	-0.082271	0.310091
-0.082271	0.310091	-0.252230
0.310091	-0.252230	0.068305
-0.252230	0.068305	-0.020681
0.068305	-0.020681	0.083440
-0.020681	0.083440	-0.087003
0.083440	-0.087003	0.068629
-0.087003	0.068629	-0.082105
0.068629	-0.082105	-0.208830
-0.082105	-0.208830	0.114853
-0.208830	0.114853	-0.230189
0.114853	-0.230189	-0.016176
-0.230189	-0.016176	0.081092
-0.016176	0.081092	0.030870
0.081092	0.030870	0.033192
0.030870	0.033192	0.053002
0.033192	0.053002	-0.044662
0.053002	-0.044662	0.100033
-0.044662	0.100033	-0.031036
0.100033	-0.031036	0.005056
