# Principal Component: 10
# Fraction of Variance Captured: 0.02192
0.059083	0.035863	-0.058414
0.035863	-0.058414	-0.180225
-0.058414	-0.180225	0.221019
-0.180225	0.221019	0.194166
0.221019	0.194166	0.077031
0.194166	0.077031	-0.041128
0.077031	-0.041128	-0.082972
-0.041128	-0.082972	-0.187520
-0.082972	-0.187520	0.193996
-0.187520	0.193996	0.182152
0.193996	0.182152	0.076457
0.182152	0.076457	-0.082228
0.076457	-0.082228	-0.105833
-0.082228	-0.105833	-0.198808
-0.105833	-0.198808	0.149842
-0.198808	0.149842	0.164932
0.149842	0.164932	0.067759
0.164932	0.067759	-0.128963
0.067759	-0.128963	-0.137714
-0.128963	-0.137714	-0.202519
-0.137714	-0.202519	0.085378
-0.202519	0.085378	0.136969
0.085378	0.136969	0.035078
0.136969	0.035078	-0.162458
0.035078	-0.162458	-0.166417
-0.162458	-0.166417	-0.153084
-0.166417	-0.153084	-0.070353
-0.153084	-0.070353	-0.005572
-0.070353	-0.005572	-0.045403
-0.005572	-0.045403	0.031197
-0.045403	0.031197	0.037704
0.031197	0.037704	0.024769
0.037704	0.024769	0.066774
0.024769	0.066774	0.048500
0.066774	0.048500	-0.008140
0.048500	-0.008140	-0.014888
-0.008140	-0.014888	-0.016272
-0.014888	-0.016272	0.009554
-0.016272	0.009554	-0.039134
0.009554	-0.039134	-0.030248
-0.039134	-0.030248	0.029006
-0.030248	0.029006	-0.073150
0.029006	-0.073150	-0.056067
-0.073150	-0.056067	0.031972
-0.056067	0.031972	-0.100705
0.031972	-0.100705	-0.061678
