# Principal Component: 65
# Fraction of Variance Captured: 0.00019
-0.035942	-0.048403	-0.039527
-0.048403	-0.039527	0.178156
-0.039527	0.178156	-0.082748
0.178156	-0.082748	0.040425
-0.082748	0.040425	0.012809
0.040425	0.012809	0.000004
0.012809	0.000004	-0.026624
0.000004	-0.026624	0.109142
-0.026624	0.109142	-0.031769
0.109142	-0.031769	0.051121
-0.031769	0.051121	-0.017803
0.051121	-0.017803	0.026114
-0.017803	0.026114	-0.029876
0.026114	-0.029876	0.036270
-0.029876	0.036270	-0.020261
0.036270	-0.020261	-0.000852
-0.020261	-0.000852	-0.056421
-0.000852	-0.056421	-0.030954
-0.056421	-0.030954	-0.107218
-0.030954	-0.107218	-0.193577
-0.107218	-0.193577	-0.051107
-0.193577	-0.051107	-0.042134
-0.051107	-0.042134	0.082423
-0.042134	0.082423	-0.030302
0.082423	-0.030302	-0.016042
-0.030302	-0.016042	-0.074292
-0.016042	-0.074292	0.074975
-0.074292	0.074975	-0.010964
0.074975	-0.010964	-0.035102
-0.010964	-0.035102	0.002769
-0.035102	0.002769	-0.014050
0.002769	-0.014050	0.033848
-0.014050	0.033848	-0.033349
0.033848	-0.033349	0.033649
-0.033349	0.033649	0.179812
0.033649	0.179812	-0.104354
0.179812	-0.104354	0.071768
-0.104354	0.071768	-0.138590
0.071768	-0.138590	0.007242
-0.138590	0.007242	0.178346
0.007242	0.178346	0.085876
0.178346	0.085876	-0.048376
0.085876	-0.048376	-0.029717
-0.048376	-0.029717	-0.054846
-0.029717	-0.054846	0.024154
-0.054846	0.024154	0.059564
