# Principal Component: 117
# Fraction of Variance Captured: 0.00000
-0.000179	-0.007740	-0.003056
-0.007740	-0.003056	0.126535
-0.003056	0.126535	0.221887
0.126535	0.221887	0.084851
0.221887	0.084851	-0.056424
0.084851	-0.056424	-0.180899
-0.056424	-0.180899	0.141121
-0.180899	0.141121	-0.178482
0.141121	-0.178482	-0.373274
-0.178482	-0.373274	-0.148047
-0.373274	-0.148047	0.197582
-0.148047	0.197582	0.311325
0.197582	0.311325	-0.136767
0.311325	-0.136767	0.008208
-0.136767	0.008208	0.154309
0.008208	0.154309	0.051811
0.154309	0.051811	-0.144416
0.051811	-0.144416	-0.132163
-0.144416	-0.132163	-0.006807
-0.132163	-0.006807	0.052925
-0.006807	0.052925	-0.003163
0.052925	-0.003163	0.010724
-0.003163	0.010724	0.002715
0.010724	0.002715	-0.006531
0.002715	-0.006531	-0.000291
-0.006531	-0.000291	-0.003074
-0.000291	-0.003074	0.000960
-0.003074	0.000960	0.000674
0.000960	0.000674	0.002078
0.000674	0.002078	0.002606
0.002078	0.002606	-0.002552
0.002606	-0.002552	0.001988
-0.002552	0.001988	-0.000923
0.001988	-0.000923	-0.000043
-0.000923	-0.000043	-0.000671
-0.000043	-0.000671	0.048885
-0.000671	0.048885	-0.019512
0.048885	-0.019512	0.014226
-0.019512	0.014226	-0.033867
0.014226	-0.033867	-0.002473
-0.033867	-0.002473	-0.016275
-0.002473	-0.016275	-0.102738
-0.016275	-0.102738	0.096288
-0.102738	0.096288	0.077907
0.096288	0.077907	0.092604
0.077907	0.092604	0.050354
