# Principal Component: 9
# Fraction of Variance Captured: 0.02440
-0.106326	0.154412	0.128997
0.154412	0.128997	0.075341
0.128997	0.075341	-0.036801
0.075341	-0.036801	-0.073108
-0.036801	-0.073108	-0.104456
-0.073108	-0.104456	0.108760
-0.104456	0.108760	0.117102
0.108760	0.117102	0.093583
0.117102	0.093583	-0.088986
0.093583	-0.088986	-0.100147
-0.088986	-0.100147	-0.093860
-0.100147	-0.093860	0.056178
-0.093860	0.056178	0.092887
0.056178	0.092887	0.113665
0.092887	0.113665	-0.134637
0.113665	-0.134637	-0.132227
-0.134637	-0.132227	-0.077986
-0.132227	-0.077986	-0.001537
-0.077986	-0.001537	0.050933
-0.001537	0.050933	0.133310
0.050933	0.133310	-0.177106
0.133310	-0.177106	-0.185351
-0.177106	-0.185351	-0.059846
-0.185351	-0.059846	-0.058503
-0.059846	-0.058503	-0.009257
-0.058503	-0.009257	0.019055
-0.009257	0.019055	-0.163046
0.019055	-0.163046	-0.087882
-0.163046	-0.087882	-0.024403
-0.087882	-0.024403	-0.147567
-0.024403	-0.147567	0.046244
-0.147567	0.046244	-0.048458
0.046244	-0.048458	0.114275
-0.048458	0.114275	0.138193
0.114275	0.138193	-0.053057
0.138193	-0.053057	0.125915
-0.053057	0.125915	0.077459
0.125915	0.077459	0.051256
0.077459	0.051256	0.100357
0.051256	0.100357	0.038471
0.100357	0.038471	0.074711
0.038471	0.074711	0.110352
0.074711	0.110352	-0.011462
0.110352	-0.011462	0.099363
-0.011462	0.099363	0.085480
0.099363	0.085480	-0.042446
