# Principal Component: 48
# Fraction of Variance Captured: 0.00055
0.027648	-0.054292	-0.018820
-0.054292	-0.018820	-0.033464
-0.018820	-0.033464	-0.017494
-0.033464	-0.017494	0.040759
-0.017494	0.040759	0.004662
0.040759	0.004662	0.016503
0.004662	0.016503	0.012611
0.016503	0.012611	-0.015584
0.012611	-0.015584	-0.000429
-0.015584	-0.000429	0.032510
-0.000429	0.032510	0.010138
0.032510	0.010138	0.027011
0.010138	0.027011	-0.001926
0.027011	-0.001926	-0.002577
-0.001926	-0.002577	-0.003085
-0.002577	-0.003085	0.004314
-0.003085	0.004314	0.011395
0.004314	0.011395	0.016528
0.011395	0.016528	-0.032091
0.016528	-0.032091	0.045118
-0.032091	0.045118	0.005936
0.045118	0.005936	-0.033723
0.005936	-0.033723	-0.113177
-0.033723	-0.113177	-0.025080
-0.113177	-0.025080	0.075315
-0.025080	0.075315	0.090104
0.075315	0.090104	-0.101326
0.090104	-0.101326	-0.026876
-0.101326	-0.026876	-0.132220
-0.026876	-0.132220	0.042800
-0.132220	0.042800	0.088251
0.042800	0.088251	0.151318
0.088251	0.151318	0.052035
0.151318	0.052035	-0.114949
0.052035	-0.114949	-0.126773
-0.114949	-0.126773	-0.086069
-0.126773	-0.086069	-0.207593
-0.086069	-0.207593	-0.276400
-0.207593	-0.276400	0.080645
-0.276400	0.080645	0.101375
0.080645	0.101375	-0.059791
0.101375	-0.059791	0.027091
-0.059791	0.027091	-0.092893
0.027091	-0.092893	-0.017306
-0.092893	-0.017306	0.172495
-0.017306	0.172495	0.117854
