# Principal Component: 46
# Fraction of Variance Captured: 0.00064
0.474373	-0.398529	-0.058277
-0.398529	-0.058277	-0.026206
-0.058277	-0.026206	0.050712
-0.026206	0.050712	0.020415
0.050712	0.020415	-0.100638
0.020415	-0.100638	0.092338
-0.100638	0.092338	0.116001
0.092338	0.116001	-0.044434
0.116001	-0.044434	0.031443
-0.044434	0.031443	0.018668
0.031443	0.018668	-0.149748
0.018668	-0.149748	0.075299
-0.149748	0.075299	0.102593
0.075299	0.102593	-0.066927
0.102593	-0.066927	-0.022285
-0.066927	-0.022285	-0.027438
-0.022285	-0.027438	-0.154161
-0.027438	-0.154161	0.020465
-0.154161	0.020465	0.044548
0.020465	0.044548	-0.010592
0.044548	-0.010592	-0.065843
-0.010592	-0.065843	-0.103727
-0.065843	-0.103727	-0.004888
-0.103727	-0.004888	0.069401
-0.004888	0.069401	-0.047224
0.069401	-0.047224	-0.049256
-0.047224	-0.049256	0.031270
-0.049256	0.031270	0.016947
0.031270	0.016947	-0.049064
0.016947	-0.049064	0.051827
-0.049064	0.051827	-0.016327
0.051827	-0.016327	0.233460
-0.016327	0.233460	-0.125256
0.233460	-0.125256	-0.102100
-0.125256	-0.102100	-0.102732
-0.102100	-0.102732	0.069542
-0.102732	0.069542	0.098951
0.069542	0.098951	-0.020950
0.098951	-0.020950	0.007610
-0.020950	0.007610	0.060486
0.007610	0.060486	-0.039850
0.060486	-0.039850	0.068869
-0.039850	0.068869	0.054050
0.068869	0.054050	0.048580
0.054050	0.048580	-0.046938
0.048580	-0.046938	-0.033342
