# Principal Component: 110
# Fraction of Variance Captured: 0.00000
0.022723	0.009847	0.014556
0.009847	0.014556	0.133367
0.014556	0.133367	0.011755
0.133367	0.011755	0.095706
0.011755	0.095706	-0.159554
0.095706	-0.159554	-0.055601
-0.159554	-0.055601	0.030311
-0.055601	0.030311	-0.065553
0.030311	-0.065553	-0.109144
-0.065553	-0.109144	-0.089561
-0.109144	-0.089561	0.125147
-0.089561	0.125147	0.166395
0.125147	0.166395	-0.114132
0.166395	-0.114132	-0.108291
-0.114132	-0.108291	0.110867
-0.108291	0.110867	-0.062808
0.110867	-0.062808	0.016100
-0.062808	0.016100	-0.134497
0.016100	-0.134497	0.070317
-0.134497	0.070317	0.062255
0.070317	0.062255	-0.005510
0.062255	-0.005510	0.062837
-0.005510	0.062837	-0.013280
0.062837	-0.013280	0.030069
-0.013280	0.030069	-0.013566
0.030069	-0.013566	0.002634
-0.013566	0.002634	-0.006187
0.002634	-0.006187	0.002167
-0.006187	0.002167	-0.003941
0.002167	-0.003941	-0.003563
-0.003941	-0.003563	-0.000426
-0.003563	-0.000426	0.004673
-0.000426	0.004673	-0.003193
0.004673	-0.003193	0.004386
-0.003193	0.004386	0.006404
0.004386	0.006404	-0.134527
0.006404	-0.134527	0.048327
-0.134527	0.048327	-0.127548
0.048327	-0.127548	0.203259
-0.127548	0.203259	-0.043667
0.203259	-0.043667	0.160836
-0.043667	0.160836	0.110624
0.160836	0.110624	-0.108997
0.110624	-0.108997	0.028762
-0.108997	0.028762	-0.349359
0.028762	-0.349359	0.079245
