# Principal Component: 78
# Fraction of Variance Captured: 0.00007
-0.066991	-0.006844	-0.088630
-0.006844	-0.088630	-0.101160
-0.088630	-0.101160	0.115287
-0.101160	0.115287	0.033905
0.115287	0.033905	0.052043
0.033905	0.052043	-0.009155
0.052043	-0.009155	0.093363
-0.009155	0.093363	-0.010736
0.093363	-0.010736	0.125702
-0.010736	0.125702	0.057167
0.125702	0.057167	0.083516
0.057167	0.083516	0.003191
0.083516	0.003191	0.115667
0.003191	0.115667	0.018431
0.115667	0.018431	0.031100
0.018431	0.031100	-0.001388
0.031100	-0.001388	0.118616
-0.001388	0.118616	-0.122778
0.118616	-0.122778	0.029441
-0.122778	0.029441	0.038991
0.029441	0.038991	-0.289096
0.038991	-0.289096	-0.183415
-0.289096	-0.183415	-0.098769
-0.183415	-0.098769	0.106259
-0.098769	0.106259	-0.047365
0.106259	-0.047365	-0.067445
-0.047365	-0.067445	0.103922
-0.067445	0.103922	-0.048232
0.103922	-0.048232	-0.010465
-0.048232	-0.010465	0.006922
-0.010465	0.006922	-0.013502
0.006922	-0.013502	0.008872
-0.013502	0.008872	-0.039845
0.008872	-0.039845	0.079268
-0.039845	0.079268	0.146490
0.079268	0.146490	-0.032837
0.146490	-0.032837	0.057769
-0.032837	0.057769	-0.143928
0.057769	-0.143928	-0.104682
-0.143928	-0.104682	-0.004890
-0.104682	-0.004890	0.100216
-0.004890	0.100216	0.114210
0.100216	0.114210	0.054725
0.114210	0.054725	-0.086781
0.054725	-0.086781	0.000323
-0.086781	0.000323	-0.057998
