# Principal Component: 134
# Fraction of Variance Captured: 0.00000
-0.187137	-0.063299	0.081644
-0.063299	0.081644	-0.127920
0.081644	-0.127920	-0.048853
-0.127920	-0.048853	0.063163
-0.048853	0.063163	-0.099490
0.063163	-0.099490	-0.034369
-0.099490	-0.034369	0.040411
-0.034369	0.040411	-0.054933
0.040411	-0.054933	-0.022153
-0.054933	-0.022153	0.019800
-0.022153	0.019800	-0.020725
0.019800	-0.020725	-0.011659
-0.020725	-0.011659	0.004891
-0.011659	0.004891	0.010572
0.004891	0.010572	0.002148
0.010572	0.002148	-0.020189
0.002148	-0.020189	0.052030
-0.020189	0.052030	0.011230
0.052030	0.011230	-0.028457
0.011230	-0.028457	0.075196
-0.028457	0.075196	0.029331
0.075196	0.029331	-0.059170
0.029331	-0.059170	0.134762
-0.059170	0.134762	0.043307
0.134762	0.043307	-0.063786
0.043307	-0.063786	0.179209
-0.063786	0.179209	0.056212
0.179209	0.056212	-0.116954
0.056212	-0.116954	0.193670
-0.116954	0.193670	0.045375
0.193670	0.045375	-0.106925
0.045375	-0.106925	0.224949
-0.106925	0.224949	0.040336
0.224949	0.040336	-0.063433
0.040336	-0.063433	0.134208
-0.063433	0.134208	0.005235
0.134208	0.005235	-0.002874
0.005235	-0.002874	0.070050
-0.002874	0.070050	0.005378
0.070050	0.005378	-0.011106
0.005378	-0.011106	0.055849
-0.011106	0.055849	-0.015913
0.055849	-0.015913	0.033382
-0.015913	0.033382	0.029627
0.033382	0.029627	-0.014405
0.029627	-0.014405	0.025709
