# Principal Component: 99
# Fraction of Variance Captured: 0.00001
-0.007342	-0.007703	-0.000299
-0.007703	-0.000299	-0.112270
-0.000299	-0.112270	0.138648
-0.112270	0.138648	0.040124
0.138648	0.040124	-0.003287
0.040124	-0.003287	-0.017527
-0.003287	-0.017527	0.035359
-0.017527	0.035359	0.135321
0.035359	0.135321	-0.048423
0.135321	-0.048423	0.001353
-0.048423	0.001353	0.016715
0.001353	0.016715	-0.014227
0.016715	-0.014227	-0.040105
-0.014227	-0.040105	0.013253
-0.040105	0.013253	-0.192748
0.013253	-0.192748	-0.017414
-0.192748	-0.017414	-0.055748
-0.017414	-0.055748	0.057644
-0.055748	0.057644	-0.030972
0.057644	-0.030972	-0.046766
-0.030972	-0.046766	0.076840
-0.046766	0.076840	0.013129
0.076840	0.013129	0.005294
0.013129	0.005294	-0.028883
0.005294	-0.028883	0.014831
-0.028883	0.014831	0.007570
0.014831	0.007570	0.000170
0.007570	0.000170	0.006129
0.000170	0.006129	0.023377
0.006129	0.023377	0.002935
0.023377	0.002935	0.007723
0.002935	0.007723	-0.027199
0.007723	-0.027199	0.032648
-0.027199	0.032648	-0.028816
0.032648	-0.028816	-0.001607
-0.028816	-0.001607	-0.019788
-0.001607	-0.019788	0.034214
-0.019788	0.034214	0.104637
0.034214	0.104637	-0.079818
0.104637	-0.079818	0.001901
-0.079818	0.001901	-0.090510
0.001901	-0.090510	0.072987
-0.090510	0.072987	-0.021505
0.072987	-0.021505	0.046742
-0.021505	0.046742	0.085223
0.046742	0.085223	0.089585
