# Principal Component: 2
# Fraction of Variance Captured: 0.14190
0.017656	-0.043852	-0.050336
-0.043852	-0.050336	0.005119
-0.050336	0.005119	-0.035574
0.005119	-0.035574	-0.026218
-0.035574	-0.026218	0.018937
-0.026218	0.018937	-0.023410
0.018937	-0.023410	-0.042925
-0.023410	-0.042925	0.005035
-0.042925	0.005035	-0.023176
0.005035	-0.023176	-0.020505
-0.023176	-0.020505	0.020348
-0.020505	0.020348	-0.010479
0.020348	-0.010479	-0.035768
-0.010479	-0.035768	0.005070
-0.035768	0.005070	-0.009036
0.005070	-0.009036	-0.016224
-0.009036	-0.016224	0.021509
-0.016224	0.021509	0.001408
0.021509	0.001408	-0.032950
0.001408	-0.032950	0.002497
-0.032950	0.002497	0.000574
0.002497	0.000574	-0.013082
0.000574	-0.013082	0.016555
-0.013082	0.016555	0.015895
0.016555	0.015895	-0.003865
0.015895	-0.003865	-0.044057
-0.003865	-0.044057	-0.015597
-0.044057	-0.015597	-0.006469
-0.015597	-0.006469	-0.126106
-0.006469	-0.126106	0.030479
-0.126106	0.030479	0.006775
0.030479	0.006775	-0.131665
0.006775	-0.131665	0.087564
-0.131665	0.087564	-0.001380
0.087564	-0.001380	-0.148539
-0.001380	-0.148539	0.112993
-0.148539	0.112993	-0.019146
0.112993	-0.019146	-0.159052
-0.019146	-0.159052	0.116660
-0.159052	0.116660	-0.043386
0.116660	-0.043386	-0.146351
-0.043386	-0.146351	0.108343
-0.146351	0.108343	-0.073954
0.108343	-0.073954	-0.127222
-0.073954	-0.127222	0.095233
-0.127222	0.095233	-0.097908
