# Principal Component: 68
# Fraction of Variance Captured: 0.00014
0.114251	0.078187	0.083021
0.078187	0.083021	0.000864
0.083021	0.000864	0.016797
0.000864	0.016797	-0.122679
0.016797	-0.122679	0.077951
-0.122679	0.077951	0.013185
0.077951	0.013185	0.111885
0.013185	0.111885	-0.043521
0.111885	-0.043521	-0.013220
-0.043521	-0.013220	-0.082758
-0.013220	-0.082758	0.048890
-0.082758	0.048890	-0.046875
0.048890	-0.046875	0.114643
-0.046875	0.114643	-0.081239
0.114643	-0.081239	0.024567
-0.081239	0.024567	-0.072007
0.024567	-0.072007	0.083549
-0.072007	0.083549	-0.084864
0.083549	-0.084864	0.138283
-0.084864	0.138283	-0.101484
0.138283	-0.101484	0.141531
-0.101484	0.141531	-0.070634
0.141531	-0.070634	-0.015643
-0.070634	-0.015643	-0.194679
-0.015643	-0.194679	0.065540
-0.194679	0.065540	-0.072759
0.065540	-0.072759	0.238583
-0.072759	0.238583	-0.091128
0.238583	-0.091128	-0.036263
-0.091128	-0.036263	0.029498
-0.036263	0.029498	-0.024625
0.029498	-0.024625	0.011737
-0.024625	0.011737	0.063992
0.011737	0.063992	-0.041110
0.063992	-0.041110	0.092021
-0.041110	0.092021	-0.002230
0.092021	-0.002230	0.228385
-0.002230	0.228385	-0.015552
0.228385	-0.015552	-0.043450
-0.015552	-0.043450	-0.136737
-0.043450	-0.136737	-0.135999
-0.136737	-0.135999	-0.142683
-0.135999	-0.142683	-0.055680
-0.142683	-0.055680	0.040348
-0.055680	0.040348	0.086569
0.040348	0.086569	0.027578
