# Principal Component: 124
# Fraction of Variance Captured: 0.00000
-0.012388	-0.003914	-0.019666
-0.003914	-0.019666	-0.023988
-0.019666	-0.023988	0.034418
-0.023988	0.034418	-0.181718
0.034418	-0.181718	0.072544
-0.181718	0.072544	0.041617
0.072544	0.041617	0.092136
0.041617	0.092136	0.014988
0.092136	0.014988	-0.098392
0.014988	-0.098392	0.331671
-0.098392	0.331671	-0.105659
0.331671	-0.105659	-0.059773
-0.105659	-0.059773	-0.146365
-0.059773	-0.146365	0.022192
-0.146365	0.022192	0.086483
0.022192	0.086483	-0.170174
0.086483	-0.170174	0.031916
-0.170174	0.031916	0.027713
0.031916	0.027713	0.061359
0.027713	0.061359	-0.004348
0.061359	-0.004348	-0.022270
-0.004348	-0.022270	0.038209
-0.022270	0.038209	-0.000014
0.038209	-0.000014	0.010229
-0.000014	0.010229	0.000127
0.010229	0.000127	0.004268
0.000127	0.004268	-0.009198
0.004268	-0.009198	0.005042
-0.009198	0.005042	0.003035
0.005042	0.003035	0.002637
0.003035	0.002637	-0.000644
0.002637	-0.000644	0.002212
-0.000644	0.002212	-0.000679
0.002212	-0.000679	0.004471
-0.000679	0.004471	-0.017087
0.004471	-0.017087	-0.015559
-0.017087	-0.015559	0.002262
-0.015559	0.002262	0.010425
0.002262	0.010425	0.044931
0.010425	0.044931	-0.052736
0.044931	-0.052736	-0.016212
-0.052736	-0.016212	0.014399
-0.016212	0.014399	0.021867
0.014399	0.021867	0.080100
0.021867	0.080100	-0.036270
0.080100	-0.036270	0.114038
