# Principal Component: 114
# Fraction of Variance Captured: 0.00000
0.010868	0.009994	0.001817
0.009994	0.001817	0.088099
0.001817	0.088099	-0.162128
0.088099	-0.162128	0.014957
-0.162128	0.014957	-0.196084
0.014957	-0.196084	-0.034260
-0.196084	-0.034260	0.116445
-0.034260	0.116445	0.044411
0.116445	0.044411	0.328152
0.044411	0.328152	0.012819
0.328152	0.012819	0.214415
0.012819	0.214415	0.013637
0.214415	0.013637	-0.268035
0.013637	-0.268035	-0.205774
-0.268035	-0.205774	-0.148742
-0.205774	-0.148742	-0.049939
-0.148742	-0.049939	-0.031806
-0.049939	-0.031806	0.018374
-0.031806	0.018374	0.165565
0.018374	0.165565	0.072811
0.165565	0.072811	0.007037
0.072811	0.007037	0.006944
0.007037	0.006944	0.000488
0.006944	0.000488	0.003891
0.000488	0.003891	-0.002417
0.003891	-0.002417	-0.001158
-0.002417	-0.001158	-0.004852
-0.001158	-0.004852	0.002119
-0.004852	0.002119	-0.001459
0.002119	-0.001459	0.000039
-0.001459	0.000039	-0.004855
0.000039	-0.004855	-0.001287
-0.004855	-0.001287	-0.007271
-0.001287	-0.007271	0.007153
-0.007271	0.007153	0.015269
0.007153	0.015269	0.035820
0.015269	0.035820	-0.030378
0.035820	-0.030378	0.033111
-0.030378	0.033111	-0.015869
0.033111	-0.015869	0.053031
-0.015869	0.053031	-0.081401
0.053031	-0.081401	-0.147414
-0.081401	-0.147414	0.062625
-0.147414	0.062625	-0.063883
0.062625	-0.063883	0.110204
-0.063883	0.110204	-0.158037
