# Principal Component: 82
# Fraction of Variance Captured: 0.00005
0.047802	0.043358	0.113487
0.043358	0.113487	0.061757
0.113487	0.061757	-0.026879
0.061757	-0.026879	-0.034333
-0.026879	-0.034333	0.006571
-0.034333	0.006571	0.047956
0.006571	0.047956	-0.062938
0.047956	-0.062938	-0.082298
-0.062938	-0.082298	0.017477
-0.082298	0.017477	0.057285
0.017477	0.057285	-0.065598
0.057285	-0.065598	0.029053
-0.065598	0.029053	-0.010437
0.029053	-0.010437	-0.046001
-0.010437	-0.046001	-0.015623
-0.046001	-0.015623	0.044088
-0.015623	0.044088	-0.082327
0.044088	-0.082327	-0.066115
-0.082327	-0.066115	-0.076495
-0.066115	-0.076495	0.114836
-0.076495	0.114836	0.002947
0.114836	0.002947	0.047091
0.002947	0.047091	0.022565
0.047091	0.022565	-0.002651
0.022565	-0.002651	0.012569
-0.002651	0.012569	0.001463
0.012569	0.001463	-0.015500
0.001463	-0.015500	0.036044
-0.015500	0.036044	0.041521
0.036044	0.041521	-0.001765
0.041521	-0.001765	0.015413
-0.001765	0.015413	-0.045826
0.015413	-0.045826	0.187640
-0.045826	0.187640	-0.199692
0.187640	-0.199692	-0.042578
-0.199692	-0.042578	-0.254176
-0.042578	-0.254176	0.195399
-0.254176	0.195399	0.158519
0.195399	0.158519	-0.041162
0.158519	-0.041162	0.017451
-0.041162	0.017451	0.003196
0.017451	0.003196	-0.020650
0.003196	-0.020650	0.037651
-0.020650	0.037651	0.083443
0.037651	0.083443	0.210637
0.083443	0.210637	0.050174
