# Principal Component: 16
# Fraction of Variance Captured: 0.00925
-0.127644	-0.029520	0.081239
-0.029520	0.081239	-0.104267
0.081239	-0.104267	-0.044547
-0.104267	-0.044547	0.034956
-0.044547	0.034956	-0.149082
0.034956	-0.149082	-0.010870
-0.149082	-0.010870	0.095653
-0.010870	0.095653	-0.101945
0.095653	-0.101945	-0.043965
-0.101945	-0.043965	0.024895
-0.043965	0.024895	-0.136048
0.024895	-0.136048	-0.010078
-0.136048	-0.010078	0.086950
-0.010078	0.086950	-0.075309
0.086950	-0.075309	-0.042266
-0.075309	-0.042266	0.011896
-0.042266	0.011896	-0.113241
0.011896	-0.113241	0.001129
-0.113241	0.001129	0.071366
0.001129	0.071366	-0.045219
0.071366	-0.045219	-0.050568
-0.045219	-0.050568	-0.007183
-0.050568	-0.007183	-0.084189
-0.007183	-0.084189	-0.011253
-0.084189	-0.011253	0.033096
-0.011253	0.033096	0.120265
0.033096	0.120265	0.076962
0.120265	0.076962	0.083964
0.076962	0.083964	0.079972
0.083964	0.079972	0.036953
0.079972	0.036953	0.057051
0.036953	0.057051	0.017568
0.057051	0.017568	-0.017692
0.017568	-0.017692	0.003669
-0.017692	0.003669	0.008158
0.003669	0.008158	-0.023866
0.008158	-0.023866	-0.023084
-0.023866	-0.023084	0.012211
-0.023084	0.012211	-0.003180
0.012211	-0.003180	0.001020
-0.003180	0.001020	0.011087
0.001020	0.011087	0.008576
0.011087	0.008576	0.015130
0.008576	0.015130	-0.011731
0.015130	-0.011731	0.029729
-0.011731	0.029729	0.028345
