# Principal Component: 133
# Fraction of Variance Captured: 0.00000
-0.058038	0.009755	0.016037
0.009755	0.016037	-0.059555
0.016037	-0.059555	-0.014583
-0.059555	-0.014583	0.009862
-0.014583	0.009862	-0.054114
0.009862	-0.054114	-0.000561
-0.054114	-0.000561	0.008914
-0.000561	0.008914	-0.057049
0.008914	-0.057049	-0.024547
-0.057049	-0.024547	0.003506
-0.024547	0.003506	-0.053447
0.003506	-0.053447	-0.010412
-0.053447	-0.010412	0.004137
-0.010412	0.004137	-0.057327
0.004137	-0.057327	-0.035619
-0.057327	-0.035619	-0.001408
-0.035619	-0.001408	-0.054611
-0.001408	-0.054611	-0.020895
-0.054611	-0.020895	0.000207
-0.020895	0.000207	-0.061278
0.000207	-0.061278	-0.049862
-0.061278	-0.049862	-0.004700
-0.049862	-0.004700	-0.069871
-0.004700	-0.069871	-0.038832
-0.069871	-0.038832	0.000279
-0.038832	0.000279	-0.129191
0.000279	-0.129191	-0.063215
-0.129191	-0.063215	0.025486
-0.063215	0.025486	-0.145266
0.025486	-0.145266	0.007238
-0.145266	0.007238	0.114440
0.007238	0.114440	-0.122079
0.114440	-0.122079	0.140219
-0.122079	0.140219	0.160957
0.140219	0.160957	-0.075570
0.160957	-0.075570	0.175705
-0.075570	0.175705	0.153112
0.175705	0.153112	-0.035436
0.153112	-0.035436	0.088284
-0.035436	0.088284	0.066882
0.088284	0.066882	-0.043858
0.066882	-0.043858	0.120676
-0.043858	0.120676	0.115179
0.120676	0.115179	-0.030000
0.115179	-0.030000	0.069303
-0.030000	0.069303	0.061142
