# Principal Component: 81
# Fraction of Variance Captured: 0.00006
0.041396	0.022579	0.044756
0.022579	0.044756	0.052883
0.044756	0.052883	-0.125520
0.052883	-0.125520	0.085525
-0.125520	0.085525	-0.086819
0.085525	-0.086819	0.050379
-0.086819	0.050379	0.139830
0.050379	0.139830	0.027348
0.139830	0.027348	0.020715
0.027348	0.020715	0.135762
0.020715	0.135762	-0.040874
0.135762	-0.040874	0.060770
-0.040874	0.060770	-0.023362
0.060770	-0.023362	0.056713
-0.023362	0.056713	0.101313
0.056713	0.101313	0.067476
0.101313	0.067476	0.008759
0.067476	0.008759	-0.079049
0.008759	-0.079049	-0.322806
-0.079049	-0.322806	-0.006766
-0.322806	-0.006766	-0.048985
-0.006766	-0.048985	-0.134770
-0.048985	-0.134770	-0.010142
-0.134770	-0.010142	0.061317
-0.010142	0.061317	-0.019125
0.061317	-0.019125	-0.001517
-0.019125	-0.001517	-0.032522
-0.001517	-0.032522	0.020775
-0.032522	0.020775	0.012930
0.020775	0.012930	-0.001850
0.012930	-0.001850	-0.004608
-0.001850	-0.004608	-0.012334
-0.004608	-0.012334	-0.078060
-0.012334	-0.078060	0.093272
-0.078060	0.093272	0.093936
0.093272	0.093936	-0.007951
0.093936	-0.007951	0.010428
-0.007951	0.010428	0.021110
0.010428	0.021110	-0.021905
0.021110	-0.021905	-0.113346
-0.021905	-0.113346	-0.173778
-0.113346	-0.173778	0.077779
-0.173778	0.077779	-0.013610
0.077779	-0.013610	-0.043434
-0.013610	-0.043434	0.056774
-0.043434	0.056774	-0.002526
