# Principal Component: 19
# Fraction of Variance Captured: 0.00622
0.031650	-0.001898	0.021180
-0.001898	0.021180	0.054033
0.021180	0.054033	-0.002500
0.054033	-0.002500	0.003670
-0.002500	0.003670	0.032447
0.003670	0.032447	-0.013337
0.032447	-0.013337	0.034626
-0.013337	0.034626	0.043225
0.034626	0.043225	-0.006048
0.043225	-0.006048	0.016643
-0.006048	0.016643	0.021141
0.016643	0.021141	-0.002877
0.021141	-0.002877	0.049846
-0.002877	0.049846	0.016815
0.049846	0.016815	0.007616
0.016815	0.007616	0.041869
0.007616	0.041869	-0.010749
0.041869	-0.010749	0.003764
-0.010749	0.003764	0.077388
0.003764	0.077388	-0.064774
0.077388	-0.064774	0.020090
-0.064774	0.020090	0.080336
0.020090	0.080336	-0.106571
0.080336	-0.106571	-0.064926
-0.106571	-0.064926	0.049857
-0.064926	0.049857	-0.452882
0.049857	-0.452882	-0.249594
-0.452882	-0.249594	-0.097711
-0.249594	-0.097711	0.080417
-0.097711	0.080417	0.134913
0.080417	0.134913	0.052039
0.134913	0.052039	0.226443
0.052039	0.226443	0.114332
0.226443	0.114332	-0.047839
0.114332	-0.047839	0.104989
-0.047839	0.104989	-0.046527
0.104989	-0.046527	-0.160782
-0.046527	-0.160782	0.049084
-0.160782	0.049084	-0.015920
0.049084	-0.015920	-0.122102
-0.015920	-0.122102	0.016811
-0.122102	0.016811	0.019644
0.016811	0.019644	-0.061513
0.019644	-0.061513	-0.046738
-0.061513	-0.046738	0.067860
-0.046738	0.067860	-0.010126
