# Principal Component: 3
# Fraction of Variance Captured: 0.11120
-0.135425	0.020244	-0.121338
0.020244	-0.121338	-0.028076
-0.121338	-0.028076	0.058327
-0.028076	0.058327	-0.173457
0.058327	-0.173457	-0.156140
-0.173457	-0.156140	0.044765
-0.156140	0.044765	-0.116205
0.044765	-0.116205	-0.034791
-0.116205	-0.034791	0.075824
-0.034791	0.075824	-0.175298
0.075824	-0.175298	-0.169472
-0.175298	-0.169472	0.053017
-0.169472	0.053017	-0.117570
0.053017	-0.117570	-0.039219
-0.117570	-0.039219	0.081455
-0.039219	0.081455	-0.173118
0.081455	-0.173118	-0.173103
-0.173118	-0.173103	0.056363
-0.173103	0.056363	-0.112458
0.056363	-0.112458	-0.029671
-0.112458	-0.029671	0.083561
-0.029671	0.083561	-0.162643
0.083561	-0.162643	-0.142833
-0.162643	-0.142833	0.073730
-0.142833	0.073730	-0.081901
0.073730	-0.081901	-0.005539
-0.081901	-0.005539	0.111978
-0.005539	0.111978	-0.106428
0.111978	-0.106428	0.140516
-0.106428	0.140516	0.020820
0.140516	0.020820	-0.082903
0.020820	-0.082903	0.127594
-0.082903	0.127594	-0.098877
0.127594	-0.098877	-0.049217
-0.098877	-0.049217	0.126466
-0.049217	0.126466	-0.107031
0.126466	-0.107031	-0.016624
-0.107031	-0.016624	0.097666
-0.016624	0.097666	-0.088688
0.097666	-0.088688	0.017206
-0.088688	0.017206	0.074313
0.017206	0.074313	-0.066441
0.074313	-0.066441	0.058923
-0.066441	0.058923	0.056353
0.058923	0.056353	-0.048106
0.056353	-0.048106	0.083246
