# Principal Component: 95
# Fraction of Variance Captured: 0.00002
0.027643	0.015805	0.085156
0.015805	0.085156	0.017815
0.085156	0.017815	0.008391
0.017815	0.008391	0.013310
0.008391	0.013310	0.009273
0.013310	0.009273	-0.218913
0.009273	-0.218913	-0.158700
-0.218913	-0.158700	-0.114308
-0.158700	-0.114308	0.045187
-0.114308	0.045187	0.016911
0.045187	0.016911	0.007044
0.016911	0.007044	0.020006
0.007044	0.020006	-0.005118
0.020006	-0.005118	0.027256
-0.005118	0.027256	0.102246
0.027256	0.102246	-0.045657
0.102246	-0.045657	0.008923
-0.045657	0.008923	0.189724
0.008923	0.189724	0.213801
0.189724	0.213801	-0.004028
0.213801	-0.004028	-0.140961
-0.004028	-0.140961	-0.102423
-0.140961	-0.102423	0.050563
-0.102423	0.050563	-0.105220
0.050563	-0.105220	0.035943
-0.105220	0.035943	-0.031818
0.035943	-0.031818	0.076082
-0.031818	0.076082	-0.029043
0.076082	-0.029043	0.015759
-0.029043	0.015759	-0.002882
0.015759	-0.002882	0.009521
-0.002882	0.009521	-0.029678
0.009521	-0.029678	0.072603
-0.029678	0.072603	-0.054994
0.072603	-0.054994	-0.027046
-0.054994	-0.027046	-0.134894
-0.027046	-0.134894	0.103617
-0.134894	0.103617	0.106216
0.103617	0.106216	0.043019
0.106216	0.043019	-0.039688
0.043019	-0.039688	-0.044657
-0.039688	-0.044657	0.099596
-0.044657	0.099596	-0.031679
0.099596	-0.031679	-0.046538
-0.031679	-0.046538	0.004837
-0.046538	0.004837	0.067314
