# Principal Component: 121
# Fraction of Variance Captured: 0.00000
-0.015289	-0.011628	-0.024780
-0.011628	-0.024780	0.021551
-0.024780	0.021551	0.035862
0.021551	0.035862	-0.136369
0.035862	-0.136369	0.038772
-0.136369	0.038772	-0.074936
0.038772	-0.074936	0.066138
-0.074936	0.066138	-0.155889
0.066138	-0.155889	0.013064
-0.155889	0.013064	0.149489
0.013064	0.149489	0.054890
0.149489	0.054890	0.140896
0.054890	0.140896	-0.006861
0.140896	-0.006861	0.165045
-0.006861	0.165045	-0.081275
0.165045	-0.081275	0.011026
-0.081275	0.011026	-0.076594
0.011026	-0.076594	-0.063749
-0.076594	-0.063749	-0.028727
-0.063749	-0.028727	-0.040039
-0.028727	-0.040039	0.044555
-0.040039	0.044555	-0.042645
0.044555	-0.042645	0.004962
-0.042645	0.004962	-0.009215
0.004962	-0.009215	-0.002982
-0.009215	-0.002982	0.003403
-0.002982	0.003403	-0.007389
0.003403	-0.007389	0.008581
-0.007389	0.008581	0.004115
0.008581	0.004115	-0.001263
0.004115	-0.001263	0.000207
-0.001263	0.000207	-0.007384
0.000207	-0.007384	0.006869
-0.007384	0.006869	-0.009429
0.006869	-0.009429	-0.000489
-0.009429	-0.000489	-0.047495
-0.000489	-0.047495	0.028715
-0.047495	0.028715	0.011508
0.028715	0.011508	0.006403
0.011508	0.006403	-0.006350
0.006403	-0.006350	-0.006407
-0.006350	-0.006407	0.230078
-0.006407	0.230078	-0.197846
0.230078	-0.197846	-0.100576
-0.197846	-0.100576	-0.178277
-0.100576	-0.178277	0.133099
