# Principal Component: 77
# Fraction of Variance Captured: 0.00007
-0.042024	-0.033728	-0.096094
-0.033728	-0.096094	0.049628
-0.096094	0.049628	0.046589
0.049628	0.046589	0.065062
0.046589	0.065062	-0.027917
0.065062	-0.027917	0.091867
-0.027917	0.091867	0.044136
0.091867	0.044136	0.012432
0.044136	0.012432	-0.015080
0.012432	-0.015080	0.041034
-0.015080	0.041034	-0.023024
0.041034	-0.023024	0.058192
-0.023024	0.058192	0.042760
0.058192	0.042760	-0.048603
0.042760	-0.048603	-0.054325
-0.048603	-0.054325	0.015070
-0.054325	0.015070	0.030005
0.015070	0.030005	-0.024117
0.030005	-0.024117	0.016013
-0.024117	0.016013	-0.015500
0.016013	-0.015500	0.010195
-0.015500	0.010195	-0.069730
0.010195	-0.069730	0.078682
-0.069730	0.078682	-0.197745
0.078682	-0.197745	0.083854
-0.197745	0.083854	-0.041294
0.083854	-0.041294	0.123845
-0.041294	0.123845	-0.048344
0.123845	-0.048344	0.027304
-0.048344	0.027304	-0.007010
0.027304	-0.007010	-0.002054
-0.007010	-0.002054	0.002565
-0.002054	0.002565	-0.049503
0.002565	-0.049503	0.050822
-0.049503	0.050822	-0.051170
0.050822	-0.051170	0.098749
-0.051170	0.098749	-0.060327
0.098749	-0.060327	0.145935
-0.060327	0.145935	0.059891
0.145935	0.059891	0.037769
0.059891	0.037769	-0.069987
0.037769	-0.069987	-0.066194
-0.069987	-0.066194	-0.068215
-0.066194	-0.068215	0.072324
-0.068215	0.072324	0.055061
0.072324	0.055061	0.052936
