# Principal Component: 44
# Fraction of Variance Captured: 0.00082
0.225836	-0.112514	-0.145438
-0.112514	-0.145438	-0.045520
-0.145438	-0.045520	-0.046634
-0.045520	-0.046634	0.003513
-0.046634	0.003513	0.010719
0.003513	0.010719	-0.011251
0.010719	-0.011251	0.013668
-0.011251	0.013668	-0.043723
0.013668	-0.043723	-0.014770
-0.043723	-0.014770	-0.000181
-0.014770	-0.000181	0.002410
-0.000181	0.002410	0.029464
0.002410	0.029464	0.011791
0.029464	0.011791	-0.034054
0.011791	-0.034054	0.011467
-0.034054	0.011467	-0.017558
0.011467	-0.017558	-0.010245
-0.017558	-0.010245	0.023406
-0.010245	0.023406	-0.013742
0.023406	-0.013742	-0.041558
-0.013742	-0.041558	-0.016067
-0.041558	-0.016067	-0.062128
-0.016067	-0.062128	-0.228729
-0.062128	-0.228729	-0.019433
-0.228729	-0.019433	0.095175
-0.019433	0.095175	0.129714
0.095175	0.129714	-0.053723
0.129714	-0.053723	-0.148458
-0.053723	-0.148458	-0.098223
-0.148458	-0.098223	-0.043305
-0.098223	-0.043305	0.099102
-0.043305	0.099102	-0.123735
0.099102	-0.123735	0.044581
-0.123735	0.044581	0.020109
0.044581	0.020109	0.075098
0.020109	0.075098	-0.032681
0.075098	-0.032681	-0.040399
-0.032681	-0.040399	0.040766
-0.040399	0.040766	-0.027051
0.040766	-0.027051	-0.067332
-0.027051	-0.067332	-0.040320
-0.067332	-0.040320	-0.057577
-0.040320	-0.057577	-0.048303
-0.057577	-0.048303	-0.016776
-0.048303	-0.016776	0.009249
-0.016776	0.009249	-0.004239
