# Principal Component: 90
# Fraction of Variance Captured: 0.00003
0.008275	0.001873	-0.010299
0.001873	-0.010299	0.053384
-0.010299	0.053384	-0.127748
0.053384	-0.127748	0.064270
-0.127748	0.064270	-0.010346
0.064270	-0.010346	-0.071164
-0.010346	-0.071164	0.035793
-0.071164	0.035793	-0.019317
0.035793	-0.019317	0.039281
-0.019317	0.039281	0.065133
0.039281	0.065133	-0.008931
0.065133	-0.008931	0.090259
-0.008931	0.090259	0.017602
0.090259	0.017602	0.026646
0.017602	0.026646	0.136395
0.026646	0.136395	-0.011343
0.136395	-0.011343	0.022962
-0.011343	0.022962	-0.001854
0.022962	-0.001854	-0.032588
-0.001854	-0.032588	-0.075641
-0.032588	-0.075641	-0.042973
-0.075641	-0.042973	-0.110372
-0.042973	-0.110372	0.014063
-0.110372	0.014063	-0.032949
0.014063	-0.032949	0.011901
-0.032949	0.011901	-0.000581
0.011901	-0.000581	0.045854
-0.000581	0.045854	-0.031870
0.045854	-0.031870	-0.001427
-0.031870	-0.001427	0.004483
-0.001427	0.004483	0.007964
0.004483	0.007964	0.004639
0.007964	0.004639	-0.008172
0.004639	-0.008172	0.013797
-0.008172	0.013797	-0.008503
0.013797	-0.008503	-0.014860
-0.008503	-0.014860	-0.024132
-0.014860	-0.024132	-0.027061
-0.024132	-0.027061	0.045505
-0.027061	0.045505	-0.053656
0.045505	-0.053656	-0.014565
-0.053656	-0.014565	-0.020856
-0.014565	-0.020856	0.065967
-0.020856	0.065967	0.033369
0.065967	0.033369	0.000919
0.033369	0.000919	-0.144888
