# Principal Component: 126
# Fraction of Variance Captured: 0.00000
-0.016450	-0.005446	-0.017319
-0.005446	-0.017319	0.033539
-0.017319	0.033539	-0.050564
0.033539	-0.050564	0.144086
-0.050564	0.144086	0.298005
0.144086	0.298005	-0.015485
0.298005	-0.015485	0.153876
-0.015485	0.153876	-0.231476
0.153876	-0.231476	0.134125
-0.231476	0.134125	-0.334404
0.134125	-0.334404	-0.417794
-0.334404	-0.417794	0.046459
-0.417794	0.046459	-0.243229
0.046459	-0.243229	0.262041
-0.243229	0.262041	-0.116744
0.262041	-0.116744	0.234104
-0.116744	0.234104	0.152330
0.234104	0.152330	-0.033984
0.152330	-0.033984	0.110774
-0.033984	0.110774	-0.068047
0.110774	-0.068047	0.035925
-0.068047	0.035925	-0.045910
0.035925	-0.045910	-0.010502
-0.045910	-0.010502	0.013706
-0.010502	0.013706	-0.013165
0.013706	-0.013165	0.005419
-0.013165	0.005419	-0.002288
0.005419	-0.002288	0.003036
-0.002288	0.003036	-0.002543
0.003036	-0.002543	0.000000
-0.002543	0.000000	-0.002671
0.000000	-0.002671	0.004351
-0.002671	0.004351	-0.002915
0.004351	-0.002915	-0.000168
-0.002915	-0.000168	0.004264
-0.000168	0.004264	0.003108
0.004264	0.003108	-0.002918
0.003108	-0.002918	-0.001665
-0.002918	-0.001665	0.018662
-0.001665	0.018662	0.043969
0.018662	0.043969	0.001676
0.043969	0.001676	-0.024580
0.001676	-0.024580	-0.034562
-0.024580	-0.034562	-0.011893
-0.034562	-0.011893	-0.027565
-0.011893	-0.027565	-0.082935
