# Principal Component: 49
# Fraction of Variance Captured: 0.00054
-0.085958	-0.146460	0.117693
-0.146460	0.117693	-0.061617
0.117693	-0.061617	0.044169
-0.061617	0.044169	-0.070837
0.044169	-0.070837	0.047327
-0.070837	0.047327	0.075427
0.047327	0.075427	-0.044176
0.075427	-0.044176	0.003464
-0.044176	0.003464	0.061786
0.003464	0.061786	-0.051698
0.061786	-0.051698	0.108358
-0.051698	0.108358	0.067224
0.108358	0.067224	-0.057141
0.067224	-0.057141	0.043191
-0.057141	0.043191	0.042924
0.043191	0.042924	-0.034151
0.042924	-0.034151	0.121655
-0.034151	0.121655	-0.008162
0.121655	-0.008162	-0.062116
-0.008162	-0.062116	0.021023
-0.062116	0.021023	-0.064188
0.021023	-0.064188	-0.015003
-0.064188	-0.015003	-0.094227
-0.015003	-0.094227	-0.160226
-0.094227	-0.160226	0.143163
-0.160226	0.143163	0.103974
0.143163	0.103974	-0.129978
0.103974	-0.129978	0.022438
-0.129978	0.022438	-0.097074
0.022438	-0.097074	0.008266
-0.097074	0.008266	0.055526
0.008266	0.055526	0.150338
0.055526	0.150338	0.071061
0.150338	0.071061	-0.150713
0.071061	-0.150713	-0.059972
-0.150713	-0.059972	0.072039
-0.059972	0.072039	-0.030714
0.072039	-0.030714	-0.040680
-0.030714	-0.040680	-0.013077
-0.040680	-0.013077	-0.016778
-0.013077	-0.016778	-0.090830
-0.016778	-0.090830	0.013841
-0.090830	0.013841	0.036429
0.013841	0.036429	-0.006211
0.036429	-0.006211	-0.101967
-0.006211	-0.101967	0.012471
