# Principal Component: 43
# Fraction of Variance Captured: 0.00089
-0.035202	-0.129242	0.118709
-0.129242	0.118709	-0.059466
0.118709	-0.059466	0.018902
-0.059466	0.018902	0.022278
0.018902	0.022278	0.071536
0.022278	0.071536	0.046757
0.071536	0.046757	-0.016795
0.046757	-0.016795	0.024170
-0.016795	0.024170	0.045164
0.024170	0.045164	-0.001375
0.045164	-0.001375	0.101841
-0.001375	0.101841	0.064967
0.101841	0.064967	-0.038135
0.064967	-0.038135	0.047100
-0.038135	0.047100	0.029829
0.047100	0.029829	-0.008876
0.029829	-0.008876	0.075381
-0.008876	0.075381	0.021905
0.075381	0.021905	-0.041936
0.021905	-0.041936	0.015741
-0.041936	0.015741	-0.041638
0.015741	-0.041638	0.004269
-0.041638	0.004269	-0.116836
0.004269	-0.116836	-0.034458
-0.116836	-0.034458	0.043943
-0.034458	0.043943	-0.020414
0.043943	-0.020414	0.001744
-0.020414	0.001744	0.127852
0.001744	0.127852	0.192099
0.127852	0.192099	0.053183
0.192099	0.053183	-0.182561
0.053183	-0.182561	-0.033106
-0.182561	-0.033106	-0.115612
-0.033106	-0.115612	0.079769
-0.115612	0.079769	-0.148828
0.079769	-0.148828	0.102210
-0.148828	0.102210	0.106177
0.102210	0.106177	0.106759
0.106177	0.106759	-0.047959
0.106759	-0.047959	0.000710
-0.047959	0.000710	0.034004
0.000710	0.034004	0.158558
0.034004	0.158558	0.053548
0.158558	0.053548	0.165862
0.053548	0.165862	-0.081024
0.165862	-0.081024	-0.124394
