# Principal Component: 25
# Fraction of Variance Captured: 0.00360
-0.012412	0.002706	-0.021770
0.002706	-0.021770	-0.023042
-0.021770	-0.023042	0.023220
-0.023042	0.023220	-0.021953
0.023220	-0.021953	0.007391
-0.021953	0.007391	-0.001010
0.007391	-0.001010	-0.031898
-0.001010	-0.031898	0.017751
-0.031898	0.017751	0.019617
0.017751	0.019617	-0.046948
0.019617	-0.046948	0.051923
-0.046948	0.051923	-0.003607
0.051923	-0.003607	-0.060187
-0.003607	-0.060187	0.081868
-0.060187	0.081868	0.029034
0.081868	0.029034	-0.077684
0.029034	-0.077684	0.132285
-0.077684	0.132285	0.004948
0.132285	0.004948	-0.084128
0.004948	-0.084128	0.205025
-0.084128	0.205025	0.112146
0.205025	0.112146	-0.117680
0.112146	-0.117680	0.270156
-0.117680	0.270156	0.200475
0.270156	0.200475	0.132391
0.200475	0.132391	-0.307618
0.132391	-0.307618	-0.032181
-0.307618	-0.032181	-0.089138
-0.032181	-0.089138	-0.138995
-0.089138	-0.138995	-0.023761
-0.138995	-0.023761	0.252681
-0.023761	0.252681	0.042437
0.252681	0.042437	-0.109905
0.042437	-0.109905	0.113947
-0.109905	0.113947	-0.141344
0.113947	-0.141344	-0.136329
-0.141344	-0.136329	0.008989
-0.136329	0.008989	0.086920
0.008989	0.086920	-0.197238
0.086920	-0.197238	-0.053789
-0.197238	-0.053789	-0.003417
-0.053789	-0.003417	0.016929
-0.003417	0.016929	0.045425
0.016929	0.045425	0.093778
0.045425	0.093778	-0.098257
0.093778	-0.098257	-0.041410
