# Principal Component: 57
# Fraction of Variance Captured: 0.00029
0.033881	-0.016134	0.127841
-0.016134	0.127841	0.000932
0.127841	0.000932	-0.053869
0.000932	-0.053869	0.004063
-0.053869	0.004063	0.052514
0.004063	0.052514	-0.050017
0.052514	-0.050017	-0.003723
-0.050017	-0.003723	0.000074
-0.003723	0.000074	-0.070740
0.000074	-0.070740	-0.020525
-0.070740	-0.020525	0.072579
-0.020525	0.072579	-0.055439
0.072579	-0.055439	-0.036517
-0.055439	-0.036517	0.027162
-0.036517	0.027162	-0.043806
0.027162	-0.043806	-0.016231
-0.043806	-0.016231	0.060116
-0.016231	0.060116	0.010192
0.060116	0.010192	-0.023200
0.010192	-0.023200	0.025343
-0.023200	0.025343	0.069655
0.025343	0.069655	0.067435
0.069655	0.067435	-0.156364
0.067435	-0.156364	0.080402
-0.156364	0.080402	-0.020734
0.080402	-0.020734	-0.045261
-0.020734	-0.045261	0.170450
-0.045261	0.170450	-0.103080
0.170450	-0.103080	0.019909
-0.103080	0.019909	-0.024011
0.019909	-0.024011	-0.010804
-0.024011	-0.010804	-0.024390
-0.010804	-0.024390	0.019504
-0.024390	0.019504	0.012570
0.019504	0.012570	0.045337
0.012570	0.045337	0.008747
0.045337	0.008747	0.074081
0.008747	0.074081	0.093065
0.074081	0.093065	-0.090750
0.093065	-0.090750	-0.153348
-0.090750	-0.153348	-0.065875
-0.153348	-0.065875	0.047042
-0.065875	0.047042	0.090197
0.047042	0.090197	-0.035546
0.090197	-0.035546	-0.006169
-0.035546	-0.006169	-0.038646
