# Principal Component: 94
# Fraction of Variance Captured: 0.00002
0.033187	-0.002184	0.045624
-0.002184	0.045624	0.204840
0.045624	0.204840	0.227577
0.204840	0.227577	-0.005872
0.227577	-0.005872	-0.187358
-0.005872	-0.187358	-0.206618
-0.187358	-0.206618	0.064994
-0.206618	0.064994	-0.083485
0.064994	-0.083485	-0.026106
-0.083485	-0.026106	-0.059795
-0.026106	-0.059795	-0.109637
-0.059795	-0.109637	-0.084537
-0.109637	-0.084537	-0.013310
-0.084537	-0.013310	-0.086833
-0.013310	-0.086833	-0.123513
-0.086833	-0.123513	-0.032116
-0.123513	-0.032116	0.253751
-0.032116	0.253751	0.388614
0.253751	0.388614	-0.128492
0.388614	-0.128492	-0.003421
-0.128492	-0.003421	-0.123193
-0.003421	-0.123193	0.128577
-0.123193	0.128577	0.017539
0.128577	0.017539	-0.100257
0.017539	-0.100257	0.074170
-0.100257	0.074170	-0.018717
0.074170	-0.018717	0.075670
-0.018717	0.075670	-0.068796
0.075670	-0.068796	-0.013650
-0.068796	-0.013650	0.006051
-0.013650	0.006051	0.005082
0.006051	0.005082	0.012040
0.005082	0.012040	0.010271
0.012040	0.010271	-0.002250
0.010271	-0.002250	-0.015442
-0.002250	-0.015442	0.112752
-0.015442	0.112752	-0.038538
0.112752	-0.038538	-0.086825
-0.038538	-0.086825	-0.108667
-0.086825	-0.108667	0.108216
-0.108667	0.108216	0.160670
0.108216	0.160670	-0.049487
0.160670	-0.049487	-0.009273
-0.049487	-0.009273	-0.062021
-0.009273	-0.062021	-0.024734
-0.062021	-0.024734	-0.073909
