# Principal Component: 17
# Fraction of Variance Captured: 0.00788
0.031155	0.195630	0.015063
0.195630	0.015063	0.074768
0.015063	0.074768	0.092699
0.074768	0.092699	-0.025888
0.092699	-0.025888	0.042850
-0.025888	0.042850	0.154555
0.042850	0.154555	0.001313
0.154555	0.001313	0.077660
0.001313	0.077660	0.054475
0.077660	0.054475	-0.045073
0.054475	-0.045073	0.044860
-0.045073	0.044860	0.113325
0.044860	0.113325	-0.013769
0.113325	-0.013769	0.063243
-0.013769	0.063243	0.023551
0.063243	0.023551	-0.045992
0.023551	-0.045992	0.030744
-0.045992	0.030744	0.067401
0.030744	0.067401	-0.004045
0.067401	-0.004045	0.005464
-0.004045	0.005464	-0.006267
0.005464	-0.006267	-0.025014
-0.006267	-0.025014	-0.063692
-0.025014	-0.063692	0.033295
-0.063692	0.033295	0.104130
0.033295	0.104130	-0.139794
0.104130	-0.139794	0.059248
-0.139794	0.059248	0.185648
0.059248	0.185648	-0.073533
0.185648	-0.073533	0.226137
-0.073533	0.226137	0.098381
0.226137	0.098381	-0.073956
0.098381	-0.073956	-0.203118
-0.073956	-0.203118	-0.212545
-0.203118	-0.212545	0.013696
-0.212545	0.013696	-0.040083
0.013696	-0.040083	-0.046725
-0.040083	-0.046725	-0.069514
-0.046725	-0.069514	-0.049248
-0.069514	-0.049248	-0.027956
-0.049248	-0.027956	-0.082655
-0.027956	-0.082655	0.063690
-0.082655	0.063690	0.069585
0.063690	0.069585	-0.063191
0.069585	-0.063191	0.050793
-0.063191	0.050793	0.078065
