# Principal Component: 37
# Fraction of Variance Captured: 0.00131
-0.095813	-0.007721	0.092395
-0.007721	0.092395	-0.000647
0.092395	-0.000647	-0.026426
-0.000647	-0.026426	0.007391
-0.026426	0.007391	-0.007350
0.007391	-0.007350	0.001276
-0.007350	0.001276	0.025894
0.001276	0.025894	0.035154
0.025894	0.035154	-0.013781
0.035154	-0.013781	-0.006451
-0.013781	-0.006451	0.022010
-0.006451	0.022010	0.001168
0.022010	0.001168	0.008883
0.001168	0.008883	0.064648
0.008883	0.064648	-0.007307
0.064648	-0.007307	-0.001412
-0.007307	-0.001412	0.031658
-0.001412	0.031658	-0.005165
0.031658	-0.005165	0.004472
-0.005165	0.004472	0.075296
0.004472	0.075296	-0.029350
0.075296	-0.029350	0.025215
-0.029350	0.025215	0.017530
0.025215	0.017530	-0.059011
0.017530	-0.059011	-0.124687
-0.059011	-0.124687	-0.109878
-0.124687	-0.109878	0.090272
-0.109878	0.090272	0.210387
0.090272	0.210387	-0.170341
0.210387	-0.170341	0.170476
-0.170341	0.170476	-0.433377
0.170476	-0.433377	-0.028289
-0.433377	-0.028289	0.150989
-0.028289	0.150989	0.147848
0.150989	0.147848	-0.115935
0.147848	-0.115935	-0.061700
-0.115935	-0.061700	-0.090866
-0.061700	-0.090866	0.030049
-0.090866	0.030049	-0.077452
0.030049	-0.077452	-0.029537
-0.077452	-0.029537	-0.027254
-0.029537	-0.027254	-0.040153
-0.027254	-0.040153	-0.028268
-0.040153	-0.028268	0.034701
-0.028268	0.034701	-0.052043
0.034701	-0.052043	0.010129
