# Principal Component: 86
# Fraction of Variance Captured: 0.00004
-0.194973	-0.133047	-0.263511
-0.133047	-0.263511	0.287345
-0.263511	0.287345	0.116480
0.287345	0.116480	-0.062081
0.116480	-0.062081	-0.067713
-0.062081	-0.067713	0.028521
-0.067713	0.028521	0.336596
0.028521	0.336596	-0.055947
0.336596	-0.055947	0.035020
-0.055947	0.035020	-0.007223
0.035020	-0.007223	0.031294
-0.007223	0.031294	-0.069651
0.031294	-0.069651	0.163000
-0.069651	0.163000	-0.155352
0.163000	-0.155352	-0.109474
-0.155352	-0.109474	-0.078561
-0.109474	-0.078561	0.366661
-0.078561	0.366661	0.027541
0.366661	0.027541	-0.096843
0.027541	-0.096843	-0.141435
-0.096843	-0.141435	0.045187
-0.141435	0.045187	0.000792
0.045187	0.000792	-0.070882
0.000792	-0.070882	0.096808
-0.070882	0.096808	-0.053249
0.096808	-0.053249	0.022103
-0.053249	0.022103	-0.037765
0.022103	-0.037765	0.043073
-0.037765	0.043073	0.017188
0.043073	0.017188	-0.002111
0.017188	-0.002111	-0.011878
-0.002111	-0.011878	-0.033029
-0.011878	-0.033029	0.072618
-0.033029	0.072618	-0.069128
0.072618	-0.069128	-0.085141
-0.069128	-0.085141	-0.036418
-0.085141	-0.036418	0.044833
-0.036418	0.044833	0.109579
0.044833	0.109579	-0.049495
0.109579	-0.049495	-0.138391
-0.049495	-0.138391	0.013397
-0.138391	0.013397	0.058809
0.013397	0.058809	0.069842
0.058809	0.069842	-0.067783
0.069842	-0.067783	0.079768
-0.067783	0.079768	0.098948
