# Principal Component: 47
# Fraction of Variance Captured: 0.00062
-0.015057	-0.456535	0.338931
-0.456535	0.338931	-0.079609
0.338931	-0.079609	0.059902
-0.079609	0.059902	-0.026195
0.059902	-0.026195	0.070955
-0.026195	0.070955	0.173216
0.070955	0.173216	-0.001959
0.173216	-0.001959	-0.006335
-0.001959	-0.006335	0.075547
-0.006335	0.075547	-0.065859
0.075547	-0.065859	0.088379
-0.065859	0.088379	0.144885
0.088379	0.144885	-0.063942
0.144885	-0.063942	-0.013215
-0.063942	-0.013215	0.055720
-0.013215	0.055720	-0.080622
0.055720	-0.080622	0.072229
-0.080622	0.072229	0.096613
0.072229	0.096613	-0.081481
0.096613	-0.081481	-0.073711
-0.081481	-0.073711	0.004904
-0.073711	0.004904	-0.085247
0.004904	-0.085247	-0.064373
-0.085247	-0.064373	-0.014234
-0.064373	-0.014234	0.049258
-0.014234	0.049258	0.078267
0.049258	0.078267	-0.088704
0.078267	-0.088704	-0.068850
-0.088704	-0.068850	-0.039011
-0.068850	-0.039011	-0.032579
-0.039011	-0.032579	0.049145
-0.032579	0.049145	-0.234559
0.049145	-0.234559	0.135366
-0.234559	0.135366	0.051284
0.135366	0.051284	0.186595
0.051284	0.186595	-0.072046
0.186595	-0.072046	-0.080777
-0.072046	-0.080777	-0.018918
-0.080777	-0.018918	-0.033881
-0.018918	-0.033881	-0.058612
-0.033881	-0.058612	-0.023990
-0.058612	-0.023990	-0.128914
-0.023990	-0.128914	-0.047033
-0.128914	-0.047033	-0.045934
-0.047033	-0.045934	-0.017649
-0.045934	-0.017649	0.064071
