# Principal Component: 66
# Fraction of Variance Captured: 0.00016
-0.015244	0.007841	0.012523
0.007841	0.012523	-0.082138
0.012523	-0.082138	0.091231
-0.082138	0.091231	-0.021541
0.091231	-0.021541	-0.013934
-0.021541	-0.013934	-0.007947
-0.013934	-0.007947	-0.001035
-0.007947	-0.001035	-0.028904
-0.001035	-0.028904	0.004716
-0.028904	0.004716	-0.015910
0.004716	-0.015910	-0.012994
-0.015910	-0.012994	-0.020458
-0.012994	-0.020458	0.004427
-0.020458	0.004427	0.017542
0.004427	0.017542	-0.014451
0.017542	-0.014451	-0.003934
-0.014451	-0.003934	-0.012064
-0.003934	-0.012064	0.027953
-0.012064	0.027953	0.066218
0.027953	0.066218	0.030493
0.066218	0.030493	-0.012820
0.030493	-0.012820	0.053842
-0.012820	0.053842	-0.017883
0.053842	-0.017883	0.081257
-0.017883	0.081257	-0.038722
0.081257	-0.038722	0.002989
-0.038722	0.002989	-0.050364
0.002989	-0.050364	0.042264
-0.050364	0.042264	0.008267
0.042264	0.008267	-0.015037
0.008267	-0.015037	0.023404
-0.015037	0.023404	-0.097828
0.023404	-0.097828	0.173933
-0.097828	0.173933	-0.094530
0.173933	-0.094530	0.093740
-0.094530	0.093740	-0.162594
0.093740	-0.162594	-0.210458
-0.162594	-0.210458	0.031558
-0.210458	0.031558	-0.011659
0.031558	-0.011659	0.182967
-0.011659	0.182967	-0.227739
0.182967	-0.227739	0.146377
-0.227739	0.146377	0.352029
0.146377	0.352029	0.147753
0.352029	0.147753	-0.070198
0.147753	-0.070198	-0.147098
