# Principal Component: 87
# Fraction of Variance Captured: 0.00003
-0.060131	-0.062903	-0.072211
-0.062903	-0.072211	0.063720
-0.072211	0.063720	0.066591
0.063720	0.066591	-0.024505
0.066591	-0.024505	-0.109126
-0.024505	-0.109126	0.135368
-0.109126	0.135368	0.045469
0.135368	0.045469	-0.024588
0.045469	-0.024588	-0.003080
-0.024588	-0.003080	0.023560
-0.003080	0.023560	-0.062847
0.023560	-0.062847	0.058053
-0.062847	0.058053	-0.018295
0.058053	-0.018295	-0.033020
-0.018295	-0.033020	-0.075097
-0.033020	-0.075097	0.100722
-0.075097	0.100722	0.081803
0.100722	0.081803	-0.064667
0.081803	-0.064667	-0.142226
-0.064667	-0.142226	0.102606
-0.142226	0.102606	-0.120695
0.102606	-0.120695	0.122918
-0.120695	0.122918	0.016834
0.122918	0.016834	-0.046364
0.016834	-0.046364	0.028371
-0.046364	0.028371	-0.026849
0.028371	-0.026849	0.045005
-0.026849	0.045005	-0.041187
0.045005	-0.041187	0.006605
-0.041187	0.006605	-0.009304
0.006605	-0.009304	-0.000920
-0.009304	-0.000920	-0.005039
-0.000920	-0.005039	-0.050024
-0.005039	-0.050024	0.064594
-0.050024	0.064594	-0.024780
0.064594	-0.024780	-0.045713
-0.024780	-0.045713	-0.038403
-0.045713	-0.038403	0.020693
-0.038403	0.020693	0.119884
0.020693	0.119884	-0.134127
0.119884	-0.134127	-0.026693
-0.134127	-0.026693	-0.005275
-0.026693	-0.005275	0.040671
-0.005275	0.040671	-0.140788
0.040671	-0.140788	0.069743
-0.140788	0.069743	0.032685
