# Principal Component: 130
# Fraction of Variance Captured: 0.00000
-0.005381	-0.004272	-0.007932
-0.004272	-0.007932	-0.007607
-0.007932	-0.007607	-0.001664
-0.007607	-0.001664	-0.016445
-0.001664	-0.016445	0.122715
-0.016445	0.122715	-0.011078
0.122715	-0.011078	0.084241
-0.011078	0.084241	-0.009576
0.084241	-0.009576	-0.025443
-0.009576	-0.025443	0.037753
-0.025443	0.037753	-0.173111
0.037753	-0.173111	0.030796
-0.173111	0.030796	-0.129523
0.030796	-0.129523	0.023122
-0.129523	0.023122	0.024019
0.023122	0.024019	-0.054178
0.024019	-0.054178	0.068613
-0.054178	0.068613	-0.036477
0.068613	-0.036477	0.055493
-0.036477	0.055493	-0.005009
0.055493	-0.005009	-0.009104
-0.005009	-0.009104	0.029383
-0.009104	0.029383	-0.008729
0.029383	-0.008729	0.011456
-0.008729	0.011456	-0.005583
0.011456	-0.005583	0.000191
-0.005583	0.000191	-0.004753
0.000191	-0.004753	0.002103
-0.004753	0.002103	0.000111
0.002103	0.000111	0.000074
0.000111	0.000074	-0.000670
0.000074	-0.000670	-0.001283
-0.000670	-0.001283	-0.001184
-0.001283	-0.001184	0.002210
-0.001184	0.002210	-0.012232
0.002210	-0.012232	-0.006388
-0.012232	-0.006388	-0.000490
-0.006388	-0.000490	0.006887
-0.000490	0.006887	0.020923
0.006887	0.020923	-0.030950
0.020923	-0.030950	0.002573
-0.030950	0.002573	0.006585
0.002573	0.006585	0.019180
0.006585	0.019180	0.033742
0.019180	0.033742	-0.042050
0.033742	-0.042050	0.106668
