# Principal Component: 89
# Fraction of Variance Captured: 0.00003
0.012540	0.009207	0.051476
0.009207	0.051476	-0.041381
0.051476	-0.041381	0.163037
-0.041381	0.163037	-0.074986
0.163037	-0.074986	-0.044777
-0.074986	-0.044777	-0.047036
-0.044777	-0.047036	-0.002523
-0.047036	-0.002523	-0.069317
-0.002523	-0.069317	0.000652
-0.069317	0.000652	-0.084935
0.000652	-0.084935	-0.018244
-0.084935	-0.018244	-0.037678
-0.018244	-0.037678	0.029073
-0.037678	0.029073	-0.042184
0.029073	-0.042184	-0.085783
-0.042184	-0.085783	-0.034854
-0.085783	-0.034854	0.074070
-0.034854	0.074070	0.030830
0.074070	0.030830	-0.005281
0.030830	-0.005281	0.085986
-0.005281	0.085986	-0.050912
0.085986	-0.050912	0.096888
-0.050912	0.096888	0.006082
0.096888	0.006082	0.006678
0.006082	0.006678	0.017258
0.006678	0.017258	-0.008999
0.017258	-0.008999	-0.005557
-0.008999	-0.005557	-0.013039
-0.005557	-0.013039	-0.027516
-0.013039	-0.027516	0.017746
-0.027516	0.017746	-0.013057
0.017746	-0.013057	0.061228
-0.013057	0.061228	-0.144776
0.061228	-0.144776	0.155396
-0.144776	0.155396	0.150578
0.155396	0.150578	0.237671
0.150578	0.237671	-0.136871
0.237671	-0.136871	-0.097600
-0.136871	-0.097600	-0.044471
-0.097600	-0.044471	0.003241
-0.044471	0.003241	-0.249323
0.003241	-0.249323	-0.120979
-0.249323	-0.120979	0.008518
-0.120979	0.008518	0.193632
0.008518	0.193632	-0.110941
0.193632	-0.110941	0.069232
