# Principal Component: 127
# Fraction of Variance Captured: 0.00000
-0.004515	0.004362	-0.006597
0.004362	-0.006597	-0.053388
-0.006597	-0.053388	0.006664
-0.053388	0.006664	-0.007134
0.006664	-0.007134	0.183883
-0.007134	0.183883	-0.033743
0.183883	-0.033743	0.113786
-0.033743	0.113786	0.026763
0.113786	0.026763	-0.028956
0.026763	-0.028956	0.003778
-0.028956	0.003778	-0.266670
0.003778	-0.266670	0.069746
-0.266670	0.069746	-0.148645
0.069746	-0.148645	0.035186
-0.148645	0.035186	0.035508
0.035186	0.035508	0.008803
0.035508	0.008803	0.095009
0.008803	0.095009	-0.040143
0.095009	-0.040143	0.034967
-0.040143	0.034967	-0.005463
0.034967	-0.005463	-0.019155
-0.005463	-0.019155	0.003854
-0.019155	0.003854	-0.005873
0.003854	-0.005873	0.004402
-0.005873	0.004402	-0.005164
0.004402	-0.005164	0.000581
-0.005164	0.000581	0.001041
0.000581	0.001041	-0.002751
0.001041	-0.002751	0.001031
-0.002751	0.001031	-0.001343
0.001031	-0.001343	-0.003787
-0.001343	-0.003787	0.003130
-0.003787	0.003130	-0.004251
0.003130	-0.004251	0.000490
-0.004251	0.000490	-0.005544
0.000490	-0.005544	0.007258
-0.005544	0.007258	-0.007984
0.007258	-0.007984	0.046167
-0.007984	0.046167	-0.000155
0.046167	-0.000155	-0.043464
-0.000155	-0.043464	-0.028128
-0.043464	-0.028128	-0.016488
-0.028128	-0.016488	0.056605
-0.016488	0.056605	-0.098530
0.056605	-0.098530	-0.020816
-0.098530	-0.020816	0.167472
