# Principal Component: 125
# Fraction of Variance Captured: 0.00000
-0.009487	-0.001835	-0.002271
-0.001835	-0.002271	0.012290
-0.002271	0.012290	0.034687
0.012290	0.034687	-0.089024
0.034687	-0.089024	0.099667
-0.089024	0.099667	-0.046635
0.099667	-0.046635	0.146661
-0.046635	0.146661	-0.011903
0.146661	-0.011903	-0.055998
-0.011903	-0.055998	0.209321
-0.055998	0.209321	-0.125418
0.209321	-0.125418	0.073851
-0.125418	0.073851	-0.217533
0.073851	-0.217533	-0.021463
-0.217533	-0.021463	0.048160
-0.021463	0.048160	-0.169118
0.048160	-0.169118	0.035022
-0.169118	0.035022	-0.025536
0.035022	-0.025536	0.077873
-0.025536	0.077873	0.019293
0.077873	0.019293	-0.030793
0.019293	-0.030793	0.042357
-0.030793	0.042357	0.004467
0.042357	0.004467	-0.004325
0.004467	-0.004325	0.001193
-0.004325	0.001193	-0.001982
0.001193	-0.001982	0.002843
-0.001982	0.002843	-0.002569
0.002843	-0.002569	-0.003641
-0.002569	-0.003641	-0.000987
-0.003641	-0.000987	0.001863
-0.000987	0.001863	0.002466
0.001863	0.002466	-0.004319
0.002466	-0.004319	0.003109
-0.004319	0.003109	0.036072
0.003109	0.036072	0.011637
0.036072	0.011637	0.003491
0.011637	0.003491	-0.075958
0.003491	-0.075958	-0.036185
-0.075958	-0.036185	0.148220
-0.036185	0.148220	0.031762
0.148220	0.031762	-0.058400
0.031762	-0.058400	-0.083101
-0.058400	-0.083101	0.136582
-0.083101	0.136582	0.116912
0.136582	0.116912	-0.449055
