# Principal Component: 129
# Fraction of Variance Captured: 0.00000
-0.002396	-0.005200	-0.001919
-0.005200	-0.001919	0.015173
-0.001919	0.015173	-0.027486
0.015173	-0.027486	0.078326
-0.027486	0.078326	-0.003801
0.078326	-0.003801	0.028832
-0.003801	0.028832	-0.011903
0.028832	-0.011903	-0.001237
-0.011903	-0.001237	0.047649
-0.001237	0.047649	-0.119337
0.047649	-0.119337	0.011612
-0.119337	0.011612	-0.045690
0.011612	-0.045690	0.024315
-0.045690	0.024315	-0.014203
0.024315	-0.014203	-0.023682
-0.014203	-0.023682	0.049812
-0.023682	0.049812	-0.012445
0.049812	-0.012445	0.026163
-0.012445	0.026163	-0.015397
0.026163	-0.015397	0.000012
-0.015397	0.000012	-0.001976
0.000012	-0.001976	-0.006878
-0.001976	-0.006878	0.004808
-0.006878	0.004808	-0.011147
0.004808	-0.011147	0.004909
-0.011147	0.004909	0.001472
0.004909	0.001472	0.001942
0.001472	0.001942	-0.001919
0.001942	-0.001919	-0.001230
-0.001919	-0.001230	0.000544
-0.001230	0.000544	0.000121
0.000544	0.000121	0.002343
0.000121	0.002343	0.001261
0.002343	0.001261	-0.001321
0.001261	-0.001321	-0.000191
-0.001321	-0.000191	-0.024295
-0.000191	-0.024295	0.010037
-0.024295	0.010037	-0.101591
0.010037	-0.101591	0.037653
-0.101591	0.037653	-0.079888
0.037653	-0.079888	0.103977
-0.079888	0.103977	0.075790
0.103977	0.075790	-0.019635
0.075790	-0.019635	0.382148
-0.019635	0.382148	-0.092293
0.382148	-0.092293	0.312381
