# Principal Component: 12
# Fraction of Variance Captured: 0.01520
-0.075951	-0.049489	0.044511
-0.049489	0.044511	-0.023864
0.044511	-0.023864	-0.157966
-0.023864	-0.157966	-0.040512
-0.157966	-0.040512	-0.076902
-0.040512	-0.076902	-0.049673
-0.076902	-0.049673	0.063073
-0.049673	0.063073	-0.021806
0.063073	-0.021806	-0.160776
-0.021806	-0.160776	-0.031713
-0.160776	-0.031713	-0.087676
-0.031713	-0.087676	-0.038591
-0.087676	-0.038591	0.076339
-0.038591	0.076339	-0.029660
0.076339	-0.029660	-0.151118
-0.029660	-0.151118	-0.022681
-0.151118	-0.022681	-0.097276
-0.022681	-0.097276	-0.014561
-0.097276	-0.014561	0.091279
-0.014561	0.091279	-0.035447
0.091279	-0.035447	-0.124929
-0.035447	-0.124929	-0.016320
-0.124929	-0.016320	-0.100042
-0.016320	-0.100042	0.005045
-0.100042	0.005045	0.115083
0.005045	0.115083	-0.051089
0.115083	-0.051089	-0.049485
-0.051089	-0.049485	0.058698
-0.049485	0.058698	-0.055644
0.058698	-0.055644	-0.062005
-0.055644	-0.062005	-0.028567
-0.062005	-0.028567	-0.084953
-0.028567	-0.084953	-0.068767
-0.084953	-0.068767	-0.063564
-0.068767	-0.063564	0.018040
-0.063564	0.018040	0.011219
0.018040	0.011219	-0.043816
0.011219	-0.043816	0.065078
-0.043816	0.065078	-0.017829
0.065078	-0.017829	-0.073657
-0.017829	-0.073657	0.085487
-0.073657	0.085487	-0.022698
0.085487	-0.022698	-0.086694
-0.022698	-0.086694	0.078161
-0.086694	0.078161	-0.062986
0.078161	-0.062986	-0.107355
