# Principal Component: 55
# Fraction of Variance Captured: 0.00032
-0.220988	-0.008563	0.013276
-0.008563	0.013276	0.125133
0.013276	0.125133	-0.026359
0.125133	-0.026359	-0.013791
-0.026359	-0.013791	0.081833
-0.013791	0.081833	-0.025748
0.081833	-0.025748	-0.077206
-0.025748	-0.077206	0.104188
-0.077206	0.104188	0.011472
0.104188	0.011472	0.006162
0.011472	0.006162	0.050648
0.006162	0.050648	0.001632
0.050648	0.001632	-0.061487
0.001632	-0.061487	0.035815
-0.061487	0.035815	-0.027027
0.035815	-0.027027	0.029060
-0.027027	0.029060	-0.050355
0.029060	-0.050355	-0.033756
-0.050355	-0.033756	-0.024769
-0.033756	-0.024769	-0.183870
-0.024769	-0.183870	-0.146092
-0.183870	-0.146092	0.093796
-0.146092	0.093796	-0.030742
0.093796	-0.030742	0.038028
-0.030742	0.038028	0.006172
0.038028	0.006172	0.031726
0.006172	0.031726	-0.007832
0.031726	-0.007832	-0.066399
-0.007832	-0.066399	-0.136294
-0.066399	-0.136294	-0.025976
-0.136294	-0.025976	0.070632
-0.025976	0.070632	0.112677
0.070632	0.112677	0.065995
0.112677	0.065995	-0.102032
0.065995	-0.102032	-0.020703
-0.102032	-0.020703	-0.035399
-0.020703	-0.035399	0.062971
-0.035399	0.062971	-0.123111
0.062971	-0.123111	-0.037030
-0.123111	-0.037030	0.056543
-0.037030	0.056543	-0.059600
0.056543	-0.059600	-0.113220
-0.059600	-0.113220	-0.009511
-0.113220	-0.009511	0.064500
-0.009511	0.064500	-0.029887
0.064500	-0.029887	0.058446
