# Principal Component: 115
# Fraction of Variance Captured: 0.00000
-0.011460	-0.014941	-0.029158
-0.014941	-0.029158	0.082028
-0.029158	0.082028	-0.017192
0.082028	-0.017192	0.014698
-0.017192	0.014698	-0.010500
0.014698	-0.010500	0.080564
-0.010500	0.080564	0.145835
0.080564	0.145835	-0.157435
0.145835	-0.157435	0.048876
-0.157435	0.048876	-0.022513
0.048876	-0.022513	0.187506
-0.022513	0.187506	-0.134631
0.187506	-0.134631	-0.102793
-0.134631	-0.102793	0.081609
-0.102793	0.081609	-0.034327
0.081609	-0.034327	0.044579
-0.034327	0.044579	-0.182696
0.044579	-0.182696	0.104239
-0.182696	0.104239	-0.026307
0.104239	-0.026307	0.003065
-0.026307	0.003065	-0.004057
0.003065	-0.004057	-0.027215
-0.004057	-0.027215	0.023514
-0.027215	0.023514	-0.041475
0.023514	-0.041475	0.017161
-0.041475	0.017161	-0.005287
0.017161	-0.005287	0.010301
-0.005287	0.010301	-0.003224
0.010301	-0.003224	-0.004865
-0.003224	-0.004865	-0.001305
-0.004865	-0.001305	-0.003285
-0.001305	-0.003285	0.008427
-0.003285	0.008427	-0.021073
0.008427	-0.021073	0.022097
-0.021073	0.022097	-0.018876
0.022097	-0.018876	-0.014105
-0.018876	-0.014105	-0.011535
-0.014105	-0.011535	-0.005434
-0.011535	-0.005434	0.157855
-0.005434	0.157855	-0.050910
0.157855	-0.050910	-0.007577
-0.050910	-0.007577	-0.189771
-0.007577	-0.189771	0.164265
-0.189771	0.164265	0.098063
0.164265	0.098063	-0.097269
0.098063	-0.097269	-0.071809
