# Principal Component: 70
# Fraction of Variance Captured: 0.00013
0.004731	-0.024581	-0.097369
-0.024581	-0.097369	-0.033425
-0.097369	-0.033425	-0.074495
-0.033425	-0.074495	-0.065750
-0.074495	-0.065750	-0.060305
-0.065750	-0.060305	0.075930
-0.060305	0.075930	-0.009125
0.075930	-0.009125	0.047427
-0.009125	0.047427	0.003066
0.047427	0.003066	-0.047225
0.003066	-0.047225	-0.008620
-0.047225	-0.008620	0.075786
-0.008620	0.075786	-0.003399
0.075786	-0.003399	0.061939
-0.003399	0.061939	0.041563
0.061939	0.041563	0.031652
0.041563	0.031652	-0.009831
0.031652	-0.009831	0.010013
-0.009831	0.010013	0.078794
0.010013	0.078794	-0.069838
0.078794	-0.069838	0.046280
-0.069838	0.046280	0.183033
0.046280	0.183033	0.063537
0.183033	0.063537	-0.119771
0.063537	-0.119771	0.072394
-0.119771	0.072394	-0.025559
0.072394	-0.025559	0.101016
-0.025559	0.101016	-0.080762
0.101016	-0.080762	0.001064
-0.080762	0.001064	-0.000517
0.001064	-0.000517	0.007459
-0.000517	0.007459	-0.003633
0.007459	-0.003633	0.051126
-0.003633	0.051126	-0.089396
0.051126	-0.089396	-0.082665
-0.089396	-0.082665	0.061232
-0.082665	0.061232	0.082878
0.061232	0.082878	0.119337
0.082878	0.119337	0.028413
0.119337	0.028413	-0.095135
0.028413	-0.095135	-0.122094
-0.095135	-0.122094	-0.185379
-0.122094	-0.185379	-0.099132
-0.185379	-0.099132	0.046351
-0.099132	0.046351	0.073585
0.046351	0.073585	0.092462
