# Principal Component: 29
# Fraction of Variance Captured: 0.00254
-0.016753	0.112171	0.010801
0.112171	0.010801	-0.029462
0.010801	-0.029462	0.078970
-0.029462	0.078970	0.024620
0.078970	0.024620	-0.000890
0.024620	-0.000890	0.077667
-0.000890	0.077667	0.027021
0.077667	0.027021	-0.031791
0.027021	-0.031791	0.062915
-0.031791	0.062915	0.033478
0.062915	0.033478	-0.007007
0.033478	-0.007007	0.045685
-0.007007	0.045685	0.028696
0.045685	0.028696	-0.040237
0.028696	-0.040237	0.026452
-0.040237	0.026452	0.023612
0.026452	0.023612	-0.014389
0.023612	-0.014389	-0.008013
-0.014389	-0.008013	0.011833
-0.008013	0.011833	-0.020571
0.011833	-0.020571	-0.019540
-0.020571	-0.019540	0.004249
-0.019540	0.004249	0.031564
0.004249	0.031564	-0.059348
0.031564	-0.059348	-0.092268
-0.059348	-0.092268	0.144130
-0.092268	0.144130	0.035962
0.144130	0.035962	0.041374
0.035962	0.041374	-0.141323
0.041374	-0.141323	-0.224624
-0.141323	-0.224624	0.141961
-0.224624	0.141961	0.048471
0.141961	0.048471	-0.046735
0.048471	-0.046735	0.024319
-0.046735	0.024319	0.012276
0.024319	0.012276	0.001105
0.012276	0.001105	0.006315
0.001105	0.006315	0.104337
0.006315	0.104337	-0.090156
0.104337	-0.090156	-0.078836
-0.090156	-0.078836	0.052198
-0.078836	0.052198	0.050714
0.052198	0.050714	0.004984
0.050714	0.004984	0.063399
0.004984	0.063399	-0.071758
0.063399	-0.071758	-0.069356
