# Principal Component: 40
# Fraction of Variance Captured: 0.00106
0.149027	-0.059790	-0.156824
-0.059790	-0.156824	0.114931
-0.156824	0.114931	-0.052355
0.114931	-0.052355	-0.083947
-0.052355	-0.083947	0.030254
-0.083947	0.030254	-0.043814
0.030254	-0.043814	-0.066045
-0.043814	-0.066045	0.103590
-0.066045	0.103590	-0.039454
0.103590	-0.039454	-0.062347
-0.039454	-0.062347	0.021795
-0.062347	0.021795	-0.034251
0.021795	-0.034251	-0.054201
-0.034251	-0.054201	0.101041
-0.054201	0.101041	-0.035644
0.101041	-0.035644	-0.065449
-0.035644	-0.065449	0.007374
-0.065449	0.007374	-0.049314
0.007374	-0.049314	-0.074235
-0.049314	-0.074235	0.090330
-0.074235	0.090330	-0.070302
0.090330	-0.070302	-0.088425
-0.070302	-0.088425	0.066758
-0.088425	0.066758	-0.016820
0.066758	-0.016820	-0.025213
-0.016820	-0.025213	-0.085176
-0.025213	-0.085176	0.052035
-0.085176	0.052035	0.170967
0.052035	0.170967	-0.078329
0.170967	-0.078329	0.026293
-0.078329	0.026293	-0.102938
0.026293	-0.102938	0.074163
-0.102938	0.074163	0.129917
0.074163	0.129917	-0.043921
0.129917	-0.043921	0.006090
-0.043921	0.006090	0.077767
0.006090	0.077767	-0.084356
0.077767	-0.084356	0.065389
-0.084356	0.065389	-0.022064
0.065389	-0.022064	-0.116582
-0.022064	-0.116582	-0.057438
-0.116582	-0.057438	0.045741
-0.057438	0.045741	0.000253
0.045741	0.000253	-0.010986
0.000253	-0.010986	-0.072896
-0.010986	-0.072896	-0.033004
