# Principal Component: 74
# Fraction of Variance Captured: 0.00009
0.069200	0.039470	0.071697
0.039470	0.071697	-0.076928
0.071697	-0.076928	0.126021
-0.076928	0.126021	-0.018743
0.126021	-0.018743	-0.002978
-0.018743	-0.002978	-0.024128
-0.002978	-0.024128	-0.015836
-0.024128	-0.015836	-0.016594
-0.015836	-0.016594	0.008264
-0.016594	0.008264	0.000640
0.008264	0.000640	0.028386
0.000640	0.028386	-0.104028
0.028386	-0.104028	-0.009074
-0.104028	-0.009074	0.028574
-0.009074	0.028574	-0.095552
0.028574	-0.095552	-0.010828
-0.095552	-0.010828	0.028695
-0.010828	0.028695	-0.042073
0.028695	-0.042073	0.015930
-0.042073	0.015930	0.051121
0.015930	0.051121	-0.137757
0.051121	-0.137757	-0.001949
-0.137757	-0.001949	-0.074785
-0.001949	-0.074785	0.095237
-0.074785	0.095237	-0.054354
0.095237	-0.054354	-0.091330
-0.054354	-0.091330	0.137735
-0.091330	0.137735	-0.079750
0.137735	-0.079750	-0.015870
-0.079750	-0.015870	-0.007405
-0.015870	-0.007405	0.015029
-0.007405	0.015029	0.054434
0.015029	0.054434	-0.213744
0.054434	-0.213744	0.195281
-0.213744	0.195281	0.187267
0.195281	0.187267	0.006050
0.187267	0.006050	-0.085579
0.006050	-0.085579	0.061651
-0.085579	0.061651	0.199841
0.061651	0.199841	0.160232
0.199841	0.160232	-0.056737
0.160232	-0.056737	-0.104711
-0.056737	-0.104711	-0.146745
-0.104711	-0.146745	-0.200188
-0.146745	-0.200188	0.010810
-0.200188	0.010810	0.160067
