# Principal Component: 51
# Fraction of Variance Captured: 0.00044
-0.179322	0.059117	-0.088679
0.059117	-0.088679	-0.112120
-0.088679	-0.112120	-0.155829
-0.112120	-0.155829	0.045783
-0.155829	0.045783	0.044523
0.045783	0.044523	-0.043417
0.044523	-0.043417	-0.063599
-0.043417	-0.063599	-0.034743
-0.063599	-0.034743	-0.051479
-0.034743	-0.051479	0.043436
-0.051479	0.043436	0.118915
0.043436	0.118915	0.050709
0.118915	0.050709	-0.061238
0.050709	-0.061238	0.064138
-0.061238	0.064138	0.039423
0.064138	0.039423	0.045130
0.039423	0.045130	0.172927
0.045130	0.172927	0.111092
0.172927	0.111092	-0.067493
0.111092	-0.067493	0.169167
-0.067493	0.169167	0.114680
0.169167	0.114680	0.056806
0.114680	0.056806	-0.382622
0.056806	-0.382622	-0.118604
-0.382622	-0.118604	0.118247
-0.118604	0.118247	0.052012
0.118247	0.052012	-0.023140
0.052012	-0.023140	-0.071615
-0.023140	-0.071615	-0.150353
-0.071615	-0.150353	0.029351
-0.150353	0.029351	-0.048298
0.029351	-0.048298	0.242936
-0.048298	0.242936	-0.093026
0.242936	-0.093026	-0.021529
-0.093026	-0.021529	-0.062684
-0.021529	-0.062684	-0.015745
-0.062684	-0.015745	0.136822
-0.015745	0.136822	-0.023086
0.136822	-0.023086	-0.009582
-0.023086	-0.009582	0.053641
-0.009582	0.053641	-0.038487
0.053641	-0.038487	0.043571
-0.038487	0.043571	0.051569
0.043571	0.051569	0.012224
0.051569	0.012224	0.001809
0.012224	0.001809	-0.046075
