# Principal Component: 27
# Fraction of Variance Captured: 0.00306
0.060214	-0.090534	-0.041657
-0.090534	-0.041657	0.071358
-0.041657	0.071358	-0.083574
0.071358	-0.083574	-0.051856
-0.083574	-0.051856	0.017200
-0.051856	0.017200	-0.030414
0.017200	-0.030414	-0.015490
-0.030414	-0.015490	0.053156
-0.015490	0.053156	-0.052747
0.053156	-0.052747	-0.031367
-0.052747	-0.031367	0.010399
-0.031367	0.010399	0.004353
0.010399	0.004353	0.006567
0.004353	0.006567	0.054122
0.006567	0.054122	-0.022412
0.054122	-0.022412	-0.028431
-0.022412	-0.028431	0.017779
-0.028431	0.017779	0.028750
0.017779	0.028750	-0.002129
0.028750	-0.002129	0.061203
-0.002129	0.061203	-0.003203
0.061203	-0.003203	-0.043230
-0.003203	-0.043230	0.063927
-0.043230	0.063927	-0.072384
0.063927	-0.072384	-0.242014
-0.072384	-0.242014	0.002859
-0.242014	0.002859	-0.099640
0.002859	-0.099640	-0.189476
-0.099640	-0.189476	0.004669
-0.189476	0.004669	0.150161
0.004669	0.150161	0.086471
0.150161	0.086471	-0.189679
0.086471	-0.189679	-0.091645
-0.189679	-0.091645	0.033834
-0.091645	0.033834	-0.080688
0.033834	-0.080688	-0.052581
-0.080688	-0.052581	0.084763
-0.052581	0.084763	-0.076273
0.084763	-0.076273	-0.029322
-0.076273	-0.029322	0.057734
-0.029322	0.057734	-0.036438
0.057734	-0.036438	-0.145748
-0.036438	-0.145748	-0.008708
-0.145748	-0.008708	-0.020439
-0.008708	-0.020439	-0.080481
-0.020439	-0.080481	-0.018562
