# Principal Component: 13
# Fraction of Variance Captured: 0.01241
0.004678	0.029666	0.007022
0.029666	0.007022	0.017430
0.007022	0.017430	0.046469
0.017430	0.046469	0.031849
0.046469	0.031849	0.019142
0.031849	0.019142	-0.031384
0.019142	-0.031384	0.006143
-0.031384	0.006143	0.021947
0.006143	0.021947	0.022410
0.021947	0.022410	0.019943
0.022410	0.019943	0.028253
0.019943	0.028253	-0.047226
0.028253	-0.047226	-0.001873
-0.047226	-0.001873	0.041625
-0.001873	0.041625	0.020570
0.041625	0.020570	0.010933
0.020570	0.010933	0.059358
0.010933	0.059358	-0.025792
0.059358	-0.025792	-0.019102
-0.025792	-0.019102	0.105457
-0.019102	0.105457	0.053070
0.105457	0.053070	-0.004548
0.053070	-0.004548	0.175317
-0.004548	0.175317	0.037194
0.175317	0.037194	-0.064130
0.037194	-0.064130	0.227474
-0.064130	0.227474	0.021658
0.227474	0.021658	-0.151665
0.021658	-0.151665	-0.033693
-0.151665	-0.033693	-0.154507
-0.033693	-0.154507	-0.167554
-0.154507	-0.167554	-0.094938
-0.167554	-0.094938	-0.090480
-0.094938	-0.090480	-0.016435
-0.090480	-0.016435	-0.141661
-0.016435	-0.141661	-0.028483
-0.141661	-0.028483	0.072742
-0.028483	0.072742	-0.160636
0.072742	-0.160636	0.008043
-0.160636	0.008043	0.093082
0.008043	0.093082	-0.201946
0.093082	-0.201946	0.042034
-0.201946	0.042034	0.110217
0.042034	0.110217	-0.123650
0.110217	-0.123650	0.077480
-0.123650	0.077480	0.107172
