# Principal Component: 116
# Fraction of Variance Captured: 0.00000
-0.013817	-0.008073	-0.005859
-0.008073	-0.005859	0.090571
-0.005859	0.090571	0.016807
0.090571	0.016807	-0.067356
0.016807	-0.067356	-0.063924
-0.067356	-0.063924	0.032373
-0.063924	0.032373	0.096760
0.032373	0.096760	-0.222664
0.096760	-0.222664	-0.036704
-0.222664	-0.036704	0.083160
-0.036704	0.083160	0.138802
0.083160	0.138802	-0.062632
0.138802	-0.062632	-0.135454
-0.062632	-0.135454	0.120392
-0.135454	0.120392	0.051894
0.120392	0.051894	0.008836
0.051894	0.008836	-0.084308
0.008836	-0.084308	0.060461
-0.084308	0.060461	0.051394
0.060461	0.051394	0.008810
0.051394	0.008810	-0.022094
0.008810	-0.022094	-0.019732
-0.022094	-0.019732	0.016476
-0.019732	0.016476	-0.021492
0.016476	-0.021492	0.012260
-0.021492	0.012260	-0.000014
0.012260	-0.000014	0.009691
-0.000014	0.009691	-0.003287
0.009691	-0.003287	0.001024
-0.003287	0.001024	0.001991
0.001024	0.001991	0.002642
0.001991	0.002642	0.006451
0.002642	0.006451	-0.002815
0.006451	-0.002815	0.004757
-0.002815	0.004757	-0.012359
0.004757	-0.012359	-0.013360
-0.012359	-0.013360	0.000209
-0.013360	0.000209	0.033692
0.000209	0.033692	0.038347
0.033692	0.038347	-0.045863
0.038347	-0.045863	-0.049013
-0.045863	-0.049013	0.021084
-0.049013	0.021084	0.025275
0.021084	0.025275	0.060176
0.025275	0.060176	-0.021562
0.060176	-0.021562	0.074622
