# Principal Component: 71
# Fraction of Variance Captured: 0.00011
-0.175107	-0.110159	-0.191640
-0.110159	-0.191640	0.087214
-0.191640	0.087214	-0.131329
0.087214	-0.131329	0.138142
-0.131329	0.138142	-0.029029
0.138142	-0.029029	-0.055414
-0.029029	-0.055414	-0.081102
-0.055414	-0.081102	0.096515
-0.081102	0.096515	0.018116
0.096515	0.018116	0.118929
0.018116	0.118929	-0.020560
0.118929	-0.020560	0.133686
-0.020560	0.133686	-0.044008
0.133686	-0.044008	0.090176
-0.044008	0.090176	0.081403
0.090176	0.081403	0.104122
0.081403	0.104122	-0.076490
0.104122	-0.076490	0.186739
-0.076490	0.186739	-0.026936
0.186739	-0.026936	-0.077135
-0.026936	-0.077135	-0.073234
-0.077135	-0.073234	0.113488
-0.073234	0.113488	-0.021921
0.113488	-0.021921	0.119113
-0.021921	0.119113	0.001917
0.119113	0.001917	0.019035
0.001917	0.019035	-0.055976
0.019035	-0.055976	-0.012351
-0.055976	-0.012351	0.047084
-0.012351	0.047084	-0.012448
0.047084	-0.012448	0.037339
-0.012448	0.037339	0.012575
0.037339	0.012575	-0.130304
0.012575	-0.130304	0.094494
-0.130304	0.094494	0.011530
0.094494	0.011530	0.055247
0.011530	0.055247	-0.052520
0.055247	-0.052520	0.175590
-0.052520	0.175590	0.079637
0.175590	0.079637	0.019784
0.079637	0.019784	-0.062456
0.019784	-0.062456	-0.060662
-0.062456	-0.060662	-0.089625
-0.060662	-0.089625	-0.005635
-0.089625	-0.005635	0.042832
-0.005635	0.042832	0.106073
