# Principal Component: 60
# Fraction of Variance Captured: 0.00024
-0.122293	0.010331	-0.034701
0.010331	-0.034701	0.063221
-0.034701	0.063221	-0.181554
0.063221	-0.181554	-0.167538
-0.181554	-0.167538	0.026122
-0.167538	0.026122	-0.029221
0.026122	-0.029221	-0.028166
-0.029221	-0.028166	-0.046017
-0.028166	-0.046017	0.014391
-0.046017	0.014391	-0.067206
0.014391	-0.067206	0.010111
-0.067206	0.010111	0.083469
0.010111	0.083469	0.052815
0.083469	0.052815	-0.067797
0.052815	-0.067797	0.157283
-0.067797	0.157283	0.017157
0.157283	0.017157	0.038938
0.017157	0.038938	0.043645
0.038938	0.043645	0.058452
0.043645	0.058452	-0.078319
0.058452	-0.078319	0.121321
-0.078319	0.121321	0.027354
0.121321	0.027354	0.124332
0.027354	0.124332	-0.182384
0.124332	-0.182384	0.044115
-0.182384	0.044115	0.030020
0.044115	0.030020	-0.042462
0.030020	-0.042462	0.032960
-0.042462	0.032960	0.020276
0.032960	0.020276	-0.025730
0.020276	-0.025730	0.024392
-0.025730	0.024392	-0.002132
0.024392	-0.002132	-0.147003
-0.002132	-0.147003	0.114925
-0.147003	0.114925	-0.105502
0.114925	-0.105502	0.004736
-0.105502	0.004736	-0.228678
0.004736	-0.228678	0.119720
-0.228678	0.119720	0.108982
0.119720	0.108982	0.140963
0.108982	0.140963	0.043384
0.140963	0.043384	0.075442
0.043384	0.075442	-0.094952
0.075442	-0.094952	-0.003050
-0.094952	-0.003050	0.083409
-0.003050	0.083409	0.055242
