# Principal Component: 35
# Fraction of Variance Captured: 0.00155
-0.068936	-0.078571	0.045267
-0.078571	0.045267	-0.074608
0.045267	-0.074608	-0.042521
-0.074608	-0.042521	-0.013359
-0.042521	-0.013359	-0.007755
-0.013359	-0.007755	0.001941
-0.007755	0.001941	-0.012452
0.001941	-0.012452	-0.018480
-0.012452	-0.018480	-0.018814
-0.018480	-0.018814	-0.033114
-0.018814	-0.033114	0.034595
-0.033114	0.034595	0.015553
0.034595	0.015553	-0.049452
0.015553	-0.049452	0.026030
-0.049452	0.026030	0.013728
0.026030	0.013728	-0.050992
0.013728	-0.050992	0.075723
-0.050992	0.075723	0.038164
0.075723	0.038164	-0.073016
0.038164	-0.073016	0.056625
-0.073016	0.056625	0.028538
0.056625	0.028538	-0.053404
0.028538	-0.053404	0.003158
-0.053404	0.003158	-0.056494
0.003158	-0.056494	-0.130808
-0.056494	-0.130808	-0.049550
-0.130808	-0.049550	0.037008
-0.049550	0.037008	0.120571
0.037008	0.120571	0.072825
0.120571	0.072825	-0.273645
0.072825	-0.273645	0.286650
-0.273645	0.286650	0.057565
0.286650	0.057565	-0.035840
0.057565	-0.035840	-0.186696
-0.035840	-0.186696	0.098175
-0.186696	0.098175	0.106669
0.098175	0.106669	-0.023981
0.106669	-0.023981	-0.009030
-0.023981	-0.009030	0.075766
-0.009030	0.075766	-0.070748
0.075766	-0.070748	-0.037212
-0.070748	-0.037212	0.061371
-0.037212	0.061371	-0.016657
0.061371	-0.016657	-0.030083
-0.016657	-0.030083	0.049756
-0.030083	0.049756	-0.026199
