# Principal Component: 14
# Fraction of Variance Captured: 0.01055
-0.031882	-0.121162	-0.041208
-0.121162	-0.041208	-0.122904
-0.041208	-0.122904	0.006435
-0.122904	0.006435	0.071681
0.006435	0.071681	-0.030883
0.071681	-0.030883	-0.184189
-0.030883	-0.184189	-0.058438
-0.184189	-0.058438	-0.122645
-0.058438	-0.122645	-0.015522
-0.122645	-0.015522	0.056717
-0.015522	0.056717	-0.022880
0.056717	-0.022880	-0.197492
-0.022880	-0.197492	-0.072424
-0.197492	-0.072424	-0.107070
-0.072424	-0.107070	-0.020739
-0.107070	-0.020739	0.046610
-0.020739	0.046610	-0.008552
0.046610	-0.008552	-0.175107
-0.008552	-0.175107	-0.080815
-0.175107	-0.080815	-0.077055
-0.080815	-0.077055	-0.003300
-0.077055	-0.003300	0.056828
-0.003300	0.056828	0.015281
0.056828	0.015281	-0.085861
0.015281	-0.085861	-0.025020
-0.085861	-0.025020	-0.060114
-0.025020	-0.060114	-0.041478
-0.060114	-0.041478	-0.016792
-0.041478	-0.016792	-0.099600
-0.016792	-0.099600	-0.090757
-0.099600	-0.090757	-0.070548
-0.090757	-0.070548	-0.035976
-0.070548	-0.035976	-0.154114
-0.035976	-0.154114	-0.137311
-0.154114	-0.137311	0.071633
-0.137311	0.071633	0.019863
0.071633	0.019863	-0.018295
0.019863	-0.018295	0.109274
-0.018295	0.109274	-0.015200
0.109274	-0.015200	-0.028256
-0.015200	-0.028256	0.068972
-0.028256	0.068972	0.118765
0.068972	0.118765	0.049864
0.118765	0.049864	0.089183
0.049864	0.089183	0.053662
0.089183	0.053662	0.018616
