# Principal Component: 24
# Fraction of Variance Captured: 0.00365
-0.021520	0.044429	0.053623
0.044429	0.053623	0.050918
0.053623	0.050918	-0.042240
0.050918	-0.042240	0.022642
-0.042240	0.022642	0.015976
0.022642	0.015976	0.025051
0.015976	0.025051	0.063558
0.025051	0.063558	0.063060
0.063558	0.063060	-0.034543
0.063060	-0.034543	0.019973
-0.034543	0.019973	0.025897
0.019973	0.025897	0.034226
0.025897	0.034226	0.057237
0.034226	0.057237	0.065233
0.057237	0.065233	-0.031290
0.065233	-0.031290	0.014434
-0.031290	0.014434	0.016820
0.014434	0.016820	0.023804
0.016820	0.023804	0.039772
0.023804	0.039772	0.015433
0.039772	0.015433	-0.066096
0.015433	-0.066096	0.019361
-0.066096	0.019361	-0.049615
0.019361	-0.049615	-0.157715
-0.049615	-0.157715	-0.207675
-0.157715	-0.207675	-0.022931
-0.207675	-0.022931	-0.148761
-0.022931	-0.148761	-0.076303
-0.148761	-0.076303	0.053526
-0.076303	0.053526	0.443435
0.053526	0.443435	0.037256
0.443435	0.037256	-0.086404
0.037256	-0.086404	-0.210409
-0.086404	-0.210409	-0.265167
-0.210409	-0.265167	0.168791
-0.265167	0.168791	0.083402
0.168791	0.083402	0.056409
0.083402	0.056409	0.022910
0.056409	0.022910	0.074425
0.022910	0.074425	0.058774
0.074425	0.058774	-0.022540
0.058774	-0.022540	0.073021
-0.022540	0.073021	0.125642
0.073021	0.125642	-0.047845
0.125642	-0.047845	0.022165
-0.047845	0.022165	0.088373
