# Principal Component: 79
# Fraction of Variance Captured: 0.00006
-0.007519	-0.033084	-0.023475
-0.033084	-0.023475	0.072341
-0.023475	0.072341	-0.057464
0.072341	-0.057464	0.249553
-0.057464	0.249553	-0.077799
0.249553	-0.077799	0.061700
-0.077799	0.061700	0.062406
0.061700	0.062406	0.089900
0.062406	0.089900	0.018894
0.089900	0.018894	0.170867
0.018894	0.170867	-0.059175
0.170867	-0.059175	0.114715
-0.059175	0.114715	-0.047482
0.114715	-0.047482	0.089806
-0.047482	0.089806	0.052903
0.089806	0.052903	0.020388
0.052903	0.020388	-0.032927
0.020388	-0.032927	0.010065
-0.032927	0.010065	-0.167529
0.010065	-0.167529	-0.139116
-0.167529	-0.139116	-0.074760
-0.139116	-0.074760	-0.159139
-0.074760	-0.159139	0.003994
-0.159139	0.003994	-0.084905
0.003994	-0.084905	0.050333
-0.084905	0.050333	-0.016464
0.050333	-0.016464	0.051133
-0.016464	0.051133	-0.028845
0.051133	-0.028845	-0.023813
-0.028845	-0.023813	-0.005668
-0.023813	-0.005668	-0.008109
-0.005668	-0.008109	0.018877
-0.008109	0.018877	-0.050384
0.018877	-0.050384	0.070755
-0.050384	0.070755	0.053635
0.070755	0.053635	0.016662
0.053635	0.016662	-0.017313
0.016662	-0.017313	-0.028981
-0.017313	-0.028981	-0.054528
-0.028981	-0.054528	-0.054717
-0.054528	-0.054717	-0.096474
-0.054717	-0.096474	0.053612
-0.096474	0.053612	0.038969
0.053612	0.038969	0.121890
0.038969	0.121890	0.045361
0.121890	0.045361	-0.039988
