# Principal Component: 69
# Fraction of Variance Captured: 0.00014
0.048871	0.056234	0.110764
0.056234	0.110764	-0.000432
0.110764	-0.000432	-0.089376
-0.000432	-0.089376	0.006073
-0.089376	0.006073	0.020265
0.006073	0.020265	0.006820
0.020265	0.006820	0.067216
0.006820	0.067216	-0.054759
0.067216	-0.054759	-0.053280
-0.054759	-0.053280	0.006751
-0.053280	0.006751	-0.020071
0.006751	-0.020071	-0.023424
-0.020071	-0.023424	0.031447
-0.023424	0.031447	-0.124544
0.031447	-0.124544	0.012101
-0.124544	0.012101	-0.050814
0.012101	-0.050814	0.062460
-0.050814	0.062460	-0.066295
0.062460	-0.066295	-0.032669
-0.066295	-0.032669	0.034025
-0.032669	0.034025	0.194300
0.034025	0.194300	-0.237797
0.194300	-0.237797	0.012147
-0.237797	0.012147	-0.193472
0.012147	-0.193472	0.077655
-0.193472	0.077655	0.006211
0.077655	0.006211	0.069108
0.006211	0.069108	-0.004378
0.069108	-0.004378	-0.080022
-0.004378	-0.080022	0.033345
-0.080022	0.033345	-0.039590
0.033345	-0.039590	0.094964
-0.039590	0.094964	-0.001576
0.094964	-0.001576	0.006391
-0.001576	0.006391	-0.053028
0.006391	-0.053028	0.020747
-0.053028	0.020747	0.149492
0.020747	0.149492	-0.090412
0.149492	-0.090412	0.045834
-0.090412	0.045834	-0.007724
0.045834	-0.007724	0.055931
-0.007724	0.055931	-0.165558
0.055931	-0.165558	-0.189366
-0.165558	-0.189366	0.009671
-0.189366	0.009671	0.043382
0.009671	0.043382	0.075841
