# Principal Component: 132
# Fraction of Variance Captured: 0.00000
-0.003318	-0.004255	-0.006788
-0.004255	-0.006788	0.010521
-0.006788	0.010521	-0.010107
0.010521	-0.010107	0.032592
-0.010107	0.032592	-0.010459
0.032592	-0.010459	0.019726
-0.010459	0.019726	0.004555
0.019726	0.004555	0.010201
0.004555	0.010201	0.002302
0.010201	0.002302	-0.030789
0.002302	-0.030789	0.015448
-0.030789	0.015448	-0.033525
0.015448	-0.033525	0.023280
-0.033525	0.023280	-0.026680
0.023280	-0.026680	0.020011
-0.026680	0.020011	-0.005549
0.020011	-0.005549	-0.003032
-0.005549	-0.003032	0.020631
-0.003032	0.020631	-0.017587
0.020631	-0.017587	0.006726
-0.017587	0.006726	-0.014781
0.006726	-0.014781	0.006475
-0.014781	0.006475	0.002410
0.006475	0.002410	-0.005010
0.002410	-0.005010	0.003090
-0.005010	0.003090	-0.002139
0.003090	-0.002139	0.003673
-0.002139	0.003673	-0.002288
0.003673	-0.002288	-0.000197
-0.002288	-0.000197	0.000756
-0.000197	0.000756	-0.000137
0.000756	-0.000137	0.000903
-0.000137	0.000903	-0.001843
0.000903	-0.001843	0.003236
-0.001843	0.003236	-0.026794
0.003236	-0.026794	0.007288
-0.026794	0.007288	-0.012578
0.007288	-0.012578	-0.024062
-0.012578	-0.024062	0.050267
-0.024062	0.050267	-0.053883
0.050267	-0.053883	0.064816
-0.053883	0.064816	-0.167903
0.064816	-0.167903	0.200692
-0.167903	0.200692	0.130066
0.200692	0.130066	0.039561
0.130066	0.039561	0.045803
