# Principal Component: 83
# Fraction of Variance Captured: 0.00005
0.238218	0.118551	0.246056
0.118551	0.246056	-0.077751
0.246056	-0.077751	-0.115928
-0.077751	-0.115928	-0.069720
-0.115928	-0.069720	-0.281071
-0.069720	-0.281071	0.053544
-0.281071	0.053544	0.119597
0.053544	0.119597	0.002150
0.119597	0.002150	0.025754
0.002150	0.025754	-0.039854
0.025754	-0.039854	-0.122219
-0.039854	-0.122219	0.002269
-0.122219	0.002269	-0.125750
0.002269	-0.125750	0.171285
-0.125750	0.171285	0.109648
0.171285	0.109648	0.023650
0.109648	0.023650	0.028907
0.023650	0.028907	-0.043343
0.028907	-0.043343	-0.371185
-0.043343	-0.371185	-0.018602
-0.371185	-0.018602	-0.082864
-0.018602	-0.082864	0.284614
-0.082864	0.284614	0.017538
0.284614	0.017538	-0.015412
0.017538	-0.015412	0.037452
-0.015412	0.037452	0.007202
0.037452	0.007202	-0.003903
0.007202	-0.003903	-0.024019
-0.003903	-0.024019	-0.009644
-0.024019	-0.009644	-0.005023
-0.009644	-0.005023	-0.002471
-0.005023	-0.002471	-0.000771
-0.002471	-0.000771	0.080570
-0.000771	0.080570	-0.092383
0.080570	-0.092383	-0.117732
-0.092383	-0.117732	-0.003576
-0.117732	-0.003576	0.023303
-0.003576	0.023303	0.071432
0.023303	0.071432	-0.028147
0.071432	-0.028147	-0.008502
-0.028147	-0.008502	0.088722
-0.008502	0.088722	-0.002813
0.088722	-0.002813	0.025038
-0.002813	0.025038	-0.089159
0.025038	-0.089159	0.052546
-0.089159	0.052546	0.055392
