# Principal Component: 91
# Fraction of Variance Captured: 0.00003
0.019513	-0.010980	-0.002321
-0.010980	-0.002321	0.040527
-0.002321	0.040527	0.102916
0.040527	0.102916	0.221611
0.102916	0.221611	-0.110637
0.221611	-0.110637	0.084208
-0.110637	0.084208	-0.004022
0.084208	-0.004022	0.146618
-0.004022	0.146618	-0.154389
0.146618	-0.154389	0.076162
-0.154389	0.076162	-0.015076
0.076162	-0.015076	-0.017901
-0.015076	-0.017901	-0.089243
-0.017901	-0.089243	0.093083
-0.089243	0.093083	-0.155592
0.093083	-0.155592	-0.050438
-0.155592	-0.050438	0.009154
-0.050438	0.009154	0.045911
0.009154	0.045911	-0.025680
0.045911	-0.025680	-0.215542
-0.025680	-0.215542	0.260824
-0.215542	0.260824	-0.137393
0.260824	-0.137393	0.013176
-0.137393	0.013176	0.001557
0.013176	0.001557	-0.019259
0.001557	-0.019259	0.038998
-0.019259	0.038998	-0.064405
0.038998	-0.064405	0.055143
-0.064405	0.055143	-0.017793
0.055143	-0.017793	-0.007281
-0.017793	-0.007281	0.012151
-0.007281	0.012151	-0.006015
0.012151	-0.006015	0.040297
-0.006015	0.040297	-0.050468
0.040297	-0.050468	-0.095609
-0.050468	-0.095609	-0.152558
-0.095609	-0.152558	0.031318
-0.152558	0.031318	0.016772
0.031318	0.016772	0.171254
0.016772	0.171254	0.110430
0.171254	0.110430	0.102465
0.110430	0.102465	-0.038670
0.102465	-0.038670	-0.069547
-0.038670	-0.069547	-0.028648
-0.069547	-0.028648	0.004724
-0.028648	0.004724	-0.207298
