# Principal Component: 5
# Fraction of Variance Captured: 0.07550
-0.010029	0.176098	0.061656
0.176098	0.061656	-0.008084
0.061656	-0.008084	0.111232
-0.008084	0.111232	0.035585
0.111232	0.035585	-0.038539
0.035585	-0.038539	0.165451
-0.038539	0.165451	0.076847
0.165451	0.076847	-0.033772
0.076847	-0.033772	0.091530
-0.033772	0.091530	0.039290
0.091530	0.039290	-0.059424
0.039290	-0.059424	0.143423
-0.059424	0.143423	0.083035
0.143423	0.083035	-0.058052
0.083035	-0.058052	0.070520
-0.058052	0.070520	0.046124
0.070520	0.046124	-0.079022
0.046124	-0.079022	0.120773
-0.079022	0.120773	0.092307
0.120773	0.092307	-0.077640
0.092307	-0.077640	0.057318
-0.077640	0.057318	0.050707
0.057318	0.050707	-0.087230
0.050707	-0.087230	0.095043
-0.087230	0.095043	0.099987
0.095043	0.099987	-0.055410
0.099987	-0.055410	0.079720
-0.055410	0.079720	0.060214
0.079720	0.060214	0.019668
0.060214	0.019668	0.055546
0.019668	0.055546	0.015764
0.055546	0.015764	0.006683
0.015764	0.006683	-0.006630
0.006683	-0.006630	-0.014916
-0.006630	-0.014916	0.026402
-0.014916	0.026402	-0.056484
0.026402	-0.056484	-0.035871
-0.056484	-0.035871	-0.029511
-0.035871	-0.029511	-0.036907
-0.029511	-0.036907	-0.011381
-0.036907	-0.011381	0.012359
-0.011381	0.012359	-0.142031
0.012359	-0.142031	-0.059118
-0.142031	-0.059118	-0.022352
-0.059118	-0.022352	-0.099516
-0.022352	-0.099516	-0.022079
