# Principal Component: 97
# Fraction of Variance Captured: 0.00002
-0.045830	-0.020456	-0.023993
-0.020456	-0.023993	-0.142122
-0.023993	-0.142122	0.012446
-0.142122	0.012446	0.126047
0.012446	0.126047	0.042366
0.126047	0.042366	0.094055
0.042366	0.094055	-0.012489
0.094055	-0.012489	0.021583
-0.012489	0.021583	0.015036
0.021583	0.015036	-0.039660
0.015036	-0.039660	0.066361
-0.039660	0.066361	0.003581
0.066361	0.003581	-0.014712
0.003581	-0.014712	0.101022
-0.014712	0.101022	-0.090344
0.101022	-0.090344	-0.235964
-0.090344	-0.235964	-0.050474
-0.235964	-0.050474	-0.132193
-0.050474	-0.132193	0.089385
-0.132193	0.089385	-0.024732
0.089385	-0.024732	0.093345
-0.024732	0.093345	0.094996
0.093345	0.094996	-0.005560
0.094996	-0.005560	0.031983
-0.005560	0.031983	-0.010548
0.031983	-0.010548	0.015490
-0.010548	0.015490	-0.044615
0.015490	-0.044615	0.022522
-0.044615	0.022522	-0.004339
0.022522	-0.004339	0.003706
-0.004339	0.003706	-0.013008
0.003706	-0.013008	0.020364
-0.013008	0.020364	-0.041522
0.020364	-0.041522	0.055574
-0.041522	0.055574	0.032044
0.055574	0.032044	-0.010253
0.032044	-0.010253	0.001556
-0.010253	0.001556	-0.171584
0.001556	-0.171584	-0.006282
-0.171584	-0.006282	-0.199126
-0.006282	-0.199126	0.054307
-0.199126	0.054307	0.130995
0.054307	0.130995	0.025884
0.130995	0.025884	0.019021
0.025884	0.019021	0.123767
0.019021	0.123767	0.043635
