# Principal Component: 93
# Fraction of Variance Captured: 0.00002
0.047428	0.032067	0.070155
0.032067	0.070155	-0.033104
0.070155	-0.033104	0.041113
-0.033104	0.041113	0.203234
0.041113	0.203234	0.054587
0.203234	0.054587	-0.203648
0.054587	-0.203648	-0.171988
-0.203648	-0.171988	-0.043161
-0.171988	-0.043161	0.032481
-0.043161	0.032481	0.025166
0.032481	0.025166	0.003973
0.025166	0.003973	0.033639
0.003973	0.033639	-0.097797
0.033639	-0.097797	0.082982
-0.097797	0.082982	-0.023629
0.082982	-0.023629	-0.184524
-0.023629	-0.184524	-0.136419
-0.184524	-0.136419	0.234911
-0.136419	0.234911	0.156927
0.234911	0.156927	-0.012396
0.156927	-0.012396	-0.035418
-0.012396	-0.035418	-0.059143
-0.035418	-0.059143	0.071627
-0.059143	0.071627	-0.129815
0.071627	-0.129815	0.050887
-0.129815	0.050887	0.000409
0.050887	0.000409	0.007869
0.000409	0.007869	0.003968
0.007869	0.003968	-0.002407
0.003968	-0.002407	0.000632
-0.002407	0.000632	-0.001212
0.000632	-0.001212	-0.004443
-0.001212	-0.004443	-0.014261
-0.004443	-0.014261	0.034611
-0.014261	0.034611	-0.031741
0.034611	-0.031741	0.036112
-0.031741	0.036112	-0.000570
0.036112	-0.000570	-0.027343
-0.000570	-0.027343	-0.100494
-0.027343	-0.100494	-0.195353
-0.100494	-0.195353	0.120409
-0.195353	0.120409	0.102853
0.120409	0.102853	0.126518
0.102853	0.126518	-0.261848
0.126518	-0.261848	0.061009
-0.261848	0.061009	0.069035
