# Principal Component: 103
# Fraction of Variance Captured: 0.00001
0.002020	-0.002033	0.005645
-0.002033	0.005645	0.070484
0.005645	0.070484	-0.111611
0.070484	-0.111611	0.016318
-0.111611	0.016318	-0.092455
0.016318	-0.092455	0.055060
-0.092455	0.055060	-0.071391
0.055060	-0.071391	-0.095963
-0.071391	-0.095963	0.078362
-0.095963	0.078362	-0.001819
0.078362	-0.001819	0.020833
-0.001819	0.020833	0.058237
0.020833	0.058237	-0.024615
0.058237	-0.024615	-0.037493
-0.024615	-0.037493	0.119796
-0.037493	0.119796	-0.033856
0.119796	-0.033856	0.092576
-0.033856	0.092576	-0.155196
0.092576	-0.155196	0.130373
-0.155196	0.130373	0.045314
0.130373	0.045314	-0.078570
0.045314	-0.078570	0.002162
-0.078570	0.002162	-0.029084
0.002162	-0.029084	0.051074
-0.029084	0.051074	-0.028496
0.051074	-0.028496	-0.013537
-0.028496	-0.013537	-0.007616
-0.013537	-0.007616	0.008282
-0.007616	0.008282	0.020929
0.008282	0.020929	0.002985
0.020929	0.002985	0.005467
0.002985	0.005467	-0.027619
0.005467	-0.027619	0.015531
-0.027619	0.015531	-0.019623
0.015531	-0.019623	0.005945
-0.019623	0.005945	-0.106395
0.005945	-0.106395	0.045508
-0.106395	0.045508	0.165053
0.045508	0.165053	0.097656
0.165053	0.097656	0.048355
0.097656	0.048355	-0.205599
0.048355	-0.205599	0.023694
-0.205599	0.023694	-0.030788
0.023694	-0.030788	-0.099551
-0.030788	-0.099551	-0.094240
-0.099551	-0.094240	0.002528
