# Principal Component: 96
# Fraction of Variance Captured: 0.00002
-0.009148	-0.000335	-0.030399
-0.000335	-0.030399	0.013839
-0.030399	0.013839	-0.197681
0.013839	-0.197681	-0.126232
-0.197681	-0.126232	0.103392
-0.126232	0.103392	0.085313
0.103392	0.085313	0.057624
0.085313	0.057624	-0.047501
0.057624	-0.047501	0.096000
-0.047501	0.096000	-0.007949
0.096000	-0.007949	-0.006121
-0.007949	-0.006121	-0.027275
-0.006121	-0.027275	0.088631
-0.027275	0.088631	-0.054046
0.088631	-0.054046	0.127954
-0.054046	0.127954	0.132010
0.127954	0.132010	-0.088163
0.132010	-0.088163	-0.091448
-0.088163	-0.091448	-0.108262
-0.091448	-0.108262	0.093824
-0.108262	0.093824	-0.033375
0.093824	-0.033375	0.015158
-0.033375	0.015158	-0.001876
0.015158	-0.001876	0.047077
-0.001876	0.047077	-0.016043
0.047077	-0.016043	-0.001737
-0.016043	-0.001737	-0.019987
-0.001737	-0.019987	0.007880
-0.019987	0.007880	0.015547
0.007880	0.015547	0.012784
0.015547	0.012784	-0.003229
0.012784	-0.003229	-0.003141
-0.003229	-0.003141	0.002323
-0.003141	0.002323	-0.004817
0.002323	-0.004817	0.074686
-0.004817	0.074686	0.166319
0.074686	0.166319	-0.009267
0.166319	-0.009267	-0.121156
-0.009267	-0.121156	-0.271834
-0.121156	-0.271834	0.143555
-0.271834	0.143555	0.108291
0.143555	0.108291	0.042553
0.108291	0.042553	-0.112234
0.042553	-0.112234	0.038832
-0.112234	0.038832	0.026920
0.038832	0.026920	0.005337
