# Principal Component: 15
# Fraction of Variance Captured: 0.00982
0.058815	0.126909	0.077169
0.126909	0.077169	0.075003
0.077169	0.075003	0.036339
0.075003	0.036339	0.016570
0.036339	0.016570	0.049579
0.016570	0.049579	0.167006
0.049579	0.167006	0.086737
0.167006	0.086737	0.069939
0.086737	0.069939	0.035986
0.069939	0.035986	0.012295
0.035986	0.012295	0.047103
0.012295	0.047103	0.150313
0.047103	0.150313	0.078643
0.150313	0.078643	0.056892
0.078643	0.056892	0.006996
0.056892	0.006996	-0.000584
0.006996	-0.000584	0.036347
-0.000584	0.036347	0.095397
0.036347	0.095397	0.065411
0.095397	0.065411	0.029947
0.065411	0.029947	-0.023039
0.029947	-0.023039	-0.030990
-0.023039	-0.030990	0.034187
-0.030990	0.034187	0.006829
0.034187	0.006829	-0.004026
0.006829	-0.004026	-0.200948
-0.004026	-0.200948	-0.258566
-0.200948	-0.258566	-0.224589
-0.258566	-0.224589	-0.011697
-0.224589	-0.011697	-0.243949
-0.011697	-0.243949	-0.177873
-0.243949	-0.177873	0.081800
-0.177873	0.081800	0.115270
0.081800	0.115270	0.050615
0.115270	0.050615	0.064285
0.050615	0.064285	0.013715
0.064285	0.013715	0.047684
0.013715	0.047684	-0.021810
0.047684	-0.021810	-0.004055
-0.021810	-0.004055	0.036429
-0.004055	0.036429	-0.019505
0.036429	-0.019505	-0.103317
-0.019505	-0.103317	0.007779
-0.103317	0.007779	-0.065843
0.007779	-0.065843	-0.110255
-0.065843	-0.110255	0.013544
