# Principal Component: 108
# Fraction of Variance Captured: 0.00001
0.007346	0.000079	0.011267
0.000079	0.011267	0.098618
0.011267	0.098618	0.006472
0.098618	0.006472	0.184060
0.006472	0.184060	-0.049540
0.184060	-0.049540	0.012529
-0.049540	0.012529	0.007797
0.012529	0.007797	-0.085691
0.007797	-0.085691	0.023315
-0.085691	0.023315	-0.057747
0.023315	-0.057747	-0.020392
-0.057747	-0.020392	-0.012913
-0.020392	-0.012913	0.016480
-0.012913	0.016480	-0.017764
0.016480	-0.017764	-0.014380
-0.017764	-0.014380	-0.208694
-0.014380	-0.208694	0.051909
-0.208694	0.051909	0.018471
0.051909	0.018471	-0.040102
0.018471	-0.040102	0.011159
-0.040102	0.011159	-0.017860
0.011159	-0.017860	0.101410
-0.017860	0.101410	0.006152
0.101410	0.006152	-0.014442
0.006152	-0.014442	0.016936
-0.014442	0.016936	-0.002835
0.016936	-0.002835	0.004818
-0.002835	0.004818	0.000102
0.004818	0.000102	0.011195
0.000102	0.011195	0.000240
0.011195	0.000240	0.002609
0.000240	0.002609	-0.013431
0.002609	-0.013431	0.021493
-0.013431	0.021493	-0.018041
0.021493	-0.018041	0.004676
-0.018041	0.004676	-0.095146
0.004676	-0.095146	0.052327
-0.095146	0.052327	0.082826
0.052327	0.082826	0.039838
0.082826	0.039838	0.003108
0.039838	0.003108	-0.143753
0.003108	-0.143753	0.180066
-0.143753	0.180066	-0.144338
0.180066	-0.144338	0.063368
-0.144338	0.063368	-0.074305
0.063368	-0.074305	0.038415
