# Principal Component: 52
# Fraction of Variance Captured: 0.00043
0.062270	0.138111	-0.195601
0.138111	-0.195601	-0.082915
-0.195601	-0.082915	-0.169452
-0.082915	-0.169452	0.092098
-0.169452	0.092098	-0.125263
0.092098	-0.125263	-0.086169
-0.125263	-0.086169	0.089115
-0.086169	0.089115	-0.060957
0.089115	-0.060957	-0.075001
-0.060957	-0.075001	0.069477
-0.075001	0.069477	-0.063868
0.069477	-0.063868	-0.017777
-0.063868	-0.017777	0.066726
-0.017777	0.066726	0.033699
0.066726	0.033699	0.037948
0.033699	0.037948	0.036168
0.037948	0.036168	0.038414
0.036168	0.038414	0.030218
0.038414	0.030218	-0.004081
0.030218	-0.004081	0.170253
-0.004081	0.170253	0.119176
0.170253	0.119176	-0.032730
0.119176	-0.032730	0.015481
-0.032730	0.015481	-0.047632
0.015481	-0.047632	0.013277
-0.047632	0.013277	-0.003299
0.013277	-0.003299	0.019609
-0.003299	0.019609	0.019620
0.019609	0.019620	0.126146
0.019620	0.126146	-0.047406
0.126146	-0.047406	0.014815
-0.047406	0.014815	-0.244318
0.014815	-0.244318	0.226735
-0.244318	0.226735	-0.049246
0.226735	-0.049246	0.176208
-0.049246	0.176208	0.074854
0.176208	0.074854	-0.093110
0.074854	-0.093110	-0.088795
-0.093110	-0.088795	-0.072779
-0.088795	-0.072779	-0.099765
-0.072779	-0.099765	-0.070105
-0.099765	-0.070105	-0.081231
-0.070105	-0.081231	0.006393
-0.081231	0.006393	0.026130
0.006393	0.026130	-0.193949
0.026130	-0.193949	0.059858
