# Principal Component: 33
# Fraction of Variance Captured: 0.00171
-0.105440	0.127286	0.053933
0.127286	0.053933	-0.075325
0.053933	-0.075325	0.054265
-0.075325	0.054265	0.018407
0.054265	0.018407	-0.006574
0.018407	-0.006574	0.007425
-0.006574	0.007425	-0.025145
0.007425	-0.025145	-0.032884
-0.025145	-0.032884	0.018081
-0.032884	0.018081	-0.021417
0.018081	-0.021417	0.031832
-0.021417	0.031832	-0.033521
0.031832	-0.033521	-0.071470
-0.033521	-0.071470	-0.000122
-0.071470	-0.000122	0.008815
-0.000122	0.008815	-0.056707
0.008815	-0.056707	0.077391
-0.056707	0.077391	-0.064383
0.077391	-0.064383	-0.121587
-0.064383	-0.121587	0.011080
-0.121587	0.011080	-0.011942
0.011080	-0.011942	-0.123209
-0.011942	-0.123209	0.045424
-0.123209	0.045424	-0.028106
0.045424	-0.028106	0.169356
-0.028106	0.169356	-0.120401
0.169356	-0.120401	-0.042730
-0.120401	-0.042730	0.123752
-0.042730	0.123752	0.259377
0.123752	0.259377	-0.223635
0.259377	-0.223635	0.095378
-0.223635	0.095378	-0.003484
0.095378	-0.003484	-0.053376
-0.003484	-0.053376	-0.054804
-0.053376	-0.054804	0.047695
-0.054804	0.047695	-0.031510
0.047695	-0.031510	0.024487
-0.031510	0.024487	-0.096256
0.024487	-0.096256	0.059057
-0.096256	0.059057	0.067233
0.059057	0.067233	-0.013774
0.067233	-0.013774	-0.071762
-0.013774	-0.071762	-0.020000
-0.071762	-0.020000	-0.080449
-0.020000	-0.080449	0.103363
-0.080449	0.103363	0.062169
