# Principal Component: 28
# Fraction of Variance Captured: 0.00267
-0.010122	-0.111584	-0.030621
-0.111584	-0.030621	-0.037614
-0.030621	-0.037614	-0.065777
-0.037614	-0.065777	-0.024311
-0.065777	-0.024311	-0.049516
-0.024311	-0.049516	-0.089412
-0.049516	-0.089412	0.001055
-0.089412	0.001055	-0.041840
0.001055	-0.041840	-0.045467
-0.041840	-0.045467	-0.013797
-0.045467	-0.013797	-0.046246
-0.013797	-0.046246	-0.073110
-0.046246	-0.073110	0.008675
-0.073110	0.008675	-0.028522
0.008675	-0.028522	-0.015286
-0.028522	-0.015286	-0.006093
-0.015286	-0.006093	-0.021250
-0.006093	-0.021250	-0.024270
-0.021250	-0.024270	0.028131
-0.024270	0.028131	-0.011398
0.028131	-0.011398	0.054682
-0.011398	0.054682	0.013900
0.054682	0.013900	0.096709
0.013900	0.096709	0.110418
0.096709	0.110418	0.106853
0.110418	0.106853	-0.048604
0.106853	-0.048604	-0.018392
-0.048604	-0.018392	-0.145161
-0.018392	-0.145161	0.146245
-0.145161	0.146245	0.050534
0.146245	0.050534	0.022815
0.050534	0.022815	0.056366
0.022815	0.056366	-0.006966
0.056366	-0.006966	0.057308
-0.006966	0.057308	-0.209199
0.057308	-0.209199	-0.159214
-0.209199	-0.159214	-0.070037
-0.159214	-0.070037	-0.143144
-0.070037	-0.143144	-0.110735
-0.143144	-0.110735	-0.015046
-0.110735	-0.015046	-0.111732
-0.015046	-0.111732	-0.026748
-0.111732	-0.026748	0.015660
-0.026748	0.015660	-0.034930
0.015660	-0.034930	0.034561
-0.034930	0.034561	0.047742
