# Principal Component: 21
# Fraction of Variance Captured: 0.00514
0.024147	-0.023988	0.013393
-0.023988	0.013393	0.035125
0.013393	0.035125	0.047375
0.035125	0.047375	0.019249
0.047375	0.019249	0.025596
0.019249	0.025596	-0.012280
0.025596	-0.012280	-0.012368
-0.012280	-0.012368	0.019318
-0.012368	0.019318	0.034785
0.019318	0.034785	0.016637
0.034785	0.016637	0.009986
0.016637	0.009986	-0.022914
0.009986	-0.022914	-0.013809
-0.022914	-0.013809	0.004879
-0.013809	0.004879	0.023160
0.004879	0.023160	0.014506
0.023160	0.014506	0.006291
0.014506	0.006291	-0.027760
0.006291	-0.027760	-0.023664
-0.027760	-0.023664	0.007620
-0.023664	0.007620	0.004616
0.007620	0.004616	0.012862
0.004616	0.012862	0.033033
0.012862	0.033033	-0.022003
0.033033	-0.022003	-0.093095
-0.022003	-0.093095	0.225917
-0.093095	0.225917	0.134627
0.225917	0.134627	0.056460
0.134627	0.056460	0.019112
0.056460	0.019112	-0.080059
0.019112	-0.080059	-0.133703
-0.080059	-0.133703	0.013988
-0.133703	0.013988	0.012619
0.013988	0.012619	-0.016594
0.012619	-0.016594	0.021375
-0.016594	0.021375	0.023258
0.021375	0.023258	0.050997
0.023258	0.050997	-0.063619
0.050997	-0.063619	0.021452
-0.063619	0.021452	0.049048
0.021452	0.049048	-0.054426
0.049048	-0.054426	-0.040622
-0.054426	-0.040622	0.028895
-0.040622	0.028895	-0.071389
0.028895	-0.071389	-0.035113
-0.071389	-0.035113	0.027491
