# Principal Component: 123
# Fraction of Variance Captured: 0.00000
-0.006361	-0.003206	-0.013004
-0.003206	-0.013004	0.008682
-0.013004	0.008682	0.029432
0.008682	0.029432	-0.049612
0.029432	-0.049612	0.082462
-0.049612	0.082462	-0.025179
0.082462	-0.025179	0.136219
-0.025179	0.136219	-0.044917
0.136219	-0.044917	-0.004127
-0.044917	-0.004127	0.090014
-0.004127	0.090014	-0.124136
0.090014	-0.124136	0.079081
-0.124136	0.079081	-0.218596
0.079081	-0.218596	0.049952
-0.218596	0.049952	-0.054407
0.049952	-0.054407	-0.040178
-0.054407	-0.040178	0.050115
-0.040178	0.050115	-0.074809
0.050115	-0.074809	0.096056
-0.074809	0.096056	-0.012310
0.096056	-0.012310	0.019398
-0.012310	0.019398	0.007490
0.019398	0.007490	-0.009522
0.007490	-0.009522	0.013471
-0.009522	0.013471	-0.008391
0.013471	-0.008391	0.000992
-0.008391	0.000992	-0.008862
0.000992	-0.008862	0.004267
-0.008862	0.004267	-0.001050
0.004267	-0.001050	-0.000167
-0.001050	-0.000167	0.000599
-0.000167	0.000599	-0.000526
0.000599	-0.000526	-0.005551
-0.000526	-0.005551	0.011414
-0.005551	0.011414	-0.005575
0.011414	-0.005575	-0.001914
-0.005575	-0.001914	-0.001162
-0.001914	-0.001162	-0.003014
-0.001162	-0.003014	0.033730
-0.003014	0.033730	-0.033134
0.033730	-0.033134	0.009350
-0.033134	0.009350	-0.024807
0.009350	-0.024807	0.052173
-0.024807	0.052173	0.041968
0.052173	0.041968	-0.023236
0.041968	-0.023236	0.070210
