# Principal Component: 92
# Fraction of Variance Captured: 0.00002
0.049380	0.039334	0.070648
0.039334	0.070648	0.017343
0.070648	0.017343	0.007087
0.017343	0.007087	0.060592
0.007087	0.060592	-0.066598
0.060592	-0.066598	-0.138949
-0.066598	-0.138949	-0.069596
-0.138949	-0.069596	-0.019085
-0.069596	-0.019085	0.029383
-0.019085	0.029383	0.053026
0.029383	0.053026	-0.056090
0.053026	-0.056090	0.002139
-0.056090	0.002139	-0.037245
0.002139	-0.037245	0.060433
-0.037245	0.060433	0.030265
0.060433	0.030265	-0.046569
0.030265	-0.046569	0.028076
-0.046569	0.028076	0.175813
0.028076	0.175813	-0.023133
0.175813	-0.023133	-0.028449
-0.023133	-0.028449	-0.105215
-0.028449	-0.105215	-0.018852
-0.105215	-0.018852	0.033620
-0.018852	0.033620	-0.058746
0.033620	-0.058746	0.027953
-0.058746	0.027953	-0.012429
0.027953	-0.012429	0.017490
-0.012429	0.017490	-0.010892
0.017490	-0.010892	0.002277
-0.010892	0.002277	0.007038
0.002277	0.007038	0.004454
0.007038	0.004454	-0.028609
0.004454	-0.028609	0.096560
-0.028609	0.096560	-0.109756
0.096560	-0.109756	0.020704
-0.109756	0.020704	0.068362
0.020704	0.068362	0.075659
0.068362	0.075659	0.044545
0.075659	0.044545	-0.331751
0.044545	-0.331751	0.263353
-0.331751	0.263353	-0.018901
0.263353	-0.018901	0.055121
-0.018901	0.055121	-0.211943
0.055121	-0.211943	0.115361
-0.211943	0.115361	0.022700
0.115361	0.022700	0.119935
